/*--------------------------------*- C++ -*----------------------------------*\
  =========                 |
  \\      /  F ield         | OpenFOAM: The Open Source CFD Toolbox
   \\    /   O peration     | Website:  https://openfoam.org
    \\  /    A nd           | Version:  6
     \\/     M anipulation  |
\*---------------------------------------------------------------------------*/
FoamFile
{
    version     2.0;
    format      ascii;
    class       volScalarField;
    location    "66.4";
    object      p;
}
// * * * * * * * * * * * * * * * * * * * * * * * * * * * * * * * * * * * * * //

dimensions      [0 2 -2 0 0 0 0];

internalField   nonuniform List<scalar> 
8800
(
0.778729
0.729413
0.691445
0.663373
0.643206
0.628612
0.618003
0.610447
0.60554
0.603443
0.604782
0.609101
0.615876
0.625285
0.638013
0.655328
0.679201
0.712297
0.755233
0.807746
0.613227
0.619571
0.628719
0.632265
0.629651
0.623556
0.616605
0.610349
0.605528
0.602633
0.602371
0.604971
0.609591
0.615704
0.622794
0.629821
0.634694
0.634567
0.62789
0.61899
0.586751
0.592985
0.597482
0.601348
0.60429
0.60523
0.604129
0.60199
0.599986
0.599116
0.600116
0.602542
0.60541
0.607666
0.608178
0.606384
0.603013
0.598997
0.594215
0.590499
0.582463
0.585227
0.58783
0.589982
0.591712
0.59327
0.594359
0.594692
0.594553
0.594618
0.595388
0.596502
0.597223
0.597058
0.596073
0.594711
0.593037
0.590732
0.588319
0.586753
0.577423
0.578848
0.580683
0.582757
0.584461
0.585742
0.586825
0.587783
0.588563
0.589263
0.589935
0.590364
0.590365
0.589985
0.589306
0.588183
0.586521
0.584623
0.583268
0.582466
0.572455
0.573357
0.574599
0.576218
0.577902
0.579421
0.580687
0.581784
0.582816
0.583792
0.584534
0.584889
0.584873
0.584486
0.583671
0.582474
0.581106
0.579836
0.579013
0.578489
0.567574
0.568229
0.569185
0.570494
0.57193
0.573431
0.574895
0.576232
0.577457
0.578614
0.579516
0.57997
0.579958
0.5795
0.578705
0.577752
0.576753
0.575844
0.575263
0.574878
0.562778
0.563282
0.564062
0.565193
0.56648
0.56788
0.569366
0.570875
0.572344
0.573745
0.574843
0.575406
0.575451
0.575105
0.574525
0.573824
0.573078
0.57241
0.571982
0.571682
0.558013
0.558414
0.559068
0.560078
0.561294
0.562639
0.564118
0.565722
0.567405
0.569087
0.570436
0.571189
0.571425
0.571307
0.570966
0.570486
0.569945
0.569471
0.569154
0.568911
0.553199
0.553526
0.554093
0.555025
0.556194
0.557527
0.559041
0.560746
0.562626
0.564606
0.566285
0.567342
0.567863
0.56801
0.567908
0.567655
0.567311
0.566999
0.566766
0.566563
0.548249
0.548521
0.549028
0.549913
0.551067
0.552429
0.55402
0.55587
0.557982
0.56031
0.562403
0.563854
0.56472
0.565167
0.565324
0.5653
0.565155
0.564986
0.564821
0.564645
0.543074
0.543303
0.543772
0.544642
0.545819
0.547252
0.548964
0.551013
0.553429
0.556189
0.558788
0.560709
0.561978
0.562768
0.563216
0.563432
0.563487
0.563449
0.56334
0.563184
0.53758
0.537776
0.538226
0.53911
0.540353
0.5419
0.543789
0.546105
0.54891
0.552206
0.55542
0.557901
0.559642
0.560825
0.5616
0.562075
0.562345
0.562432
0.56237
0.562227
0.531666
0.531835
0.532284
0.533211
0.534559
0.536273
0.538406
0.541072
0.544367
0.548327
0.552286
0.555436
0.557732
0.559369
0.560517
0.561301
0.561787
0.561994
0.561972
0.561837
0.52521
0.525357
0.525819
0.526818
0.528317
0.530258
0.532713
0.535827
0.539734
0.544509
0.549369
0.55332
0.556275
0.558445
0.560022
0.561147
0.561876
0.562208
0.562223
0.562092
0.518072
0.518195
0.518687
0.519789
0.521489
0.523729
0.526598
0.530277
0.534945
0.540714
0.546663
0.55157
0.555304
0.558104
0.560183
0.561696
0.562702
0.563165
0.563214
0.563083
0.510061
0.510169
0.510706
0.511943
0.513905
0.516527
0.519918
0.524305
0.529913
0.536897
0.544155
0.550204
0.554857
0.558397
0.561081
0.563053
0.564365
0.564964
0.565044
0.564909
0.500948
0.501051
0.501639
0.503052
0.505356
0.508463
0.512513
0.517785
0.524554
0.533016
0.541848
0.549253
0.554993
0.559403
0.562798
0.565305
0.566964
0.567708
0.567817
0.567675
0.490418
0.490507
0.491186
0.492833
0.495572
0.499299
0.504184
0.510567
0.518778
0.529044
0.539756
0.548755
0.555772
0.561206
0.565416
0.568554
0.570605
0.571499
0.571632
0.571479
0.478091
0.478167
0.478948
0.480909
0.484208
0.488733
0.494689
0.50248
0.512487
0.524951
0.537902
0.548762
0.557255
0.563879
0.569041
0.572903
0.575378
0.576421
0.576572
0.576404
0.463407
0.463476
0.464402
0.466776
0.470813
0.476387
0.483737
0.493332
0.505587
0.520726
0.53632
0.54933
0.559507
0.567493
0.573752
0.578421
0.581346
0.582527
0.582685
0.5825
0.445584
0.445645
0.446787
0.449747
0.454794
0.461785
0.470986
0.482923
0.498004
0.51638
0.535063
0.550522
0.562599
0.572115
0.57958
0.585146
0.588522
0.589814
0.589964
0.589759
0.423457
0.423523
0.425008
0.428846
0.435343
0.444326
0.456066
0.471103
0.489753
0.512015
0.534238
0.552423
0.566588
0.577784
0.586562
0.593063
0.596845
0.598199
0.598322
0.598097
0.395233
0.395328
0.397413
0.402669
0.411413
0.423332
0.438661
0.457828
0.48095
0.507799
0.533989
0.555127
0.571519
0.584497
0.594671
0.60207
0.606157
0.607497
0.60757
0.607326
0.357848
0.358069
0.361374
0.369244
0.381775
0.398215
0.418672
0.443278
0.471869
0.503986
0.534502
0.558745
0.577443
0.592232
0.603806
0.61197
0.61618
0.617405
0.617406
0.617149
0.305428
0.306524
0.313092
0.326369
0.345518
0.368946
0.396493
0.427952
0.462952
0.500901
0.535983
0.563391
0.58438
0.600906
0.613758
0.622447
0.626513
0.62752
0.627441
0.627177
0.229486
0.236934
0.251996
0.275194
0.304223
0.33701
0.373185
0.412493
0.454577
0.498846
0.538818
0.569592
0.593042
0.611435
0.625412
0.63434
0.638104
0.638875
0.638742
0.638509
0.14875
0.165013
0.189472
0.223342
0.262772
0.305079
0.349926
0.397244
0.446775
0.497991
0.543674
0.57854
0.604937
0.625439
0.640557
0.649303
0.65245
0.652951
0.652844
0.652696
0.0795858
0.0994588
0.131765
0.174834
0.223527
0.274795
0.328092
0.383287
0.440099
0.497995
0.549051
0.587685
0.61672
0.638987
0.654667
0.662928
0.665529
0.665928
0.665883
0.665785
0.0229909
0.0450925
0.0827968
0.132462
0.188412
0.247202
0.307974
0.370418
0.43409
0.498353
0.554486
0.596634
0.628063
0.651788
0.668026
0.67618
0.678609
0.678972
0.678962
0.678892
-0.0238887
-0.00046431
0.0411513
0.0959716
0.157733
0.222729
0.289901
0.358789
0.428745
0.498959
0.559953
0.605473
0.639219
0.66449
0.681437
0.689671
0.692097
0.692458
0.692475
0.692429
-0.0636804
-0.0394658
0.00503647
0.0640539
0.13072
0.201024
0.273745
0.348334
0.424005
0.499801
0.565459
0.614295
0.650326
0.677132
0.694914
0.70356
0.70609
0.706451
0.706477
0.706446
-0.0984209
-0.0736789
-0.0269155
0.0355824
0.106444
0.181377
0.25903
0.338798
0.419785
0.500844
0.570951
0.623001
0.661293
0.689651
0.708402
0.717494
0.720203
0.720589
0.720616
0.7206
-0.129612
-0.104437
-0.0558118
0.00965024
0.0841517
0.163168
0.245283
0.329815
0.415754
0.501812
0.576216
0.631375
0.671884
0.701749
0.721405
0.731014
0.733961
0.734388
0.734417
0.734406
-0.158275
-0.132702
-0.0824839
-0.014439
0.0632678
0.145913
0.232055
0.320968
0.411575
0.502478
0.581063
0.639256
0.681873
0.713207
0.733736
0.743803
0.746982
0.74749
0.747496
0.747485
-0.185222
-0.159216
-0.107569
-0.0371992
0.0433392
0.129221
0.219015
0.312002
0.407047
0.502616
0.585333
0.646495
0.691168
0.72385
0.745171
0.755663
0.759015
0.759561
0.759542
0.75952
-0.210848
-0.184424
-0.131457
-0.0590226
0.0240414
0.112835
0.205964
0.302719
0.401952
0.502056
0.588899
0.653043
0.699715
0.733669
0.755638
0.766381
0.769858
0.770419
0.770373
0.770333
-0.235593
-0.208669
-0.154482
-0.0801764
0.0051556
0.096571
0.192735
0.292962
0.39615
0.500701
0.591687
0.658877
0.707531
0.742629
0.765094
0.775995
0.779487
0.780033
0.779954
0.779896
-0.259596
-0.232166
-0.176824
-0.100828
-0.0134671
0.0803074
0.179225
0.282661
0.389577
0.498452
0.593643
0.663999
0.714694
0.75087
0.773672
0.784554
0.787984
0.788497
0.788391
0.788314
-0.282986
-0.255017
-0.198604
-0.121073
-0.0318973
0.0639914
0.165401
0.271772
0.382172
0.49523
0.594704
0.668431
0.721302
0.758527
0.781497
0.792192
0.79548
0.795924
0.795797
0.795704
-0.305863
-0.277343
-0.219875
-0.140951
-0.0501679
0.0476132
0.151262
0.260294
0.373914
0.490989
0.594809
0.67217
0.727475
0.765788
0.788769
0.799075
0.802093
0.802437
0.802278
0.802173
-0.328286
-0.299137
-0.240648
-0.160466
-0.0682574
0.0311892
0.136833
0.248253
0.36482
0.485689
0.593886
0.675183
0.733309
0.772882
0.795712
0.805359
0.807926
0.808112
0.807927
0.807817
-0.350116
-0.32037
-0.260909
-0.179608
-0.0861408
0.0147743
0.122165
0.235713
0.354931
0.479333
0.591855
0.677391
0.738834
0.780047
0.802682
0.811308
0.813115
0.813047
0.812844
0.812742
-0.371329
-0.341012
-0.280649
-0.198341
-0.10377
-0.0015783
0.107342
0.222738
0.344311
0.471929
0.588653
0.678674
0.743988
0.78747
0.810185
0.81749
0.817993
0.817365
0.817132
0.817092
-0.391982
-0.361035
-0.299846
-0.216639
-0.121089
-0.0177908
0.092446
0.209422
0.333041
0.463522
0.584207
0.678897
0.7486
0.795138
0.818719
0.824893
0.823456
0.821466
0.820936
0.821187
-0.411923
-0.380413
-0.318445
-0.234439
-0.138044
-0.0337825
0.0775684
0.195869
0.321229
0.454194
0.578475
0.677888
0.752408
0.802731
0.828394
0.834678
0.831556
0.827056
0.824409
0.82334
-0.431247
-0.399152
-0.336455
-0.251773
-0.154669
-0.0495928
0.0626584
0.182023
0.308803
0.443882
0.571301
0.67539
0.755168
0.809758
0.838669
0.847215
0.844512
0.837323
0.827842
0.828313
-0.44987
-0.41732
-0.354012
-0.268838
-0.171258
-0.0655491
0.0473052
0.167404
0.295226
0.431967
0.562038
0.670654
0.756455
0.815647
0.848065
0.860525
0.858971
0.847662
0.829093
0.827351
-0.467658
-0.434879
-0.370949
-0.285447
-0.187547
-0.0813517
0.0317125
0.15233
0.280784
0.418676
0.550712
0.662971
0.755397
0.819191
0.852505
0.865454
0.865734
0.840147
0.782448
0.757559
-0.484491
-0.452705
-0.386868
-0.301159
-0.202761
-0.0965211
0.0161606
0.137074
0.265755
0.404179
0.537381
0.651724
0.75089
0.819407
0.847114
0.854888
0.840921
0.789108
0.727076
0.689308
-0.527342
-0.470075
-0.401497
-0.316868
-0.217647
-0.112016
0.000790512
0.121516
0.249935
0.38812
0.521633
0.636254
0.738999
0.812946
0.829455
0.81557
0.767168
0.701512
0.632387
0.594411
-0.502445
-0.48427
-0.423787
-0.338462
-0.240673
-0.135293
-0.0231951
0.0968497
0.224325
0.361086
0.493225
0.605928
0.700395
0.781619
0.764354
0.654727
0.563407
0.499986
0.435635
0.462231
-0.533261
-0.501797
-0.440479
-0.355643
-0.25822
-0.153003
-0.0407506
0.0786137
0.205042
0.340011
0.469561
0.578757
0.66242
0.707945
0.655509
0.515114
0.405405
0.331462
0.249052
0.294087
-0.557167
-0.523275
-0.46021
-0.375311
-0.277949
-0.172759
-0.0606458
0.0579002
0.182937
0.315477
0.441186
0.544374
0.616373
0.623855
0.516506
0.360606
0.230977
0.138099
0.0423847
0.0734305
-0.580443
-0.545479
-0.481024
-0.395456
-0.298023
-0.192965
-0.0813873
0.0361667
0.159569
0.289255
0.410067
0.505025
0.559925
0.534567
0.375679
0.198099
0.0378106
-0.0963447
-0.220871
-0.208385
-0.603449
-0.568078
-0.502697
-0.416525
-0.318959
-0.214129
-0.103232
0.0131709
0.134635
0.261029
0.376072
0.462792
0.496833
0.426037
0.237151
0.039618
-0.147695
-0.301805
-0.507372
-0.586419
-0.626871
-0.591534
-0.525597
-0.438992
-0.341266
-0.236626
-0.126351
-0.0111447
0.108239
0.231047
0.339835
0.417163
0.425508
0.303199
0.110823
-0.0986681
-0.290965
-0.452919
-0.57693
-0.695177
-0.651784
-0.616331
-0.550081
-0.463237
-0.365486
-0.261139
-0.15159
-0.0377716
0.0791657
0.197798
0.299895
0.364402
0.345307
0.186603
-0.00737906
-0.21087
-0.386431
-0.483876
-0.510178
-0.523682
-0.678313
-0.642761
-0.576279
-0.489355
-0.391764
-0.287891
-0.179326
-0.0672255
0.0467932
0.160478
0.255429
0.30234
0.263892
0.0745479
-0.117575
-0.300895
-0.433421
-0.471386
-0.480382
-0.48074
-0.706734
-0.670945
-0.604229
-0.51733
-0.42005
-0.31689
-0.209585
-0.0995664
0.0110457
0.119047
0.205805
0.236389
0.166457
-0.0278435
-0.213895
-0.373391
-0.447796
-0.461851
-0.462937
-0.462824
-0.737056
-0.700913
-0.633943
-0.547157
-0.450358
-0.348128
-0.242376
-0.134816
-0.0280747
0.0736033
0.150886
0.166906
0.0584575
-0.120654
-0.296651
-0.423616
-0.452571
-0.453014
-0.453423
-0.452971
-0.769017
-0.732489
-0.665318
-0.578752
-0.482599
-0.381551
-0.277675
-0.172955
-0.0705241
0.0242742
0.0918641
0.0888968
-0.037494
-0.206192
-0.361628
-0.434402
-0.44964
-0.447841
-0.447609
-0.447183
-0.802047
-0.76532
-0.69808
-0.611873
-0.516576
-0.416991
-0.315328
-0.21386
-0.116084
-0.0285465
0.0291597
0.00995212
-0.126331
-0.281436
-0.403752
-0.441675
-0.442293
-0.443646
-0.44384
-0.443606
-0.835693
-0.798861
-0.731728
-0.646087
-0.551921
-0.454112
-0.355039
-0.257245
-0.164469
-0.0839893
-0.0386812
-0.0648777
-0.207629
-0.341527
-0.428256
-0.437438
-0.440385
-0.441537
-0.441586
-0.441533
-0.86899
-0.832205
-0.765501
-0.680732
-0.588056
-0.49241
-0.396323
-0.302608
-0.215265
-0.141216
-0.106842
-0.140287
-0.278289
-0.389826
-0.437698
-0.447669
-0.442722
-0.440536
-0.439812
-0.439708
-0.900016
-0.864034
-0.798337
-0.714886
-0.624169
-0.531149
-0.438481
-0.349193
-0.267678
-0.199809
-0.170367
-0.218995
-0.3371
-0.434293
-0.456967
-0.452673
-0.445071
-0.439354
-0.437618
-0.437112
-0.927716
-0.892795
-0.828791
-0.747304
-0.659156
-0.569343
-0.480598
-0.396061
-0.320414
-0.259284
-0.232587
-0.287743
-0.381405
-0.459572
-0.485547
-0.46743
-0.451628
-0.444286
-0.441612
-0.440371
-0.949298
-0.916333
-0.855052
-0.776411
-0.691644
-0.605759
-0.521504
-0.44213
-0.372098
-0.317753
-0.294347
-0.341795
-0.408568
-0.454424
-0.462283
-0.471208
-0.475593
-0.472796
-0.46873
-0.46672
-0.962594
-0.932431
-0.874977
-0.800395
-0.720039
-0.638948
-0.559812
-0.486063
-0.421637
-0.372328
-0.350275
-0.388544
-0.427197
-0.447142
-0.454751
-0.476952
-0.489308
-0.489839
-0.487717
-0.487549
-0.96484
-0.938621
-0.886376
-0.817335
-0.742642
-0.66735
-0.594069
-0.526123
-0.467954
-0.421996
-0.397094
-0.432638
-0.46204
-0.465232
-0.47257
-0.478648
-0.478875
-0.478726
-0.47948
-0.479973
-0.953752
-0.932389
-0.887074
-0.825404
-0.757916
-0.689497
-0.622859
-0.560653
-0.508952
-0.467842
-0.432552
-0.468863
-0.515314
-0.556838
-0.534038
-0.500153
-0.482843
-0.477239
-0.475059
-0.474011
-0.926575
-0.910842
-0.875065
-0.8233
-0.764732
-0.704425
-0.644875
-0.588815
-0.541682
-0.508223
-0.466532
-0.481204
-0.501613
-0.58487
-0.554848
-0.496202
-0.466117
-0.458515
-0.456369
-0.455343
-0.88674
-0.876657
-0.851334
-0.811248
-0.76301
-0.711856
-0.659632
-0.609813
-0.565731
-0.537666
-0.506497
-0.452613
-0.363807
-0.343823
-0.360896
-0.387369
-0.414862
-0.425265
-0.428523
-0.428774
-0.841378
-0.83564
-0.820927
-0.792288
-0.754987
-0.712445
-0.667785
-0.622717
-0.582276
-0.551055
-0.520026
-0.446445
-0.3051
-0.147395
-0.15597
-0.295964
-0.415775
-0.464321
-0.477175
-0.48061
-0.800824
-0.797353
-0.790354
-0.77203
-0.743714
-0.708614
-0.669806
-0.629042
-0.589068
-0.55532
-0.530606
-0.513425
-0.535217
-0.574002
-0.716013
-0.904076
-0.92768
-0.839162
-0.784098
-0.786246
-0.771618
-0.769533
-0.765939
-0.755003
-0.733239
-0.703441
-0.668354
-0.629623
-0.58858
-0.554689
-0.526821
-0.61647
-0.949148
-1.47422
-1.81045
-1.81081
-1.65347
-1.46272
-1.3113
-1.23797
-0.75031
-0.749591
-0.748404
-0.742871
-0.726449
-0.699762
-0.665801
-0.625596
-0.582751
-0.537239
-0.509323
-0.519776
-0.658448
-0.776119
-0.912591
-0.895861
-0.755239
-0.619648
-0.525726
-0.479272
-0.737689
-0.737475
-0.736897
-0.73417
-0.722539
-0.697714
-0.662401
-0.620897
-0.570215
-0.51124
-0.463416
-0.388156
-0.281205
-0.0895514
0.118088
0.341741
0.505105
0.573728
0.609044
0.621559
-0.728678
-0.728488
-0.727943
-0.726841
-0.719619
-0.697144
-0.660787
-0.613673
-0.556142
-0.489845
-0.405304
-0.306958
-0.0908341
0.293396
0.68064
1.02882
1.24434
1.32047
1.35177
1.35804
-0.723514
-0.723257
-0.722603
-0.721982
-0.718186
-0.699826
-0.661045
-0.607042
-0.546055
-0.462876
-0.364079
-0.2505
0.000513549
0.401064
0.813372
1.18918
1.43311
1.53759
1.56655
1.56917
-0.721351
-0.721602
-0.722246
-0.722907
-0.722249
-0.706194
-0.6631
-0.60507
-0.536434
-0.446566
-0.344764
-0.223606
-0.00551622
0.351132
0.703688
1.02374
1.23337
1.31203
1.32735
1.32602
-0.716646
-0.718233
-0.722156
-0.728184
-0.73106
-0.711385
-0.665279
-0.608737
-0.535746
-0.443757
-0.339097
-0.236733
-0.0536804
0.218533
0.459101
0.654523
0.773564
0.832072
0.864795
0.877895
-0.715716
-0.717312
-0.71818
-0.715174
-0.712058
-0.696416
-0.664678
-0.620458
-0.548092
-0.447965
-0.345907
-0.260135
-0.107595
0.0872675
0.275726
0.419201
0.504204
0.563391
0.60568
0.622384
-0.743379
-0.743052
-0.731922
-0.697724
-0.659754
-0.661437
-0.671072
-0.642644
-0.563825
-0.45683
-0.360322
-0.285749
-0.168348
0.0248226
0.189814
0.320702
0.421901
0.491713
0.527413
0.538303
-0.795539
-0.792559
-0.782577
-0.754737
-0.727581
-0.723879
-0.737699
-0.684143
-0.580969
-0.468589
-0.377546
-0.302235
-0.21678
-0.056002
0.0992066
0.236017
0.339049
0.406108
0.433969
0.440629
-0.898005
-0.904245
-0.935695
-0.974564
-0.9824
-0.954032
-0.887687
-0.753041
-0.601309
-0.484733
-0.38418
-0.314101
-0.244931
-0.119113
0.0253559
0.137426
0.226348
0.281081
0.302614
0.30625
-1.03955
-1.06074
-1.11099
-1.15604
-1.16727
-1.12922
-1.00898
-0.802429
-0.623671
-0.493358
-0.386372
-0.318196
-0.265093
-0.166858
-0.0431588
0.0444747
0.116115
0.156141
0.171413
0.172395
-1.08386
-1.10554
-1.14108
-1.17223
-1.17994
-1.14034
-0.995666
-0.776909
-0.615685
-0.481125
-0.381691
-0.311867
-0.275664
-0.205059
-0.109409
-0.038863
0.0170563
0.0467662
0.0581727
0.0584856
-0.954136
-0.972781
-1.00578
-1.03878
-1.05062
-1.0053
-0.853213
-0.688813
-0.552645
-0.439636
-0.362524
-0.306338
-0.275335
-0.226452
-0.160788
-0.107184
-0.0661456
-0.044645
-0.0375698
-0.0386556
-0.654425
-0.672754
-0.707223
-0.746943
-0.769489
-0.736028
-0.644923
-0.544776
-0.448974
-0.379883
-0.332179
-0.288699
-0.268559
-0.239232
-0.200229
-0.167018
-0.141794
-0.129941
-0.126676
-0.128501
-0.297261
-0.30893
-0.333649
-0.368892
-0.397407
-0.40615
-0.396416
-0.373167
-0.341884
-0.316873
-0.28917
-0.27109
-0.265283
-0.25231
-0.2353
-0.223266
-0.218025
-0.219016
-0.219523
-0.220375
-0.0321805
-0.0380361
-0.0541445
-0.0841642
-0.127815
-0.171788
-0.207724
-0.235312
-0.250838
-0.251795
-0.252759
-0.249291
-0.251818
-0.25081
-0.256616
-0.266529
-0.277097
-0.285351
-0.287323
-0.287213
0.0929173
0.0895092
0.0778152
0.0518117
0.00937204
-0.0459002
-0.101011
-0.146344
-0.179407
-0.204301
-0.221371
-0.226542
-0.236532
-0.247971
-0.263464
-0.280932
-0.299978
-0.310254
-0.31295
-0.312944
0.122857
0.120569
0.112007
0.0918302
0.0570865
0.0113293
-0.0393678
-0.0892577
-0.132642
-0.167347
-0.197364
-0.217969
-0.232194
-0.24496
-0.263137
-0.282013
-0.299422
-0.306236
-0.306609
-0.306291
0.111294
0.109777
0.10383
0.0894986
0.0640958
0.0285941
-0.0133242
-0.0566702
-0.0987931
-0.138499
-0.182416
-0.223298
-0.246282
-0.241308
-0.247336
-0.259733
-0.270463
-0.273733
-0.273058
-0.272612
0.0879468
0.0870143
0.0830843
0.0733961
0.0558327
0.0302884
-0.00199568
-0.0377655
-0.075486
-0.115392
-0.162043
-0.215007
-0.242426
-0.225951
-0.215551
-0.217618
-0.218324
-0.217717
-0.217387
-0.217379
0.0644853
0.0640318
0.0615807
0.0553262
0.0435621
0.0257442
0.00222143
-0.0250107
-0.0556277
-0.0884794
-0.127258
-0.168894
-0.184166
-0.16905
-0.160585
-0.160325
-0.158461
-0.157889
-0.158144
-0.15879
0.045066
0.0447796
0.043309
0.0394
0.0317855
0.0198582
0.00352035
-0.0158186
-0.0374672
-0.0596187
-0.0818882
-0.0976808
-0.0994427
-0.0980242
-0.101708
-0.107833
-0.11181
-0.113828
-0.11523
-0.115777
0.029771
0.0296551
0.0288568
0.0265922
0.0219323
0.0143562
0.00369985
-0.00915492
-0.0229573
-0.0345167
-0.0375855
-0.0285072
-0.0153786
-0.0327456
-0.0521148
-0.0660334
-0.0748323
-0.0792566
-0.0811689
-0.0814857
0.0179412
0.0179297
0.0175832
0.0164333
0.0138846
0.00953711
0.00328176
-0.00418779
-0.0115832
-0.0147759
-0.00682809
0.012918
0.0290051
0.00805095
-0.0167841
-0.0327429
-0.0424868
-0.0473843
-0.0491722
-0.049282
0.00884497
0.00891324
0.0088125
0.00840259
0.00723519
0.00516532
0.0021348
-0.00141236
-0.00474101
-0.00405443
0.00736153
0.0271318
0.0412898
0.0234274
0.00231951
-0.00982065
-0.0151604
-0.0178907
-0.0189797
-0.0193955
0.00129634
0.00135014
0.00131652
0.00141064
0.00160188
0.00145761
0.000944477
0.00015973
-0.000449081
-0.000714732
0.0009146
0.00785691
0.0133576
0.0136893
0.00517353
0.00461433
0.00286026
0.000522677
-0.00114041
-0.00149485
-0.0763569
0.112931
0.287043
0.434641
0.553162
0.647013
0.725203
0.788736
0.804979
0.801329
0.214905
0.336892
0.451323
0.550681
0.634269
0.703292
0.757689
0.794464
0.814142
0.830706
0.413109
0.494696
0.575115
0.645531
0.705534
0.755315
0.794538
0.824423
0.846905
0.866123
0.56045
0.617815
0.675272
0.727097
0.771947
0.81013
0.84218
0.869082
0.889339
0.908218
0.676412
0.7197
0.762544
0.80273
0.8387
0.870492
0.898286
0.921831
0.939768
0.957799
0.773043
0.808689
0.844173
0.877979
0.909101
0.937275
0.962142
0.982994
0.998768
1.01624
0.861561
0.893523
0.925846
0.957098
0.986125
1.0125
1.03562
1.05456
1.06847
1.08549
0.948563
0.981143
1.01357
1.04479
1.07358
1.09938
1.12152
1.13905
1.15143
1.16796
1.04297
1.07939
1.11417
1.14664
1.17582
1.20118
1.2223
1.23859
1.25021
1.26635
1.15606
1.19668
1.23371
1.26666
1.29515
1.31914
1.33876
1.35404
1.36594
1.38201
1.29751
1.33855
1.3738
1.40338
1.42858
1.4502
1.4687
1.48419
1.4973
1.51325
1.46902
1.50135
1.52826
1.55058
1.57067
1.5894
1.60714
1.62391
1.63882
1.65455
1.65532
1.67258
1.6897
1.70639
1.72248
1.73722
1.75112
1.76561
1.78085
1.79814
1.83871
1.84868
1.86187
1.87286
1.88227
1.89193
1.90254
1.91271
1.92201
1.94767
2.0566
2.0509
2.03795
2.02369
2.0174
2.02311
2.04126
2.06978
2.10354
2.13987
2.35942
2.22346
2.14396
2.10144
2.08412
2.08809
2.11553
2.17339
2.28106
2.45946
0.682424
0.676121
0.668391
0.657275
0.643703
0.631052
0.620653
0.612639
0.606919
0.603587
0.603238
0.606077
0.611314
0.618676
0.628228
0.64006
0.653624
0.666554
0.675545
0.683086
0.591493
0.597412
0.605484
0.611615
0.614683
0.61417
0.611081
0.607084
0.603493
0.601209
0.601079
0.603339
0.607099
0.611551
0.615656
0.617905
0.616833
0.612199
0.605145
0.597313
0.584742
0.587115
0.590382
0.593154
0.595603
0.597791
0.598968
0.59882
0.597881
0.597076
0.597297
0.59872
0.60051
0.601745
0.601675
0.600213
0.598058
0.595698
0.592718
0.5897
0.579953
0.581042
0.582958
0.585295
0.587166
0.588563
0.58978
0.590771
0.59137
0.591752
0.592315
0.593069
0.593546
0.593437
0.592815
0.591898
0.590571
0.588604
0.586499
0.585022
0.57493
0.575563
0.576692
0.578449
0.580292
0.581884
0.583134
0.584196
0.585178
0.586081
0.586879
0.587414
0.587565
0.587369
0.58684
0.585873
0.584451
0.582844
0.581509
0.580707
0.570005
0.570444
0.571233
0.572536
0.574057
0.57562
0.577096
0.578391
0.579546
0.580639
0.581606
0.582227
0.582423
0.582201
0.581547
0.580556
0.579409
0.57827
0.577369
0.576836
0.56517
0.565497
0.56611
0.567179
0.568474
0.569873
0.571351
0.572824
0.574217
0.575525
0.57669
0.577459
0.577706
0.577478
0.576894
0.576121
0.575283
0.574435
0.573776
0.573385
0.560399
0.560653
0.561147
0.562058
0.563231
0.564539
0.56596
0.567487
0.569067
0.570637
0.572054
0.573001
0.573369
0.573291
0.572926
0.572393
0.57177
0.57115
0.570672
0.570373
0.555621
0.555823
0.556234
0.557036
0.558131
0.559392
0.560801
0.562373
0.564096
0.565915
0.567632
0.568848
0.569458
0.56963
0.569509
0.569206
0.568793
0.568366
0.568028
0.567793
0.550751
0.550913
0.551266
0.551995
0.553045
0.554289
0.555729
0.557388
0.559273
0.561354
0.563425
0.565012
0.565957
0.566428
0.566569
0.5665
0.566303
0.566053
0.565832
0.565645
0.545699
0.545831
0.546143
0.546828
0.547861
0.549133
0.550643
0.552434
0.554533
0.556938
0.559443
0.561488
0.562835
0.563652
0.56409
0.564275
0.564293
0.564215
0.564093
0.563942
0.540377
0.540484
0.540768
0.541434
0.542488
0.54383
0.545456
0.547432
0.549817
0.552632
0.55567
0.558266
0.560087
0.561305
0.562078
0.56254
0.562786
0.56288
0.562844
0.56272
0.534687
0.534772
0.535041
0.535714
0.536823
0.538276
0.540073
0.542303
0.545056
0.548385
0.552078
0.555336
0.557718
0.5594
0.560554
0.561339
0.561838
0.562095
0.562137
0.562034
0.528518
0.528584
0.528846
0.529548
0.530749
0.532363
0.534394
0.536961
0.540182
0.544149
0.548639
0.552694
0.555745
0.557972
0.559566
0.560713
0.561491
0.561926
0.562042
0.561956
0.521739
0.521786
0.522051
0.522804
0.524137
0.525966
0.528307
0.531304
0.535114
0.53987
0.545331
0.550344
0.554188
0.55706
0.559169
0.560726
0.561824
0.562452
0.562641
0.562568
0.514197
0.514222
0.514491
0.51532
0.516829
0.518939
0.521677
0.525217
0.529761
0.535485
0.542123
0.548287
0.553073
0.556705
0.559426
0.56147
0.562933
0.563768
0.56403
0.563966
0.505662
0.505679
0.50596
0.50689
0.508629
0.511099
0.514341
0.518565
0.524021
0.530935
0.538997
0.546536
0.552439
0.556964
0.560407
0.563038
0.564915
0.565977
0.566312
0.566254
0.495859
0.495851
0.496181
0.497256
0.499294
0.502222
0.506102
0.511185
0.517777
0.526151
0.535936
0.545108
0.552331
0.557912
0.562202
0.565511
0.567868
0.569181
0.56959
0.569533
0.484476
0.484447
0.484827
0.486093
0.488503
0.492021
0.496716
0.50289
0.510907
0.521081
0.532943
0.544046
0.552807
0.559618
0.564901
0.568992
0.5719
0.573479
0.573956
0.573897
0.471019
0.470968
0.471426
0.472944
0.47584
0.480127
0.485879
0.493451
0.503265
0.515661
0.530018
0.543384
0.553919
0.562145
0.568585
0.573577
0.577091
0.578944
0.57948
0.579413
0.454831
0.454757
0.455341
0.457211
0.460756
0.466067
0.473219
0.482614
0.494716
0.509853
0.527189
0.543182
0.555741
0.565569
0.573313
0.579317
0.583491
0.585609
0.586188
0.586105
0.434953
0.434862
0.435648
0.43803
0.442491
0.449225
0.458283
0.470104
0.48515
0.503672
0.524523
0.543511
0.558334
0.569946
0.579119
0.586241
0.591094
0.593441
0.594033
0.593927
0.409945
0.409854
0.410978
0.414151
0.419991
0.428805
0.440573
0.455703
0.474564
0.497229
0.522162
0.544486
0.561772
0.575317
0.586033
0.59433
0.599816
0.602317
0.602882
0.602745
0.37746
0.377416
0.379147
0.383688
0.391834
0.403892
0.419648
0.439336
0.463093
0.490739
0.5203
0.546235
0.566127
0.581691
0.594013
0.603475
0.609465
0.611994
0.612482
0.61231
0.333308
0.333466
0.336518
0.343899
0.356355
0.373748
0.395418
0.421261
0.451099
0.484529
0.519175
0.548919
0.571481
0.589066
0.602971
0.61348
0.619722
0.622097
0.622458
0.622253
0.26966
0.270997
0.278402
0.292318
0.312669
0.338535
0.368541
0.402197
0.439195
0.479052
0.519079
0.552684
0.577868
0.597389
0.612665
0.623924
0.630088
0.632086
0.632283
0.632068
0.193704
0.196332
0.210713
0.234664
0.265807
0.301731
0.34078
0.382709
0.42733
0.474224
0.520428
0.558721
0.587218
0.609165
0.626026
0.637805
0.643693
0.645414
0.645563
0.645441
0.115986
0.122945
0.14453
0.178528
0.220159
0.2659
0.313995
0.364264
0.41659
0.470592
0.52305
0.566092
0.597876
0.622212
0.640678
0.652622
0.657802
0.659027
0.659115
0.659063
0.0526217
0.0614511
0.0876741
0.128787
0.178687
0.232767
0.289025
0.347121
0.406804
0.46762
0.526027
0.573501
0.608309
0.634681
0.654136
0.666069
0.670867
0.671978
0.67211
0.672114
0.00073926
0.0102856
0.0400399
0.0864495
0.142573
0.203331
0.26647
0.331473
0.397898
0.465111
0.529159
0.580835
0.618467
0.646762
0.667282
0.679505
0.684156
0.685196
0.685382
0.685426
-0.0426595
-0.0328062
-0.00064202
0.049906
0.111137
0.177451
0.246427
0.31745
0.389911
0.463004
0.532395
0.588156
0.628552
0.658786
0.680475
0.693052
0.697767
0.698973
0.699188
0.699263
-0.0800466
-0.0700604
-0.0360912
0.0177726
0.0832812
0.15437
0.228435
0.304779
0.382717
0.461294
0.535763
0.59546
0.63858
0.670702
0.693596
0.706847
0.711903
0.713173
0.713383
0.713462
-0.113102
-0.103069
-0.0676806
-0.0110712
0.0580764
0.133305
0.211892
0.293075
0.376086
0.459807
0.539098
0.602584
0.648377
0.682382
0.706548
0.720481
0.725898
0.727266
0.727471
0.727535
-0.143087
-0.13302
-0.0964781
-0.037509
0.034795
0.113668
0.196302
0.281901
0.3696
0.458202
0.54216
0.609339
0.657689
0.693518
0.71886
0.733518
0.73931
0.740781
0.740973
0.74102
-0.170958
-0.160839
-0.123274
-0.0622068
0.0128919
0.0949857
0.181242
0.270872
0.362973
0.45625
0.544774
0.615549
0.666405
0.703951
0.73042
0.745705
0.75189
0.753439
0.753598
0.753616
-0.197281
-0.187099
-0.148585
-0.0856304
-0.00806505
0.0768979
0.166429
0.259768
0.355996
0.453743
0.546732
0.621104
0.674411
0.713617
0.741119
0.756901
0.763322
0.764935
0.765072
0.765057
-0.22252
-0.21221
-0.172806
-0.108138
-0.0283706
0.0591688
0.15167
0.248407
0.348476
0.450516
0.54793
0.625944
0.681706
0.72248
0.750853
0.767009
0.773549
0.775183
0.775297
0.775251
-0.246973
-0.236459
-0.196206
-0.129963
-0.0482155
0.0416298
0.136816
0.236663
0.340315
0.446479
0.548295
0.630018
0.688306
0.730611
0.759717
0.776097
0.782625
0.784212
0.784305
0.784233
-0.270746
-0.26
-0.218931
-0.15125
-0.0677258
0.0241894
0.121794
0.22448
0.33146
0.441543
0.547731
0.633318
0.694265
0.738129
0.767851
0.784256
0.790661
0.792169
0.792217
0.792123
-0.293973
-0.282957
-0.241103
-0.172066
-0.0869569
0.00680343
0.106583
0.211841
0.321877
0.435664
0.546175
0.635804
0.699651
0.745176
0.775412
0.791662
0.797804
0.799166
0.799164
0.799051
-0.316641
-0.305385
-0.262741
-0.192443
-0.10592
-0.0105228
0.091197
0.19876
0.311576
0.42882
0.543569
0.63742
0.704507
0.751926
0.782629
0.798486
0.804179
0.805318
0.805245
0.805112
-0.338837
-0.32727
-0.283825
-0.212373
-0.124604
-0.0277652
0.0756668
0.185284
0.300599
0.421019
0.539857
0.638093
0.708828
0.758539
0.789777
0.804979
0.809906
0.810678
0.810527
0.81039
-0.360359
-0.348582
-0.304347
-0.23185
-0.142968
-0.0448596
0.060054
0.171477
0.289006
0.412301
0.535004
0.637727
0.712539
0.765108
0.797213
0.811589
0.815308
0.815407
0.815113
0.814998
-0.381362
-0.36927
-0.324282
-0.250852
-0.160988
-0.0617716
0.0444456
0.157413
0.276875
0.402733
0.528992
0.636216
0.7155
0.771591
0.805251
0.819019
0.821079
0.819846
0.819126
0.819095
-0.401666
-0.3893
-0.343616
-0.269333
-0.17859
-0.0784201
0.028921
0.143207
0.264305
0.392375
0.521834
0.633446
0.717523
0.777767
0.813935
0.828047
0.828623
0.825218
0.823073
0.82285
-0.421375
-0.408698
-0.362294
-0.287239
-0.195738
-0.0947391
0.0135651
0.128938
0.251402
0.381354
0.513583
0.629288
0.718388
0.783244
0.822788
0.838851
0.839587
0.834373
0.828452
0.819947
-0.440375
-0.427458
-0.380405
-0.304735
-0.212654
-0.111007
-0.00195344
0.114208
0.237725
0.369183
0.503745
0.623197
0.717736
0.787811
0.831251
0.85089
0.854293
0.848368
0.837285
0.83615
-0.458626
-0.445656
-0.397946
-0.321765
-0.229324
-0.127187
-0.0176059
0.0989969
0.22324
0.355731
0.492131
0.614662
0.714789
0.790675
0.837417
0.860123
0.865718
0.862046
0.827948
0.789515
-0.4759
-0.463156
-0.41485
-0.338214
-0.245742
-0.143285
-0.0333922
0.0834359
0.208011
0.341029
0.478652
0.603301
0.708363
0.790913
0.839307
0.857987
0.863307
0.842355
0.789835
0.735031
-0.494897
-0.478759
-0.43079
-0.353614
-0.261625
-0.159062
-0.0496642
0.067569
0.192126
0.325181
0.463236
0.588851
0.696569
0.788575
0.835292
0.854594
0.829174
0.781432
0.715885
0.65619
-0.484545
-0.460751
-0.408631
-0.327223
-0.228425
-0.122837
-0.00794759
0.112596
0.240758
0.378598
0.511973
0.626405
0.727856
0.817798
0.839925
0.772181
0.722678
0.660265
0.593767
0.55142
-0.49852
-0.490856
-0.450503
-0.378145
-0.286128
-0.184488
-0.0747977
0.0421221
0.166154
0.298349
0.435334
0.560269
0.664994
0.757954
0.818549
0.797799
0.690121
0.612578
0.554337
0.480902
-0.51987
-0.509299
-0.465534
-0.391797
-0.299254
-0.198103
-0.0894653
0.0264722
0.149597
0.280495
0.415906
0.5395
0.640526
0.720578
0.743338
0.657513
0.53115
0.448822
0.384422
0.309363
-0.543098
-0.531355
-0.484483
-0.409886
-0.317406
-0.21605
-0.107352
0.0083461
0.130607
0.260081
0.392729
0.512165
0.604173
0.664818
0.641181
0.510414
0.375022
0.278211
0.200571
0.0924956
-0.566109
-0.554318
-0.505698
-0.429942
-0.337444
-0.236007
-0.127446
-0.0123195
0.108828
0.236411
0.365576
0.479348
0.561787
0.596952
0.532671
0.361297
0.202663
0.0776224
-0.0251638
-0.164599
-0.589012
-0.577258
-0.527535
-0.450713
-0.357891
-0.256482
-0.148337
-0.0340839
0.0856634
0.210915
0.336016
0.44314
0.516483
0.514667
0.398391
0.212065
0.0254511
-0.139546
-0.279857
-0.526768
-0.612233
-0.600618
-0.550225
-0.472685
-0.379554
-0.27814
-0.170436
-0.057101
0.0610838
0.183686
0.304248
0.403352
0.46357
0.429565
0.267128
0.070579
-0.131665
-0.309178
-0.477638
-0.738336
-0.636362
-0.624871
-0.574138
-0.496132
-0.402779
-0.30137
-0.19408
-0.0816615
0.0348633
0.154552
0.270246
0.360702
0.40344
0.345402
0.146621
-0.0554275
-0.254953
-0.424599
-0.510509
-0.559611
-0.662084
-0.650654
-0.599641
-0.521366
-0.427991
-0.326768
-0.220064
-0.108819
0.00567311
0.121854
0.23197
0.312832
0.334818
0.232842
0.0336412
-0.165699
-0.342433
-0.454526
-0.490182
-0.496216
-0.689582
-0.678151
-0.626844
-0.548394
-0.455133
-0.354293
-0.248415
-0.138639
-0.0265983
0.0854673
0.189107
0.259917
0.251603
0.12015
-0.0721186
-0.257705
-0.4059
-0.458299
-0.467817
-0.470303
-0.718998
-0.707475
-0.655804
-0.577226
-0.484201
-0.383951
-0.279145
-0.171173
-0.0619982
0.0454172
0.141605
0.201679
0.168735
0.0135924
-0.166185
-0.338839
-0.434869
-0.457251
-0.457456
-0.457622
-0.750203
-0.738558
-0.686482
-0.60783
-0.515162
-0.415697
-0.312245
-0.206416
-0.100515
0.00171399
0.0898836
0.136517
0.0935304
-0.0833749
-0.248837
-0.39545
-0.447272
-0.44959
-0.450229
-0.450122
-0.782822
-0.771086
-0.71865
-0.640038
-0.547878
-0.449424
-0.347624
-0.244299
-0.142084
-0.0454427
0.03419
0.0685664
0.00920566
-0.167763
-0.321069
-0.422287
-0.445286
-0.445589
-0.445648
-0.445405
-0.816389
-0.804595
-0.751914
-0.673492
-0.58204
-0.484869
-0.385038
-0.284609
-0.186501
-0.0956118
-0.0251503
-0.00231637
-0.0843184
-0.242777
-0.376772
-0.425622
-0.439047
-0.441458
-0.442538
-0.442643
-0.850127
-0.838374
-0.785617
-0.707606
-0.617148
-0.521589
-0.424103
-0.326967
-0.233406
-0.148354
-0.0864573
-0.0799054
-0.169206
-0.306688
-0.410284
-0.445724
-0.441914
-0.441411
-0.441045
-0.440952
-0.882944
-0.871323
-0.818792
-0.741529
-0.652463
-0.558936
-0.464214
-0.370768
-0.282142
-0.203274
-0.147381
-0.154386
-0.245231
-0.363635
-0.437566
-0.449694
-0.446163
-0.441359
-0.439161
-0.438635
-0.912857
-0.901684
-0.850065
-0.774106
-0.686974
-0.596011
-0.504555
-0.415205
-0.331753
-0.25944
-0.208224
-0.221162
-0.31101
-0.408008
-0.468078
-0.466767
-0.453678
-0.442833
-0.43841
-0.437312
-0.938346
-0.927888
-0.877774
-0.803812
-0.719362
-0.631641
-0.544049
-0.459271
-0.381109
-0.315261
-0.27018
-0.280496
-0.361037
-0.430619
-0.470089
-0.475514
-0.464038
-0.458302
-0.454077
-0.451638
-0.956744
-0.94723
-0.899708
-0.828791
-0.748036
-0.664416
-0.581394
-0.501695
-0.429118
-0.368967
-0.329204
-0.335201
-0.396261
-0.434811
-0.448824
-0.463691
-0.483592
-0.489333
-0.48573
-0.482717
-0.965772
-0.957192
-0.913421
-0.847016
-0.771215
-0.692741
-0.615135
-0.540963
-0.474474
-0.419312
-0.381627
-0.38596
-0.431041
-0.445628
-0.455305
-0.469068
-0.481258
-0.483622
-0.483396
-0.4836
-0.961584
-0.954303
-0.916931
-0.856459
-0.787072
-0.715047
-0.643747
-0.575604
-0.515147
-0.465861
-0.427964
-0.428425
-0.472129
-0.498848
-0.500096
-0.491707
-0.482176
-0.477669
-0.477095
-0.47689
-0.942037
-0.937042
-0.907825
-0.855508
-0.794173
-0.730047
-0.66587
-0.604392
-0.549066
-0.506731
-0.472951
-0.468164
-0.492503
-0.558317
-0.585209
-0.531517
-0.491949
-0.476652
-0.47138
-0.469093
-0.907785
-0.904264
-0.88448
-0.843301
-0.791937
-0.737003
-0.680875
-0.626097
-0.575813
-0.537793
-0.51465
-0.482787
-0.447098
-0.460236
-0.491401
-0.469453
-0.444698
-0.436613
-0.437879
-0.438493
-0.86397
-0.861764
-0.850641
-0.822092
-0.781667
-0.736412
-0.688844
-0.640289
-0.595252
-0.558187
-0.536076
-0.489505
-0.375614
-0.228746
-0.192239
-0.263365
-0.36674
-0.424802
-0.438525
-0.440546
-0.819642
-0.818347
-0.813061
-0.796602
-0.767164
-0.730523
-0.69033
-0.648151
-0.605848
-0.569363
-0.540191
-0.50056
-0.437662
-0.310657
-0.221553
-0.355586
-0.488421
-0.546565
-0.551591
-0.558894
-0.784399
-0.783678
-0.78102
-0.771866
-0.751776
-0.722685
-0.688068
-0.649755
-0.609569
-0.571721
-0.53987
-0.546769
-0.641715
-0.951968
-1.31236
-1.49353
-1.51078
-1.41605
-1.26015
-1.15183
-0.759971
-0.759243
-0.757814
-0.754021
-0.740268
-0.71624
-0.684606
-0.647819
-0.607521
-0.564514
-0.536013
-0.526725
-0.708018
-1.02142
-1.36405
-1.48707
-1.36218
-1.18498
-1.02868
-0.929991
-0.743443
-0.743208
-0.742699
-0.740845
-0.7329
-0.712635
-0.681936
-0.644556
-0.599794
-0.552092
-0.505265
-0.459088
-0.443166
-0.411713
-0.360341
-0.314999
-0.182692
-0.0640948
0.0146877
0.0650387
-0.732741
-0.732712
-0.732374
-0.731661
-0.72754
-0.710701
-0.680361
-0.639926
-0.592281
-0.534327
-0.464929
-0.399776
-0.277865
-0.0291383
0.301006
0.637208
0.897701
1.0113
1.0477
1.05972
-0.725553
-0.725493
-0.725032
-0.724342
-0.722463
-0.710626
-0.681147
-0.63661
-0.582938
-0.513696
-0.432436
-0.335633
-0.172541
0.166323
0.578017
0.970254
1.28199
1.43772
1.50333
1.52039
-0.722331
-0.722251
-0.722045
-0.72161
-0.720909
-0.714288
-0.684984
-0.635677
-0.573169
-0.501084
-0.405494
-0.294648
-0.139391
0.191315
0.595919
0.98407
1.29279
1.44978
1.49811
1.49944
-0.719426
-0.719955
-0.721487
-0.724347
-0.727228
-0.722303
-0.690699
-0.635984
-0.572415
-0.493283
-0.392011
-0.286395
-0.142211
0.131232
0.434424
0.71381
0.935612
1.04393
1.08462
1.09636
-0.713204
-0.71452
-0.717088
-0.722557
-0.728334
-0.722897
-0.688499
-0.639734
-0.581164
-0.49487
-0.392582
-0.297575
-0.181168
0.0305304
0.257883
0.445339
0.565374
0.632841
0.680715
0.709912
-0.725157
-0.726285
-0.725623
-0.713875
-0.692736
-0.681115
-0.671377
-0.651952
-0.597862
-0.504952
-0.40188
-0.31046
-0.217533
-0.0387605
0.139996
0.299177
0.411837
0.4895
0.544027
0.569487
-0.767104
-0.766572
-0.760262
-0.732562
-0.68367
-0.657681
-0.684797
-0.684712
-0.620964
-0.517387
-0.415472
-0.327022
-0.259213
-0.105667
0.0698559
0.218025
0.338422
0.425422
0.475207
0.493026
-0.838761
-0.834814
-0.838266
-0.845947
-0.852032
-0.836123
-0.829184
-0.769128
-0.653579
-0.531857
-0.426423
-0.341627
-0.27836
-0.160722
-0.0180549
0.127727
0.237648
0.320354
0.361619
0.374828
-0.973804
-0.975188
-1.00834
-1.06278
-1.09705
-1.08505
-1.02124
-0.877616
-0.692899
-0.548282
-0.435888
-0.347273
-0.293481
-0.202766
-0.0725227
0.0458172
0.133768
0.19855
0.228359
0.237614
-1.07988
-1.0883
-1.12447
-1.16822
-1.19437
-1.18174
-1.10682
-0.911309
-0.702365
-0.557027
-0.433363
-0.346085
-0.296059
-0.238121
-0.128331
-0.0384353
0.0346087
0.0850683
0.107967
0.112606
-1.04081
-1.05
-1.07691
-1.10995
-1.13179
-1.11956
-1.03081
-0.830291
-0.661713
-0.52343
-0.413516
-0.342413
-0.288502
-0.256333
-0.173963
-0.103745
-0.0469044
-0.0105616
0.00554015
0.00828641
-0.817285
-0.82848
-0.856708
-0.895573
-0.927379
-0.919284
-0.8279
-0.686413
-0.56336
-0.448683
-0.383556
-0.320307
-0.280965
-0.256445
-0.205431
-0.159786
-0.119557
-0.0935317
-0.0825112
-0.0815082
-0.469283
-0.478274
-0.501247
-0.53726
-0.571234
-0.582449
-0.546474
-0.492351
-0.421789
-0.37156
-0.329646
-0.292395
-0.271065
-0.261528
-0.230944
-0.206565
-0.1864
-0.177025
-0.174444
-0.174844
-0.145156
-0.150073
-0.163642
-0.189907
-0.227096
-0.258576
-0.28184
-0.294024
-0.298537
-0.290269
-0.27534
-0.265221
-0.257922
-0.25623
-0.24999
-0.248111
-0.249572
-0.254347
-0.25796
-0.258411
0.0472851
0.0446867
0.0366141
0.0162
-0.0201422
-0.0720894
-0.124736
-0.168349
-0.200734
-0.219265
-0.231376
-0.236071
-0.239118
-0.247115
-0.254657
-0.267469
-0.284337
-0.298529
-0.304441
-0.304758
0.116583
0.11502
0.10945
0.0934412
0.0621421
0.0163738
-0.0375024
-0.0907216
-0.13601
-0.170048
-0.196783
-0.21626
-0.225272
-0.239412
-0.254421
-0.274445
-0.294251
-0.308467
-0.313376
-0.313324
0.120212
0.119277
0.115378
0.10377
0.0803173
0.0442732
1.06092e-05
-0.0472117
-0.0930156
-0.133234
-0.171243
-0.206377
-0.232418
-0.242106
-0.248797
-0.264467
-0.28237
-0.291743
-0.293247
-0.292606
0.100229
0.0997368
0.0971271
0.0891867
0.0728027
0.046788
0.012616
-0.0261259
-0.0663198
-0.106571
-0.149161
-0.198995
-0.243364
-0.243444
-0.237648
-0.236444
-0.244459
-0.248085
-0.247566
-0.247059
0.0759054
0.075736
0.0740884
0.0689303
0.0579451
0.0399656
0.0152176
-0.0146736
-0.0480787
-0.0833141
-0.123236
-0.172493
-0.214753
-0.210079
-0.19509
-0.189467
-0.188055
-0.187165
-0.186373
-0.186781
0.0541845
0.0541031
0.0531387
0.0499385
0.0428414
0.0307827
0.0134741
-0.00811338
-0.0328475
-0.0597462
-0.0877587
-0.120424
-0.140215
-0.133219
-0.129995
-0.132336
-0.132553
-0.133265
-0.134029
-0.135066
0.0368893
0.0369348
0.0363646
0.0344523
0.0300431
0.0222712
0.0107719
-0.00404597
-0.0210887
-0.0387218
-0.0532874
-0.0611951
-0.0556083
-0.0582282
-0.0684133
-0.0815789
-0.089572
-0.0944951
-0.097077
-0.0980636
0.0234146
0.0235053
0.023232
0.0222204
0.0197057
0.0150508
0.00793483
-0.00129387
-0.0117747
-0.0210158
-0.022931
-0.0133292
0.0059979
4.99209e-05
-0.0212144
-0.0415576
-0.0542477
-0.0608358
-0.0644032
-0.0652959
0.0130777
0.0131863
0.0131185
0.0126774
0.0114681
0.00903068
0.0051838
0.000103626
-0.0053463
-0.00887072
-0.00402839
0.012416
0.0358113
0.0300156
0.00655774
-0.0129229
-0.0246369
-0.0301709
-0.0328086
-0.0336026
0.00133783
0.0013277
0.00134414
0.00154163
0.00157552
0.00125701
0.000560775
-0.000212351
-0.000626899
-0.00038701
0.00421819
0.0108447
0.0149779
0.00746707
0.00513568
0.0038884
0.00182351
-0.000367137
-0.00138132
-0.00801659
-0.70879
-0.275003
0.060579
0.27998
0.44182
0.566112
0.662991
0.743477
0.82948
0.881912
-0.00262156
0.162921
0.307569
0.438016
0.547732
0.637557
0.710712
0.768322
0.799787
0.806951
0.278993
0.370684
0.470239
0.56011
0.637039
0.7016
0.753652
0.792299
0.818795
0.83862
0.458873
0.525191
0.594132
0.658389
0.714206
0.76154
0.800486
0.831975
0.85709
0.876753
0.597354
0.646346
0.695819
0.74322
0.785766
0.822898
0.854919
0.882459
0.904994
0.92242
0.708043
0.746007
0.784757
0.822221
0.857058
0.88852
0.916465
0.940722
0.960224
0.976317
0.803014
0.834556
0.86811
0.900941
0.931932
0.960432
0.985949
1.00795
1.02523
1.03981
0.890823
0.920674
0.952703
0.984257
1.01415
1.0416
1.06596
1.08651
1.10202
1.11534
0.979232
1.01136
1.04537
1.07802
1.10845
1.13585
1.15957
1.17901
1.19319
1.20561
1.07983
1.11608
1.15372
1.18827
1.21932
1.2463
1.26892
1.28704
1.30039
1.31288
1.205
1.24406
1.28372
1.31795
1.34741
1.3724
1.39327
1.41031
1.42373
1.43716
1.36403
1.39965
1.4349
1.46348
1.48767
1.50903
1.52824
1.54551
1.56045
1.57489
1.55201
1.57435
1.59802
1.61788
1.63618
1.65357
1.6701
1.6865
1.7027
1.71829
1.74452
1.75268
1.7665
1.78136
1.79582
1.80877
1.82042
1.83166
1.84339
1.85948
1.94007
1.93999
1.95003
1.9535
1.95449
1.95888
1.9694
1.98431
1.99865
2.01306
2.23721
2.18169
2.12719
2.08754
2.06529
2.06118
2.0747
2.1085
2.16636
2.24671
0.804515
0.752023
0.70914
0.67613
0.652389
0.635273
0.622841
0.613849
0.607644
0.604078
0.603686
0.606646
0.61221
0.620256
0.631218
0.646056
0.666385
0.694564
0.7326
0.781954
0.615609
0.624557
0.631315
0.63156
0.626858
0.620082
0.613353
0.607748
0.603824
0.602131
0.603352
0.607048
0.612468
0.619153
0.626404
0.632708
0.635463
0.632016
0.622932
0.616615
0.588279
0.590482
0.595342
0.599485
0.603029
0.605065
0.604892
0.603109
0.600896
0.599339
0.599376
0.601225
0.603989
0.606686
0.608188
0.607534
0.604797
0.60108
0.596685
0.592026
0.583079
0.584036
0.586535
0.58899
0.590875
0.592526
0.593909
0.594622
0.594644
0.59451
0.594913
0.595953
0.59695
0.597255
0.596634
0.595415
0.593932
0.591959
0.589477
0.587372
0.577749
0.578228
0.579676
0.581757
0.583676
0.585145
0.5863
0.587327
0.588197
0.588912
0.589606
0.590195
0.590417
0.590211
0.589684
0.588808
0.587402
0.585548
0.583855
0.582797
0.572677
0.572976
0.573899
0.575389
0.577074
0.578697
0.580087
0.581251
0.582308
0.583316
0.5842
0.584759
0.584923
0.584727
0.58413
0.583105
0.581789
0.580439
0.579361
0.57872
0.567738
0.56795
0.56864
0.569812
0.571203
0.57268
0.574179
0.575584
0.576857
0.578047
0.579106
0.5798
0.58002
0.579778
0.579131
0.578236
0.577257
0.576275
0.575506
0.575053
0.562904
0.563065
0.563612
0.564596
0.565822
0.56717
0.568618
0.570125
0.57162
0.573059
0.574343
0.575193
0.575485
0.575314
0.574833
0.574182
0.573455
0.572725
0.572162
0.571822
0.558112
0.558239
0.558687
0.559538
0.560668
0.561953
0.563363
0.564909
0.566561
0.568257
0.569817
0.570885
0.571359
0.571399
0.571157
0.570738
0.570217
0.569693
0.56929
0.569026
0.553278
0.55338
0.553759
0.55452
0.555589
0.556841
0.558263
0.559872
0.56167
0.563615
0.5655
0.56689
0.567657
0.567973
0.567983
0.567793
0.567485
0.567147
0.56687
0.566661
0.548312
0.548396
0.548725
0.549428
0.550467
0.551723
0.553196
0.554914
0.556897
0.55913
0.561406
0.563211
0.564348
0.564986
0.565274
0.565326
0.565236
0.56507
0.5649
0.564732
0.543123
0.543193
0.543488
0.544159
0.545199
0.546506
0.548071
0.549946
0.552178
0.554775
0.557532
0.55984
0.561413
0.562423
0.563027
0.563344
0.563475
0.563478
0.563399
0.563263
0.537618
0.537676
0.53795
0.538615
0.539693
0.541091
0.542798
0.544892
0.547447
0.550504
0.553852
0.556764
0.558852
0.560292
0.561256
0.561869
0.562236
0.562409
0.562413
0.562301
0.531693
0.531742
0.532005
0.532686
0.533837
0.535372
0.537281
0.539668
0.54264
0.54627
0.550341
0.55398
0.556679
0.558621
0.559995
0.560954
0.56158
0.561922
0.562002
0.561908
0.525227
0.525267
0.525528
0.526248
0.52751
0.529233
0.531414
0.534181
0.537678
0.542018
0.54697
0.551483
0.55491
0.557446
0.559297
0.56064
0.56156
0.562088
0.562242
0.562163
0.518076
0.518106
0.518374
0.519155
0.520569
0.522542
0.525076
0.528327
0.532482
0.537696
0.543716
0.549279
0.553571
0.556807
0.559223
0.561006
0.562266
0.562996
0.563223
0.563155
0.510058
0.51008
0.510363
0.511227
0.51284
0.515133
0.518115
0.521975
0.526948
0.533235
0.540552
0.547372
0.55269
0.556751
0.559834
0.562149
0.563797
0.564745
0.565045
0.564985
0.500932
0.500953
0.501259
0.502227
0.504101
0.506808
0.510356
0.514981
0.520972
0.528576
0.537458
0.54578
0.552315
0.557346
0.561213
0.564154
0.566249
0.567437
0.567812
0.567756
0.490389
0.4904
0.490748
0.491865
0.494077
0.497311
0.501578
0.50717
0.514432
0.523657
0.534431
0.54453
0.552492
0.558665
0.563451
0.567112
0.569727
0.571176
0.571622
0.571566
0.478046
0.47805
0.478437
0.479753
0.482402
0.486317
0.491511
0.498334
0.507194
0.518418
0.53147
0.543663
0.553281
0.560774
0.566635
0.57113
0.574327
0.576049
0.576561
0.5765
0.463343
0.463341
0.463793
0.465373
0.468596
0.473409
0.479815
0.488231
0.499116
0.512809
0.52859
0.543224
0.554742
0.563741
0.570844
0.576281
0.580117
0.582113
0.582677
0.582604
0.445496
0.445487
0.446033
0.447998
0.452018
0.45805
0.46608
0.476591
0.490066
0.506805
0.525827
0.543275
0.556941
0.567638
0.576105
0.582607
0.587121
0.58937
0.589965
0.589872
0.423336
0.423319
0.424025
0.426584
0.431768
0.439534
0.449821
0.463158
0.479985
0.500475
0.523295
0.543912
0.559948
0.572511
0.582469
0.590119
0.595299
0.597747
0.598338
0.598218
0.395064
0.395042
0.396037
0.399589
0.406616
0.416993
0.430547
0.447767
0.468926
0.493973
0.521155
0.545256
0.563836
0.578382
0.589925
0.598753
0.604521
0.607067
0.607608
0.607454
0.357604
0.357592
0.35922
0.364686
0.374986
0.389527
0.407945
0.430488
0.457135
0.487577
0.519629
0.547452
0.568685
0.585266
0.59842
0.60836
0.614539
0.617035
0.61747
0.617279
0.305105
0.305304
0.309002
0.318906
0.335344
0.356742
0.382248
0.411797
0.445094
0.48167
0.518981
0.550661
0.574558
0.593134
0.607801
0.618683
0.624984
0.627244
0.627532
0.627306
0.2302
0.232523
0.243407
0.26269
0.289211
0.320231
0.354752
0.392538
0.433301
0.476579
0.51954
0.555323
0.582071
0.602799
0.618997
0.630559
0.636747
0.638693
0.638846
0.638617
0.151116
0.156604
0.175983
0.205428
0.242692
0.283683
0.327273
0.373378
0.421861
0.47233
0.521696
0.562409
0.5926
0.615858
0.633734
0.645733
0.651387
0.652854
0.652917
0.652764
0.0819767
0.0884319
0.114061
0.152289
0.198858
0.248997
0.301305
0.355578
0.41164
0.469085
0.524551
0.569843
0.603182
0.628633
0.647719
0.659679
0.664685
0.665842
0.665921
0.665833
0.0254197
0.0324243
0.0621479
0.106536
0.160063
0.217653
0.277485
0.339142
0.402275
0.466346
0.527611
0.577204
0.613445
0.640822
0.660903
0.673025
0.677838
0.67889
0.67898
0.67893
-0.0214593
-0.0141275
0.0182828
0.0673892
0.126419
0.190057
0.256208
0.324314
0.393836
0.464042
0.530793
0.584524
0.623544
0.652847
0.674058
0.686519
0.69132
0.692377
0.692476
0.692457
-0.0612613
-0.0537552
-0.019517
0.0332682
0.0968923
0.165674
0.237262
0.31101
0.38626
0.462133
0.534094
0.591845
0.633611
0.664815
0.687186
0.700237
0.705303
0.706362
0.706474
0.706466
-0.0960155
-0.0884113
-0.0528202
0.00295293
0.0704541
0.143678
0.220056
0.298869
0.379388
0.460574
0.537478
0.599082
0.643551
0.676632
0.700262
0.713984
0.719356
0.720495
0.720613
0.720611
-0.127231
-0.119537
-0.0828405
-0.0245582
0.0462813
0.123386
0.204043
0.287482
0.372877
0.459061
0.540696
0.606042
0.653124
0.68806
0.712877
0.727291
0.733023
0.734282
0.734416
0.734412
-0.15589
-0.148113
-0.110475
-0.050036
0.0237415
0.104271
0.188759
0.276412
0.366342
0.457304
0.543557
0.612542
0.662152
0.698859
0.724836
0.739894
0.745943
0.747367
0.747507
0.747489
-0.18279
-0.174917
-0.136401
-0.0740433
0.00235075
0.0859185
0.173844
0.265364
0.359564
0.455098
0.545864
0.618432
0.670517
0.708904
0.735932
0.751581
0.757906
0.759436
0.759566
0.759527
-0.208404
-0.200417
-0.161063
-0.0969703
-0.0182556
0.0680298
0.159076
0.254153
0.352332
0.452243
0.547446
0.623633
0.678164
0.718169
0.746143
0.762198
0.768699
0.770297
0.770411
0.770346
-0.233096
-0.224952
-0.184811
-0.119113
-0.0383162
0.0504076
0.144282
0.242607
0.344495
0.448621
0.548239
0.628094
0.685106
0.726649
0.755414
0.771753
0.778327
0.779926
0.780005
0.779916
-0.257031
-0.248734
-0.207828
-0.140656
-0.0579858
0.032924
0.129345
0.230645
0.335993
0.444141
0.548146
0.631782
0.691376
0.734455
0.763894
0.780341
0.786851
0.788404
0.788456
0.788342
-0.28036
-0.271896
-0.230229
-0.161705
-0.077353
0.0155079
0.114227
0.218233
0.326777
0.438735
0.547094
0.634678
0.697039
0.741717
0.771712
0.788079
0.79441
0.795857
0.79587
0.79574
-0.303189
-0.29454
-0.252089
-0.182306
-0.0964532
-0.00185119
0.0989253
0.20537
0.316823
0.432369
0.545017
0.636735
0.702157
0.748593
0.779068
0.795164
0.80113
0.802406
0.802363
0.802214
-0.325513
-0.316657
-0.27343
-0.202461
-0.115286
-0.0191396
0.0834547
0.192079
0.306175
0.425049
0.541862
0.63789
0.706749
0.755257
0.786209
0.801779
0.807146
0.808132
0.808018
0.80786
-0.347275
-0.338224
-0.294216
-0.222169
-0.133818
-0.0363238
0.0678779
0.178422
0.294883
0.416782
0.537583
0.638057
0.710779
0.761841
0.793454
0.808255
0.812649
0.813147
0.812933
0.812783
-0.368438
-0.359195
-0.314432
-0.241417
-0.152015
-0.0533387
0.0522562
0.164478
0.283009
0.407627
0.532148
0.637131
0.714137
0.768383
0.801162
0.815171
0.818107
0.817652
0.817204
0.817107
-0.389011
-0.379551
-0.33406
-0.260165
-0.169839
-0.0701176
0.0366748
0.150332
0.270642
0.397648
0.525563
0.635004
0.716656
0.774753
0.809545
0.823318
0.82454
0.822302
0.821052
0.821023
-0.408894
-0.399229
-0.353071
-0.278368
-0.187225
-0.0866113
0.0212162
0.136073
0.257887
0.386941
0.517841
0.631556
0.718131
0.780636
0.818411
0.833285
0.833655
0.829143
0.825519
0.823685
-0.428137
-0.418269
-0.37144
-0.296033
-0.204207
-0.102839
0.00586075
0.121674
0.244713
0.375472
0.508917
0.62655
0.718324
0.785691
0.82716
0.844849
0.846667
0.841201
0.833055
0.821793
-0.44672
-0.436724
-0.389277
-0.313337
-0.221033
-0.119104
-0.00976695
0.106668
0.230585
0.362617
0.498168
0.619269
0.716639
0.789535
0.834774
0.856183
0.861117
0.85433
0.843744
0.815874
-0.46471
-0.454634
-0.406515
-0.3301
-0.237548
-0.13522
-0.0254596
0.0912793
0.215735
0.348555
0.485643
0.60937
0.712158
0.791207
0.838994
0.860907
0.866267
0.858427
0.811814
0.761851
-0.483723
-0.471098
-0.423009
-0.346212
-0.253907
-0.151318
-0.0414599
0.0755221
0.200132
0.333217
0.47116
0.596451
0.703304
0.789982
0.837625
0.849259
0.851008
0.818141
0.757944
0.700601
-0.506941
-0.503281
-0.443916
-0.359579
-0.267394
-0.165049
-0.0574753
0.0600212
0.184458
0.317378
0.455297
0.580929
0.688726
0.787994
0.810799
0.822212
0.793175
0.734665
0.666817
0.604683
-0.485371
-0.477488
-0.418316
-0.334181
-0.235982
-0.130505
-0.0178635
0.102491
0.230339
0.367678
0.5006
0.614305
0.713223
0.80407
0.806991
0.718471
0.644367
0.584468
0.519177
0.394501
-0.519994
-0.492371
-0.431543
-0.34638
-0.248828
-0.143536
-0.0313842
0.0883349
0.215349
0.351312
0.482309
0.593578
0.682153
0.746754
0.713171
0.587527
0.485432
0.417014
0.345152
0.208278
-0.545599
-0.512404
-0.450168
-0.365407
-0.268019
-0.162831
-0.0505844
0.0683877
0.194151
0.327949
0.455726
0.562184
0.640614
0.667669
0.58691
0.439033
0.321494
0.240514
0.148835
-0.0360153
-0.569132
-0.534454
-0.47057
-0.385336
-0.287944
-0.182801
-0.0709094
0.0471617
0.171408
0.30257
0.425942
0.525095
0.589315
0.579574
0.446412
0.279578
0.13566
0.0257301
-0.0846263
-0.362696
-0.592217
-0.55681
-0.491764
-0.405836
-0.308338
-0.203383
-0.0921456
0.024848
0.147318
0.275407
0.393425
0.484125
0.52906
0.48474
0.305667
0.117723
-0.0615756
-0.206851
-0.387061
-0.745165
-0.615302
-0.579815
-0.514033
-0.427591
-0.329933
-0.225208
-0.114635
0.00116385
0.121599
0.246212
0.358135
0.440345
0.462861
0.363253
0.172084
-0.0329719
-0.224079
-0.39101
-0.582448
-0.922453
-0.639512
-0.603903
-0.537693
-0.450896
-0.35312
-0.248604
-0.138675
-0.0241181
0.0940964
0.214907
0.320384
0.391489
0.386073
0.244557
0.0507127
-0.158147
-0.346424
-0.479288
-0.535312
-0.574351
-0.665233
-0.62952
-0.563042
-0.476086
-0.378372
-0.27424
-0.165147
-0.0521418
0.0633876
0.179637
0.27822
0.334225
0.304743
0.129624
-0.0641078
-0.257005
-0.412488
-0.474935
-0.493752
-0.497049
-0.69276
-0.656843
-0.590135
-0.503142
-0.405663
-0.302116
-0.194144
-0.0830444
0.0293354
0.14025
0.231241
0.269434
0.218328
0.0220909
-0.167206
-0.339276
-0.447068
-0.464721
-0.469762
-0.470013
-0.722228
-0.685952
-0.619
-0.532044
-0.43496
-0.332239
-0.225675
-0.116839
-0.00810384
0.0967973
0.178841
0.202735
0.111746
-0.0753182
-0.25686
-0.401127
-0.450385
-0.457495
-0.45767
-0.457356
-0.753508
-0.716792
-0.649595
-0.562784
-0.46625
-0.364584
-0.259729
-0.153538
-0.0489075
0.0493885
0.121593
0.128482
0.00899359
-0.164365
-0.330454
-0.43552
-0.449813
-0.449962
-0.450269
-0.449917
-0.786151
-0.749104
-0.681737
-0.595189
-0.499395
-0.399046
-0.296235
-0.193089
-0.0929459
-0.00176669
0.0607954
0.0494905
-0.0827737
-0.244474
-0.385263
-0.434316
-0.445849
-0.445672
-0.445553
-0.44524
-0.819775
-0.782452
-0.715043
-0.628934
-0.534118
-0.435381
-0.334968
-0.235282
-0.139961
-0.0560277
-0.00451161
-0.0284488
-0.168207
-0.312334
-0.417039
-0.439187
-0.440177
-0.442231
-0.442649
-0.442595
-0.853438
-0.81618
-0.748881
-0.663475
-0.569946
-0.473168
-0.375541
-0.279738
-0.189627
-0.112437
-0.0735898
-0.101617
-0.244435
-0.364436
-0.434562
-0.442573
-0.441678
-0.44118
-0.440974
-0.440965
-0.885988
-0.849226
-0.782345
-0.69802
-0.606191
-0.511797
-0.417362
-0.32582
-0.241367
-0.170396
-0.13944
-0.180051
-0.309124
-0.411298
-0.442662
-0.44883
-0.44351
-0.439935
-0.438788
-0.438562
-0.915916
-0.880055
-0.814183
-0.731495
-0.641898
-0.550407
-0.459633
-0.372679
-0.294124
-0.229544
-0.201541
-0.255527
-0.360722
-0.449103
-0.474075
-0.460426
-0.447421
-0.439905
-0.437717
-0.436929
-0.94118
-0.907005
-0.842778
-0.762479
-0.675826
-0.587884
-0.501308
-0.419297
-0.346502
-0.288891
-0.264203
-0.316598
-0.396235
-0.458689
-0.478408
-0.469807
-0.460845
-0.455979
-0.452669
-0.450851
-0.95937
-0.9276
-0.866124
-0.789254
-0.706479
-0.622884
-0.541101
-0.464491
-0.397242
-0.345731
-0.323656
-0.365853
-0.416407
-0.447463
-0.453587
-0.47457
-0.488403
-0.488044
-0.483771
-0.482374
-0.968028
-0.939239
-0.882002
-0.809928
-0.732189
-0.653881
-0.577572
-0.506724
-0.445332
-0.397834
-0.375246
-0.411124
-0.440182
-0.44923
-0.460461
-0.47661
-0.483176
-0.483551
-0.483371
-0.48399
-0.964184
-0.939446
-0.888459
-0.822527
-0.751294
-0.67932
-0.609285
-0.544199
-0.489341
-0.445413
-0.416851
-0.45222
-0.486432
-0.499097
-0.49624
-0.486732
-0.479122
-0.477179
-0.477023
-0.476762
-0.944082
-0.925944
-0.883584
-0.825549
-0.762421
-0.697934
-0.634832
-0.575644
-0.526521
-0.489061
-0.457402
-0.481119
-0.518014
-0.586409
-0.560759
-0.508032
-0.482034
-0.473415
-0.469978
-0.468612
-0.90951
-0.897161
-0.865908
-0.818421
-0.764768
-0.709134
-0.653167
-0.600403
-0.554707
-0.525232
-0.494795
-0.469518
-0.441032
-0.483677
-0.484135
-0.455079
-0.438458
-0.437007
-0.438423
-0.438283
-0.86537
-0.857867
-0.838485
-0.802812
-0.759426
-0.712949
-0.664589
-0.617242
-0.57515
-0.546431
-0.51658
-0.445838
-0.295841
-0.193677
-0.215934
-0.317964
-0.403483
-0.434943
-0.439996
-0.440447
-0.820663
-0.816582
-0.80651
-0.783169
-0.749529
-0.710905
-0.669595
-0.626672
-0.586717
-0.553061
-0.525393
-0.469231
-0.38869
-0.235905
-0.275221
-0.431929
-0.528581
-0.550924
-0.553553
-0.562447
-0.785015
-0.782786
-0.77765
-0.763152
-0.738187
-0.705799
-0.669205
-0.630117
-0.589508
-0.557184
-0.532242
-0.575118
-0.770182
-1.14819
-1.42457
-1.52522
-1.46838
-1.34577
-1.18972
-1.14322
-0.759691
-0.758621
-0.756596
-0.748561
-0.729365
-0.701196
-0.667165
-0.62758
-0.586276
-0.547053
-0.520858
-0.592168
-0.8595
-1.19644
-1.46385
-1.44491
-1.27164
-1.10434
-0.966936
-0.917502
-0.743373
-0.742964
-0.742223
-0.738141
-0.724217
-0.698484
-0.663723
-0.62327
-0.57733
-0.524473
-0.487345
-0.443783
-0.438136
-0.379733
-0.354038
-0.250779
-0.117963
-0.0220529
0.0452028
0.0756927
-0.73275
-0.732584
-0.732059
-0.730437
-0.720955
-0.697018
-0.661066
-0.61789
-0.562836
-0.500885
-0.434903
-0.342109
-0.178008
0.132464
0.472823
0.782122
0.974634
1.03218
1.05651
1.06205
-0.725556
-0.725322
-0.724652
-0.72401
-0.718459
-0.697849
-0.660699
-0.610253
-0.550964
-0.476393
-0.381099
-0.277959
-0.0269306
0.374347
0.777019
1.14252
1.37911
1.47834
1.5155
1.52305
-0.7223
-0.722172
-0.721854
-0.721361
-0.719519
-0.702734
-0.662259
-0.605718
-0.540933
-0.452407
-0.352909
-0.23119
0.00183628
0.39205
0.794968
1.15503
1.39067
1.48355
1.50107
1.49861
-0.719617
-0.720541
-0.722813
-0.725884
-0.726608
-0.710391
-0.664681
-0.606168
-0.534048
-0.444099
-0.339694
-0.227202
-0.0201985
0.286778
0.576123
0.836679
1.00251
1.07013
1.09247
1.09795
-0.713788
-0.715541
-0.719432
-0.725657
-0.728772
-0.709191
-0.664799
-0.612963
-0.541055
-0.445292
-0.34187
-0.248353
-0.0886734
0.149071
0.357968
0.513602
0.603564
0.658206
0.698468
0.715611
-0.725727
-0.726544
-0.721618
-0.703517
-0.685178
-0.676925
-0.663932
-0.630113
-0.555758
-0.451791
-0.351821
-0.272639
-0.131421
0.05055
0.225447
0.36064
0.453661
0.520195
0.560183
0.574078
-0.767032
-0.764996
-0.749818
-0.709019
-0.665346
-0.667267
-0.692653
-0.659929
-0.572323
-0.462374
-0.369661
-0.295698
-0.198349
-0.0125369
0.146966
0.281925
0.386053
0.455546
0.486968
0.495487
-0.83668
-0.8352
-0.842851
-0.850232
-0.845402
-0.829591
-0.808998
-0.716321
-0.590106
-0.476283
-0.382307
-0.308101
-0.231955
-0.0917818
0.0585608
0.185886
0.283522
0.345924
0.370943
0.376088
-0.971957
-0.987915
-1.03457
-1.08431
-1.09731
-1.06047
-0.959297
-0.784944
-0.61379
-0.491199
-0.384947
-0.318232
-0.255757
-0.143334
-0.0072043
0.0911908
0.170712
0.217176
0.234824
0.237165
-1.08082
-1.10362
-1.14735
-1.18444
-1.19385
-1.156
-1.02203
-0.799458
-0.625921
-0.490279
-0.386442
-0.314824
-0.271837
-0.187672
-0.0786947
-0.000343799
0.0641102
0.0989238
0.112593
0.112495
-1.0435
-1.06136
-1.09367
-1.12329
-1.1316
-1.08894
-0.935587
-0.739575
-0.590817
-0.464378
-0.372908
-0.310552
-0.276034
-0.217832
-0.13661
-0.0735136
-0.0258631
-0.000253653
0.00742661
0.00734785
-0.820841
-0.840542
-0.875656
-0.913716
-0.930575
-0.88582
-0.756685
-0.623551
-0.503976
-0.410223
-0.349985
-0.29885
-0.272785
-0.2326
-0.181789
-0.138565
-0.104075
-0.0863481
-0.0807407
-0.0826247
-0.472468
-0.487878
-0.518134
-0.555717
-0.581002
-0.569774
-0.52055
-0.458066
-0.393457
-0.34924
-0.310489
-0.279086
-0.267617
-0.246606
-0.218614
-0.194887
-0.180455
-0.175489
-0.174187
-0.175583
-0.147083
-0.155413
-0.175129
-0.207783
-0.244286
-0.271059
-0.289058
-0.297841
-0.294729
-0.283233
-0.270103
-0.261035
-0.258659
-0.252436
-0.248427
-0.249805
-0.251215
-0.256866
-0.258368
-0.258658
0.0461693
0.0418071
0.0282035
0.000138829
-0.0446745
-0.0991299
-0.147948
-0.185641
-0.211508
-0.225632
-0.236502
-0.236481
-0.244209
-0.249417
-0.26061
-0.275006
-0.292657
-0.302299
-0.304928
-0.304826
0.11591
0.113132
0.103075
0.0797945
0.0408207
-0.0100657
-0.0645629
-0.114517
-0.153975
-0.185072
-0.207811
-0.220166
-0.231865
-0.246382
-0.264718
-0.283838
-0.303071
-0.31191
-0.313494
-0.313328
0.11985
0.117976
0.110793
0.0936804
0.0636614
0.0229398
-0.0234838
-0.0704318
-0.114254
-0.151671
-0.18925
-0.220434
-0.238342
-0.243858
-0.256837
-0.273628
-0.288366
-0.293223
-0.292893
-0.292515
0.100075
0.0988754
0.0940133
0.0821671
0.0609551
0.0306392
-0.00646591
-0.0461717
-0.0861828
-0.127136
-0.173965
-0.223556
-0.250024
-0.236424
-0.235313
-0.241214
-0.24676
-0.248183
-0.247242
-0.246959
0.0758964
0.0751987
0.0720815
0.0642682
0.0498333
0.0284231
0.000710471
-0.030854
-0.0654886
-0.102619
-0.147071
-0.197424
-0.220463
-0.202497
-0.189428
-0.188939
-0.187258
-0.186658
-0.186537
-0.186894
0.0541972
0.0538044
0.0519155
0.0469588
0.0374508
0.0227983
0.00306706
-0.0200081
-0.0461825
-0.0733582
-0.105002
-0.133486
-0.140802
-0.133335
-0.130441
-0.132372
-0.133385
-0.133421
-0.134579
-0.135325
0.0369508
0.0367389
0.0356432
0.03262
0.0266013
0.0170121
0.00367894
-0.0122727
-0.02997
-0.0471425
-0.0582037
-0.0596131
-0.0552965
-0.0637786
-0.0759918
-0.085971
-0.0923372
-0.0959619
-0.0977431
-0.0981743
0.0234804
0.0234333
0.0228641
0.0211891
0.0176737
0.0118177
0.00352269
-0.00644083
-0.0167689
-0.0233465
-0.0197199
-0.00452239
0.0107026
-0.00905476
-0.0326584
-0.0488102
-0.0580731
-0.0631185
-0.0650563
-0.0653245
0.0131438
0.0131796
0.0129569
0.0122096
0.0104093
0.0072904
0.00274553
-0.00257162
-0.00759206
-0.00814638
0.0028775
0.0242012
0.0405825
0.0193757
-0.00424291
-0.0200071
-0.0278329
-0.0317405
-0.0333774
-0.0336459
0.00502715
0.00513252
0.00513535
0.00500094
0.00467439
0.00385117
0.00243529
0.000449697
-0.00154578
-0.00309839
0.00118339
0.0127669
0.033017
0.0282611
0.00942497
0.00131219
-0.00409024
-0.00634712
-0.00727268
-0.00811771
-0.469812
-0.0895989
0.179646
0.364643
0.50733
0.616558
0.705344
0.783864
0.868082
0.859513
0.0841411
0.236105
0.375432
0.495576
0.59501
0.675966
0.741829
0.788345
0.803424
0.816612
0.322719
0.420827
0.51684
0.600169
0.670844
0.729245
0.774671
0.806827
0.828972
0.847962
0.491505
0.55966
0.627264
0.687384
0.73893
0.782034
0.817058
0.84537
0.866966
0.886516
0.621384
0.671104
0.720015
0.765181
0.804997
0.839507
0.869221
0.894514
0.913431
0.93214
0.726376
0.765475
0.803731
0.840044
0.873226
0.902933
0.92909
0.951181
0.96804
0.985926
0.817968
0.851341
0.884699
0.916723
0.946523
0.973593
0.997444
1.01728
1.03209
1.04948
0.904842
0.936698
0.968617
0.999471
1.02822
1.05421
1.07677
1.09496
1.10811
1.12496
0.994173
1.02853
1.0619
1.09357
1.12257
1.1482
1.16988
1.18679
1.19871
1.2151
1.09654
1.13532
1.17138
1.20427
1.23334
1.25817
1.27856
1.29428
1.30594
1.3221
1.22291
1.26459
1.30147
1.33325
1.36044
1.38332
1.40225
1.41742
1.42988
1.44599
1.38008
1.41819
1.44992
1.47599
1.49865
1.51889
1.53713
1.55329
1.56733
1.58322
1.56188
1.58673
1.60829
1.62714
1.645
1.66191
1.67827
1.69473
1.71037
1.72636
1.74749
1.75928
1.77391
1.78874
1.8025
1.81471
1.82603
1.83741
1.8503
1.87101
1.93554
1.94556
1.95251
1.95389
1.95599
1.9634
1.97656
1.99191
2.00498
2.03325
2.21199
2.15292
2.10528
2.07417
2.06104
2.06561
2.08886
2.13418
2.20472
2.28333
0.679812
0.67231
0.663393
0.650574
0.637176
0.625586
0.616384
0.609518
0.604955
0.603005
0.604296
0.608402
0.614703
0.623136
0.633827
0.646678
0.660386
0.671593
0.67938
0.685706
0.59377
0.601652
0.6088
0.613567
0.614824
0.61284
0.60911
0.605189
0.602153
0.600831
0.601952
0.605068
0.609281
0.613726
0.61713
0.617864
0.614953
0.608934
0.600938
0.595039
0.585704
0.588766
0.591858
0.594382
0.596762
0.598535
0.599036
0.598395
0.597409
0.597022
0.597898
0.599623
0.601256
0.601911
0.601099
0.599175
0.596918
0.594285
0.591099
0.588737
0.58038
0.581899
0.584136
0.586302
0.587898
0.589184
0.590314
0.591115
0.591562
0.591998
0.592697
0.593371
0.593574
0.593177
0.592393
0.59131
0.589672
0.587501
0.585675
0.584591
0.575195
0.576036
0.577525
0.579376
0.581128
0.582541
0.583676
0.584694
0.585637
0.586505
0.587195
0.587539
0.587509
0.587154
0.586424
0.585213
0.583656
0.582101
0.58107
0.580435
0.570195
0.570767
0.571843
0.57328
0.574837
0.576373
0.577763
0.578977
0.580096
0.581159
0.581975
0.582378
0.582369
0.58193
0.581086
0.579995
0.578828
0.577765
0.577081
0.576637
0.565314
0.565742
0.566604
0.567815
0.569159
0.570603
0.572091
0.573529
0.574877
0.576148
0.577143
0.577648
0.577649
0.577223
0.576524
0.575706
0.574847
0.574066
0.573567
0.57323
0.560511
0.560848
0.56156
0.562624
0.563869
0.565232
0.56671
0.568271
0.569854
0.571394
0.572609
0.573252
0.573378
0.573138
0.572677
0.572088
0.57145
0.570884
0.570515
0.570247
0.555709
0.555983
0.55659
0.557556
0.558743
0.560074
0.561564
0.563215
0.564996
0.566824
0.568327
0.56922
0.569591
0.5696
0.569377
0.569009
0.568573
0.568182
0.567909
0.567687
0.550821
0.551048
0.551583
0.552489
0.553642
0.554981
0.556528
0.5583
0.56029
0.562435
0.56431
0.565554
0.566243
0.566533
0.566556
0.566419
0.566177
0.565938
0.565741
0.565553
0.545755
0.545949
0.546435
0.54731
0.548467
0.549854
0.551499
0.553441
0.555697
0.558229
0.560563
0.562238
0.563301
0.563911
0.564209
0.564305
0.564261
0.56416
0.564025
0.563859
0.54042
0.540589
0.541047
0.541922
0.543124
0.544602
0.546394
0.548569
0.551168
0.554182
0.557075
0.559263
0.560762
0.561738
0.562342
0.562682
0.562851
0.562878
0.562793
0.562644
0.534719
0.534869
0.535318
0.536222
0.537508
0.539125
0.541126
0.543608
0.546644
0.550256
0.553825
0.556625
0.558636
0.560032
0.560985
0.561619
0.561996
0.562143
0.562101
0.561962
0.52854
0.528676
0.529132
0.530095
0.531507
0.533318
0.535601
0.53848
0.542065
0.546412
0.5508
0.554333
0.556949
0.558835
0.560185
0.561142
0.561753
0.562021
0.562017
0.561885
0.52175
0.521876
0.522353
0.523406
0.524992
0.527063
0.529712
0.533095
0.537364
0.542613
0.547991
0.552398
0.555732
0.558196
0.560003
0.561331
0.5622
0.562595
0.562627
0.562496
0.514199
0.514308
0.514821
0.515996
0.51781
0.520218
0.523332
0.527348
0.532463
0.53881
0.545384
0.550836
0.555017
0.558163
0.560519
0.562275
0.563434
0.563961
0.564025
0.563892
0.505653
0.505766
0.506325
0.507665
0.509775
0.51261
0.516312
0.52112
0.52728
0.534967
0.542977
0.549674
0.554854
0.5588
0.561817
0.564072
0.565553
0.56622
0.566314
0.566176
0.495836
0.495954
0.496602
0.49816
0.500648
0.504028
0.508471
0.514269
0.521722
0.531043
0.540773
0.548941
0.555303
0.560192
0.563977
0.566811
0.568662
0.569477
0.569597
0.56945
0.484439
0.48456
0.485326
0.487157
0.490125
0.494203
0.499592
0.506641
0.515703
0.527014
0.538798
0.548689
0.556426
0.56242
0.567088
0.570604
0.572861
0.573825
0.573966
0.573806
0.470965
0.471103
0.472027
0.474217
0.477811
0.482798
0.489406
0.498046
0.509117
0.522854
0.537074
0.548968
0.558283
0.56555
0.571254
0.575534
0.578228
0.579336
0.579489
0.579314
0.454756
0.45493
0.456087
0.458765
0.463192
0.469389
0.4776
0.488292
0.501881
0.518563
0.535645
0.549839
0.560947
0.569657
0.576522
0.581657
0.584804
0.586037
0.586191
0.585996
0.434855
0.435103
0.43661
0.439985
0.445575
0.453436
0.463809
0.47719
0.493955
0.51419
0.534587
0.551372
0.56448
0.574794
0.582927
0.588987
0.592567
0.593889
0.594025
0.59381
0.40982
0.410213
0.412274
0.416712
0.424029
0.434292
0.447678
0.464637
0.485404
0.509872
0.53403
0.553662
0.568933
0.580986
0.590481
0.597468
0.60141
0.602758
0.602855
0.602621
0.377311
0.377998
0.381022
0.387284
0.397385
0.411285
0.428967
0.450682
0.476418
0.505823
0.534137
0.556808
0.57435
0.588207
0.599119
0.60695
0.611108
0.612394
0.612431
0.612182
0.333163
0.334548
0.339614
0.349485
0.364478
0.384036
0.407793
0.435659
0.46735
0.502325
0.535107
0.560928
0.580777
0.596418
0.608698
0.617174
0.621304
0.62242
0.622381
0.622127
0.269686
0.273931
0.284549
0.30171
0.324991
0.353022
0.384879
0.420244
0.458738
0.499751
0.537152
0.566115
0.588199
0.605492
0.618873
0.627668
0.63147
0.632298
0.632191
0.631954
0.193861
0.202161
0.22167
0.249411
0.283273
0.32082
0.361313
0.404615
0.450431
0.498205
0.54108
0.573936
0.598872
0.618168
0.632657
0.641458
0.644915
0.645571
0.645509
0.645379
0.11787
0.131904
0.160341
0.198527
0.242605
0.289581
0.338759
0.390079
0.4433
0.497898
0.54631
0.583093
0.61081
0.63216
0.647573
0.655962
0.6587
0.659119
0.659092
0.659033
0.0550678
0.0724238
0.106786
0.152867
0.205292
0.260543
0.317734
0.376659
0.436971
0.498101
0.551732
0.592148
0.622381
0.645275
0.661135
0.669204
0.671671
0.672083
0.672118
0.672101
0.00328449
0.0227323
0.0616236
0.113559
0.172466
0.234517
0.298623
0.364399
0.4313
0.498598
0.557185
0.601028
0.633603
0.658001
0.67451
0.682593
0.684888
0.68533
0.685411
0.685426
-0.0401144
-0.0194383
0.0228462
0.07949
0.143754
0.211516
0.281564
0.353389
0.426267
0.499315
0.562672
0.609859
0.644746
0.670718
0.687974
0.696146
0.698605
0.699124
0.699231
0.699279
-0.0775375
-0.0560338
-0.0111048
0.0494129
0.118228
0.190936
0.266195
0.343434
0.421812
0.500285
0.568193
0.61865
0.655803
0.683332
0.701477
0.710148
0.712794
0.713323
0.713426
0.713486
-0.110641
-0.0885455
-0.0414603
0.022307
0.0950351
0.172081
0.252028
0.334233
0.417745
0.501329
0.573602
0.627218
0.666631
0.695722
0.714818
0.724008
0.726858
0.72742
0.727502
0.727564
-0.140656
-0.118109
-0.0691985
-0.00262787
0.073518
0.154411
0.238596
0.325367
0.413671
0.502173
0.57868
0.635365
0.676934
0.707525
0.727532
0.737279
0.74034
0.740937
0.740992
0.741049
-0.168557
-0.14557
-0.0950599
-0.0259906
0.0531678
0.137483
0.225496
0.316487
0.409345
0.502608
0.583261
0.642943
0.686591
0.718593
0.739438
0.749711
0.752991
0.75358
0.7536
0.753641
-0.194905
-0.171474
-0.119534
-0.0482355
0.0335939
0.120973
0.212476
0.30739
0.404563
0.50241
0.587192
0.649838
0.695517
0.728843
0.750456
0.761032
0.764478
0.76507
0.765056
0.765073
-0.22014
-0.196237
-0.142992
-0.0696917
0.0145279
0.104671
0.19936
0.297887
0.399125
0.501469
0.590377
0.656034
0.703693
0.738224
0.760427
0.771216
0.774726
0.775311
0.775265
0.775255
-0.244546
-0.220147
-0.165681
-0.0905744
-0.00420747
0.0884239
0.185999
0.287867
0.392948
0.499681
0.592759
0.661511
0.711173
0.746809
0.769446
0.780315
0.783777
0.784326
0.784261
0.784226
-0.268274
-0.243346
-0.187751
-0.111012
-0.0227251
0.0721378
0.172335
0.277278
0.38597
0.496953
0.594277
0.666288
0.718045
0.754742
0.777637
0.788407
0.791768
0.792258
0.79216
0.792106
-0.291447
-0.26598
-0.209287
-0.131067
-0.041072
0.0557934
0.158356
0.266095
0.378139
0.493226
0.59487
0.670374
0.724421
0.762174
0.785165
0.795677
0.79882
0.799222
0.799097
0.799026
-0.314064
-0.288089
-0.230319
-0.150764
-0.0592514
0.0393903
0.144067
0.254332
0.369457
0.488463
0.594467
0.673756
0.730417
0.769323
0.79224
0.802247
0.805056
0.805326
0.805166
0.805082
-0.336154
-0.30965
-0.250838
-0.17009
-0.0772414
0.0229624
0.129512
0.242031
0.359963
0.482638
0.593003
0.676381
0.736099
0.776425
0.799145
0.80832
0.810547
0.810626
0.810444
0.810358
-0.357646
-0.330628
-0.270841
-0.189033
-0.0950047
0.00657339
0.114759
0.229262
0.349703
0.475751
0.590398
0.678144
0.741453
0.783704
0.806313
0.814294
0.815526
0.815239
0.815037
0.814974
-0.378556
-0.35098
-0.290316
-0.20755
-0.112483
-0.00971534
0.0998908
0.216114
0.338742
0.467839
0.586581
0.678917
0.746364
0.79127
0.814281
0.820937
0.820525
0.819355
0.819065
0.819141
-0.398797
-0.370703
-0.30922
-0.225598
-0.129628
-0.0258279
0.0849825
0.202659
0.327185
0.458963
0.581497
0.678544
0.750611
0.798963
0.823418
0.82941
0.82698
0.823861
0.822749
0.823253
-0.418405
-0.389774
-0.327501
-0.243125
-0.146369
-0.041678
0.0701561
0.189027
0.315147
0.44921
0.575115
0.676846
0.753903
0.806296
0.833442
0.840545
0.837302
0.83138
0.825234
0.812137
-0.43734
-0.408237
-0.345299
-0.260337
-0.163002
-0.0575885
0.0550023
0.174768
0.302122
0.438087
0.566913
0.673318
0.756035
0.812922
0.843687
0.85413
0.852217
0.843551
0.832723
0.845004
-0.455603
-0.42609
-0.362576
-0.277193
-0.179481
-0.0735119
0.0395201
0.159897
0.288079
0.425467
0.556622
0.667201
0.756243
0.81775
0.851123
0.864645
0.864744
0.853601
0.803462
0.794937
-0.473694
-0.4435
-0.379076
-0.293418
-0.195375
-0.0890783
0.0238837
0.144686
0.273312
0.411547
0.544276
0.657784
0.753645
0.819788
0.850959
0.863436
0.856507
0.819382
0.759458
0.723473
-0.494782
-0.462241
-0.394333
-0.308621
-0.20985
-0.1039
0.00852751
0.129419
0.258037
0.396439
0.529923
0.644616
0.746345
0.81736
0.854197
0.837495
0.809277
0.748198
0.683278
0.644456
-0.0642275
0.0532426
0.177572
0.31029
0.447732
0.572803
0.679148
0.538946
-0.50862
-0.499373
-0.457678
-0.384666
-0.29238
-0.191133
-0.0821357
0.034139
0.157705
0.289264
0.425621
0.550291
0.653564
0.74181
0.787246
0.73304
0.606877
0.530172
0.469359
-0.53136
-0.519888
-0.474462
-0.400348
-0.307794
-0.206546
-0.0979182
0.0178899
0.140606
0.270834
0.404977
0.52676
0.623972
0.69499
0.690952
0.584362
0.454828
0.366187
0.293152
-0.554477
-0.542713
-0.494906
-0.419813
-0.327374
-0.225967
-0.117282
-0.00180439
0.119938
0.248531
0.379511
0.496268
0.583172
0.631909
0.591582
0.436036
0.290814
0.181419
0.0928584
-0.5774
-0.565634
-0.516463
-0.440196
-0.347561
-0.246139
-0.137768
-0.0230525
0.0974152
0.223881
0.351095
0.461666
0.54014
0.557937
0.465993
0.286336
0.114028
-0.0328243
-0.155432
-0.600364
-0.588708
-0.538653
-0.461501
-0.368543
-0.26713
-0.159221
-0.0454347
0.0735458
0.197495
0.32036
0.423616
0.491432
0.470572
0.331833
0.139159
-0.0579804
-0.226984
-0.389544
-0.623879
-0.612389
-0.561882
-0.484158
-0.390914
-0.289479
-0.181973
-0.0690746
0.0483262
0.16955
0.287774
0.382724
0.434403
0.390976
0.206022
0.00663824
-0.197412
-0.378145
-0.515848
-0.640185
-0.648755
-0.63737
-0.586548
-0.508492
-0.415139
-0.313794
-0.206774
-0.0949024
0.0206533
0.13867
0.251688
0.337578
0.370652
0.291332
0.089214
-0.113239
-0.303477
-0.447416
-0.498252
-0.519359
-0.67528
-0.663949
-0.612869
-0.534616
-0.441313
-0.340267
-0.233932
-0.123384
-0.0100678
0.104134
0.211152
0.287162
0.294119
0.175524
-0.0205071
-0.213043
-0.379311
-0.45497
-0.478146
-0.480982
-0.703675
-0.692314
-0.640925
-0.562533
-0.469416
-0.368854
-0.263473
-0.154563
-0.0439004
0.0659161
0.165945
0.231863
0.209307
0.0662003
-0.120639
-0.300528
-0.424014
-0.463772
-0.462148
-0.463139
-0.733911
-0.722479
-0.670731
-0.592244
-0.499442
-0.399557
-0.295397
-0.188447
-0.0808585
0.0240344
0.116288
0.170105
0.130367
-0.0367347
-0.209051
-0.371946
-0.439763
-0.452435
-0.453345
-0.453251
-0.765759
-0.75422
-0.702164
-0.623665
-0.5313
-0.432318
-0.32965
-0.22502
-0.120918
-0.0214453
0.0625694
0.102929
0.0536366
-0.126144
-0.288066
-0.410851
-0.453035
-0.448212
-0.447753
-0.447401
-0.798708
-0.787119
-0.734928
-0.656529
-0.564787
-0.466947
-0.366085
-0.264154
-0.163934
-0.0701667
0.00500462
0.0340766
-0.0374208
-0.206911
-0.352745
-0.42707
-0.44134
-0.443163
-0.443823
-0.443742
-0.832232
-0.820619
-0.768499
-0.690376
-0.599495
-0.503091
-0.404384
-0.30555
-0.209654
-0.121665
-0.0556183
-0.0404949
-0.127918
-0.276479
-0.3968
-0.433079
-0.43913
-0.441168
-0.441607
-0.441556
-0.865364
-0.853772
-0.802054
-0.724491
-0.634811
-0.54022
-0.444056
-0.348719
-0.257576
-0.175561
-0.116871
-0.118153
-0.207826
-0.337388
-0.42371
-0.452005
-0.444618
-0.441414
-0.440043
-0.439731
-0.896344
-0.885105
-0.834411
-0.757899
-0.669863
-0.577558
-0.484395
-0.392951
-0.306884
-0.231266
-0.177484
-0.188731
-0.279573
-0.389713
-0.454301
-0.454337
-0.449206
-0.441611
-0.438174
-0.437332
-0.924032
-0.913166
-0.864032
-0.78926
-0.70349
-0.614071
-0.524455
-0.437342
-0.356505
-0.287485
-0.238975
-0.251927
-0.338066
-0.423593
-0.477064
-0.477032
-0.458507
-0.447205
-0.442568
-0.440959
-0.945664
-0.935482
-0.888972
-0.816874
-0.734229
-0.648464
-0.563042
-0.480758
-0.405322
-0.342445
-0.300175
-0.307746
-0.379863
-0.435487
-0.456848
-0.467263
-0.474117
-0.474653
-0.470654
-0.467398
-0.959112
-0.949971
-0.906937
-0.838792
-0.76039
-0.679216
-0.59877
-0.521785
-0.4522
-0.394558
-0.356069
-0.361224
-0.412991
-0.439005
-0.450198
-0.465682
-0.485359
-0.490245
-0.48876
-0.487328
-0.961787
-0.9541
-0.9156
-0.852967
-0.780148
-0.70471
-0.630139
-0.558896
-0.495491
-0.443067
-0.405086
-0.408132
-0.451373
-0.467203
-0.469636
-0.476545
-0.479144
-0.478604
-0.479118
-0.479769
-0.951495
-0.945213
-0.912752
-0.857374
-0.79184
-0.723487
-0.655643
-0.590762
-0.532945
-0.487223
-0.449919
-0.445734
-0.489676
-0.546935
-0.551423
-0.515275
-0.489545
-0.479255
-0.475953
-0.474419
-0.924759
-0.920311
-0.895717
-0.850449
-0.794336
-0.734508
-0.674199
-0.616165
-0.563221
-0.523736
-0.491318
-0.470514
-0.481982
-0.549514
-0.580355
-0.522892
-0.477405
-0.460915
-0.457223
-0.455759
-0.88521
-0.882399
-0.86643
-0.832619
-0.787746
-0.737537
-0.685662
-0.633967
-0.586553
-0.549074
-0.526467
-0.485001
-0.405645
-0.341461
-0.353004
-0.371964
-0.403244
-0.421595
-0.427317
-0.42893
-0.84007
-0.838307
-0.830357
-0.807943
-0.774565
-0.733965
-0.690259
-0.644852
-0.601566
-0.564881
-0.539696
-0.490397
-0.383962
-0.216468
-0.122798
-0.222978
-0.363658
-0.447477
-0.472335
-0.479762
-0.799903
-0.798742
-0.795021
-0.782789
-0.758859
-0.726718
-0.689435
-0.649666
-0.608359
-0.571983
-0.53947
-0.523495
-0.522006
-0.551322
-0.627279
-0.820636
-0.93742
-0.886688
-0.804384
-0.780748
-0.771109
-0.770442
-0.768069
-0.761976
-0.745332
-0.719141
-0.686541
-0.648954
-0.609662
-0.569175
-0.5403
-0.550837
-0.745933
-1.20099
-1.69433
-1.83957
-1.74047
-1.55815
-1.37915
-1.26086
-0.750456
-0.750015
-0.749146
-0.746747
-0.736172
-0.714205
-0.683399
-0.646757
-0.604028
-0.558558
-0.524187
-0.491074
-0.584309
-0.716929
-0.843814
-0.93173
-0.829232
-0.682793
-0.566956
-0.49593
-0.737711
-0.737616
-0.737281
-0.735902
-0.730179
-0.711554
-0.681238
-0.642285
-0.595865
-0.544216
-0.485117
-0.430897
-0.343354
-0.192162
0.0145131
0.232376
0.433725
0.547299
0.594971
0.616661
-0.72866
-0.728632
-0.728247
-0.727688
-0.724884
-0.710316
-0.680717
-0.637623
-0.587683
-0.523296
-0.446734
-0.36817
-0.220864
0.0944871
0.488868
0.865114
1.15794
1.29035
1.34113
1.35562
-0.723535
-0.723434
-0.722975
-0.722264
-0.720691
-0.711794
-0.682686
-0.635537
-0.577487
-0.506626
-0.418397
-0.30886
-0.149825
0.194775
0.608914
1.01158
1.33212
1.49682
1.55857
1.56817
-0.721321
-0.721433
-0.721886
-0.722596
-0.723325
-0.717908
-0.687395
-0.635238
-0.571395
-0.496556
-0.396864
-0.288362
-0.133291
0.167004
0.530989
0.870878
1.14779
1.28338
1.32443
1.32664
-0.716231
-0.717257
-0.719802
-0.725054
-0.730886
-0.725772
-0.690426
-0.637511
-0.575833
-0.492415
-0.390554
-0.290028
-0.16251
0.0820769
0.343235
0.566024
0.724322
0.807277
0.85077
0.873673
-0.715056
-0.716452
-0.718174
-0.717074
-0.713542
-0.70757
-0.681437
-0.645189
-0.588592
-0.499614
-0.396622
-0.304377
-0.196658
-0.00821233
0.183162
0.355722
0.467445
0.535291
0.587676
0.616785
-0.743056
-0.743564
-0.7402
-0.717291
-0.676145
-0.653761
-0.669277
-0.664024
-0.60868
-0.510727
-0.408528
-0.318387
-0.242239
-0.071594
0.111503
0.25845
0.376248
0.460561
0.513582
0.534869
-0.79638
-0.794331
-0.78924
-0.771348
-0.739697
-0.720885
-0.735981
-0.719687
-0.63564
-0.524512
-0.421401
-0.334913
-0.26919
-0.135701
0.0210054
0.172507
0.291476
0.377784
0.423766
0.438877
-0.900339
-0.897654
-0.917747
-0.956704
-0.983717
-0.971573
-0.930778
-0.826517
-0.674184
-0.539871
-0.431427
-0.3461
-0.286722
-0.182606
-0.0465269
0.086106
0.18433
0.259191
0.294465
0.30583
-1.04011
-1.04553
-1.08325
-1.13698
-1.16748
-1.15465
-1.08446
-0.909451
-0.703592
-0.555375
-0.437445
-0.34655
-0.29712
-0.221528
-0.100782
0.0032135
0.0832203
0.139994
0.16603
0.17277
-1.08183
-1.0918
-1.12294
-1.15842
-1.18072
-1.16783
-1.08745
-0.882058
-0.688481
-0.547399
-0.42422
-0.345561
-0.292023
-0.25102
-0.152762
-0.0732126
-0.0079624
0.0350365
0.0541423
0.0590638
-0.951928
-0.960776
-0.988281
-1.02348
-1.04931
-1.03902
-0.941804
-0.764107
-0.620436
-0.48823
-0.401187
-0.333494
-0.285401
-0.256116
-0.191604
-0.133108
-0.0845629
-0.0532968
-0.0395373
-0.0375605
-0.650407
-0.661533
-0.688316
-0.727731
-0.762681
-0.762232
-0.693634
-0.595518
-0.493971
-0.409737
-0.358503
-0.305588
-0.275269
-0.258633
-0.217712
-0.183138
-0.15286
-0.134428
-0.127523
-0.127539
-0.294712
-0.301594
-0.319578
-0.350688
-0.385453
-0.404626
-0.402906
-0.386926
-0.356167
-0.331657
-0.301255
-0.27948
-0.26594
-0.261494
-0.24269
-0.229131
-0.219334
-0.218241
-0.219333
-0.219891
-0.0307219
-0.034175
-0.044472
-0.0672346
-0.104861
-0.150916
-0.191067
-0.22212
-0.246278
-0.251683
-0.252292
-0.250255
-0.249007
-0.251202
-0.253486
-0.260632
-0.271584
-0.282271
-0.286923
-0.287125
0.0937933
0.0917968
0.0851694
0.0669025
0.0326186
-0.017474
-0.0742469
-0.125494
-0.164515
-0.192739
-0.212882
-0.225058
-0.230437
-0.242727
-0.255012
-0.272429
-0.29068
-0.306141
-0.312479
-0.312867
0.123362
0.122141
0.117457
0.103708
0.0762189
0.035145
-0.0138701
-0.0648566
-0.112391
-0.150188
-0.183144
-0.21025
-0.225301
-0.239412
-0.252448
-0.272481
-0.291909
-0.303804
-0.306812
-0.306348
0.111541
0.110844
0.107633
0.0979676
0.0782486
0.0473622
0.00803529
-0.0350417
-0.0779226
-0.119021
-0.160166
-0.203254
-0.240317
-0.244683
-0.244055
-0.251924
-0.266178
-0.272936
-0.273529
-0.27275
0.0880257
0.0876963
0.0856072
0.0791531
0.0656645
0.0439798
0.0147783
-0.0195364
-0.0567214
-0.0947489
-0.13733
-0.188647
-0.235396
-0.233552
-0.221403
-0.215869
-0.218094
-0.218359
-0.217441
-0.217393
0.0644891
0.0644159
0.0631637
0.0590699
0.0502043
0.0354069
0.0145818
-0.0109891
-0.0401105
-0.0716423
-0.106301
-0.14849
-0.18117
-0.174165
-0.163119
-0.161427
-0.15922
-0.157906
-0.157713
-0.158539
0.0450214
0.0449977
0.0442768
0.0417556
0.0361206
0.0263787
0.0121732
-0.00583611
-0.0265416
-0.0484811
-0.0701529
-0.0916426
-0.0986297
-0.0950051
-0.0976383
-0.105497
-0.109945
-0.113011
-0.114695
-0.115609
0.0297081
0.0297806
0.0293923
0.0279728
0.0246136
0.0185272
0.00937678
-0.00253702
-0.0161082
-0.0293484
-0.0371485
-0.0358955
-0.0192309
-0.0243858
-0.0422648
-0.0596483
-0.0710945
-0.0773949
-0.0805255
-0.0814186
0.0178785
0.0179706
0.0178032
0.0171461
0.0153773
0.0119439
0.00662381
-0.000342704
-0.00813712
-0.0142022
-0.0122553
0.0022172
0.0241706
0.018114
-0.00536382
-0.0254803
-0.038221
-0.0454464
-0.0485351
-0.0493094
0.00878319
0.00889434
0.00890023
0.00869045
0.00790782
0.0063269
0.00375476
0.000355695
-0.00318722
-0.00540311
0.00038092
0.0162863
0.0368309
0.0326696
0.011967
-0.00480269
-0.0131814
-0.016648
-0.0184227
-0.0193167
0.00508972
0.00514088
0.00509938
0.00486234
0.00433595
0.00322676
0.00152054
-0.00065326
-0.00245897
-0.00224698
0.00668316
0.0209358
0.0370526
0.018614
0.00454483
-0.00134595
-0.00592358
-0.006473
-0.00774284
-0.00144129
-0.243493
0.0251582
0.20014
0.364241
0.496677
0.602579
0.687635
0.759545
0.805379
0.795103
0.156995
0.276284
0.395659
0.503053
0.594387
0.670518
0.732451
0.778477
0.805915
0.822039
0.375288
0.453322
0.535874
0.611685
0.676798
0.731717
0.776242
0.810468
0.836619
0.856664
0.531502
0.588999
0.646953
0.702068
0.750375
0.791845
0.826864
0.856236
0.880555
0.898559
0.655162
0.698194
0.741245
0.783133
0.821251
0.855102
0.884879
0.91066
0.931523
0.948249
0.756951
0.790817
0.826525
0.861388
0.893891
0.923574
0.950153
0.973148
0.991479
1.00666
0.84735
0.877438
0.909691
0.941721
0.971915
0.999673
1.02451
1.0457
1.06205
1.07586
0.934297
0.9648
0.997393
1.02945
1.05953
1.08689
1.11095
1.13094
1.14575
1.15839
1.02718
1.06126
1.09699
1.13078
1.16168
1.189
1.2123
1.23111
1.24478
1.257
1.13854
1.17661
1.21568
1.25073
1.28147
1.30769
1.32949
1.34696
1.36016
1.37297
1.28004
1.31846
1.35697
1.3892
1.41647
1.4398
1.45983
1.47683
1.49085
1.50467
1.45567
1.48551
1.51555
1.5398
1.56083
1.58018
1.59838
1.6157
1.63157
1.64644
1.64926
1.66366
1.68127
1.69806
1.71458
1.73002
1.74418
1.75824
1.77311
1.78927
1.83827
1.84257
1.85547
1.86765
1.87765
1.88697
1.89716
1.90781
1.91716
1.92937
2.06772
2.05413
2.04532
2.03028
2.0192
2.01867
2.03069
2.05449
2.08632
2.12209
2.44192
2.28342
2.17791
2.11906
2.09
2.08344
2.09861
2.13983
2.21907
2.36419
-0.488124
-0.484754
-0.442534
-0.368859
-0.276166
-0.174172
0.776361
0.829939
0.818301
0.747166
0.677396
0.610079
0.408796
0.216214
-0.00607362
-0.295
-0.639814
)
;

boundaryField
{
    wall-4
    {
        type            zeroGradient;
    }
    pressure-outlet-7
    {
        type            fixedValue;
        value           uniform 0;
    }
    velocity-inlet-6
    {
        type            zeroGradient;
    }
    velocity-inlet-5
    {
        type            zeroGradient;
    }
    frontAndBackPlanes
    {
        type            empty;
    }
}


// ************************************************************************* //
