/*--------------------------------*- C++ -*----------------------------------*\
  =========                 |
  \\      /  F ield         | OpenFOAM: The Open Source CFD Toolbox
   \\    /   O peration     | Website:  https://openfoam.org
    \\  /    A nd           | Version:  6
     \\/     M anipulation  |
\*---------------------------------------------------------------------------*/
FoamFile
{
    version     2.0;
    format      ascii;
    class       volScalarField;
    location    "66.8";
    object      p;
}
// * * * * * * * * * * * * * * * * * * * * * * * * * * * * * * * * * * * * * //

dimensions      [0 2 -2 0 0 0 0];

internalField   nonuniform List<scalar> 
8800
(
0.774456
0.725139
0.687172
0.6591
0.638933
0.624339
0.61373
0.606175
0.601269
0.599172
0.600513
0.604832
0.611608
0.621018
0.633746
0.651061
0.674935
0.70803
0.750966
0.80348
0.608953
0.615297
0.624445
0.627991
0.625378
0.619283
0.612332
0.606077
0.601257
0.598362
0.598101
0.600702
0.605323
0.611437
0.618527
0.625554
0.630428
0.630301
0.623624
0.614724
0.582477
0.588711
0.593208
0.597075
0.600017
0.600957
0.599856
0.597718
0.595714
0.594845
0.595846
0.598274
0.601142
0.603399
0.603912
0.602117
0.598747
0.594731
0.589949
0.586233
0.578188
0.580953
0.583555
0.585708
0.587438
0.588997
0.590086
0.59042
0.590282
0.590348
0.591119
0.592234
0.592956
0.592791
0.591807
0.590446
0.588771
0.586466
0.584054
0.582487
0.573148
0.574573
0.576408
0.578483
0.580187
0.581468
0.582551
0.58351
0.584291
0.584993
0.585666
0.586096
0.586098
0.585719
0.58504
0.583918
0.582256
0.580358
0.579004
0.578201
0.568179
0.569081
0.570323
0.571943
0.573627
0.575146
0.576413
0.577511
0.578544
0.579522
0.580265
0.580621
0.580607
0.580221
0.579406
0.578209
0.576842
0.575572
0.57475
0.574226
0.563296
0.563952
0.564908
0.566217
0.567653
0.569155
0.57062
0.571958
0.573185
0.574344
0.575247
0.575703
0.575693
0.575236
0.574441
0.57349
0.57249
0.571582
0.571001
0.570616
0.558499
0.559003
0.559784
0.560915
0.562203
0.563603
0.56509
0.5666
0.568071
0.569475
0.570575
0.57114
0.571187
0.570842
0.570262
0.569563
0.568817
0.56815
0.567722
0.567422
0.553733
0.554134
0.554788
0.555799
0.557014
0.558361
0.55984
0.561446
0.563131
0.564816
0.566168
0.566924
0.567161
0.567045
0.566706
0.566227
0.565687
0.565213
0.564896
0.564653
0.548917
0.549244
0.549811
0.550743
0.551913
0.553247
0.554762
0.556469
0.558351
0.560334
0.562017
0.563077
0.563601
0.56375
0.56365
0.563398
0.563055
0.562743
0.562511
0.562308
0.543964
0.544236
0.544743
0.545629
0.546783
0.548147
0.54974
0.551591
0.553707
0.556038
0.558136
0.55959
0.56046
0.560909
0.561068
0.561046
0.560902
0.560734
0.560569
0.560393
0.538786
0.539015
0.539484
0.540354
0.541533
0.542967
0.544681
0.546732
0.549152
0.551915
0.55452
0.556446
0.557719
0.558512
0.558963
0.559181
0.559238
0.559201
0.559093
0.558936
0.533288
0.533484
0.533935
0.534819
0.536063
0.537612
0.539503
0.541822
0.54463
0.547932
0.551152
0.553639
0.555385
0.556573
0.557351
0.557828
0.5581
0.558188
0.558127
0.557983
0.52737
0.527538
0.527988
0.528915
0.530264
0.53198
0.534116
0.536786
0.540085
0.544052
0.548018
0.551175
0.553477
0.555119
0.556272
0.557059
0.557547
0.557756
0.557734
0.557599
0.520908
0.521055
0.521518
0.522518
0.524017
0.525961
0.528418
0.531536
0.535449
0.540231
0.545099
0.549059
0.552022
0.554199
0.555781
0.55691
0.557643
0.557977
0.557992
0.557861
0.513763
0.513886
0.514378
0.515481
0.517183
0.519426
0.522297
0.525981
0.530655
0.536434
0.542392
0.54731
0.551053
0.55386
0.555947
0.557466
0.558476
0.55894
0.55899
0.558858
0.505744
0.505853
0.50639
0.507628
0.509592
0.512216
0.51561
0.520002
0.525617
0.532611
0.539883
0.545943
0.550608
0.554158
0.55685
0.558829
0.560146
0.560747
0.560828
0.560692
0.496621
0.496725
0.497314
0.498727
0.501033
0.504143
0.508197
0.513474
0.520252
0.528726
0.537573
0.544992
0.550746
0.555167
0.558573
0.561088
0.562753
0.5635
0.563609
0.563466
0.48608
0.486169
0.486848
0.488497
0.491238
0.494967
0.499856
0.506245
0.514466
0.524746
0.535476
0.544491
0.551524
0.556972
0.561196
0.564345
0.566402
0.567298
0.567432
0.567278
0.473739
0.473815
0.474596
0.476558
0.47986
0.484388
0.490348
0.498147
0.508164
0.520643
0.533615
0.544495
0.553007
0.559648
0.564825
0.5687
0.571183
0.572228
0.572379
0.572211
0.459037
0.459106
0.460033
0.462409
0.466447
0.472025
0.479379
0.488982
0.50125
0.516406
0.532023
0.545056
0.555255
0.563262
0.569538
0.574223
0.577156
0.57834
0.578498
0.578312
0.441194
0.441255
0.442397
0.445359
0.450407
0.457402
0.466609
0.478555
0.49365
0.512045
0.530754
0.54624
0.558342
0.567881
0.575368
0.58095
0.584335
0.585629
0.585778
0.585573
0.419041
0.419106
0.420593
0.424432
0.430932
0.439918
0.451665
0.466711
0.485376
0.50766
0.529912
0.548126
0.56232
0.573544
0.582345
0.588864
0.592655
0.59401
0.594131
0.593906
0.390783
0.390879
0.392964
0.398222
0.40697
0.418893
0.434229
0.453408
0.476546
0.503419
0.529642
0.550812
0.567237
0.580245
0.590446
0.597863
0.601957
0.603295
0.603366
0.603122
0.353355
0.353577
0.356883
0.364757
0.377293
0.393738
0.414205
0.438824
0.467434
0.499578
0.530128
0.554407
0.57314
0.587962
0.599565
0.607746
0.611958
0.613179
0.613179
0.612921
0.30088
0.301977
0.308549
0.321832
0.340989
0.364427
0.391986
0.423461
0.458482
0.496458
0.531576
0.559023
0.580049
0.596611
0.609493
0.618195
0.622258
0.623259
0.623178
0.622914
0.224862
0.232316
0.24739
0.2706
0.29964
0.332439
0.368629
0.407955
0.450061
0.49436
0.534368
0.565182
0.588671
0.607102
0.621107
0.630042
0.633797
0.63456
0.634424
0.634192
0.144045
0.160323
0.184799
0.218687
0.258134
0.300456
0.345321
0.392656
0.442208
0.49345
0.539165
0.574064
0.6005
0.621032
0.636169
0.644909
0.648039
0.648531
0.648421
0.648273
0.0748107
0.0947027
0.127031
0.170122
0.218835
0.270122
0.323437
0.378651
0.435484
0.4934
0.544479
0.583137
0.612197
0.634487
0.650165
0.658402
0.660979
0.66137
0.661322
0.661223
0.0181596
0.0402816
0.0780109
0.1277
0.183673
0.242484
0.303276
0.365736
0.429423
0.493699
0.549846
0.592009
0.62345
0.647175
0.663395
0.671501
0.673903
0.674259
0.674247
0.674176
-0.0287649
-0.00531942
0.0363229
0.0911691
0.152953
0.21797
0.285161
0.354064
0.424035
0.494261
0.555258
0.60078
0.634525
0.659782
0.676685
0.684853
0.68724
0.687594
0.687611
0.687564
-0.0685916
-0.0443564
0.000173315
0.0592175
0.125907
0.196233
0.268975
0.343582
0.419264
0.495063
0.560719
0.609547
0.645572
0.672352
0.690068
0.698628
0.701112
0.701464
0.701491
0.701458
-0.103359
-0.0785969
-0.0318054
0.0307209
0.101608
0.176565
0.254238
0.334021
0.415015
0.496078
0.566179
0.618218
0.656493
0.684818
0.703492
0.712491
0.715144
0.715518
0.715545
0.715528
-0.134567
-0.109374
-0.0607204
0.00477137
0.0792995
0.158339
0.240474
0.325024
0.410975
0.497034
0.57143
0.626576
0.667069
0.696896
0.71647
0.725974
0.72886
0.729271
0.729298
0.729286
-0.16324
-0.137649
-0.0874039
-0.019329
0.0584059
0.141077
0.227242
0.316174
0.406792
0.497693
0.576272
0.634453
0.677056
0.708351
0.728793
0.738753
0.741866
0.742354
0.742359
0.742347
-0.190188
-0.164167
-0.112493
-0.0420931
0.0384756
0.124385
0.214203
0.307208
0.402263
0.497839
0.580549
0.641704
0.686363
0.719009
0.74024
0.750628
0.753911
0.754435
0.754415
0.754393
-0.215809
-0.189372
-0.13638
-0.0639146
0.0191804
0.108003
0.201156
0.297932
0.397181
0.497291
0.584131
0.648269
0.694933
0.728854
0.75074
0.761376
0.764784
0.76532
0.765272
0.765232
-0.240546
-0.213611
-0.1594
-0.0850627
0.000300901
0.0917465
0.187938
0.288189
0.391395
0.495954
0.586941
0.654128
0.702776
0.737842
0.760224
0.771019
0.774445
0.774967
0.774885
0.774828
-0.264536
-0.237097
-0.181732
-0.105705
-0.0183109
0.0754954
0.174442
0.277903
0.38484
0.493729
0.588925
0.659279
0.709969
0.746111
0.768829
0.779609
0.782973
0.783463
0.783353
0.783278
-0.287911
-0.259934
-0.2035
-0.125938
-0.0367276
0.0591937
0.160634
0.267034
0.377457
0.490534
0.590017
0.663745
0.716607
0.753796
0.776678
0.787272
0.790496
0.790918
0.790788
0.790696
-0.310771
-0.282246
-0.224757
-0.145801
-0.0549833
0.0428317
0.146513
0.255576
0.369224
0.486322
0.590156
0.66752
0.722813
0.761081
0.783968
0.794172
0.79713
0.797455
0.797294
0.797191
-0.333175
-0.304023
-0.245514
-0.1653
-0.0730562
0.0264258
0.132104
0.243557
0.360155
0.481053
0.589269
0.670572
0.728682
0.768199
0.790925
0.80047
0.80298
0.80315
0.802965
0.802857
-0.354984
-0.325238
-0.265758
-0.184425
-0.0909219
0.0100295
0.117456
0.231039
0.350292
0.474729
0.587277
0.672824
0.734247
0.77539
0.797906
0.806426
0.808182
0.808103
0.807901
0.807802
-0.376176
-0.345861
-0.28548
-0.203141
-0.108533
-0.00630407
0.102654
0.218087
0.339698
0.467357
0.584116
0.674155
0.739448
0.782844
0.805419
0.81261
0.813068
0.812437
0.812209
0.812172
-0.396807
-0.365863
-0.304658
-0.221421
-0.125833
-0.0224974
0.087778
0.204793
0.328454
0.458981
0.579712
0.674428
0.744115
0.790553
0.813971
0.820015
0.818533
0.816551
0.816037
0.816294
-0.416726
-0.385221
-0.323239
-0.239202
-0.14277
-0.0384699
0.0729205
0.191263
0.316667
0.449684
0.574021
0.673473
0.747986
0.7982
0.823677
0.829808
0.82663
0.822144
0.819529
0.818478
-0.436027
-0.40394
-0.34123
-0.256518
-0.159377
-0.0542614
0.0580303
0.177438
0.304266
0.439402
0.566887
0.671032
0.750815
0.805297
0.834007
0.842372
0.839586
0.832386
0.822925
0.823426
-0.454628
-0.422087
-0.358768
-0.273565
-0.175948
-0.0701988
0.0426968
0.16284
0.290714
0.427517
0.557666
0.666357
0.752183
0.811279
0.843492
0.855748
0.854072
0.842724
0.824136
0.82244
-0.472394
-0.439625
-0.375686
-0.290156
-0.192218
-0.0859825
0.0271235
0.147787
0.276295
0.414256
0.54638
0.658735
0.751212
0.814936
0.84806
0.860817
0.860928
0.835272
0.777589
0.752721
-0.489207
-0.457432
-0.391587
-0.305852
-0.207414
-0.101134
0.0115904
0.132552
0.261289
0.399787
0.533087
0.647547
0.746794
0.815277
0.842829
0.85041
0.836293
0.784392
0.722341
0.684573
-0.532022
-0.474788
-0.406197
-0.32155
-0.22228
-0.116611
-0.00376121
0.117013
0.24549
0.383753
0.517373
0.63213
0.734988
0.808925
0.825319
0.811258
0.762676
0.696913
0.627742
0.589748
-0.507119
-0.488947
-0.428455
-0.343105
-0.24528
-0.139861
-0.0277195
0.0923764
0.219913
0.356757
0.48901
0.601869
0.696473
0.777715
0.760304
0.650452
0.558985
0.495464
0.431047
0.457601
-0.537907
-0.506453
-0.445128
-0.360268
-0.262811
-0.157554
-0.0452565
0.0741597
0.20065
0.335703
0.465368
0.574726
0.658498
0.704077
0.651454
0.510849
0.40099
0.326949
0.244464
0.289451
-0.561787
-0.527908
-0.464839
-0.379917
-0.282522
-0.177291
-0.0651325
0.0534661
0.178567
0.31119
0.437009
0.540351
0.612475
0.619977
0.512409
0.356324
0.22655
0.133567
0.0377807
0.0687719
-0.585033
-0.550085
-0.485628
-0.400041
-0.302575
-0.197477
-0.0858542
0.0317526
0.155219
0.284985
0.405898
0.500984
0.556034
0.530607
0.37152
0.193775
0.0333475
-0.10092
-0.225526
-0.213085
-0.608009
-0.572656
-0.507275
-0.421086
-0.323488
-0.21862
-0.107679
0.00877704
0.130306
0.256775
0.371906
0.458726
0.49288
0.421961
0.232922
0.0352411
-0.152207
-0.306443
-0.512096
-0.59114
-0.631399
-0.596081
-0.530148
-0.443527
-0.345772
-0.241096
-0.130777
-0.015518
0.103929
0.226809
0.335668
0.413064
0.421473
0.299047
0.106531
-0.103091
-0.295528
-0.457618
-0.581721
-0.699958
-0.656278
-0.620847
-0.554602
-0.467745
-0.369967
-0.265585
-0.155995
-0.0421236
0.0748768
0.193577
0.295724
0.360261
0.341187
0.182386
-0.0117225
-0.215328
-0.391027
-0.488615
-0.514956
-0.528447
-0.68277
-0.647241
-0.580768
-0.493834
-0.396219
-0.292313
-0.183708
-0.0715553
0.0425259
0.156277
0.25125
0.298149
0.259701
0.0702712
-0.121962
-0.305353
-0.437986
-0.476046
-0.485059
-0.485414
-0.711152
-0.675388
-0.608683
-0.521777
-0.424476
-0.321287
-0.213943
-0.103873
0.00680174
0.114868
0.201631
0.23215
0.162204
-0.0321563
-0.218331
-0.377822
-0.452265
-0.466403
-0.467518
-0.46741
-0.741433
-0.705317
-0.638361
-0.551572
-0.454755
-0.352499
-0.24671
-0.1391
-0.0322928
0.0694491
0.146712
0.162619
0.054178
-0.124958
-0.301165
-0.428113
-0.45704
-0.457537
-0.45797
-0.457522
-0.773349
-0.736851
-0.669697
-0.583131
-0.486965
-0.385894
-0.281985
-0.177215
-0.0747146
0.0201518
0.0877385
0.0846399
-0.0417686
-0.210426
-0.366227
-0.43919
-0.45426
-0.452409
-0.45216
-0.45173
-0.806332
-0.769637
-0.702418
-0.616215
-0.520909
-0.421307
-0.319613
-0.218098
-0.120249
-0.0326266
0.025094
0.00577497
-0.130597
-0.285474
-0.40818
-0.44647
-0.446868
-0.448138
-0.448311
-0.448073
-0.839928
-0.803129
-0.736022
-0.65039
-0.55622
-0.4584
-0.3593
-0.261464
-0.168607
-0.0880184
-0.0426185
-0.0689231
-0.211911
-0.345248
-0.431686
-0.441384
-0.444581
-0.445834
-0.445929
-0.44589
-0.873168
-0.836422
-0.769749
-0.684995
-0.592321
-0.49667
-0.400563
-0.30681
-0.21938
-0.145193
-0.110647
-0.14426
-0.282739
-0.393703
-0.440328
-0.451279
-0.446853
-0.444869
-0.444225
-0.444145
-0.904139
-0.868197
-0.802537
-0.719106
-0.628399
-0.535381
-0.442705
-0.353381
-0.27179
-0.203757
-0.174078
-0.222905
-0.34214
-0.440003
-0.461673
-0.457326
-0.449815
-0.444166
-0.442454
-0.441955
-0.93178
-0.896901
-0.832939
-0.75148
-0.66335
-0.573549
-0.48481
-0.400242
-0.324548
-0.263192
-0.236227
-0.291546
-0.386807
-0.468283
-0.493019
-0.473505
-0.457194
-0.449751
-0.446997
-0.445729
-0.953301
-0.920379
-0.859147
-0.78054
-0.695803
-0.609936
-0.525708
-0.446312
-0.376281
-0.321678
-0.29818
-0.345168
-0.412514
-0.462027
-0.469482
-0.47666
-0.480495
-0.477485
-0.473403
-0.471429
-0.966538
-0.936418
-0.879016
-0.804475
-0.72416
-0.643102
-0.564002
-0.490279
-0.425851
-0.376387
-0.354274
-0.391218
-0.426249
-0.448417
-0.456705
-0.478969
-0.491316
-0.492181
-0.490415
-0.49037
-0.968719
-0.942546
-0.890356
-0.821363
-0.746714
-0.671485
-0.598232
-0.530407
-0.472165
-0.426373
-0.400852
-0.435787
-0.456029
-0.454188
-0.466722
-0.477988
-0.481035
-0.48199
-0.483137
-0.483737
-0.957568
-0.936246
-0.89099
-0.829376
-0.761933
-0.693594
-0.62702
-0.56495
-0.513311
-0.472532
-0.437095
-0.474579
-0.517246
-0.541523
-0.528936
-0.503734
-0.489805
-0.484847
-0.48282
-0.481905
-0.930339
-0.914641
-0.878914
-0.827201
-0.768694
-0.708429
-0.649058
-0.593043
-0.546368
-0.513173
-0.472978
-0.495717
-0.533457
-0.627019
-0.588417
-0.518818
-0.481043
-0.470262
-0.467127
-0.465906
-0.890457
-0.880399
-0.855117
-0.815067
-0.766885
-0.715789
-0.663666
-0.614071
-0.570382
-0.543088
-0.514357
-0.471771
-0.415876
-0.425369
-0.42134
-0.416781
-0.42625
-0.428822
-0.429126
-0.428477
-0.845042
-0.839319
-0.824625
-0.79601
-0.758722
-0.716278
-0.671613
-0.626813
-0.58657
-0.556497
-0.525461
-0.45348
-0.294276
-0.146687
-0.140847
-0.264763
-0.381175
-0.428752
-0.440782
-0.443215
-0.804392
-0.800928
-0.793928
-0.775604
-0.747312
-0.712209
-0.673544
-0.632659
-0.592862
-0.55833
-0.533634
-0.49646
-0.467451
-0.409244
-0.501389
-0.703992
-0.765424
-0.716239
-0.682858
-0.6899
-0.775013
-0.772923
-0.769312
-0.758394
-0.736655
-0.706892
-0.67172
-0.633094
-0.591597
-0.557316
-0.527189
-0.583046
-0.856307
-1.36048
-1.71189
-1.77538
-1.67063
-1.50467
-1.35949
-1.28694
-0.753564
-0.752833
-0.751629
-0.746112
-0.729727
-0.70303
-0.669132
-0.628689
-0.585643
-0.540423
-0.511594
-0.543761
-0.751321
-0.984741
-1.22403
-1.25525
-1.09257
-0.911198
-0.783728
-0.723629
-0.740931
-0.740723
-0.740164
-0.737463
-0.725806
-0.70088
-0.665586
-0.623696
-0.573668
-0.513611
-0.466114
-0.394638
-0.322246
-0.193873
-0.0732604
0.0974581
0.2824
0.395443
0.45676
0.480352
-0.731818
-0.731646
-0.731137
-0.730056
-0.722741
-0.700133
-0.663564
-0.617045
-0.558557
-0.491463
-0.407729
-0.304143
-0.113727
0.255489
0.65303
1.0228
1.27263
1.36164
1.39165
1.39625
-0.7264
-0.726143
-0.725472
-0.724787
-0.720833
-0.702397
-0.664056
-0.610025
-0.548344
-0.465873
-0.363931
-0.250198
-0.0018447
0.410989
0.83437
1.22441
1.49228
1.6096
1.65212
1.66056
-0.724142
-0.724333
-0.724815
-0.72525
-0.724519
-0.708807
-0.666319
-0.607943
-0.539944
-0.448419
-0.344878
-0.221843
-0.00712724
0.372646
0.759812
1.10609
1.34801
1.45246
1.47908
1.4799
-0.719818
-0.721343
-0.725156
-0.731054
-0.733887
-0.715017
-0.668892
-0.611877
-0.538783
-0.446416
-0.340537
-0.234289
-0.0501575
0.242682
0.516366
0.760621
0.92349
0.992658
1.01496
1.01999
-0.718182
-0.719879
-0.721407
-0.720103
-0.718699
-0.702524
-0.668265
-0.623194
-0.551399
-0.452623
-0.35002
-0.260829
-0.115379
0.0938528
0.285213
0.427581
0.506809
0.553014
0.585693
0.599455
-0.74423
-0.744146
-0.73408
-0.701557
-0.664905
-0.665048
-0.672106
-0.644904
-0.568294
-0.462761
-0.366421
-0.29255
-0.175842
-0.00284176
0.148691
0.254855
0.326471
0.377575
0.409399
0.420946
-0.794494
-0.791659
-0.7803
-0.74911
-0.717378
-0.714058
-0.73107
-0.684708
-0.586526
-0.475532
-0.387313
-0.317113
-0.236439
-0.0782902
0.0586517
0.174832
0.259394
0.314555
0.339901
0.346807
-0.890801
-0.895617
-0.923561
-0.959809
-0.966111
-0.939398
-0.882206
-0.754707
-0.607418
-0.49216
-0.396997
-0.330591
-0.263497
-0.139002
-0.0100019
0.0965784
0.178459
0.231404
0.252402
0.256379
-1.03442
-1.05504
-1.10642
-1.15349
-1.16581
-1.12827
-1.01239
-0.810681
-0.63082
-0.503493
-0.398217
-0.336573
-0.28449
-0.181392
-0.0611222
0.0230651
0.0913745
0.131465
0.14631
0.148069
-1.09338
-1.11501
-1.15179
-1.18405
-1.19259
-1.15441
-1.01334
-0.791608
-0.627642
-0.492207
-0.393897
-0.324962
-0.285323
-0.212236
-0.116053
-0.0481894
0.00841943
0.0391303
0.0514413
0.0514061
-0.980112
-0.998795
-1.03136
-1.06351
-1.07498
-1.03113
-0.879049
-0.707936
-0.568664
-0.452906
-0.372132
-0.313537
-0.276454
-0.225149
-0.156718
-0.10328
-0.0618824
-0.0391693
-0.032551
-0.0329814
-0.694113
-0.712844
-0.747732
-0.787709
-0.809856
-0.774289
-0.675338
-0.568132
-0.466758
-0.3919
-0.340345
-0.294613
-0.268164
-0.232192
-0.18904
-0.152805
-0.122939
-0.107362
-0.102742
-0.10463
-0.335293
-0.347718
-0.373626
-0.40947
-0.437248
-0.442463
-0.425965
-0.394747
-0.357208
-0.327264
-0.294841
-0.270219
-0.256475
-0.244089
-0.220524
-0.199001
-0.186031
-0.181641
-0.180856
-0.182432
-0.0564052
-0.062674
-0.0793548
-0.109831
-0.152425
-0.19359
-0.226104
-0.251235
-0.262998
-0.260424
-0.256056
-0.249123
-0.250254
-0.247023
-0.245683
-0.247188
-0.249433
-0.255181
-0.256928
-0.257348
0.0815087
0.0779513
0.0659484
0.0395803
-0.00338788
-0.0590145
-0.113598
-0.157313
-0.188505
-0.210163
-0.223641
-0.225203
-0.234992
-0.243357
-0.256098
-0.271527
-0.28943
-0.299467
-0.302128
-0.301977
0.117979
0.115602
0.106769
0.0860185
0.0504539
0.00371254
-0.047793
-0.0980348
-0.140431
-0.17327
-0.197691
-0.210502
-0.222983
-0.240562
-0.261265
-0.281013
-0.299192
-0.308032
-0.309919
-0.30991
0.108386
0.106796
0.100594
0.085716
0.059375
0.022684
-0.0203294
-0.0645729
-0.107221
-0.14557
-0.183959
-0.21269
-0.231202
-0.241413
-0.255948
-0.273115
-0.288439
-0.294144
-0.294267
-0.294035
0.084971
0.0839732
0.0798098
0.069611
0.0511952
0.0244645
-0.00922073
-0.0465621
-0.0857652
-0.127237
-0.174337
-0.223434
-0.249534
-0.240703
-0.242963
-0.250553
-0.257078
-0.258914
-0.258007
-0.257669
0.0609277
0.0604235
0.0577622
0.0510514
0.0385073
0.0195434
-0.00554709
-0.0349275
-0.0686601
-0.107105
-0.154983
-0.211066
-0.236609
-0.218919
-0.205852
-0.207035
-0.206172
-0.204939
-0.204638
-0.204785
0.0411023
0.0407594
0.0391181
0.0348206
0.0265138
0.0135044
-0.00445783
-0.0262146
-0.0519646
-0.0817898
-0.119129
-0.156257
-0.167303
-0.155378
-0.149425
-0.151733
-0.153017
-0.153663
-0.154241
-0.154714
0.0259524
0.0257882
0.0248556
0.0222715
0.017033
0.00851358
-0.00364751
-0.0188854
-0.0368558
-0.0562741
-0.0740343
-0.0843264
-0.0827109
-0.0862397
-0.0951801
-0.103634
-0.109526
-0.112545
-0.114065
-0.114325
0.0148255
0.0147789
0.0143284
0.0129483
0.00997529
0.00490309
-0.00252355
-0.0119208
-0.0226859
-0.0320455
-0.0338875
-0.0231876
-0.00966363
-0.0271381
-0.0481064
-0.0621397
-0.0707197
-0.075155
-0.0767186
-0.0767914
0.00692005
0.00696889
0.00681252
0.00627499
0.0048478
0.00235373
-0.00139482
-0.00601855
-0.01138
-0.0141299
-0.0078537
0.00834718
0.0239224
0.00538631
-0.0143312
-0.0283668
-0.0350417
-0.038315
-0.0391687
-0.0392932
0.000896577
0.000951168
0.000915639
0.00100352
0.00118368
0.000992916
0.000410287
-0.000530566
-0.00155339
-0.00242553
-0.00153687
0.00373549
0.00853408
0.00400743
-0.00211187
-0.00285124
-0.00316254
-0.00381418
-0.0055598
-0.00590261
-0.0811231
0.108183
0.282343
0.429971
0.548484
0.642292
0.720424
0.783899
0.800118
0.79647
0.210129
0.332182
0.44667
0.546027
0.629574
0.698541
0.752891
0.789633
0.809295
0.825857
0.40848
0.490134
0.570515
0.640859
0.700798
0.750533
0.789724
0.819591
0.842064
0.86128
0.556018
0.613303
0.670586
0.722344
0.76716
0.805323
0.837356
0.86425
0.884501
0.903379
0.671554
0.7149
0.757754
0.797918
0.833879
0.865665
0.893456
0.916998
0.934932
0.952962
0.768245
0.803815
0.839334
0.873151
0.904271
0.932444
0.957309
0.97816
0.993933
1.01141
0.856733
0.888684
0.921005
0.952259
0.981288
1.00766
1.03079
1.04972
1.06364
1.08066
0.943726
0.976304
1.00874
1.03996
1.06875
1.09455
1.11669
1.13421
1.1466
1.16313
1.03813
1.07456
1.10934
1.14181
1.17099
1.19635
1.21747
1.23376
1.24538
1.26152
1.15123
1.19187
1.22889
1.26183
1.29032
1.31431
1.33393
1.34921
1.36111
1.37718
1.29269
1.33373
1.36898
1.39855
1.42375
1.44537
1.46387
1.47936
1.49247
1.50842
1.4642
1.49651
1.52342
1.54575
1.56584
1.58457
1.60231
1.61908
1.63399
1.64972
1.65049
1.66775
1.68487
1.70156
1.71765
1.73239
1.74629
1.76078
1.77602
1.79331
1.83388
1.84385
1.85704
1.86803
1.87744
1.8871
1.8977
1.90788
1.91718
1.94284
2.05177
2.04607
2.03312
2.01886
2.01257
2.01828
2.03642
2.06495
2.09871
2.13504
2.35459
2.21863
2.13913
2.09661
2.07928
2.08326
2.11069
2.16856
2.27623
2.45463
0.67815
0.671848
0.664117
0.653002
0.63943
0.626779
0.61638
0.608367
0.602648
0.599317
0.598969
0.601808
0.607046
0.614408
0.623961
0.635793
0.649357
0.662288
0.671278
0.67882
0.587219
0.593138
0.60121
0.607342
0.610409
0.609896
0.606809
0.602812
0.599222
0.596938
0.59681
0.59907
0.602831
0.607283
0.611389
0.613638
0.612567
0.607932
0.600879
0.593047
0.580468
0.582841
0.586108
0.58888
0.591329
0.593517
0.594695
0.594547
0.59361
0.592805
0.593028
0.594452
0.596242
0.597478
0.597409
0.595946
0.593792
0.591433
0.588452
0.585435
0.575678
0.576767
0.578683
0.581021
0.582892
0.584289
0.585506
0.586498
0.587098
0.587481
0.588045
0.588801
0.589279
0.58917
0.588549
0.587632
0.586305
0.584339
0.582234
0.580757
0.570654
0.571288
0.572417
0.574174
0.576017
0.57761
0.57886
0.579923
0.580906
0.58181
0.582609
0.583146
0.583298
0.583103
0.582575
0.581608
0.580186
0.57858
0.577245
0.576444
0.565729
0.566168
0.566956
0.56826
0.569781
0.571344
0.572822
0.574117
0.575273
0.576368
0.577337
0.577959
0.578156
0.577936
0.577283
0.576292
0.575146
0.574007
0.573106
0.572573
0.560892
0.56122
0.561832
0.562902
0.564197
0.565597
0.567075
0.568549
0.569943
0.571254
0.57242
0.573191
0.57344
0.573214
0.572631
0.571859
0.571021
0.570173
0.569515
0.569124
0.55612
0.556374
0.556868
0.557779
0.558952
0.560261
0.561683
0.563211
0.564793
0.566365
0.567785
0.568734
0.569104
0.569028
0.568664
0.568132
0.56751
0.56689
0.566413
0.566114
0.55134
0.551542
0.551953
0.552755
0.553851
0.555113
0.556522
0.558096
0.559821
0.561642
0.563362
0.564581
0.565194
0.565368
0.565249
0.564947
0.564535
0.564109
0.563772
0.563537
0.546467
0.54663
0.546982
0.547712
0.548762
0.550007
0.551448
0.553109
0.554996
0.55708
0.559155
0.560745
0.561694
0.562168
0.562311
0.562244
0.562048
0.561799
0.561578
0.561391
0.541413
0.541545
0.541856
0.542542
0.543576
0.544849
0.54636
0.548153
0.550255
0.552663
0.555172
0.557222
0.558573
0.559394
0.559834
0.560022
0.560041
0.559965
0.559843
0.559692
0.536087
0.536194
0.536478
0.537145
0.5382
0.539543
0.54117
0.543149
0.545537
0.548356
0.5514
0.554001
0.555827
0.557048
0.557825
0.55829
0.558538
0.558633
0.558598
0.558474
0.530393
0.530478
0.530746
0.53142
0.53253
0.533985
0.535783
0.538017
0.540773
0.544107
0.547806
0.551071
0.553459
0.555146
0.556304
0.557093
0.557595
0.557854
0.557897
0.557794
0.524219
0.524285
0.524547
0.52525
0.526452
0.528067
0.530101
0.53267
0.535896
0.539868
0.544366
0.54843
0.551488
0.553721
0.55532
0.556472
0.557254
0.55769
0.557807
0.557721
0.517434
0.517481
0.517746
0.5185
0.519834
0.521664
0.524008
0.527008
0.530823
0.535586
0.541056
0.546079
0.549932
0.552811
0.554927
0.55649
0.557593
0.558223
0.558413
0.558339
0.509885
0.50991
0.510179
0.511008
0.512518
0.51463
0.517372
0.520916
0.525465
0.531197
0.537846
0.544021
0.548819
0.55246
0.555189
0.55724
0.558708
0.559547
0.55981
0.559745
0.50134
0.501358
0.501639
0.50257
0.504311
0.506782
0.510027
0.514255
0.519718
0.526641
0.534716
0.542269
0.548184
0.552721
0.556175
0.558813
0.560697
0.561763
0.5621
0.562041
0.491526
0.491519
0.491848
0.492924
0.494964
0.497895
0.501778
0.506866
0.513466
0.52185
0.531649
0.540838
0.548077
0.553671
0.557974
0.561294
0.563659
0.564976
0.565385
0.565329
0.480132
0.480102
0.480483
0.48175
0.484161
0.487681
0.49238
0.498559
0.506585
0.516771
0.528649
0.539772
0.54855
0.555378
0.560676
0.564781
0.567698
0.569281
0.569759
0.5697
0.466659
0.466608
0.467067
0.468585
0.471482
0.475772
0.481528
0.489105
0.498929
0.511338
0.525714
0.539103
0.54966
0.557905
0.564362
0.569369
0.572895
0.574753
0.57529
0.575223
0.450452
0.450378
0.450962
0.452832
0.456379
0.461693
0.468849
0.478251
0.490363
0.505516
0.522874
0.538892
0.551475
0.561326
0.569091
0.575113
0.579299
0.581423
0.582001
0.581918
0.43055
0.430459
0.431246
0.433629
0.438091
0.444828
0.453891
0.46572
0.480777
0.499316
0.520192
0.539208
0.554059
0.565697
0.574895
0.582037
0.586903
0.589255
0.589846
0.589739
0.405513
0.405421
0.406546
0.409721
0.415563
0.42438
0.436153
0.451292
0.470166
0.49285
0.517811
0.540166
0.557482
0.571058
0.5818
0.59012
0.595619
0.598123
0.598686
0.598549
0.37299
0.372946
0.374678
0.379221
0.387369
0.399433
0.415195
0.434893
0.458664
0.486332
0.515922
0.541892
0.561818
0.577415
0.589768
0.599254
0.605254
0.607783
0.608268
0.608096
0.328789
0.328948
0.332002
0.339386
0.351847
0.369247
0.390926
0.416781
0.446637
0.48009
0.514767
0.544548
0.567148
0.584767
0.598706
0.609238
0.615486
0.617858
0.618214
0.618009
0.265075
0.266414
0.273825
0.287749
0.308109
0.333985
0.364003
0.397674
0.434691
0.474573
0.514634
0.548277
0.573501
0.59306
0.608371
0.619651
0.625815
0.627806
0.627999
0.627783
0.189042
0.191673
0.206066
0.230032
0.26119
0.297127
0.336191
0.378137
0.422777
0.469695
0.515932
0.55426
0.582797
0.604781
0.621676
0.633467
0.639347
0.641056
0.6412
0.641077
0.111246
0.118213
0.139815
0.173834
0.215485
0.261243
0.309356
0.359642
0.411987
0.466012
0.518495
0.561567
0.593379
0.617745
0.636235
0.648176
0.653334
0.654546
0.65463
0.654577
0.0478185
0.0566572
0.082901
0.124038
0.17396
0.228061
0.284339
0.342453
0.402155
0.462987
0.521412
0.568904
0.603732
0.630122
0.649579
0.661486
0.666251
0.667346
0.667476
0.667479
-0.00411427
0.00544178
0.0352185
0.0816543
0.137802
0.198581
0.261741
0.326761
0.3932
0.460426
0.524486
0.57617
0.61381
0.642106
0.662606
0.674783
0.679394
0.680415
0.680597
0.680639
-0.0475531
-0.0376899
-0.00550248
0.045073
0.106328
0.172664
0.241661
0.312702
0.385179
0.458283
0.527677
0.583435
0.623828
0.654052
0.675707
0.688214
0.692867
0.694048
0.69426
0.694335
-0.0849711
-0.0749754
-0.040983
0.0129093
0.0784435
0.149556
0.223643
0.300007
0.377957
0.456539
0.531006
0.590698
0.633806
0.66591
0.688748
0.701915
0.706902
0.708144
0.70835
0.70843
-0.118048
-0.108007
-0.0725954
-0.0159564
0.0532189
0.128473
0.207081
0.288281
0.371306
0.455033
0.534323
0.597798
0.643577
0.677559
0.70167
0.715504
0.720839
0.722174
0.722373
0.722438
-0.148047
-0.137972
-0.101408
-0.0424089
0.0299236
0.108822
0.191479
0.277099
0.364814
0.453422
0.537374
0.604542
0.65288
0.688683
0.713962
0.728519
0.734223
0.735657
0.735842
0.73589
-0.175924
-0.165797
-0.128212
-0.0671149
0.00801396
0.0901359
0.176418
0.266069
0.358184
0.451468
0.539988
0.610757
0.6616
0.699126
0.725532
0.740711
0.746803
0.748312
0.748464
0.748483
-0.202246
-0.192057
-0.153524
-0.0905395
-0.0129428
0.0720498
0.161607
0.254967
0.351212
0.448969
0.541959
0.616323
0.669623
0.708808
0.73625
0.75193
0.75826
0.75983
0.759957
0.759943
-0.227478
-0.217163
-0.17774
-0.113044
-0.0332444
0.0543253
0.146854
0.243616
0.343706
0.445757
0.543174
0.621184
0.676941
0.717701
0.746017
0.76207
0.768518
0.770109
0.770213
0.770168
-0.25192
-0.241402
-0.201133
-0.134861
-0.0530812
0.0367959
0.132012
0.231886
0.335559
0.441739
0.543562
0.625285
0.68357
0.725859
0.754907
0.771184
0.777626
0.779171
0.779253
0.779183
-0.275679
-0.26493
-0.223846
-0.156137
-0.0725797
0.0193686
0.117005
0.219719
0.326723
0.436825
0.543026
0.628614
0.68956
0.733407
0.763069
0.779373
0.78569
0.787157
0.787195
0.787103
-0.29889
-0.287872
-0.246004
-0.17694
-0.091797
0.00199726
0.101809
0.207098
0.317162
0.430972
0.5415
0.631135
0.694979
0.740483
0.770653
0.786799
0.792857
0.794179
0.794169
0.794057
-0.32154
-0.310283
-0.267627
-0.197302
-0.110745
-0.0153126
0.0864414
0.194037
0.306884
0.424156
0.538926
0.632789
0.699872
0.747262
0.777889
0.793638
0.799248
0.800352
0.800273
0.800141
-0.343716
-0.33215
-0.288695
-0.217216
-0.129412
-0.0325372
0.0709303
0.180582
0.295931
0.416383
0.535249
0.633502
0.704233
0.753907
0.785054
0.80014
0.804988
0.80573
0.805574
0.805439
-0.365218
-0.353442
-0.309199
-0.236675
-0.147758
-0.0496131
0.0553371
0.166796
0.284362
0.407694
0.530431
0.63318
0.707989
0.760512
0.792508
0.806756
0.810396
0.810472
0.810179
0.810067
-0.386199
-0.37411
-0.329116
-0.25566
-0.16576
-0.0665063
0.0397484
0.152754
0.272255
0.398155
0.524455
0.631714
0.711002
0.767041
0.80057
0.814192
0.816169
0.81492
0.814211
0.814186
-0.40648
-0.394118
-0.34843
-0.274123
-0.183344
-0.083136
0.0242435
0.138569
0.259709
0.387824
0.517334
0.628991
0.713083
0.773271
0.80929
0.823232
0.823712
0.820297
0.818176
0.817971
-0.426167
-0.413495
-0.367088
-0.29201
-0.200473
-0.0994365
0.00890694
0.12432
0.246828
0.37683
0.509118
0.62488
0.71401
0.778814
0.818196
0.834064
0.834681
0.829443
0.823543
0.815068
-0.445145
-0.432233
-0.38518
-0.309487
-0.217372
-0.115686
-0.00659225
0.109611
0.233175
0.364686
0.499316
0.618839
0.713426
0.783461
0.826737
0.846163
0.849413
0.843428
0.832335
0.831227
-0.463373
-0.45041
-0.402701
-0.326499
-0.234024
-0.131847
-0.0222256
0.0944205
0.218712
0.351261
0.487736
0.610354
0.710552
0.786421
0.83301
0.855499
0.860922
0.857139
0.823026
0.78461
-0.480625
-0.467888
-0.419585
-0.34293
-0.250424
-0.147927
-0.0379932
0.0788793
0.203505
0.336584
0.47429
0.599043
0.704199
0.786765
0.835035
0.85353
0.858659
0.837586
0.785035
0.730244
-0.499602
-0.483472
-0.435507
-0.358314
-0.266291
-0.163685
-0.0542472
0.0630317
0.187641
0.320761
0.458904
0.584639
0.692473
0.784533
0.831182
0.850279
0.824701
0.776824
0.711213
0.651502
-0.489239
-0.465446
-0.413316
-0.331899
-0.23305
-0.127424
-0.0124908
0.108103
0.236324
0.374244
0.507728
0.622303
0.723875
0.813832
0.835794
0.767902
0.718235
0.655712
0.589157
0.546782
-0.5032
-0.495537
-0.455187
-0.382814
-0.290763
-0.189087
-0.0793548
0.0376121
0.161699
0.293963
0.43104
0.556116
0.660982
0.754034
0.814571
0.79362
0.68576
0.608098
0.549775
0.476289
-0.524529
-0.513962
-0.470201
-0.396445
-0.303869
-0.202685
-0.0940034
0.0219819
0.145163
0.276132
0.411638
0.53538
0.636549
0.7167
0.739398
0.653341
0.5268
0.444351
0.379869
0.304749
-0.547734
-0.535996
-0.489129
-0.414517
-0.322005
-0.220612
-0.111871
0.00387501
0.126193
0.255739
0.388482
0.508064
0.60019
0.660984
0.637241
0.506237
0.370671
0.273739
0.196013
0.0878678
-0.570717
-0.558932
-0.51032
-0.434552
-0.342023
-0.24055
-0.131946
-0.016771
0.104435
0.232089
0.361345
0.475247
0.557799
0.593094
0.52864
0.357082
0.198286
0.073121
-0.0297545
-0.169266
-0.59359
-0.581843
-0.53213
-0.455298
-0.362448
-0.261004
-0.152817
-0.0385155
0.08129
0.206612
0.331798
0.439029
0.512495
0.510726
0.394279
0.20779
0.0210318
-0.144096
-0.284506
-0.53148
-0.61678
-0.605173
-0.554792
-0.477244
-0.384087
-0.28264
-0.174895
-0.0615122
0.0567308
0.179403
0.300041
0.39923
0.459535
0.425542
0.262939
0.0662444
-0.136133
-0.313783
-0.482361
-0.743096
-0.640877
-0.629394
-0.578675
-0.500663
-0.407288
-0.305847
-0.198518
-0.0860517
0.0305309
0.150288
0.266048
0.356553
0.399354
0.34129
0.142372
-0.0598109
-0.259465
-0.429258
-0.515289
-0.564408
-0.666564
-0.655142
-0.604146
-0.525867
-0.432473
-0.33122
-0.224479
-0.113187
0.00136222
0.117611
0.227783
0.308657
0.330659
0.228638
0.0293367
-0.170111
-0.346956
-0.45919
-0.494915
-0.500943
-0.694024
-0.682602
-0.631314
-0.552864
-0.459586
-0.358719
-0.252806
-0.142985
-0.0308864
0.0812457
0.184933
0.255724
0.247379
0.115897
-0.0764801
-0.262134
-0.410372
-0.462866
-0.472433
-0.474929
-0.7234
-0.711887
-0.660238
-0.581662
-0.488624
-0.388349
-0.283511
-0.175495
-0.0662627
0.0412193
0.13745
0.197446
0.164445
0.00932146
-0.170585
-0.343323
-0.439289
-0.461737
-0.461998
-0.46218
-0.754562
-0.742928
-0.690875
-0.61223
-0.519552
-0.420067
-0.316586
-0.210715
-0.104755
-0.0024561
0.0857659
0.132312
0.0892661
-0.0876397
-0.253246
-0.400085
-0.451839
-0.454135
-0.454778
-0.454673
-0.787135
-0.775411
-0.723002
-0.6444
-0.552235
-0.453765
-0.351938
-0.248574
-0.146301
-0.0495808
0.0301067
0.0643849
0.00495963
-0.171973
-0.325347
-0.427144
-0.450041
-0.450175
-0.450183
-0.449926
-0.820653
-0.808872
-0.756221
-0.677813
-0.586361
-0.489179
-0.389327
-0.288862
-0.190694
-0.0997148
-0.0291617
-0.00637428
-0.0885283
-0.246911
-0.380542
-0.429954
-0.443471
-0.445852
-0.446936
-0.447047
-0.854339
-0.842599
-0.789877
-0.711885
-0.621432
-0.525869
-0.428369
-0.331198
-0.237582
-0.152424
-0.0903974
-0.0837935
-0.173395
-0.310889
-0.41325
-0.448905
-0.445819
-0.445602
-0.445353
-0.445304
-0.887099
-0.875493
-0.823002
-0.745763
-0.656709
-0.563184
-0.468458
-0.374982
-0.28631
-0.207312
-0.151242
-0.158111
-0.249584
-0.368565
-0.441283
-0.453333
-0.450375
-0.445816
-0.443718
-0.443229
-0.916954
-0.905798
-0.854222
-0.778293
-0.691181
-0.600227
-0.508777
-0.419409
-0.33592
-0.263464
-0.212041
-0.224841
-0.315426
-0.414676
-0.474717
-0.472458
-0.45892
-0.448016
-0.443565
-0.442441
-0.942383
-0.931942
-0.881876
-0.80795
-0.723528
-0.635826
-0.548251
-0.463475
-0.38528
-0.319327
-0.274026
-0.284157
-0.364875
-0.437594
-0.479685
-0.482576
-0.469914
-0.463747
-0.45941
-0.456932
-0.960718
-0.951221
-0.903751
-0.832878
-0.752158
-0.668571
-0.585571
-0.505915
-0.433291
-0.373141
-0.333068
-0.33879
-0.398272
-0.438027
-0.453974
-0.468018
-0.487135
-0.492651
-0.489279
-0.486413
-0.969686
-0.96112
-0.917404
-0.851049
-0.775288
-0.696867
-0.619288
-0.545193
-0.478686
-0.423605
-0.385548
-0.389814
-0.430695
-0.440268
-0.452589
-0.468451
-0.482356
-0.485745
-0.486039
-0.486456
-0.965431
-0.958166
-0.920854
-0.860434
-0.791092
-0.719127
-0.647899
-0.579802
-0.519497
-0.470188
-0.432347
-0.432462
-0.472581
-0.486001
-0.486214
-0.488173
-0.484599
-0.4823
-0.482313
-0.482323
-0.945826
-0.940843
-0.911678
-0.85942
-0.798139
-0.734056
-0.670008
-0.60857
-0.553525
-0.51124
-0.477962
-0.473824
-0.506636
-0.568847
-0.590853
-0.542127
-0.503333
-0.487238
-0.481461
-0.479081
-0.911526
-0.908015
-0.888272
-0.847142
-0.795824
-0.740952
-0.684883
-0.630346
-0.580148
-0.542804
-0.520467
-0.494857
-0.480308
-0.524175
-0.559391
-0.51309
-0.467278
-0.449001
-0.44689
-0.446472
-0.867661
-0.865463
-0.854364
-0.825853
-0.785455
-0.740256
-0.692723
-0.644364
-0.599538
-0.56307
-0.541599
-0.500214
-0.394607
-0.273137
-0.240361
-0.285514
-0.367358
-0.414952
-0.42458
-0.42529
-0.823267
-0.821977
-0.8167
-0.800245
-0.770836
-0.734185
-0.694096
-0.651848
-0.609904
-0.57331
-0.546182
-0.502866
-0.414491
-0.263306
-0.15199
-0.256902
-0.393923
-0.467198
-0.483791
-0.493744
-0.78789
-0.787173
-0.784508
-0.775348
-0.755266
-0.726201
-0.691525
-0.653332
-0.612839
-0.575118
-0.541499
-0.535753
-0.580013
-0.756656
-1.00843
-1.22526
-1.31939
-1.27949
-1.14965
-1.06141
-0.763276
-0.762542
-0.761092
-0.757296
-0.743592
-0.719582
-0.687957
-0.65098
-0.610851
-0.567442
-0.53728
-0.52989
-0.706062
-1.0934
-1.53327
-1.70878
-1.60511
-1.41204
-1.23064
-1.12702
-0.746689
-0.74645
-0.745936
-0.744088
-0.736169
-0.715899
-0.685165
-0.647846
-0.603041
-0.554428
-0.509354
-0.461818
-0.486197
-0.539937
-0.577395
-0.625925
-0.516391
-0.359909
-0.237763
-0.161699
-0.735953
-0.735931
-0.73562
-0.73495
-0.730832
-0.713913
-0.683463
-0.643183
-0.594893
-0.537551
-0.467588
-0.401123
-0.282763
-0.0797952
0.208068
0.516053
0.791129
0.944687
0.998385
1.0183
-0.728575
-0.728524
-0.728081
-0.72741
-0.72548
-0.713525
-0.684211
-0.639345
-0.585919
-0.5161
-0.432776
-0.337343
-0.178207
0.153403
0.587071
0.998466
1.33591
1.51269
1.57751
1.59535
-0.725116
-0.725026
-0.724765
-0.724215
-0.723361
-0.716734
-0.687924
-0.638774
-0.576372
-0.503116
-0.407333
-0.293145
-0.138448
0.196997
0.617112
1.02144
1.34846
1.52961
1.60041
1.61496
-0.722409
-0.722886
-0.724281
-0.726858
-0.729445
-0.724807
-0.693899
-0.639187
-0.574996
-0.496581
-0.39422
-0.285235
-0.142
0.141019
0.483707
0.801807
1.07148
1.21454
1.26284
1.2689
-0.716278
-0.71758
-0.720235
-0.726178
-0.732504
-0.727562
-0.692669
-0.642773
-0.584089
-0.498559
-0.395409
-0.297386
-0.183047
0.0371576
0.287777
0.495946
0.643398
0.721653
0.760346
0.779265
-0.726698
-0.727867
-0.727639
-0.717723
-0.699224
-0.688325
-0.675585
-0.654309
-0.601184
-0.509707
-0.406856
-0.316055
-0.219705
-0.0497534
0.119406
0.268998
0.361081
0.414664
0.456341
0.479845
-0.767239
-0.766917
-0.761064
-0.733316
-0.68313
-0.655613
-0.682726
-0.684529
-0.624569
-0.522725
-0.422903
-0.337144
-0.273446
-0.126944
0.0383917
0.162251
0.256529
0.320452
0.361762
0.379055
-0.834634
-0.831016
-0.832521
-0.835681
-0.836337
-0.819779
-0.816205
-0.765422
-0.657239
-0.5384
-0.436059
-0.354475
-0.295123
-0.180991
-0.0480356
0.0820617
0.181728
0.253578
0.29198
0.304346
-0.965953
-0.966526
-0.997922
-1.0522
-1.08716
-1.07595
-1.01496
-0.878891
-0.698863
-0.555756
-0.445917
-0.362466
-0.312406
-0.217395
-0.0968649
0.0171512
0.0991569
0.162586
0.192246
0.201708
-1.08132
-1.08944
-1.1268
-1.17248
-1.19994
-1.18804
-1.1154
-0.923698
-0.712868
-0.566381
-0.445468
-0.359309
-0.315153
-0.248029
-0.14099
-0.0503671
0.0194564
0.0696826
0.0925744
0.097942
-1.05862
-1.06757
-1.0947
-1.12788
-1.14973
-1.13777
-1.05275
-0.850753
-0.676023
-0.53803
-0.423731
-0.352377
-0.297915
-0.259992
-0.174536
-0.106268
-0.0498581
-0.012324
0.00445677
0.00868079
-0.851549
-0.862577
-0.890679
-0.928995
-0.960001
-0.952283
-0.859633
-0.71025
-0.583363
-0.463305
-0.393636
-0.329483
-0.285155
-0.254791
-0.199621
-0.151499
-0.109652
-0.0818949
-0.0695282
-0.0680759
-0.510221
-0.519607
-0.54355
-0.580537
-0.615109
-0.624883
-0.582437
-0.519706
-0.442102
-0.384262
-0.340085
-0.296446
-0.269312
-0.254042
-0.219228
-0.189147
-0.162875
-0.14682
-0.140994
-0.141401
-0.17683
-0.182112
-0.196496
-0.223708
-0.260569
-0.289209
-0.308317
-0.316065
-0.313845
-0.302821
-0.282399
-0.267003
-0.254528
-0.25321
-0.240299
-0.229631
-0.220848
-0.219672
-0.220794
-0.221632
0.0302408
0.0274865
0.0190755
-0.00168982
-0.038329
-0.0898129
-0.140607
-0.181891
-0.213007
-0.228182
-0.236512
-0.236917
-0.238244
-0.244294
-0.248595
-0.25709
-0.267567
-0.278619
-0.284069
-0.2845
0.109222
0.107583
0.101834
0.085428
0.0535628
0.00696041
-0.0477382
-0.101019
-0.145009
-0.177346
-0.200249
-0.214323
-0.220683
-0.235028
-0.250423
-0.268735
-0.287891
-0.303023
-0.309281
-0.309642
0.116743
0.115755
0.111705
0.0997011
0.0754793
0.0383997
-0.00687045
-0.0549413
-0.101325
-0.140397
-0.174939
-0.201831
-0.216866
-0.232754
-0.249043
-0.269952
-0.288839
-0.300866
-0.304464
-0.304382
0.0974356
0.0969043
0.0941561
0.0858403
0.0687512
0.0416594
0.00618291
-0.0338255
-0.0749651
-0.11592
-0.157421
-0.200607
-0.234979
-0.242958
-0.244717
-0.255194
-0.270131
-0.27801
-0.279187
-0.278631
0.0726611
0.0724629
0.0706862
0.0651814
0.0535489
0.0345796
0.00850114
-0.0230272
-0.0585425
-0.0965101
-0.140607
-0.195097
-0.242612
-0.241408
-0.234161
-0.229754
-0.232877
-0.233815
-0.232784
-0.23252
0.0503779
0.0502774
0.0491978
0.045703
0.0380329
0.0250501
0.00638254
-0.0171202
-0.0447851
-0.0764999
-0.115029
-0.163216
-0.203278
-0.196627
-0.182999
-0.179593
-0.178644
-0.178412
-0.177589
-0.17811
0.0329353
0.0329608
0.0322859
0.0301271
0.0252334
0.0166458
0.00386934
-0.0128901
-0.0331031
-0.0563679
-0.0819346
-0.109894
-0.123661
-0.119482
-0.119355
-0.125447
-0.128665
-0.131142
-0.132769
-0.133582
0.0198877
0.0199645
0.0196184
0.0184174
0.0155248
0.0102075
0.0020112
-0.00895941
-0.0223123
-0.0367596
-0.0484782
-0.0537912
-0.0441381
-0.0466774
-0.0607519
-0.0767242
-0.0866841
-0.0919871
-0.0947251
-0.0954569
0.0105053
0.0106033
0.0104852
0.00991548
0.00847507
0.00559974
0.00102618
-0.00524506
-0.012791
-0.0200371
-0.0215648
-0.0123566
0.00840725
0.00173022
-0.0195421
-0.0373859
-0.0489353
-0.0548759
-0.0574688
-0.0580348
0.00093889
0.000927668
0.000939578
0.00112652
0.00113942
0.00076172
-1.65745e-05
-0.00114139
-0.00194881
-0.00250484
0.00106229
0.00578237
0.0101084
0.000953774
-0.00299201
-0.00253561
-0.00359015
-0.00470829
-0.00583532
-0.0213124
-0.713511
-0.27975
0.0558725
0.275308
0.437164
0.561437
0.658267
0.738676
0.824614
0.877035
-0.00741541
0.158154
0.302855
0.433346
0.543061
0.632847
0.705949
0.763508
0.79494
0.802096
0.274205
0.366009
0.465615
0.555481
0.632358
0.69686
0.748863
0.787479
0.813956
0.833775
0.454276
0.52074
0.589563
0.653718
0.709465
0.756759
0.795677
0.827148
0.852253
0.871912
0.592804
0.641757
0.691121
0.738445
0.780968
0.818084
0.850096
0.877628
0.900161
0.917582
0.703272
0.741065
0.779923
0.817403
0.852232
0.883692
0.911634
0.93589
0.955389
0.971481
0.798199
0.829721
0.863255
0.896105
0.9271
0.955598
0.981115
1.00311
1.0204
1.03497
0.885992
0.915842
0.947863
0.979414
1.00931
1.03677
1.06113
1.08168
1.09719
1.1105
0.974396
1.00653
1.04053
1.07319
1.10362
1.13101
1.15474
1.17418
1.18836
1.20078
1.07499
1.11125
1.1489
1.18345
1.21449
1.24147
1.26409
1.28221
1.29556
1.30805
1.20017
1.23923
1.2789
1.31313
1.34258
1.36757
1.38844
1.40548
1.4189
1.43233
1.35921
1.39482
1.43007
1.45865
1.48284
1.5042
1.52341
1.54068
1.55561
1.57006
1.54719
1.56951
1.59318
1.61305
1.63135
1.64873
1.66527
1.68167
1.69787
1.71346
1.73969
1.74785
1.76167
1.77653
1.79099
1.80394
1.81559
1.82683
1.83856
1.85465
1.93523
1.93516
1.94519
1.94867
1.94966
1.95405
1.96457
1.97948
1.99382
2.00823
2.23238
2.17686
2.12235
2.08271
2.06046
2.05635
2.06987
2.10367
2.16153
2.24188
0.800242
0.747749
0.704866
0.671857
0.648116
0.631
0.618568
0.609577
0.603372
0.599807
0.599416
0.602377
0.607942
0.615988
0.62695
0.641789
0.662118
0.690298
0.728333
0.777687
0.611335
0.620283
0.627041
0.627286
0.622585
0.615809
0.60908
0.603476
0.599553
0.597861
0.599083
0.60278
0.6082
0.614886
0.622138
0.628441
0.631197
0.62775
0.618666
0.612348
0.584005
0.586208
0.591068
0.595211
0.598755
0.600792
0.600619
0.598837
0.596624
0.595068
0.595106
0.596957
0.599721
0.602419
0.603922
0.603268
0.600531
0.596814
0.592419
0.58776
0.578804
0.579762
0.58226
0.584716
0.586601
0.588252
0.589636
0.590349
0.590372
0.590239
0.590643
0.591685
0.592682
0.592988
0.592368
0.591149
0.589666
0.587693
0.585211
0.583107
0.573474
0.573952
0.575401
0.577482
0.579401
0.580871
0.582026
0.583054
0.583925
0.584641
0.585336
0.585927
0.58615
0.585945
0.585418
0.584543
0.583137
0.581283
0.57959
0.578532
0.568401
0.568699
0.569623
0.571113
0.572798
0.574422
0.575812
0.576977
0.578036
0.579045
0.57993
0.580491
0.580656
0.580461
0.579865
0.578841
0.577525
0.576175
0.575097
0.574456
0.563461
0.563673
0.564363
0.565535
0.566926
0.568404
0.569904
0.57131
0.572584
0.573776
0.574836
0.575532
0.575754
0.575513
0.574867
0.573973
0.572994
0.572012
0.571244
0.570791
0.558625
0.558786
0.559334
0.560318
0.561544
0.562892
0.564341
0.56585
0.567347
0.568787
0.570074
0.570926
0.571219
0.57105
0.570571
0.569921
0.569194
0.568464
0.567902
0.567562
0.553832
0.553959
0.554407
0.555258
0.556389
0.557674
0.559086
0.560632
0.562287
0.563984
0.565548
0.566619
0.567095
0.567136
0.566896
0.566478
0.565958
0.565435
0.565032
0.564769
0.548995
0.549098
0.549477
0.550238
0.551308
0.55256
0.553983
0.555594
0.557394
0.559341
0.56123
0.562623
0.563394
0.563712
0.563723
0.563536
0.563229
0.562891
0.562615
0.562406
0.544026
0.544111
0.54444
0.545144
0.546183
0.54744
0.548914
0.550634
0.55262
0.554856
0.557136
0.558946
0.560086
0.560727
0.561017
0.561071
0.560983
0.560818
0.560648
0.56048
0.538835
0.538904
0.5392
0.539872
0.540912
0.54222
0.543787
0.545664
0.547898
0.550499
0.553262
0.555575
0.557152
0.558165
0.558773
0.559092
0.559225
0.559229
0.559152
0.559015
0.533326
0.533384
0.533658
0.534324
0.535402
0.536802
0.538511
0.540607
0.543166
0.546227
0.549582
0.5525
0.554593
0.556038
0.557005
0.55762
0.557991
0.558165
0.55817
0.558057
0.527397
0.527445
0.527708
0.528391
0.529542
0.531078
0.53299
0.535379
0.538355
0.541991
0.546069
0.549716
0.552421
0.554369
0.555747
0.55671
0.557339
0.557684
0.557764
0.557671
0.520925
0.520965
0.521226
0.521947
0.52321
0.524935
0.527118
0.529888
0.53339
0.537736
0.542696
0.547218
0.550654
0.553196
0.555054
0.556401
0.557326
0.557856
0.558011
0.557932
0.513767
0.513797
0.514065
0.514847
0.516263
0.518237
0.520773
0.524028
0.528189
0.53341
0.53944
0.545014
0.549316
0.55256
0.554983
0.556772
0.558037
0.558771
0.558999
0.558931
0.505741
0.505764
0.506047
0.506911
0.508525
0.510821
0.513805
0.517669
0.522648
0.528944
0.536272
0.543106
0.548436
0.552507
0.555599
0.557922
0.559576
0.560527
0.560829
0.560768
0.496606
0.496627
0.496933
0.497901
0.499778
0.502487
0.506037
0.510667
0.516665
0.524279
0.533175
0.541512
0.548061
0.553104
0.556983
0.559933
0.562035
0.563228
0.563604
0.563547
0.486051
0.486062
0.48641
0.487528
0.489741
0.492978
0.497249
0.502845
0.510114
0.519352
0.530141
0.540258
0.548237
0.554425
0.559225
0.562897
0.565521
0.566975
0.567422
0.567366
0.473694
0.473698
0.474086
0.475402
0.478052
0.48197
0.487167
0.493997
0.502865
0.514102
0.527172
0.539386
0.549024
0.556535
0.562411
0.566921
0.570128
0.571855
0.572368
0.572306
0.458973
0.458971
0.459424
0.461005
0.46423
0.469044
0.475454
0.483877
0.494772
0.508479
0.524281
0.538939
0.550479
0.5595
0.566622
0.572076
0.575923
0.577925
0.57849
0.578416
0.441105
0.441096
0.441642
0.443609
0.44763
0.453665
0.4617
0.472218
0.485704
0.502459
0.521505
0.538979
0.552671
0.563393
0.571882
0.578403
0.582931
0.585184
0.585779
0.585686
0.418919
0.418903
0.419609
0.422169
0.427355
0.435123
0.445415
0.45876
0.4756
0.496108
0.518954
0.539601
0.555666
0.568258
0.578241
0.585912
0.591107
0.593558
0.594148
0.594027
0.390614
0.390592
0.391588
0.395141
0.402171
0.412551
0.426111
0.443341
0.464513
0.489581
0.516791
0.540925
0.559538
0.574116
0.585686
0.594538
0.600318
0.602866
0.603404
0.60325
0.353112
0.353099
0.354728
0.360197
0.370501
0.385048
0.403472
0.426027
0.452689
0.483154
0.515237
0.543096
0.564365
0.58098
0.594166
0.60413
0.610318
0.612812
0.613244
0.613051
0.300556
0.300756
0.304458
0.314367
0.330811
0.352217
0.377734
0.407297
0.440612
0.477212
0.514556
0.546273
0.570209
0.588821
0.603523
0.614427
0.620733
0.622986
0.62327
0.623043
0.225576
0.227902
0.238795
0.25809
0.284623
0.315654
0.350189
0.38799
0.428773
0.472078
0.515072
0.550893
0.577681
0.598447
0.614681
0.62626
0.632445
0.634381
0.634528
0.634299
0.146414
0.151906
0.171302
0.200764
0.238046
0.279052
0.322659
0.368782
0.417283
0.467775
0.517171
0.557917
0.588144
0.611438
0.629336
0.641346
0.646985
0.648438
0.648495
0.648341
0.0772043
0.0836662
0.109315
0.147566
0.194157
0.244315
0.296641
0.350933
0.407015
0.46448
0.519967
0.565283
0.598646
0.624124
0.643223
0.655166
0.660146
0.661287
0.661361
0.661272
0.0205911
0.0276026
0.0573493
0.101763
0.155313
0.212925
0.272777
0.334453
0.397601
0.461686
0.522964
0.572572
0.608827
0.636211
0.656286
0.66837
0.673142
0.674178
0.674265
0.674215
-0.026333
-0.018994
0.0134409
0.0625741
0.121628
0.185289
0.251459
0.319582
0.389119
0.459339
0.526097
0.579829
0.618852
0.648149
0.669333
0.681733
0.686477
0.687514
0.687612
0.687592
-0.0661703
-0.0586573
-0.024394
0.0284189
0.092068
0.160873
0.232482
0.30625
0.381514
0.457394
0.529355
0.5871
0.62886
0.660051
0.682379
0.695345
0.700342
0.701378
0.701488
0.701479
-0.100951
-0.0933404
-0.0577244
-0.00192241
0.0656057
0.138855
0.215254
0.294085
0.374615
0.455806
0.53271
0.594305
0.63876
0.671819
0.695394
0.709027
0.714317
0.715427
0.715542
0.715539
-0.132184
-0.124484
-0.0877638
-0.0294516
0.0414163
0.118546
0.199225
0.282682
0.368093
0.454283
0.535915
0.601248
0.648319
0.68323
0.707988
0.722299
0.727947
0.729169
0.729297
0.729293
-0.160853
-0.15307
-0.115409
-0.0549409
0.0188658
0.0994226
0.183935
0.27161
0.361554
0.452522
0.538769
0.607746
0.657342
0.694027
0.719943
0.734895
0.740853
0.742237
0.742369
0.742352
-0.187755
-0.179877
-0.14134
-0.0789526
-0.00252773
0.0810692
0.169021
0.260562
0.354776
0.450319
0.541084
0.613644
0.66572
0.704085
0.731053
0.746595
0.75283
0.754317
0.754438
0.754399
-0.213365
-0.205374
-0.166
-0.101878
-0.0231319
0.0631835
0.154257
0.249356
0.347554
0.447476
0.542681
0.618862
0.673387
0.713376
0.741292
0.757245
0.763653
0.765207
0.76531
0.765245
-0.238048
-0.229901
-0.189741
-0.124015
-0.0431866
0.0455683
0.139472
0.237823
0.339732
0.44387
0.543493
0.623347
0.680354
0.721883
0.750591
0.766829
0.773312
0.774868
0.774937
0.774848
-0.261971
-0.253672
-0.212749
-0.145549
-0.062846
0.0280964
0.124548
0.225876
0.331246
0.439411
0.543427
0.627063
0.686656
0.729719
0.759098
0.775444
0.781866
0.783377
0.783418
0.783305
-0.285285
-0.276819
-0.235137
-0.166586
-0.0822002
0.0106942
0.109445
0.21348
0.322051
0.43403
0.542403
0.629991
0.69235
0.73701
0.766942
0.783206
0.789452
0.790858
0.790861
0.790731
-0.308097
-0.299447
-0.256983
-0.187173
-0.101286
-0.00664938
0.0941604
0.200637
0.31212
0.427691
0.540358
0.632084
0.697503
0.743914
0.774319
0.790309
0.796191
0.79743
0.797378
0.797231
-0.330403
-0.321547
-0.278308
-0.207312
-0.120102
-0.0239206
0.0787087
0.187367
0.301495
0.420398
0.537237
0.633278
0.702133
0.750608
0.781478
0.796936
0.802223
0.803176
0.803055
0.802899
-0.352144
-0.343094
-0.299077
-0.227003
-0.138617
-0.0410867
0.0631511
0.173731
0.290227
0.41216
0.532993
0.633488
0.706206
0.757226
0.78874
0.80342
0.807735
0.808206
0.807989
0.807842
-0.373286
-0.364045
-0.319275
-0.246234
-0.156796
-0.0580829
0.0475491
0.159808
0.278377
0.403035
0.527593
0.632606
0.709613
0.763809
0.796468
0.810341
0.813197
0.812723
0.812279
0.812185
-0.393838
-0.38438
-0.338884
-0.264963
-0.174602
-0.074843
0.0319875
0.145683
0.266034
0.393084
0.521045
0.630526
0.712186
0.770229
0.80488
0.818495
0.81963
0.81738
0.816146
0.816128
-0.413699
-0.404037
-0.357875
-0.283148
-0.19197
-0.091318
0.0165485
0.131446
0.253302
0.382404
0.513358
0.627125
0.713721
0.776172
0.81379
0.828481
0.828745
0.824219
0.820622
0.818815
-0.43292
-0.423055
-0.376224
-0.300794
-0.208934
-0.107527
0.00121224
0.117067
0.240152
0.370962
0.50447
0.622166
0.713979
0.781298
0.822603
0.840087
0.84177
0.836263
0.828127
0.81689
-0.451481
-0.441489
-0.394042
-0.31808
-0.225741
-0.123773
-0.0143962
0.102082
0.226046
0.358133
0.493756
0.614936
0.712366
0.785231
0.83031
0.851502
0.856268
0.849402
0.838796
0.81094
-0.469449
-0.459377
-0.41126
-0.334825
-0.242239
-0.139871
-0.03007
0.0867128
0.211218
0.344097
0.481265
0.605087
0.707957
0.787004
0.834651
0.85636
0.861541
0.853563
0.806944
0.757002
-0.488438
-0.475819
-0.427735
-0.350919
-0.258581
-0.155951
-0.0460519
0.0709751
0.195636
0.328785
0.466813
0.592216
0.699174
0.785887
0.833432
0.844879
0.846451
0.813461
0.753214
0.695868
-0.511634
-0.507993
-0.448632
-0.364274
-0.272048
-0.169663
-0.0620497
0.055493
0.179983
0.312969
0.450979
0.576739
0.684661
0.784004
0.806725
0.817999
0.788763
0.73011
0.66219
0.600031
-0.490059
-0.482173
-0.422994
-0.338839
-0.240598
-0.135083
-0.022398
0.0980072
0.225916
0.363335
0.49637
0.610225
0.709275
0.800149
0.802897
0.714203
0.639943
0.579941
0.514587
0.389869
-0.524653
-0.497039
-0.436201
-0.351013
-0.253427
-0.148096
-0.0358993
0.0838713
0.210947
0.346994
0.478105
0.589534
0.678242
0.742868
0.709138
0.583258
0.481015
0.412498
0.340566
0.203635
-0.550233
-0.517049
-0.454807
-0.370023
-0.272601
-0.167372
-0.0550809
0.0639436
0.18977
0.323652
0.451542
0.558163
0.636692
0.663806
0.582836
0.434764
0.317077
0.235996
0.14424
-0.0406818
-0.573737
-0.539074
-0.475187
-0.389933
-0.292506
-0.187323
-0.0753863
0.0427377
0.167049
0.298292
0.42177
0.521064
0.58543
0.575661
0.442286
0.275278
0.131216
0.0211806
-0.0892536
-0.367412
-0.596792
-0.561403
-0.496356
-0.410409
-0.312879
-0.207885
-0.0966025
0.020444
0.142978
0.271144
0.389257
0.480072
0.525146
0.480717
0.301473
0.113372
-0.066062
-0.211456
-0.391748
-0.749892
-0.619846
-0.584378
-0.518598
-0.432139
-0.334451
-0.229688
-0.119071
-0.00321978
0.11728
0.241966
0.35397
0.436267
0.458863
0.359134
0.167822
-0.0373742
-0.228617
-0.395675
-0.587209
-0.92717
-0.644023
-0.608435
-0.542229
-0.455417
-0.357614
-0.253062
-0.14309
-0.0284808
0.0897973
0.210676
0.316214
0.387371
0.381998
0.24037
0.0463951
-0.16259
-0.351009
-0.484017
-0.540111
-0.579139
-0.669709
-0.634018
-0.567548
-0.48058
-0.38284
-0.278674
-0.16954
-0.0564828
0.0591094
0.175425
0.274043
0.330056
0.300581
0.125374
-0.0684731
-0.261469
-0.41708
-0.479648
-0.498485
-0.501772
-0.697198
-0.661305
-0.594607
-0.507605
-0.410104
-0.306525
-0.198514
-0.0873628
0.0250795
0.136059
0.227063
0.265227
0.214104
0.0177902
-0.171613
-0.343719
-0.451602
-0.469322
-0.474385
-0.474639
-0.726626
-0.690376
-0.623436
-0.536475
-0.439372
-0.336622
-0.230021
-0.121134
-0.0123353
0.0926315
0.174662
0.198453
0.107477
-0.0796349
-0.261333
-0.405571
-0.454816
-0.462017
-0.462223
-0.461916
-0.757863
-0.721175
-0.653993
-0.567181
-0.470632
-0.368941
-0.264051
-0.157809
-0.0531127
0.0452518
0.117445
0.124219
0.00471235
-0.168643
-0.335008
-0.440143
-0.45436
-0.45451
-0.45482
-0.454468
-0.790459
-0.753444
-0.686096
-0.59955
-0.503745
-0.403375
-0.300532
-0.197337
-0.0971244
-0.00587158
0.0566846
0.0452633
-0.0870375
-0.248635
-0.389847
-0.439188
-0.450494
-0.450224
-0.450079
-0.44976
-0.824034
-0.786746
-0.719359
-0.633256
-0.538435
-0.439682
-0.339241
-0.23951
-0.144112
-0.0600815
-0.00851078
-0.03256
-0.172471
-0.316219
-0.421016
-0.44365
-0.444577
-0.446625
-0.44705
-0.446999
-0.857643
-0.820425
-0.753152
-0.667758
-0.574228
-0.477443
-0.379791
-0.283949
-0.193752
-0.116444
-0.0774492
-0.105596
-0.248766
-0.368104
-0.43738
-0.446196
-0.445759
-0.445442
-0.445311
-0.445323
-0.890139
-0.853418
-0.786569
-0.702262
-0.610439
-0.516044
-0.421593
-0.330016
-0.245478
-0.174356
-0.143153
-0.18405
-0.313847
-0.41585
-0.446055
-0.452806
-0.44787
-0.444454
-0.44337
-0.443161
-0.920008
-0.884192
-0.818357
-0.735693
-0.64611
-0.554627
-0.46385
-0.376864
-0.298247
-0.233472
-0.205211
-0.259438
-0.366094
-0.456426
-0.480158
-0.465826
-0.452613
-0.445077
-0.442857
-0.442055
-0.945212
-0.911082
-0.846899
-0.766632
-0.680002
-0.592077
-0.505517
-0.423476
-0.350662
-0.292806
-0.267968
-0.320225
-0.401312
-0.46763
-0.486689
-0.476073
-0.466453
-0.461351
-0.457977
-0.456146
-0.96334
-0.931617
-0.87019
-0.793359
-0.710618
-0.627049
-0.545305
-0.468684
-0.401442
-0.349706
-0.327591
-0.368697
-0.418334
-0.452377
-0.458431
-0.47844
-0.491727
-0.491456
-0.487415
-0.486103
-0.971936
-0.943192
-0.886012
-0.813982
-0.736287
-0.658024
-0.581755
-0.510982
-0.44953
-0.402015
-0.379167
-0.413333
-0.436235
-0.445511
-0.458794
-0.476918
-0.484888
-0.485976
-0.486157
-0.48686
-0.968026
-0.943338
-0.892408
-0.826525
-0.75534
-0.683441
-0.613441
-0.548521
-0.493594
-0.449939
-0.420811
-0.456665
-0.480828
-0.482223
-0.487708
-0.48675
-0.482997
-0.482197
-0.482371
-0.482245
-0.947867
-0.929767
-0.887467
-0.829489
-0.766409
-0.701995
-0.639002
-0.579913
-0.531063
-0.49383
-0.462859
-0.488782
-0.532945
-0.591123
-0.569228
-0.519447
-0.493031
-0.483688
-0.47997
-0.478647
-0.913248
-0.900927
-0.869726
-0.822283
-0.768687
-0.713096
-0.657319
-0.604592
-0.559455
-0.530482
-0.502166
-0.489939
-0.491338
-0.556051
-0.541342
-0.486947
-0.454662
-0.447195
-0.446756
-0.446125
-0.86906
-0.861576
-0.842226
-0.80659
-0.76323
-0.716829
-0.668508
-0.621492
-0.579531
-0.551872
-0.52386
-0.458847
-0.326304
-0.246257
-0.252722
-0.327592
-0.397717
-0.422455
-0.425231
-0.424958
-0.824285
-0.820216
-0.81015
-0.786824
-0.753201
-0.7146
-0.673338
-0.630544
-0.590875
-0.557818
-0.529989
-0.465248
-0.349443
-0.179027
-0.187108
-0.332497
-0.441105
-0.478674
-0.488261
-0.496718
-0.788503
-0.786281
-0.781133
-0.766635
-0.741698
-0.709301
-0.672714
-0.633497
-0.59289
-0.559213
-0.534006
-0.544698
-0.646077
-0.892206
-1.12184
-1.29585
-1.31104
-1.22206
-1.09113
-1.05637
-0.762995
-0.761911
-0.759867
-0.751853
-0.732696
-0.704559
-0.670424
-0.630976
-0.589035
-0.550335
-0.520049
-0.589991
-0.883179
-1.31636
-1.66717
-1.6819
-1.51003
-1.31832
-1.16428
-1.11285
-0.746618
-0.746204
-0.74546
-0.741396
-0.727489
-0.701712
-0.667011
-0.626199
-0.58064
-0.528086
-0.490964
-0.463035
-0.521996
-0.550959
-0.616977
-0.587633
-0.43685
-0.294271
-0.191893
-0.145602
-0.735964
-0.735813
-0.735326
-0.73374
-0.724206
-0.700176
-0.664148
-0.621063
-0.565952
-0.501674
-0.438187
-0.343287
-0.19993
0.0591928
0.3612
0.66347
0.888296
0.976488
1.01231
1.02181
-0.728581
-0.72836
-0.727713
-0.727067
-0.721428
-0.700817
-0.663691
-0.613311
-0.552935
-0.47911
-0.382291
-0.275648
-0.0415355
0.372272
0.795238
1.18227
1.44753
1.5525
1.59039
1.59794
-0.725084
-0.724926
-0.724524
-0.723888
-0.721936
-0.705382
-0.665407
-0.60854
-0.543856
-0.454873
-0.352239
-0.230866
0.00322249
0.405667
0.82306
1.20002
1.45835
1.57504
1.61168
1.61654
-0.722579
-0.723419
-0.725481
-0.728231
-0.728833
-0.713369
-0.667931
-0.608999
-0.537558
-0.446108
-0.34057
-0.224207
-0.0219907
0.314636
0.645064
0.948611
1.16006
1.24726
1.2681
1.2689
-0.716851
-0.718619
-0.722763
-0.729556
-0.733264
-0.713686
-0.668357
-0.615967
-0.543961
-0.448871
-0.344483
-0.247187
-0.088309
0.168226
0.396537
0.578555
0.690311
0.744092
0.772065
0.78256
-0.727282
-0.728238
-0.724335
-0.708666
-0.692555
-0.682516
-0.6671
-0.632759
-0.5597
-0.457172
-0.356924
-0.275714
-0.138477
0.0349446
0.200446
0.321708
0.389985
0.437036
0.470779
0.48444
-0.767235
-0.765548
-0.750781
-0.709412
-0.66368
-0.665213
-0.690976
-0.66145
-0.577208
-0.468964
-0.377417
-0.307329
-0.213851
-0.0382513
0.104202
0.212348
0.291265
0.344472
0.372904
0.381921
-0.832763
-0.830795
-0.83523
-0.836448
-0.82904
-0.814518
-0.801794
-0.716512
-0.596207
-0.483226
-0.393935
-0.324062
-0.250506
-0.113142
0.0190741
0.13567
0.221151
0.277283
0.300418
0.30572
-0.963931
-0.97843
-1.02357
-1.0741
-1.0878
-1.05198
-0.956867
-0.789442
-0.620013
-0.499973
-0.397695
-0.335739
-0.275218
-0.160325
-0.0342597
0.0598683
0.134668
0.181101
0.199
0.201884
-1.08201
-1.10521
-1.1507
-1.18941
-1.19988
-1.16285
-1.03286
-0.811524
-0.635097
-0.501046
-0.39817
-0.331982
-0.287875
-0.199587
-0.0904536
-0.0146105
0.0486211
0.0837994
0.0971873
0.097565
-1.0612
-1.07902
-1.11157
-1.14122
-1.14958
-1.10846
-0.958578
-0.756233
-0.605233
-0.476451
-0.384493
-0.319396
-0.280794
-0.21989
-0.137442
-0.0765052
-0.0281431
-0.00187827
0.00784059
0.00800003
-0.854987
-0.874593
-0.909406
-0.946754
-0.963115
-0.91913
-0.784476
-0.645219
-0.521158
-0.423425
-0.358268
-0.305104
-0.272397
-0.228731
-0.174285
-0.12939
-0.0934247
-0.0741672
-0.06783
-0.0691569
-0.513507
-0.529655
-0.560981
-0.59927
-0.624839
-0.609282
-0.552257
-0.481395
-0.410581
-0.360131
-0.317891
-0.282211
-0.261985
-0.237967
-0.204181
-0.175137
-0.153163
-0.142975
-0.140418
-0.142356
-0.178875
-0.187822
-0.208458
-0.241776
-0.276511
-0.299966
-0.313217
-0.316804
-0.308206
-0.293119
-0.274256
-0.25992
-0.253704
-0.247402
-0.23486
-0.223999
-0.21946
-0.220383
-0.221156
-0.222151
0.0290699
0.0244583
0.0104698
-0.0178752
-0.0628728
-0.115929
-0.162649
-0.198623
-0.222252
-0.232529
-0.239232
-0.236541
-0.243215
-0.245274
-0.252465
-0.263077
-0.273192
-0.282217
-0.284622
-0.28462
0.108511
0.105627
0.0952919
0.0715012
0.0318937
-0.019952
-0.0750059
-0.124294
-0.162024
-0.190823
-0.20922
-0.216482
-0.227595
-0.24187
-0.25936
-0.277861
-0.296855
-0.307086
-0.309736
-0.309698
0.116354
0.114403
0.106957
0.0892801
0.0583236
0.0165245
-0.0307835
-0.0784699
-0.122228
-0.157963
-0.189286
-0.209689
-0.224347
-0.24029
-0.260117
-0.279228
-0.296346
-0.303567
-0.304486
-0.304408
0.0972663
0.095995
0.0908902
0.0785147
0.0564028
0.0248682
-0.0135242
-0.0544301
-0.0953461
-0.136047
-0.179947
-0.219338
-0.241718
-0.242118
-0.249436
-0.263038
-0.275063
-0.279186
-0.278879
-0.278527
0.0726447
0.0718819
0.0685384
0.0602355
0.0449853
0.0224236
-0.00677891
-0.0402239
-0.077176
-0.117585
-0.166969
-0.222252
-0.249201
-0.234114
-0.230202
-0.232041
-0.233511
-0.233286
-0.232675
-0.232433
0.0503844
0.0499349
0.0478552
0.0424759
0.0322291
0.0164468
-0.00490208
-0.0303052
-0.0602149
-0.0947128
-0.138812
-0.187132
-0.207128
-0.18999
-0.17861
-0.179129
-0.178402
-0.177918
-0.177834
-0.178267
0.0329933
0.0327315
0.0314625
0.0280877
0.0214308
0.0108177
-0.00410458
-0.0224909
-0.0443685
-0.0690483
-0.0964422
-0.119909
-0.124951
-0.121314
-0.122143
-0.127024
-0.130343
-0.13193
-0.133257
-0.133713
0.0199512
0.0198639
0.0191689
0.0172282
0.0132014
0.00649568
-0.00316528
-0.0153481
-0.029526
-0.0434503
-0.0521104
-0.0504009
-0.0416922
-0.0535481
-0.0698223
-0.0823469
-0.0897359
-0.0936339
-0.095253
-0.0954936
0.0105692
0.0105783
0.0102792
0.00934552
0.00722583
0.00354608
-0.00194245
-0.00883087
-0.0166019
-0.0221626
-0.0186469
-0.00318405
0.0131557
-0.00735931
-0.0296598
-0.043987
-0.0526004
-0.0564418
-0.0579376
-0.0580054
0.00384784
0.00394783
0.0039295
0.00374996
0.00329702
0.00228427
0.000548145
-0.00190426
-0.00495459
-0.00834832
-0.00653069
0.00174602
0.0185112
0.0142768
-0.000138546
-0.0126427
-0.0171071
-0.0199262
-0.0208169
-0.0213055
-0.474556
-0.0943277
0.174958
0.359983
0.502669
0.611862
0.700584
0.779026
0.863205
0.854649
0.079361
0.23136
0.370745
0.490912
0.590324
0.67123
0.73704
0.783512
0.798571
0.811759
0.317989
0.416182
0.512222
0.595516
0.666133
0.724479
0.769865
0.801995
0.824128
0.843116
0.487012
0.55516
0.622638
0.682675
0.734166
0.777239
0.812239
0.840537
0.862126
0.881675
0.616788
0.666473
0.715267
0.760392
0.800191
0.834688
0.864394
0.889681
0.908594
0.927302
0.721465
0.760591
0.798915
0.835221
0.868398
0.898103
0.924258
0.946348
0.963205
0.98109
0.813158
0.846488
0.879854
0.911891
0.94169
0.968759
0.99261
1.01244
1.02726
1.04465
0.900012
0.931863
0.963773
0.994632
1.02339
1.04937
1.07194
1.09013
1.10328
1.12013
0.989338
1.0237
1.05707
1.08874
1.11773
1.14337
1.16504
1.18196
1.19388
1.21027
1.09171
1.13049
1.16656
1.19945
1.22851
1.25334
1.27373
1.28945
1.30111
1.31727
1.21808
1.25977
1.29665
1.32842
1.35561
1.3785
1.39742
1.41259
1.42505
1.44116
1.37526
1.41336
1.44509
1.47116
1.49382
1.51405
1.5323
1.54846
1.5625
1.57839
1.55705
1.58189
1.60345
1.62231
1.64017
1.65708
1.67344
1.6899
1.70554
1.72153
1.74266
1.75444
1.76908
1.7839
1.79767
1.80988
1.8212
1.83258
1.84547
1.86618
1.93071
1.94073
1.94768
1.94906
1.95115
1.95857
1.97173
1.98707
2.00015
2.02842
2.20716
2.14809
2.10045
2.06934
2.05621
2.06078
2.08402
2.12935
2.19988
2.2785
0.675538
0.668036
0.65912
0.646301
0.632902
0.621313
0.612112
0.605247
0.600683
0.598735
0.600027
0.604133
0.610435
0.618868
0.62956
0.642411
0.656119
0.667326
0.675114
0.68144
0.589496
0.597378
0.604527
0.609294
0.610551
0.608567
0.604838
0.600917
0.597882
0.596561
0.597682
0.600799
0.605014
0.609459
0.612863
0.613598
0.610687
0.604668
0.596671
0.590772
0.58143
0.584492
0.587584
0.590108
0.592488
0.594262
0.594763
0.594122
0.593137
0.592752
0.593629
0.595355
0.596988
0.597644
0.596832
0.594909
0.592652
0.590019
0.586833
0.584471
0.576105
0.577624
0.579861
0.582027
0.583624
0.584911
0.58604
0.586842
0.587291
0.587728
0.588428
0.589103
0.589307
0.58891
0.588127
0.587045
0.585407
0.583236
0.58141
0.580326
0.570919
0.57176
0.57325
0.575101
0.576853
0.578266
0.579402
0.580421
0.581365
0.582235
0.582926
0.583271
0.583242
0.582888
0.582158
0.580949
0.579392
0.577837
0.576806
0.576171
0.565919
0.56649
0.567567
0.569004
0.570561
0.572098
0.573489
0.574704
0.575824
0.576888
0.577706
0.578111
0.578103
0.577665
0.576822
0.575732
0.574564
0.573502
0.572818
0.572374
0.561036
0.561465
0.562326
0.563538
0.564882
0.566327
0.567815
0.569255
0.570604
0.571877
0.572875
0.573381
0.573384
0.572959
0.572261
0.571443
0.570585
0.569804
0.569306
0.568969
0.556231
0.556568
0.557281
0.558345
0.559591
0.560955
0.562433
0.563996
0.56558
0.567123
0.56834
0.568986
0.569114
0.568875
0.568416
0.567827
0.56719
0.566625
0.566256
0.565988
0.551428
0.551701
0.552309
0.553276
0.554463
0.555795
0.557286
0.558939
0.560721
0.562552
0.564059
0.564954
0.565328
0.565339
0.565117
0.564751
0.564315
0.563925
0.563653
0.563431
0.546537
0.546765
0.5473
0.548206
0.54936
0.550699
0.552248
0.554022
0.556014
0.558163
0.560042
0.56129
0.561982
0.562274
0.562298
0.562164
0.561923
0.561684
0.561488
0.561299
0.541468
0.541662
0.542149
0.543024
0.544182
0.54557
0.547217
0.549162
0.55142
0.553956
0.556295
0.557975
0.559041
0.559654
0.559954
0.560053
0.56001
0.55991
0.559775
0.559609
0.53613
0.536299
0.536758
0.537633
0.538836
0.540315
0.542109
0.544287
0.54689
0.549909
0.552807
0.555001
0.556504
0.557483
0.558091
0.558433
0.558604
0.558632
0.558547
0.558398
0.530425
0.530575
0.531024
0.531929
0.533216
0.534834
0.536838
0.539322
0.542364
0.545981
0.549557
0.552364
0.55438
0.55578
0.556737
0.557374
0.557754
0.557902
0.55786
0.557721
0.524241
0.524376
0.524833
0.525797
0.52721
0.529023
0.531309
0.534191
0.537782
0.542135
0.546531
0.550073
0.552696
0.554587
0.555942
0.556903
0.557516
0.557786
0.557783
0.55765
0.517445
0.51757
0.518049
0.519102
0.520689
0.522762
0.525414
0.528801
0.533076
0.538333
0.543721
0.548138
0.551479
0.553951
0.555764
0.557098
0.55797
0.558367
0.558399
0.558268
0.509887
0.509995
0.510509
0.511685
0.513501
0.515911
0.519029
0.523049
0.52817
0.534527
0.541112
0.546576
0.550767
0.553922
0.556286
0.558048
0.55921
0.55974
0.559804
0.559671
0.501332
0.501445
0.502005
0.503346
0.505457
0.508294
0.512
0.516813
0.522981
0.53068
0.538703
0.545413
0.550605
0.554562
0.557588
0.559851
0.561338
0.562008
0.562102
0.561963
0.491503
0.491622
0.49227
0.493829
0.49632
0.499702
0.504149
0.509953
0.517415
0.526749
0.536495
0.544679
0.551055
0.555958
0.559754
0.562598
0.564455
0.565272
0.565393
0.565245
0.480094
0.480215
0.480982
0.482814
0.485784
0.489865
0.495258
0.502314
0.511386
0.522712
0.534515
0.544423
0.552179
0.558188
0.56287
0.566397
0.568662
0.569628
0.569769
0.569609
0.466605
0.466743
0.467668
0.469859
0.473454
0.478445
0.485058
0.493705
0.504786
0.518541
0.532782
0.544698
0.554034
0.561319
0.567039
0.571333
0.574035
0.575146
0.575299
0.575123
0.450377
0.450551
0.451708
0.454388
0.458816
0.465017
0.473234
0.483934
0.497536
0.514236
0.531343
0.545561
0.556693
0.565425
0.57231
0.57746
0.580616
0.581851
0.582004
0.581809
0.430452
0.4307
0.432208
0.435584
0.441176
0.449042
0.45942
0.472811
0.48959
0.509846
0.53027
0.547083
0.560218
0.570558
0.578714
0.584791
0.588379
0.589702
0.589837
0.589622
0.405388
0.405781
0.407844
0.412283
0.419602
0.429869
0.443262
0.460232
0.481015
0.505507
0.529694
0.549357
0.564659
0.576741
0.58626
0.593266
0.597215
0.598563
0.598659
0.598425
0.372841
0.373529
0.376554
0.382818
0.392923
0.406828
0.424518
0.446246
0.471998
0.50143
0.529777
0.552483
0.570058
0.583946
0.594888
0.602736
0.606898
0.608182
0.608217
0.607968
0.328644
0.330031
0.3351
0.344975
0.359973
0.379538
0.403307
0.431187
0.462899
0.497901
0.530717
0.556577
0.576462
0.592137
0.604446
0.612938
0.617067
0.618178
0.618138
0.617884
0.265101
0.269351
0.279976
0.297146
0.320435
0.348477
0.380348
0.41573
0.454246
0.495288
0.532725
0.561729
0.583852
0.601181
0.614593
0.623398
0.627193
0.628015
0.627906
0.627669
0.189199
0.197508
0.21703
0.244786
0.278662
0.316223
0.356732
0.400053
0.44589
0.493692
0.536602
0.569495
0.594469
0.613804
0.628316
0.637118
0.640562
0.64121
0.641145
0.641015
0.113133
0.127179
0.155636
0.193843
0.23794
0.284933
0.334128
0.385467
0.438708
0.493331
0.541769
0.578581
0.60633
0.627703
0.643135
0.651506
0.654224
0.654635
0.654606
0.654546
0.0502675
0.0676392
0.102025
0.148129
0.200575
0.255846
0.313057
0.372001
0.432331
0.493476
0.547126
0.587561
0.617813
0.640723
0.656568
0.664604
0.667045
0.66745
0.667483
0.667465
-0.00156607
0.0178986
0.0568153
0.108776
0.167706
0.229778
0.293903
0.359694
0.426609
0.493919
0.552516
0.596367
0.628947
0.653338
0.669814
0.677847
0.680114
0.680546
0.680625
0.680639
-0.045005
-0.0243115
0.0179995
0.0746696
0.138957
0.20674
0.276807
0.34865
0.421542
0.494597
0.557953
0.605136
0.640019
0.665972
0.683174
0.691272
0.693688
0.694196
0.694304
0.69435
-0.0824592
-0.0609384
-0.0159825
0.0445627
0.113402
0.186134
0.261414
0.338669
0.417055
0.49553
0.563434
0.613882
0.651023
0.678517
0.69659
0.705176
0.707774
0.70829
0.708393
0.708453
-0.115585
-0.0934731
-0.0463606
0.017436
0.0901905
0.16726
0.247226
0.329447
0.412968
0.496556
0.568821
0.622426
0.66182
0.690879
0.709893
0.718982
0.721778
0.722323
0.722405
0.722467
-0.145614
-0.123052
-0.0741139
-0.00751324
0.0686599
0.149577
0.233784
0.320573
0.40889
0.49739
0.573891
0.630562
0.672116
0.702665
0.722587
0.73223
0.735228
0.735807
0.735861
0.735919
-0.173521
-0.15052
-0.099983
-0.0308836
0.0483042
0.132646
0.220683
0.311692
0.40456
0.497825
0.578472
0.638145
0.681779
0.713745
0.734501
0.744664
0.747879
0.748448
0.748467
0.748508
-0.199868
-0.176424
-0.124459
-0.0531289
0.0287312
0.116139
0.207665
0.302598
0.399784
0.497639
0.582416
0.645054
0.690722
0.724012
0.745539
0.756011
0.759389
0.759957
0.759941
0.75996
-0.225096
-0.201182
-0.147912
-0.0745814
0.00966946
0.0998413
0.194557
0.293107
0.394362
0.496712
0.58562
0.651272
0.698924
0.733424
0.755543
0.766226
0.769668
0.770229
0.770181
0.770173
-0.249492
-0.225084
-0.170594
-0.0954565
-0.00905721
0.0836053
0.181209
0.283101
0.388201
0.494946
0.588027
0.656777
0.706432
0.742037
0.764588
0.775353
0.778751
0.779278
0.779209
0.779176
-0.273207
-0.248271
-0.192653
-0.115883
-0.0275624
0.0673328
0.16756
0.272529
0.381244
0.492244
0.589573
0.661584
0.713335
0.749998
0.772807
0.783475
0.786771
0.787239
0.78714
0.787088
-0.296363
-0.270891
-0.214176
-0.135925
-0.0458951
0.0510035
0.153598
0.261367
0.373437
0.488545
0.590198
0.665705
0.719743
0.757456
0.780356
0.790766
0.793848
0.794229
0.794102
0.794033
-0.318964
-0.292984
-0.235194
-0.155606
-0.0640587
0.0346176
0.139328
0.249625
0.364779
0.483811
0.589831
0.669126
0.725772
0.764628
0.787447
0.797352
0.800102
0.800355
0.800194
0.800112
-0.341033
-0.314527
-0.255696
-0.174916
-0.0820315
0.0182082
0.124793
0.237346
0.355311
0.478017
0.588405
0.671792
0.731491
0.771755
0.794363
0.803434
0.805609
0.805674
0.805493
0.805408
-0.362505
-0.335486
-0.275681
-0.193842
-0.0997768
0.00183807
0.11006
0.2246
0.345077
0.471163
0.58584
0.6736
0.736889
0.779062
0.801541
0.809413
0.810597
0.810303
0.810105
0.810044
-0.383394
-0.355819
-0.295139
-0.21234
-0.117237
-0.0144315
0.0952126
0.211475
0.334142
0.463282
0.582065
0.674422
0.741851
0.786663
0.809523
0.816058
0.815601
0.814434
0.814153
0.814233
-0.403612
-0.375522
-0.314024
-0.23037
-0.134363
-0.0305248
0.0803246
0.198041
0.322611
0.454438
0.577022
0.674102
0.746157
0.794403
0.818683
0.824534
0.822055
0.81895
0.817862
0.818378
-0.423199
-0.394573
-0.332286
-0.247879
-0.151086
-0.0463561
0.0655181
0.184432
0.310598
0.444715
0.570682
0.672458
0.749514
0.801797
0.828749
0.835686
0.832374
0.826458
0.820341
0.807268
-0.442112
-0.413014
-0.350064
-0.265073
-0.167701
-0.0622476
0.0503841
0.170194
0.297597
0.433623
0.56252
0.66899
0.751722
0.808505
0.839064
0.849315
0.847299
0.838603
0.827788
0.840096
-0.460353
-0.430847
-0.367322
-0.281911
-0.184161
-0.0781522
0.0349215
0.155344
0.283578
0.421032
0.55227
0.662935
0.752013
0.813437
0.846609
0.859928
0.859868
0.848681
0.798546
0.790049
-0.478421
-0.448237
-0.383804
-0.298118
-0.200037
-0.0936999
0.0193043
0.140154
0.268835
0.407141
0.539964
0.653578
0.749505
0.815595
0.846593
0.858874
0.85179
0.814585
0.754663
0.718688
-0.499486
-0.466961
-0.399044
-0.313308
-0.214493
-0.108503
0.00396681
0.124907
0.253582
0.39206
0.525647
0.640467
0.74229
0.81329
0.849995
0.833105
0.804727
0.743549
0.678594
0.63976
-0.0687925
0.0487244
0.173107
0.305894
0.443427
0.568635
0.675115
0.534325
-0.51329
-0.504045
-0.462353
-0.389323
-0.297004
-0.195723
-0.0866833
0.0296387
0.15326
0.284889
0.42134
0.546155
0.649575
0.737911
0.783293
0.728858
0.602522
0.525696
0.464801
-0.536009
-0.524541
-0.479118
-0.404987
-0.312401
-0.211118
-0.102447
0.0134093
0.136182
0.266481
0.40072
0.522652
0.62001
0.69113
0.687021
0.580193
0.450481
0.361718
0.2886
-0.5591
-0.54734
-0.49954
-0.424434
-0.331963
-0.23052
-0.121791
-0.00626571
0.115535
0.244199
0.375272
0.49217
0.579176
0.628074
0.587601
0.431844
0.286453
0.176935
0.0882869
-0.581993
-0.570234
-0.521071
-0.444794
-0.352129
-0.250672
-0.142258
-0.027494
0.0930318
0.219569
0.346872
0.457559
0.536159
0.554041
0.461921
0.282093
0.109631
-0.0373473
-0.16005
-0.604927
-0.593278
-0.543234
-0.466073
-0.373089
-0.271641
-0.163691
-0.0498561
0.0691825
0.193203
0.316148
0.4195
0.487425
0.466589
0.327681
0.134853
-0.0624254
-0.231563
-0.394231
-0.62841
-0.616928
-0.566435
-0.488704
-0.395435
-0.293967
-0.186421
-0.0734754
0.0439832
0.165277
0.283572
0.37859
0.430339
0.386917
0.201802
0.00227829
-0.201904
-0.382776
-0.520606
-0.644977
-0.653252
-0.641875
-0.59107
-0.513009
-0.419634
-0.318258
-0.2112
-0.0992818
0.0163314
0.134416
0.247495
0.333419
0.366535
0.287169
0.0849373
-0.117641
-0.308001
-0.452089
-0.503022
-0.524129
-0.679741
-0.668419
-0.617357
-0.539102
-0.44578
-0.344706
-0.238335
-0.127741
-0.0143673
0.0999016
0.20697
0.282977
0.289929
0.17129
-0.0248399
-0.217465
-0.383817
-0.459594
-0.482821
-0.485658
-0.708097
-0.696746
-0.645377
-0.566986
-0.473855
-0.373267
-0.267852
-0.158897
-0.0481764
0.0617054
0.16178
0.227655
0.205034
0.0619357
-0.125023
-0.304971
-0.428446
-0.468294
-0.466718
-0.467724
-0.738292
-0.72687
-0.675145
-0.596662
-0.503849
-0.403941
-0.299751
-0.192758
-0.0851105
0.0198487
0.112146
0.165867
0.126092
-0.0410068
-0.21346
-0.376488
-0.444222
-0.456934
-0.457883
-0.457801
-0.770096
-0.758568
-0.706538
-0.628046
-0.535674
-0.436673
-0.333978
-0.229308
-0.125146
-0.0255988
0.0584716
0.0987435
0.0493687
-0.130385
-0.292429
-0.415622
-0.457733
-0.452796
-0.452311
-0.451949
-0.802997
-0.79142
-0.739258
-0.660871
-0.569126
-0.471273
-0.370386
-0.268419
-0.168138
-0.0742858
0.000951625
0.0299402
-0.041663
-0.211091
-0.356821
-0.431887
-0.446012
-0.447684
-0.448301
-0.44821
-0.836471
-0.82487
-0.772784
-0.694676
-0.603798
-0.507386
-0.408661
-0.309794
-0.213838
-0.12575
-0.0595936
-0.0444997
-0.132102
-0.280603
-0.40017
-0.436692
-0.44323
-0.445424
-0.445932
-0.445909
-0.869547
-0.85797
-0.806289
-0.728748
-0.639075
-0.544484
-0.448309
-0.352941
-0.261746
-0.179613
-0.120765
-0.121984
-0.212054
-0.341822
-0.426722
-0.455109
-0.44855
-0.445668
-0.444425
-0.444162
-0.900472
-0.889247
-0.838595
-0.76211
-0.674089
-0.58179
-0.488626
-0.397158
-0.311051
-0.235296
-0.181334
-0.192362
-0.283983
-0.395409
-0.459291
-0.458965
-0.453904
-0.446396
-0.443001
-0.442172
-0.928102
-0.917251
-0.868161
-0.793424
-0.707676
-0.618272
-0.528666
-0.44154
-0.360673
-0.291518
-0.242801
-0.255469
-0.342287
-0.430832
-0.485664
-0.483682
-0.464212
-0.452716
-0.44799
-0.446322
-0.949673
-0.939506
-0.893044
-0.820987
-0.738374
-0.652633
-0.567234
-0.484961
-0.409491
-0.346555
-0.304044
-0.311435
-0.383036
-0.441265
-0.464916
-0.473423
-0.479271
-0.479408
-0.475325
-0.472089
-0.96306
-0.953935
-0.91095
-0.842852
-0.764489
-0.683355
-0.602938
-0.526009
-0.456376
-0.398802
-0.359944
-0.365095
-0.413369
-0.438567
-0.452042
-0.467672
-0.487329
-0.492398
-0.491289
-0.490127
-0.965672
-0.958001
-0.919552
-0.856973
-0.784197
-0.708813
-0.634289
-0.563118
-0.499753
-0.447392
-0.409138
-0.41208
-0.451429
-0.456356
-0.460715
-0.473506
-0.480179
-0.481449
-0.482628
-0.483503
-0.955315
-0.949047
-0.916637
-0.861318
-0.795837
-0.727532
-0.659787
-0.594943
-0.537375
-0.491605
-0.454691
-0.450079
-0.495734
-0.539868
-0.540157
-0.515155
-0.495355
-0.486679
-0.483653
-0.482244
-0.928527
-0.92409
-0.89954
-0.854324
-0.798268
-0.73849
-0.678283
-0.620355
-0.567669
-0.528472
-0.49665
-0.480684
-0.501895
-0.591975
-0.618636
-0.550871
-0.495615
-0.473821
-0.468339
-0.466357
-0.888929
-0.886125
-0.870192
-0.836421
-0.791585
-0.741452
-0.689608
-0.638169
-0.590831
-0.554183
-0.532635
-0.496994
-0.43934
-0.414199
-0.42774
-0.415601
-0.422154
-0.428166
-0.429016
-0.428926
-0.843736
-0.841978
-0.834045
-0.811652
-0.778294
-0.737731
-0.694122
-0.648751
-0.60581
-0.569406
-0.545619
-0.49719
-0.381469
-0.207293
-0.118475
-0.197997
-0.330153
-0.412361
-0.436422
-0.442798
-0.803474
-0.802315
-0.798595
-0.786362
-0.762443
-0.730323
-0.693075
-0.653348
-0.612084
-0.575552
-0.544111
-0.515959
-0.483938
-0.434336
-0.429606
-0.609599
-0.754081
-0.744889
-0.694475
-0.683595
-0.774506
-0.773838
-0.77145
-0.765351
-0.748733
-0.722584
-0.689968
-0.652408
-0.61278
-0.572203
-0.540066
-0.543809
-0.677888
-1.102
-1.58014
-1.76892
-1.73561
-1.58988
-1.42732
-1.30829
-0.753712
-0.753264
-0.752377
-0.749972
-0.739431
-0.717465
-0.686717
-0.649859
-0.607452
-0.561269
-0.527774
-0.496881
-0.634136
-0.866615
-1.11619
-1.27248
-1.18405
-0.996927
-0.840672
-0.743788
-0.740953
-0.74086
-0.740537
-0.739185
-0.733472
-0.714782
-0.684374
-0.645492
-0.59856
-0.54689
-0.487917
-0.433109
-0.3599
-0.265136
-0.129893
0.00168362
0.194974
0.34883
0.431268
0.471789
-0.731798
-0.731779
-0.731422
-0.7309
-0.728074
-0.713355
-0.683547
-0.640719
-0.590462
-0.526509
-0.448133
-0.368355
-0.228469
0.0601282
0.454599
0.847188
1.16832
1.33001
1.38151
1.39443
-0.726419
-0.726322
-0.725856
-0.725112
-0.723417
-0.714433
-0.685474
-0.638393
-0.580828
-0.508459
-0.419798
-0.309759
-0.147392
0.194356
0.626301
1.03885
1.37915
1.56322
1.63778
1.65772
-0.724122
-0.724203
-0.724551
-0.72505
-0.725596
-0.720315
-0.690196
-0.638577
-0.574223
-0.499192
-0.398631
-0.286629
-0.135336
0.175147
0.570202
0.940605
1.24492
1.41302
1.4723
1.47976
-0.719427
-0.720402
-0.722862
-0.727999
-0.733649
-0.728947
-0.694311
-0.640935
-0.578529
-0.496053
-0.393093
-0.288778
-0.162007
0.0935573
0.383581
0.644309
0.85611
0.966015
1.00724
1.01862
-0.71752
-0.718937
-0.720956
-0.721001
-0.719564
-0.714147
-0.686363
-0.647853
-0.591713
-0.503679
-0.400406
-0.307178
-0.199245
-0.0114412
0.192923
0.365818
0.473408
0.531708
0.571397
0.594899
-0.74385
-0.744501
-0.741709
-0.720221
-0.680878
-0.658653
-0.671047
-0.665412
-0.612191
-0.515867
-0.414598
-0.326165
-0.248854
-0.0881935
0.0770305
0.208292
0.294541
0.353879
0.396352
0.417112
-0.795173
-0.7934
-0.787969
-0.767662
-0.731213
-0.710238
-0.727071
-0.71671
-0.639217
-0.530377
-0.43024
-0.34678
-0.286362
-0.158296
-0.00762372
0.119841
0.222229
0.290404
0.330444
0.344806
-0.893187
-0.890016
-0.907664
-0.94282
-0.967973
-0.955552
-0.920324
-0.824497
-0.678539
-0.546957
-0.441234
-0.360129
-0.304187
-0.199606
-0.0758387
0.0483322
0.139654
0.209854
0.244554
0.255497
-1.03528
-1.04004
-1.07774
-1.13356
-1.16552
-1.15343
-1.08494
-0.915793
-0.711831
-0.563332
-0.448354
-0.361538
-0.317182
-0.234618
-0.11884
-0.0154851
0.0595519
0.115411
0.140953
0.148577
-1.09143
-1.10125
-1.13294
-1.16973
-1.193
-1.18089
-1.103
-0.899518
-0.700765
-0.559375
-0.436162
-0.356696
-0.306928
-0.256457
-0.159454
-0.0812571
-0.0175509
0.0268952
0.0471807
0.0516181
-0.978044
-0.986777
-1.01416
-1.04866
-1.07368
-1.06372
-0.969311
-0.786394
-0.637475
-0.503762
-0.410359
-0.343439
-0.291101
-0.258443
-0.188072
-0.129175
-0.0803049
-0.0483217
-0.0341172
-0.0320651
-0.690144
-0.701326
-0.728634
-0.76836
-0.803494
-0.80185
-0.728807
-0.621342
-0.51553
-0.422978
-0.36963
-0.312909
-0.278251
-0.253204
-0.208853
-0.170717
-0.13642
-0.113652
-0.104065
-0.103568
-0.332603
-0.33993
-0.358933
-0.39119
-0.425698
-0.443552
-0.43559
-0.413181
-0.373555
-0.34461
-0.309982
-0.281597
-0.260894
-0.254618
-0.230847
-0.209622
-0.191604
-0.182872
-0.180864
-0.181665
-0.0548743
-0.0585716
-0.0694031
-0.0926933
-0.130433
-0.174102
-0.211257
-0.239097
-0.260399
-0.262544
-0.258233
-0.251978
-0.247503
-0.249115
-0.245999
-0.245774
-0.24741
-0.252637
-0.256393
-0.257057
0.0824315
0.0803309
0.0734773
0.0548406
0.0201947
-0.0305558
-0.0872243
-0.137291
-0.174671
-0.200487
-0.217137
-0.224521
-0.22855
-0.239681
-0.249523
-0.263125
-0.281276
-0.295522
-0.301645
-0.301935
0.118515
0.117231
0.112385
0.0982311
0.0700057
0.0280318
-0.0219112
-0.0735674
-0.120971
-0.157282
-0.186254
-0.20658
-0.215289
-0.231979
-0.250323
-0.271636
-0.290823
-0.304553
-0.309662
-0.309856
0.108654
0.107912
0.104556
0.0945012
0.0740448
0.0420656
0.00155001
-0.0425726
-0.0861667
-0.126878
-0.165567
-0.199649
-0.22433
-0.236916
-0.247342
-0.264079
-0.282051
-0.292221
-0.29445
-0.294076
0.0850642
0.0847016
0.0824786
0.0756634
0.0615013
0.0387857
0.0082505
-0.0275138
-0.0662111
-0.105986
-0.149689
-0.199597
-0.242526
-0.246228
-0.242491
-0.245296
-0.254429
-0.258635
-0.258411
-0.257786
0.0609351
0.0608452
0.0594768
0.0550616
0.0455828
0.029824
0.00765252
-0.0197296
-0.0514461
-0.0869087
-0.129028
-0.183111
-0.230489
-0.227008
-0.212394
-0.206289
-0.206692
-0.205662
-0.204727
-0.204734
0.0410649
0.0410137
0.0401939
0.0374029
0.031238
0.020624
0.00508549
-0.0148808
-0.0386759
-0.0662681
-0.0987885
-0.139033
-0.165954
-0.158549
-0.150178
-0.151532
-0.152246
-0.153186
-0.153849
-0.154555
0.0258925
0.0259465
0.0254757
0.0238378
0.0200433
0.0132121
0.00287373
-0.0109281
-0.0276222
-0.0464822
-0.0651132
-0.0815562
-0.0829784
-0.0809477
-0.0889795
-0.0999691
-0.1069
-0.111399
-0.113547
-0.114266
0.0147651
0.0148445
0.0146115
0.0138017
0.0117086
0.00771613
0.00146844
-0.00697302
-0.0172914
-0.0279089
-0.0340155
-0.0304049
-0.0139052
-0.0186663
-0.0376339
-0.0558256
-0.0671097
-0.0732279
-0.0761854
-0.0768347
0.00686025
0.0069629
0.00693298
0.00663579
0.00566815
0.00375701
0.000634307
-0.0036615
-0.00871123
-0.0134661
-0.0121222
-0.00103921
0.01803
0.0154401
-0.00528637
-0.0219061
-0.0324238
-0.0371267
-0.0388679
-0.0393117
0.00390921
0.00394836
0.003871
0.00356063
0.00287907
0.00151476
-0.000587819
-0.00340568
-0.00677931
-0.00855612
-0.00296241
0.00912211
0.0222329
0.00831979
-0.00801999
-0.0150321
-0.01876
-0.0206195
-0.0211674
-0.00586368
-0.248246
0.0203983
0.195415
0.35956
0.492007
0.597883
0.682886
0.754735
0.800526
0.79024
0.152184
0.271544
0.390983
0.498407
0.589716
0.665796
0.727675
0.77366
0.801073
0.81719
0.370578
0.448754
0.531299
0.607051
0.67209
0.726956
0.771441
0.805644
0.831781
0.851821
0.526989
0.58458
0.642338
0.697341
0.745603
0.787046
0.822048
0.851406
0.875721
0.893719
0.650556
0.693337
0.736465
0.778329
0.816434
0.850278
0.880051
0.905828
0.926688
0.943413
0.752081
0.785956
0.821668
0.856557
0.889063
0.918744
0.94532
0.968314
0.986644
1.00182
0.842525
0.872605
0.904848
0.936882
0.967077
0.994838
1.01968
1.04087
1.05721
1.07102
0.929463
0.959963
0.992554
1.02461
1.0547
1.08206
1.10612
1.12611
1.14091
1.15356
1.02234
1.05643
1.09216
1.12595
1.15685
1.18417
1.20747
1.22628
1.23995
1.25217
1.1337
1.17179
1.21087
1.24591
1.27664
1.30286
1.32466
1.34213
1.35533
1.36814
1.27521
1.31363
1.35215
1.38437
1.41164
1.43497
1.455
1.472
1.48602
1.49984
1.45085
1.48067
1.51072
1.53496
1.556
1.57535
1.59355
1.61087
1.62674
1.64161
1.64444
1.65883
1.67644
1.69323
1.70975
1.72519
1.73935
1.75341
1.76828
1.78444
1.83344
1.83774
1.85064
1.86282
1.87282
1.88214
1.89232
1.90298
1.91233
1.92454
2.06289
2.0493
2.04048
2.02545
2.01437
2.01384
2.02586
2.04966
2.08149
2.11726
2.43709
2.27858
2.17308
2.11423
2.08516
2.07861
2.09378
2.135
2.21424
2.35936
-0.492813
-0.489447
-0.447227
-0.373549
-0.280809
-0.178778
0.772417
0.825915
0.814098
0.742792
0.672891
0.605497
0.404185
0.211595
-0.0107048
-0.299686
-0.64455
)
;

boundaryField
{
    wall-4
    {
        type            zeroGradient;
    }
    pressure-outlet-7
    {
        type            fixedValue;
        value           uniform 0;
    }
    velocity-inlet-6
    {
        type            zeroGradient;
    }
    velocity-inlet-5
    {
        type            zeroGradient;
    }
    frontAndBackPlanes
    {
        type            empty;
    }
}


// ************************************************************************* //
