/*--------------------------------*- C++ -*----------------------------------*\
  =========                 |
  \\      /  F ield         | OpenFOAM: The Open Source CFD Toolbox
   \\    /   O peration     | Website:  https://openfoam.org
    \\  /    A nd           | Version:  6
     \\/     M anipulation  |
\*---------------------------------------------------------------------------*/
FoamFile
{
    version     2.0;
    format      ascii;
    class       volScalarField;
    location    "64";
    object      p;
}
// * * * * * * * * * * * * * * * * * * * * * * * * * * * * * * * * * * * * * //

dimensions      [0 2 -2 0 0 0 0];

internalField   nonuniform List<scalar> 
8800
(
0.924404
0.875088
0.83712
0.809047
0.788879
0.774283
0.763672
0.756113
0.751202
0.749099
0.750433
0.754746
0.761518
0.770924
0.783649
0.800963
0.824836
0.85793
0.900866
0.953379
0.758903
0.765247
0.774395
0.77794
0.775326
0.769229
0.762276
0.756018
0.751193
0.748292
0.748024
0.750618
0.755234
0.761343
0.768431
0.775456
0.780328
0.7802
0.773522
0.764622
0.732429
0.738663
0.74316
0.747025
0.749966
0.750904
0.7498
0.747658
0.745649
0.744773
0.745766
0.748187
0.751049
0.753303
0.753812
0.752016
0.748644
0.744627
0.739844
0.736128
0.728145
0.730909
0.733511
0.735662
0.73739
0.738946
0.740032
0.740362
0.740217
0.740275
0.741038
0.742145
0.742861
0.742692
0.741704
0.74034
0.738664
0.736358
0.733945
0.732378
0.72311
0.724534
0.726369
0.728442
0.730144
0.731422
0.732501
0.733455
0.734229
0.73492
0.735584
0.736005
0.736
0.735615
0.734933
0.733807
0.732143
0.730244
0.728888
0.728086
0.718147
0.71905
0.720291
0.721908
0.723589
0.725105
0.726367
0.72746
0.728484
0.72945
0.730182
0.730528
0.730504
0.730113
0.729293
0.728092
0.726721
0.72545
0.724626
0.724102
0.713274
0.713929
0.714884
0.716191
0.717624
0.719122
0.720581
0.721911
0.723128
0.724273
0.725162
0.725606
0.725586
0.725121
0.72432
0.723363
0.72236
0.721449
0.720867
0.720483
0.708487
0.708991
0.70977
0.710899
0.712183
0.713578
0.715058
0.71656
0.71802
0.719407
0.72049
0.72104
0.721074
0.720719
0.720131
0.719426
0.718676
0.718005
0.717575
0.717276
0.703734
0.704135
0.704788
0.705795
0.707007
0.708347
0.709819
0.711414
0.713085
0.714751
0.716082
0.716819
0.717041
0.716912
0.716563
0.716076
0.71553
0.715052
0.714734
0.714492
0.698934
0.699261
0.699827
0.700755
0.701919
0.703247
0.704754
0.706448
0.708314
0.710274
0.711931
0.712968
0.713472
0.713606
0.713493
0.713231
0.712881
0.712564
0.712331
0.712127
0.694
0.694272
0.694778
0.69566
0.696808
0.698163
0.699745
0.701582
0.703678
0.705982
0.708049
0.709475
0.710321
0.71075
0.710894
0.710859
0.710705
0.710531
0.710365
0.71019
0.688845
0.689074
0.689541
0.690407
0.691579
0.693004
0.694706
0.69674
0.699135
0.701866
0.704434
0.706325
0.707569
0.708339
0.708769
0.708973
0.709017
0.708972
0.708862
0.708706
0.683376
0.683571
0.68402
0.6849
0.686135
0.687673
0.68955
0.691849
0.694629
0.697893
0.701068
0.703513
0.705223
0.70638
0.707133
0.707591
0.707847
0.707927
0.707863
0.707721
0.67749
0.677659
0.678106
0.679028
0.680369
0.682073
0.684191
0.686837
0.690103
0.694023
0.697935
0.701042
0.703301
0.704905
0.706028
0.70679
0.707259
0.707457
0.707433
0.707299
0.671069
0.671216
0.671676
0.67267
0.67416
0.67609
0.678529
0.681621
0.685496
0.690224
0.695028
0.698926
0.701834
0.703964
0.705507
0.706603
0.707312
0.707634
0.707647
0.707517
0.663973
0.664096
0.664585
0.665681
0.667372
0.6696
0.67245
0.676103
0.680733
0.686449
0.692331
0.697174
0.700851
0.703601
0.705639
0.707118
0.708099
0.708549
0.708596
0.708466
0.656012
0.656117
0.656652
0.657885
0.659838
0.662446
0.665817
0.670174
0.675739
0.682659
0.68984
0.695813
0.700398
0.703876
0.706507
0.708436
0.709717
0.710302
0.71038
0.710247
0.646961
0.647065
0.64765
0.649056
0.651348
0.654439
0.658466
0.663703
0.670423
0.678813
0.687553
0.694868
0.700527
0.704863
0.708195
0.710647
0.71227
0.712998
0.713106
0.712965
0.636502
0.636592
0.637268
0.638909
0.641636
0.645346
0.650206
0.656552
0.664707
0.674888
0.685496
0.694389
0.701307
0.706652
0.710785
0.713859
0.715865
0.716742
0.716874
0.716723
0.624263
0.624339
0.625118
0.627072
0.630361
0.634867
0.640795
0.648545
0.65849
0.67086
0.683689
0.694424
0.702801
0.709319
0.714387
0.71817
0.720595
0.721621
0.721772
0.721607
0.609685
0.609754
0.610678
0.613046
0.61707
0.622626
0.629946
0.639494
0.651678
0.666709
0.682167
0.695035
0.705079
0.712938
0.719084
0.723661
0.726532
0.727698
0.727858
0.727676
0.591993
0.592055
0.593193
0.596146
0.601179
0.608149
0.617317
0.629203
0.644205
0.662463
0.680991
0.69629
0.708213
0.717582
0.724917
0.73038
0.733699
0.73498
0.735135
0.734933
0.570027
0.570094
0.571575
0.575404
0.581887
0.590847
0.60255
0.617528
0.63609
0.658219
0.680273
0.698281
0.71227
0.7233
0.731932
0.738316
0.742048
0.743399
0.743529
0.743307
0.542005
0.542101
0.544179
0.549423
0.558148
0.570039
0.585324
0.604427
0.627456
0.654163
0.680166
0.701104
0.717303
0.730094
0.740102
0.747387
0.751436
0.752784
0.752868
0.752626
0.504872
0.505092
0.508386
0.516239
0.528743
0.545146
0.565551
0.590079
0.618561
0.650524
0.680844
0.704876
0.723365
0.737953
0.749349
0.757404
0.7616
0.762848
0.762863
0.762607
0.452789
0.453877
0.460419
0.473659
0.492764
0.51614
0.543619
0.574991
0.609873
0.647659
0.682537
0.709722
0.730486
0.746794
0.759467
0.768072
0.772156
0.773201
0.773136
0.77287
0.377301
0.384706
0.399707
0.422828
0.45179
0.484503
0.520591
0.559799
0.601762
0.64587
0.685643
0.716191
0.739415
0.757583
0.771401
0.780281
0.784102
0.784924
0.784805
0.784571
0.297031
0.313204
0.337563
0.371327
0.410659
0.452873
0.497629
0.544849
0.59427
0.645346
0.690867
0.725556
0.751753
0.772088
0.787093
0.795889
0.79915
0.799708
0.799616
0.79947
0.228267
0.248029
0.280207
0.323149
0.371727
0.422886
0.476076
0.531166
0.587881
0.645684
0.696634
0.735154
0.764068
0.786218
0.80194
0.810373
0.813128
0.813582
0.813549
0.813455
0.171996
0.193979
0.231539
0.281059
0.33688
0.39555
0.456217
0.518578
0.582186
0.646388
0.702471
0.744568
0.775953
0.799691
0.816093
0.824547
0.827153
0.827572
0.827571
0.827506
0.125372
0.148677
0.190137
0.244802
0.306427
0.371304
0.438373
0.507169
0.577056
0.647247
0.708261
0.753809
0.787576
0.812948
0.830185
0.838852
0.841538
0.841947
0.841964
0.841921
0.0857695
0.109868
0.15421
0.213065
0.279585
0.349756
0.422361
0.49687
0.572516
0.648332
0.714042
0.762949
0.799049
0.826023
0.844225
0.853374
0.856209
0.856635
0.856665
0.856642
0.0511547
0.0757864
0.122387
0.184715
0.255421
0.330219
0.40777
0.487473
0.568436
0.649514
0.719704
0.771848
0.810265
0.838822
0.85803
0.867723
0.870792
0.871258
0.871293
0.871282
0.0200325
0.0451045
0.0935704
0.158861
0.233204
0.312084
0.394085
0.478535
0.564442
0.65056
0.725055
0.780333
0.820957
0.851074
0.871222
0.881444
0.884788
0.885334
0.885376
0.885369
-0.0086097
0.0168701
0.0669316
0.134804
0.212344
0.294838
0.380856
0.469696
0.560293
0.651245
0.729934
0.788228
0.830966
0.862521
0.883569
0.894304
0.897896
0.89854
0.898561
0.898551
-0.0355744
-0.00965181
0.0418431
0.112034
0.192396
0.278122
0.367797
0.460708
0.555728
0.651333
0.734159
0.795422
0.840197
0.87311
0.894942
0.906077
0.909865
0.910562
0.910564
0.910541
-0.0612537
-0.0349009
0.0179189
0.090171
0.173054
0.261688
0.354685
0.451347
0.550546
0.650701
0.737637
0.801883
0.848636
0.882799
0.905275
0.916669
0.92058
0.921297
0.921272
0.921228
-0.0860789
-0.0592135
-0.00516806
0.0689505
0.154093
0.245337
0.341358
0.441491
0.544646
0.649232
0.740309
0.807592
0.85633
0.891638
0.91461
0.926151
0.930058
0.930766
0.930707
0.930643
-0.110186
-0.0828012
-0.0275962
0.0482071
0.135369
0.228966
0.327738
0.431071
0.537943
0.646838
0.742121
0.812572
0.863362
0.899761
0.923072
0.934576
0.938428
0.9391
0.93902
0.938936
-0.133702
-0.105768
-0.0494824
0.027853
0.116823
0.212529
0.313786
0.420042
0.530385
0.643458
0.743018
0.816844
0.869836
0.907314
0.930826
0.942149
0.94584
0.946434
0.94633
0.946229
-0.156722
-0.128224
-0.0708736
0.00785307
0.0984249
0.196015
0.299502
0.408413
0.521967
0.639043
0.742937
0.820408
0.875869
0.914495
0.938066
0.949004
0.952409
0.952889
0.952746
0.952631
-0.179303
-0.150161
-0.0917827
-0.0117954
0.0801973
0.179447
0.284923
0.396216
0.512705
0.633559
0.741809
0.823226
0.881547
0.921513
0.945003
0.955297
0.958226
0.958527
0.958353
0.958233
-0.201299
-0.171549
-0.11219
-0.0310785
0.0621698
0.162883
0.270102
0.383515
0.502642
0.627013
0.739565
0.825216
0.886888
0.928599
0.951993
0.961293
0.963437
0.963451
0.963246
0.963133
-0.222683
-0.19235
-0.132082
-0.0499592
0.044393
0.14638
0.255124
0.370377
0.491848
0.619414
0.73614
0.826258
0.891825
0.935914
0.959516
0.967552
0.968367
0.967773
0.967513
0.967459
-0.243511
-0.212536
-0.151433
-0.0684065
0.0269247
0.130016
0.240073
0.356901
0.480407
0.610812
0.73147
0.826217
0.89618
0.943418
0.968034
0.975039
0.973912
0.971893
0.97128
0.971495
-0.263627
-0.23208
-0.170189
-0.0863561
0.0098217
0.113876
0.225045
0.343193
0.468428
0.601294
0.725514
0.824928
0.899691
0.950768
0.977608
0.984865
0.982119
0.977558
0.974745
0.973568
-0.283124
-0.250983
-0.188355
-0.10384
-0.00695041
0.0979191
0.209987
0.329195
0.45584
0.590796
0.718114
0.822137
0.902108
0.957457
0.98765
0.997336
0.995176
0.988072
0.978494
0.97881
-0.301918
-0.269315
-0.206067
-0.121054
-0.0236854
0.0818155
0.194486
0.314424
0.442101
0.578693
0.708616
0.817086
0.902987
0.962883
0.996609
1.01036
1.00957
0.998515
0.980089
0.978065
-0.319873
-0.287035
-0.223155
-0.13781
-0.0401191
0.0658665
0.178749
0.2992
0.427498
0.565219
0.697057
0.809086
0.901483
0.965857
1.00038
1.01454
1.01586
0.990694
0.932882
0.907865
-0.336866
-0.305009
-0.23922
-0.153659
-0.0554829
0.0505523
0.163054
0.283798
0.412313
0.550543
0.683497
0.797532
0.896531
0.965451
0.994166
1.00312
0.990054
0.938718
0.876742
0.838959
-0.379946
-0.3225
-0.254003
-0.169472
-0.070525
0.0349179
0.147542
0.268095
0.396341
0.534311
0.667534
0.781779
0.884243
0.958478
0.975753
0.962899
0.915506
0.850401
0.781459
0.743566
-0.355154
-0.336966
-0.276536
-0.191351
-0.0937613
0.0114359
0.123353
0.243226
0.370521
0.507046
0.638856
0.751124
0.845273
0.926781
0.910413
0.801897
0.711253
0.648274
0.584188
0.611045
-0.386168
-0.354651
-0.293384
-0.208688
-0.11145
-0.00642217
0.10565
0.224845
0.351091
0.485819
0.615019
0.723781
0.807394
0.85306
0.801663
0.662149
0.553067
0.479531
0.397361
0.442723
-0.410273
-0.376313
-0.313282
-0.228511
-0.131336
-0.0263336
0.0856053
0.203989
0.328845
0.46115
0.586518
0.689355
0.761286
0.769159
0.662816
0.507607
0.378517
0.286042
0.190523
0.221857
-0.433767
-0.398723
-0.334286
-0.248841
-0.151585
-0.0467062
0.0647085
0.182111
0.305342
0.434805
0.555308
0.650099
0.704985
0.680176
0.5222
0.345175
0.185316
0.0514791
-0.072847
-0.0600617
-0.457008
-0.421545
-0.356172
-0.270114
-0.172711
-0.0680493
0.0426999
0.158966
0.280278
0.406466
0.521239
0.607924
0.642113
0.5722
0.383896
0.186827
-0.000181586
-0.15402
-0.359495
-0.438623
-0.480683
-0.445244
-0.379304
-0.292801
-0.195225
-0.0907362
0.0194098
0.1345
0.253757
0.37638
0.484969
0.562291
0.571053
0.449556
0.257787
0.0487111
-0.143337
-0.305133
-0.429019
-0.547499
-0.505872
-0.470309
-0.404042
-0.317287
-0.219669
-0.115455
-0.00601263
0.107716
0.224561
0.343039
0.445013
0.509595
0.491025
0.333134
0.139797
-0.0632515
-0.238524
-0.335839
-0.362083
-0.375587
-0.532705
-0.497034
-0.430522
-0.343671
-0.246196
-0.142432
-0.0339462
0.0780989
0.192067
0.305649
0.40052
0.447575
0.40974
0.221352
0.0298655
-0.152978
-0.285219
-0.323103
-0.332089
-0.332429
-0.561462
-0.525544
-0.458785
-0.371942
-0.274756
-0.17168
-0.0644188
0.0455878
0.1562
0.264167
0.350884
0.381654
0.312758
0.119312
-0.0661719
-0.225223
-0.299334
-0.313285
-0.314365
-0.314247
-0.592157
-0.555877
-0.488848
-0.402099
-0.305369
-0.203193
-0.097446
0.0101586
0.116963
0.218693
0.295957
0.312376
0.205226
0.0270338
-0.148658
-0.27538
-0.303964
-0.304171
-0.304474
-0.304001
-0.624534
-0.58786
-0.520613
-0.434062
-0.337953
-0.236921
-0.133006
-0.0281716
0.0744025
0.169351
0.236978
0.234451
0.110007
-0.0577325
-0.213307
-0.286141
-0.300781
-0.298432
-0.297967
-0.297473
-0.658029
-0.621147
-0.553812
-0.467597
-0.372315
-0.272706
-0.17095
-0.0692884
0.0287359
0.116543
0.174402
0.155841
0.0221367
-0.13154
-0.25432
-0.292511
-0.29237
-0.293305
-0.293249
-0.292909
-0.692197
-0.655202
-0.587955
-0.502281
-0.408097
-0.31022
-0.210987
-0.11292
-0.0197462
0.0611488
0.106831
0.0816306
-0.0580739
-0.188982
-0.276069
-0.2857
-0.288538
-0.289603
-0.289596
-0.289499
-0.72608
-0.689127
-0.622288
-0.53746
-0.444733
-0.348974
-0.252649
-0.158571
-0.0706427
0.00397491
0.0390592
0.00672978
-0.127802
-0.233662
-0.280476
-0.292131
-0.288256
-0.286632
-0.28611
-0.286039
-0.757762
-0.721608
-0.655761
-0.572225
-0.481423
-0.388248
-0.295259
-0.205507
-0.123185
-0.0545958
-0.0238117
-0.0717789
-0.187532
-0.276309
-0.296392
-0.294992
-0.288976
-0.283834
-0.28234
-0.281929
-0.7862
-0.751113
-0.686943
-0.60535
-0.517083
-0.427076
-0.33793
-0.252812
-0.17613
-0.114049
-0.085303
-0.139894
-0.236084
-0.308329
-0.328605
-0.311979
-0.295638
-0.287385
-0.28463
-0.283426
-0.808615
-0.775493
-0.714039
-0.635278
-0.550367
-0.464244
-0.379552
-0.2994
-0.228278
-0.172265
-0.146824
-0.1919
-0.269236
-0.322691
-0.323181
-0.323895
-0.323128
-0.318372
-0.313443
-0.310919
-0.822857
-0.79255
-0.734922
-0.660215
-0.579717
-0.498325
-0.418795
-0.343989
-0.278615
-0.226267
-0.20311
-0.232186
-0.284022
-0.327227
-0.321963
-0.334975
-0.345204
-0.342682
-0.338471
-0.3375
-0.826181
-0.799829
-0.747423
-0.678257
-0.603452
-0.527846
-0.45415
-0.385187
-0.325658
-0.275856
-0.248254
-0.266831
-0.276713
-0.319437
-0.316541
-0.315668
-0.316832
-0.318645
-0.320352
-0.321195
-0.816281
-0.794821
-0.749377
-0.687603
-0.620018
-0.551461
-0.484175
-0.421605
-0.367267
-0.323253
-0.277128
-0.295284
-0.257871
-0.249277
-0.272781
-0.290721
-0.30346
-0.311871
-0.315653
-0.316249
-0.790426
-0.774637
-0.738774
-0.686981
-0.628339
-0.568049
-0.508077
-0.451685
-0.402549
-0.366529
-0.31568
-0.313492
-0.260459
-0.208782
-0.266543
-0.312324
-0.337398
-0.349491
-0.353975
-0.355527
-0.752074
-0.741982
-0.716639
-0.676552
-0.628415
-0.577173
-0.5254
-0.474735
-0.431651
-0.40062
-0.375156
-0.371912
-0.381606
-0.335702
-0.364413
-0.410449
-0.430666
-0.43629
-0.438925
-0.440417
-0.708375
-0.702669
-0.687999
-0.659388
-0.622168
-0.579891
-0.535514
-0.491379
-0.451697
-0.425267
-0.410417
-0.459184
-0.604778
-0.780705
-0.735611
-0.616802
-0.568817
-0.545267
-0.533751
-0.530087
-0.66962
-0.666219
-0.659303
-0.640967
-0.612625
-0.577833
-0.539599
-0.500295
-0.462526
-0.435789
-0.416918
-0.492422
-0.566502
-0.662301
-0.691656
-0.680259
-0.64155
-0.557722
-0.504274
-0.500631
-0.641948
-0.640003
-0.636484
-0.625417
-0.603623
-0.573835
-0.539613
-0.501463
-0.464356
-0.428568
-0.412404
-0.390747
-0.361826
-0.367944
-0.397596
-0.442041
-0.478959
-0.456994
-0.403416
-0.377888
-0.621369
-0.620682
-0.619505
-0.613955
-0.597636
-0.571145
-0.537182
-0.499644
-0.456404
-0.415363
-0.398128
-0.354495
-0.23726
-0.116172
-0.027608
0.00812613
0.0280239
0.0169157
0.0236988
0.0293349
-0.60922
-0.608975
-0.608336
-0.605636
-0.594257
-0.569578
-0.534728
-0.493094
-0.444963
-0.396089
-0.346004
-0.293323
-0.0973039
0.0919419
0.299879
0.417347
0.403056
0.368374
0.339279
0.327544
-0.601011
-0.600823
-0.600321
-0.599498
-0.592646
-0.569971
-0.532865
-0.484906
-0.431994
-0.361187
-0.291743
-0.187707
-0.0289167
0.149698
0.258405
0.288678
0.303859
0.354812
0.41639
0.445621
-0.596604
-0.596413
-0.595976
-0.595841
-0.592485
-0.572952
-0.532035
-0.478552
-0.412736
-0.332005
-0.24051
-0.107173
0.0970225
0.25583
0.397077
0.506965
0.596388
0.74652
0.869207
0.920328
-0.593682
-0.594337
-0.595957
-0.597871
-0.59715
-0.577965
-0.532111
-0.473432
-0.400712
-0.310984
-0.200959
-0.0831532
0.139507
0.405297
0.70288
0.981209
1.21554
1.39644
1.49508
1.52651
-0.586831
-0.588463
-0.592131
-0.597491
-0.598723
-0.576921
-0.531692
-0.476767
-0.40206
-0.296891
-0.183519
-0.0703014
0.14131
0.417243
0.771561
1.09886
1.35974
1.53299
1.60752
1.62666
-0.592628
-0.593226
-0.58849
-0.574019
-0.561172
-0.552967
-0.534071
-0.492167
-0.409321
-0.296741
-0.182521
-0.0730001
0.0801109
0.35499
0.670095
0.950058
1.16855
1.2965
1.34766
1.35931
-0.630946
-0.628475
-0.612345
-0.573173
-0.537874
-0.546174
-0.561942
-0.51804
-0.421599
-0.305621
-0.194886
-0.0892444
0.0195591
0.223097
0.486883
0.706
0.874752
0.964241
0.998727
1.00357
-0.701391
-0.699487
-0.70337
-0.707243
-0.701277
-0.690528
-0.663078
-0.563523
-0.435857
-0.319806
-0.208118
-0.119184
-0.0356837
0.112814
0.310206
0.470909
0.589232
0.647018
0.668367
0.67033
-0.83331
-0.848521
-0.892238
-0.936647
-0.944202
-0.905139
-0.798058
-0.619412
-0.457033
-0.330298
-0.224474
-0.149951
-0.0920168
0.0227339
0.155389
0.262766
0.33897
0.376758
0.390767
0.392096
-0.936925
-0.959087
-1.00118
-1.03526
-1.04
-0.997098
-0.850889
-0.631928
-0.463759
-0.332757
-0.23164
-0.170338
-0.130668
-0.0552129
0.0359187
0.102315
0.141431
0.15978
0.166364
0.166219
-0.890727
-0.909432
-0.94188
-0.97097
-0.976802
-0.926795
-0.760833
-0.57354
-0.430171
-0.307766
-0.230273
-0.181164
-0.147207
-0.100328
-0.0558403
-0.0302241
-0.0161481
-0.0126047
-0.0106819
-0.0105219
-0.656419
-0.67646
-0.711873
-0.749411
-0.763199
-0.710686
-0.584515
-0.459613
-0.343907
-0.261347
-0.21493
-0.17342
-0.157295
-0.123211
-0.106946
-0.108179
-0.115949
-0.123721
-0.123837
-0.122954
-0.303595
-0.31824
-0.347116
-0.383248
-0.405721
-0.395591
-0.353074
-0.298172
-0.239863
-0.206238
-0.177085
-0.164165
-0.152213
-0.130043
-0.128282
-0.137415
-0.160895
-0.163689
-0.160432
-0.157815
0.00983826
0.00213005
-0.0166783
-0.0482974
-0.0860745
-0.114422
-0.135639
-0.145785
-0.148298
-0.136859
-0.137846
-0.148366
-0.152847
-0.122561
-0.106422
-0.106297
-0.110439
-0.109362
-0.10758
-0.107194
0.186078
0.182115
0.169148
0.141667
0.0981306
0.0440868
-0.00371362
-0.0408419
-0.0634308
-0.0765411
-0.0910484
-0.110818
-0.124562
-0.0889758
-0.0612111
-0.0476052
-0.0356097
-0.0305979
-0.0290404
-0.030126
0.243151
0.240766
0.231561
0.209615
0.172464
0.12489
0.0745085
0.0303127
-0.00233215
-0.0212301
-0.0347823
-0.0440623
-0.0423949
-0.0220368
-0.00399327
0.00710309
0.0182572
0.0241134
0.0245638
0.0237501
0.238932
0.237449
0.231266
0.215946
0.188929
0.152624
0.112145
0.073988
0.0439411
0.0278782
0.0232838
0.0331241
0.0467409
0.0515735
0.0544657
0.0558038
0.0598872
0.0620731
0.0621273
0.060921
0.212277
0.211463
0.207621
0.19775
0.179804
0.154532
0.124885
0.0963305
0.0736895
0.0641209
0.0715196
0.0953508
0.116712
0.107487
0.0959976
0.0891271
0.0864526
0.0856639
0.0848168
0.0839091
0.179764
0.17942
0.177233
0.171275
0.160023
0.143666
0.123732
0.104111
0.0892896
0.0878308
0.103542
0.133359
0.154046
0.141809
0.123525
0.112237
0.106309
0.102165
0.0998363
0.0989409
0.147122
0.147032
0.145932
0.142541
0.135856
0.125818
0.113361
0.101574
0.0940387
0.098199
0.119415
0.150568
0.167841
0.153864
0.136763
0.124615
0.116915
0.111581
0.108927
0.108352
0.116066
0.116101
0.115602
0.113827
0.11008
0.104285
0.0970452
0.0905044
0.0879592
0.0958761
0.118941
0.148898
0.162773
0.147122
0.132301
0.124859
0.121237
0.118191
0.116199
0.115484
0.0863722
0.086497
0.0863751
0.0856164
0.0837654
0.0807228
0.0769469
0.0738922
0.0739831
0.082219
0.101938
0.125925
0.134688
0.124788
0.115448
0.114084
0.114549
0.114046
0.112756
0.111936
0.0581022
0.0582313
0.0582783
0.0581482
0.0574215
0.0560775
0.0543339
0.0530908
0.0540744
0.0600457
0.0709714
0.0806841
0.0829822
0.0769471
0.0788771
0.0871749
0.0924461
0.0941294
0.0933496
0.0923064
0.031269
0.0313793
0.0314893
0.0315632
0.0314454
0.0310338
0.0304283
0.0301683
0.0305817
0.0331427
0.0337732
0.0180027
0.0071254
0.0149708
0.031056
0.0462824
0.0539313
0.0552393
0.054581
0.0538438
0.00582932
0.00587554
0.00584847
0.00596771
0.00627171
0.00644542
0.00646169
0.00635646
0.00652331
0.00602676
0.00538643
-0.000357251
-0.0126115
-0.00286269
0.00146201
0.00618771
0.00426165
0.00438355
0.0069902
0.00811166
0.0723161
0.261763
0.435975
0.583674
0.702407
0.796574
0.875146
0.93901
0.95537
0.951709
0.364047
0.486022
0.600419
0.699881
0.783735
0.853065
0.90773
0.944704
0.964484
0.981057
0.562179
0.643581
0.724145
0.794868
0.8552
0.90526
0.944662
0.974664
0.997221
1.01646
0.708794
0.766437
0.824617
0.876845
0.921897
0.960228
0.992383
1.01934
1.03965
1.05854
0.826185
0.869498
0.912492
0.952829
0.988866
1.02069
1.04853
1.07211
1.09007
1.10811
0.923325
0.959127
0.994415
1.02819
1.05934
1.08754
1.11242
1.13329
1.14907
1.16655
1.01179
1.04381
1.07614
1.10737
1.1364
1.16278
1.18591
1.20485
1.21877
1.23578
1.09882
1.13142
1.16386
1.19508
1.22386
1.24966
1.2718
1.28933
1.30172
1.31825
1.19326
1.22968
1.26444
1.2969
1.32609
1.35145
1.37258
1.38887
1.40049
1.41664
1.30632
1.34689
1.38393
1.4169
1.4454
1.46941
1.48904
1.50432
1.51622
1.5323
1.44768
1.48877
1.52404
1.55365
1.57886
1.60047
1.61898
1.63447
1.64759
1.66354
1.61925
1.65168
1.67855
1.70087
1.72096
1.73968
1.75742
1.77419
1.78911
1.80483
1.8056
1.82287
1.83999
1.85667
1.87277
1.88751
1.90141
1.91589
1.93113
1.94843
1.98898
1.99896
2.01216
2.02315
2.03255
2.04221
2.05282
2.063
2.07229
2.09796
2.20689
2.20119
2.18825
2.17398
2.16768
2.1734
2.19154
2.22006
2.25383
2.29015
2.5097
2.37374
2.29424
2.25173
2.2344
2.23838
2.26581
2.32368
2.43134
2.60975
0.8281
0.821797
0.814066
0.80295
0.789377
0.776725
0.766324
0.758307
0.752584
0.749247
0.748892
0.751724
0.756957
0.764315
0.773865
0.785696
0.799258
0.812188
0.821178
0.828719
0.73717
0.743089
0.75116
0.757291
0.760358
0.759843
0.756753
0.752753
0.749158
0.746869
0.746733
0.748986
0.752741
0.757189
0.761292
0.763539
0.762466
0.757831
0.750777
0.742944
0.730422
0.732795
0.736061
0.738832
0.741281
0.743467
0.744642
0.74449
0.743547
0.742736
0.74295
0.744367
0.746151
0.747382
0.747309
0.745844
0.743688
0.741327
0.738346
0.735328
0.725637
0.726726
0.728642
0.730978
0.732847
0.734242
0.735456
0.736444
0.737038
0.737413
0.737968
0.738715
0.739186
0.739071
0.738446
0.737526
0.736197
0.734228
0.732122
0.730645
0.720619
0.721253
0.722381
0.724137
0.725978
0.727568
0.728814
0.729872
0.730848
0.731743
0.732531
0.733058
0.733201
0.733
0.732467
0.731496
0.730071
0.728463
0.727126
0.726325
0.715701
0.71614
0.716928
0.71823
0.719749
0.721309
0.722782
0.724072
0.72522
0.726303
0.727259
0.72787
0.728056
0.727827
0.727168
0.726173
0.725023
0.723881
0.722978
0.722445
0.710875
0.711202
0.711814
0.712882
0.714174
0.71557
0.717043
0.71851
0.719894
0.721192
0.722343
0.723099
0.723335
0.723099
0.722508
0.72173
0.720888
0.720036
0.719376
0.718984
0.706114
0.706368
0.706861
0.707771
0.70894
0.710244
0.71166
0.71318
0.714751
0.716308
0.717709
0.71864
0.718994
0.718906
0.718532
0.717992
0.717364
0.71674
0.716259
0.71596
0.701349
0.701551
0.701961
0.702761
0.703852
0.705109
0.706511
0.708075
0.709787
0.711591
0.713288
0.714484
0.715078
0.715237
0.715105
0.714793
0.714373
0.713941
0.713601
0.713366
0.696493
0.696656
0.697008
0.697735
0.69878
0.700019
0.701451
0.7031
0.704972
0.707035
0.709083
0.710645
0.71157
0.712025
0.712152
0.712073
0.711867
0.711611
0.711387
0.7112
0.69146
0.691592
0.691903
0.692585
0.693615
0.69488
0.696382
0.69816
0.700245
0.702627
0.705104
0.70712
0.708442
0.709239
0.709659
0.709831
0.709839
0.709753
0.709627
0.709475
0.68616
0.686267
0.68655
0.687214
0.688262
0.689597
0.691212
0.693175
0.695541
0.698329
0.701334
0.703895
0.705685
0.706878
0.70763
0.708075
0.708307
0.708392
0.708353
0.708228
0.680496
0.680581
0.680849
0.681518
0.682622
0.684067
0.685852
0.688068
0.690799
0.694096
0.697748
0.700965
0.70331
0.70496
0.706088
0.706851
0.707332
0.707578
0.707616
0.707513
0.674359
0.674425
0.674686
0.675385
0.67658
0.678184
0.680202
0.68275
0.685945
0.689877
0.69432
0.698324
0.701328
0.703517
0.705078
0.706198
0.706954
0.707375
0.707486
0.7074
0.667617
0.667665
0.667929
0.668679
0.670004
0.671823
0.67415
0.677126
0.680907
0.68562
0.691024
0.695977
0.699766
0.70259
0.704658
0.70618
0.707251
0.707862
0.708045
0.707972
0.660116
0.660144
0.660416
0.661239
0.66274
0.664839
0.667562
0.671079
0.67559
0.681266
0.687838
0.693927
0.698646
0.70222
0.704889
0.706892
0.708322
0.709135
0.709391
0.709327
0.651644
0.651661
0.651939
0.652864
0.654596
0.657054
0.660278
0.664474
0.669891
0.676748
0.684733
0.692186
0.698011
0.702467
0.705847
0.708422
0.710259
0.711297
0.711625
0.711568
0.641906
0.641899
0.642228
0.643298
0.645327
0.648241
0.652101
0.657155
0.663704
0.672014
0.681709
0.690781
0.697909
0.703404
0.707619
0.710861
0.713169
0.714454
0.714855
0.7148
0.630602
0.630573
0.630952
0.632214
0.634615
0.638119
0.642793
0.648934
0.656902
0.667003
0.678761
0.689747
0.698397
0.705107
0.710297
0.71431
0.717158
0.718706
0.719176
0.719119
0.617243
0.617192
0.617649
0.619161
0.622048
0.626321
0.63205
0.639587
0.649349
0.661663
0.675903
0.689133
0.699539
0.707644
0.713972
0.718867
0.722313
0.724133
0.724664
0.7246
0.601172
0.601099
0.60168
0.603544
0.607081
0.612377
0.619503
0.628858
0.640898
0.655944
0.673148
0.68899
0.701399
0.711088
0.718703
0.724594
0.728692
0.730778
0.731354
0.731275
0.58144
0.581349
0.582132
0.584507
0.588958
0.595676
0.604707
0.616485
0.631463
0.649881
0.670587
0.689405
0.704059
0.715512
0.72453
0.731532
0.7363
0.73862
0.739215
0.739114
0.556613
0.556521
0.55764
0.560806
0.566634
0.575429
0.587164
0.602244
0.62103
0.643584
0.668359
0.690492
0.707592
0.720954
0.731504
0.739657
0.745065
0.74755
0.748124
0.747994
0.524354
0.524308
0.526033
0.530563
0.538691
0.550725
0.566442
0.586073
0.609745
0.637269
0.666657
0.692388
0.712077
0.727441
0.739573
0.748889
0.754811
0.757342
0.757846
0.757681
0.48049
0.480646
0.483684
0.491044
0.503474
0.520829
0.542447
0.568218
0.597959
0.631257
0.665722
0.695251
0.717595
0.734971
0.748669
0.759033
0.765235
0.767635
0.76802
0.767821
0.41724
0.418566
0.425937
0.439806
0.460104
0.485912
0.515847
0.549418
0.586308
0.626021
0.665864
0.699248
0.724203
0.743497
0.758563
0.769692
0.775854
0.7779
0.778122
0.77791
0.341737
0.344343
0.358655
0.382521
0.413574
0.449416
0.488379
0.530213
0.57473
0.621499
0.667532
0.705628
0.733908
0.755645
0.77233
0.784022
0.789962
0.791757
0.791936
0.791822
0.264463
0.271381
0.29286
0.32674
0.368259
0.413896
0.461893
0.512063
0.564282
0.618168
0.6705
0.713404
0.74504
0.769219
0.787554
0.799548
0.80487
0.80618
0.806295
0.806252
0.201463
0.210238
0.236344
0.277316
0.327087
0.381048
0.437191
0.495183
0.554781
0.615529
0.673863
0.72125
0.755972
0.782274
0.801724
0.813838
0.818866
0.820074
0.820217
0.820229
0.149872
0.159361
0.188988
0.235242
0.291225
0.351855
0.414885
0.479797
0.546147
0.613297
0.677316
0.728986
0.766602
0.794924
0.815589
0.828111
0.833023
0.834194
0.834411
0.834461
0.106697
0.116494
0.148526
0.198912
0.259994
0.326176
0.395032
0.465949
0.538337
0.611407
0.680826
0.736638
0.77708
0.807382
0.829289
0.842322
0.847432
0.848801
0.849042
0.849117
0.0694688
0.0794012
0.113237
0.166933
0.232282
0.303225
0.377165
0.453419
0.531318
0.609899
0.684406
0.74418
0.787401
0.819649
0.842887
0.856638
0.862138
0.863597
0.863839
0.863916
0.0365116
0.0464948
0.0817518
0.13819
0.207172
0.282255
0.360722
0.441817
0.524769
0.608492
0.687845
0.751446
0.797338
0.831504
0.855994
0.870551
0.876469
0.878054
0.878304
0.878364
0.00657049
0.0165926
0.0530083
0.111809
0.183945
0.262664
0.345164
0.430658
0.518307
0.606926
0.69098
0.758258
0.806726
0.842708
0.868436
0.883691
0.890043
0.89176
0.891999
0.892041
-0.021298
-0.0112182
0.026226
0.0871243
0.162047
0.243974
0.330091
0.419624
0.511684
0.60497
0.693571
0.764453
0.815412
0.853107
0.879947
0.895869
0.902613
0.904427
0.904646
0.904658
-0.0476545
-0.0375089
0.000893171
0.063678
0.14106
0.225854
0.315244
0.408478
0.504642
0.602396
0.695459
0.769949
0.823341
0.862676
0.890535
0.906937
0.913927
0.915825
0.91603
0.916011
-0.0729613
-0.0626782
-0.0233781
0.0411202
0.120699
0.208062
0.300409
0.397027
0.497031
0.599077
0.696565
0.774679
0.830524
0.871418
0.900142
0.916922
0.924019
0.925926
0.926116
0.926066
-0.0975071
-0.0870112
-0.0468538
0.0192198
0.100769
0.190428
0.285453
0.385176
0.488761
0.594917
0.696795
0.778622
0.836991
0.879425
0.908889
0.925883
0.93295
0.934813
0.934978
0.934909
-0.121396
-0.110661
-0.0696781
-0.00216501
0.0811532
0.172875
0.270316
0.372871
0.479768
0.589831
0.69608
0.781765
0.842809
0.886821
0.916914
0.93394
0.940889
0.942663
0.94278
0.942685
-0.144752
-0.133747
-0.0919667
-0.0230954
0.0618035
0.155364
0.254971
0.36009
0.470033
0.583792
0.694353
0.784076
0.848041
0.893752
0.924412
0.941303
0.947977
0.949593
0.949655
0.949538
-0.167571
-0.156317
-0.113736
-0.0435991
0.0427094
0.137901
0.23944
0.346857
0.459574
0.576777
0.691557
0.7855
0.85273
0.900389
0.931585
0.948118
0.954334
0.955707
0.955686
0.955546
-0.189931
-0.178358
-0.134965
-0.0636688
0.0238864
0.120515
0.22376
0.333226
0.448432
0.568796
0.687646
0.785962
0.856856
0.906875
0.938706
0.954637
0.960077
0.961055
0.960939
0.960793
-0.211623
-0.199833
-0.155639
-0.0832923
0.00537777
0.103272
0.207996
0.319261
0.436672
0.559896
0.682585
0.785371
0.860342
0.913293
0.946114
0.961301
0.965534
0.965798
0.965512
0.965381
-0.2328
-0.220689
-0.175731
-0.102445
-0.0127912
0.0862107
0.192234
0.305039
0.424374
0.550147
0.676362
0.783621
0.863048
0.919584
0.954091
0.96879
0.971391
0.970277
0.969511
0.969445
-0.25328
-0.240888
-0.195224
-0.121079
-0.0305421
0.0694128
0.176559
0.290678
0.411642
0.539611
0.668996
0.780602
0.864788
0.925509
0.962645
0.977836
0.979031
0.97572
0.973452
0.973125
-0.273164
-0.260456
-0.214061
-0.139137
-0.0478382
0.0529468
0.161055
0.276259
0.398582
0.528416
0.660542
0.77619
0.865348
0.930672
0.971267
0.98856
0.990057
0.985018
0.978981
0.970333
-0.292337
-0.279384
-0.232332
-0.156785
-0.0649024
0.0365322
0.145389
0.26138
0.384749
0.516072
0.6505
0.769831
0.864352
0.934839
0.979355
1.00034
1.00471
0.999174
0.988176
0.986903
-0.310758
-0.29775
-0.25003
-0.173966
-0.0817185
0.0202052
0.12959
0.246021
0.370108
0.502448
0.638682
0.76102
0.861037
0.937218
0.984982
1.00905
1.01573
1.01275
0.978752
0.940222
-0.328194
-0.315415
-0.267087
-0.190563
-0.0982774
0.00395953
0.113661
0.230315
0.354728
0.487579
0.625006
0.749389
0.85424
0.936923
0.986185
1.00603
1.01252
0.992298
0.939933
0.885026
-0.347351
-0.331171
-0.283174
-0.206096
-0.114302
-0.0119636
0.0972499
0.214306
0.338697
0.47157
0.609401
0.734684
0.84209
0.934076
0.981334
1.0019
0.977416
0.930426
0.865191
0.805535
-0.337104
-0.313298
-0.261242
-0.179884
-0.0813699
0.0240376
0.138739
0.259109
0.387095
0.524711
0.65778
0.771814
0.872956
0.963072
0.986301
0.919376
0.870732
0.808872
0.742611
0.700388
-0.351174
-0.343507
-0.303134
-0.230868
-0.139045
-0.0375921
0.0719124
0.188655
0.312514
0.444513
0.581237
0.705775
0.810096
0.90295
0.964092
0.944498
0.837735
0.760761
0.702892
0.629641
-0.37268
-0.362093
-0.318312
-0.244685
-0.152326
-0.0513505
0.0570982
0.172863
0.295814
0.42651
0.561637
0.684816
0.785492
0.865488
0.88885
0.804197
0.678607
0.596808
0.532736
0.457894
-0.396089
-0.384322
-0.337429
-0.262923
-0.170628
-0.0694503
0.0390605
0.154589
0.27668
0.405952
0.538306
0.657343
0.74923
0.80968
0.78674
0.657056
0.522345
0.426027
0.348703
0.240786
-0.419308
-0.407488
-0.358831
-0.283155
-0.19083
-0.0895724
0.0188108
0.133776
0.254762
0.382146
0.511026
0.624488
0.70688
0.742085
0.678734
0.508025
0.34995
0.225344
0.122839
-0.0164002
-0.442436
-0.430648
-0.380875
-0.304126
-0.211464
-0.110226
-0.00224612
0.111858
0.231458
0.356524
0.481362
0.588247
0.66156
0.660188
0.54474
0.358965
0.172773
0.00812433
-0.131952
-0.378913
-0.4659
-0.454247
-0.403793
-0.326316
-0.233331
-0.132076
-0.0245211
0.0886814
0.206739
0.329176
0.449508
0.54847
0.608772
0.575229
0.41372
0.217684
0.0157605
-0.161518
-0.329793
-0.590788
-0.490293
-0.47876
-0.427955
-0.35
-0.256778
-0.155513
-0.048352
0.0639562
0.180379
0.299933
0.41544
0.505846
0.548769
0.491348
0.293363
0.091904
-0.10731
-0.27677
-0.36253
-0.411599
-0.516304
-0.504829
-0.453733
-0.375495
-0.282233
-0.181137
-0.0745395
0.0366235
0.151045
0.267137
0.377108
0.457956
0.480306
0.379211
0.180603
-0.0181433
-0.194497
-0.306399
-0.34202
-0.348029
-0.54412
-0.532641
-0.481239
-0.402812
-0.309646
-0.208912
-0.103113
0.00661746
0.118628
0.230661
0.334199
0.405011
0.397298
0.266756
0.0751729
-0.109869
-0.257697
-0.309884
-0.319385
-0.321867
-0.57389
-0.562315
-0.510538
-0.431966
-0.339015
-0.238845
-0.134087
-0.0261169
0.0830803
0.190524
0.286685
0.346869
0.314461
0.160588
-0.0185187
-0.190809
-0.286448
-0.308611
-0.308736
-0.30888
-0.605489
-0.593789
-0.541593
-0.462929
-0.370312
-0.270899
-0.167459
-0.0615801
0.0444142
0.146744
0.234993
0.2817
0.239635
0.0641973
-0.10066
-0.247331
-0.298825
-0.300691
-0.301052
-0.300844
-0.638548
-0.626753
-0.574184
-0.495539
-0.403406
-0.304971
-0.203138
-0.0997081
0.00269359
0.0995272
0.179354
0.21376
0.156028
-0.0191279
-0.17199
-0.273797
-0.29641
-0.296011
-0.295651
-0.295253
-0.672607
-0.660752
-0.607923
-0.529446
-0.437993
-0.340807
-0.240892
-0.140295
-0.0418835
0.0493147
0.120122
0.14322
0.063245
-0.0926461
-0.225587
-0.275566
-0.288556
-0.290496
-0.29139
-0.291369
-0.7069
-0.695082
-0.642163
-0.564074
-0.473585
-0.377975
-0.280348
-0.182968
-0.0889794
-0.00345218
0.0589881
0.0660204
-0.0209184
-0.154372
-0.255385
-0.291775
-0.28855
-0.288426
-0.288202
-0.288105
-0.740341
-0.728651
-0.675944
-0.598582
-0.509454
-0.415838
-0.320918
-0.227135
-0.137959
-0.0583775
-0.00167909
-0.00787085
-0.0969021
-0.209798
-0.278001
-0.291331
-0.289991
-0.286279
-0.284527
-0.284161
-0.770953
-0.759713
-0.707906
-0.63183
-0.544606
-0.453515
-0.361807
-0.272011
-0.187898
-0.114527
-0.0623534
-0.073727
-0.163815
-0.256832
-0.307849
-0.308522
-0.297236
-0.286581
-0.282253
-0.281285
-0.797235
-0.786711
-0.736401
-0.662308
-0.577742
-0.489853
-0.401972
-0.316615
-0.237719
-0.170303
-0.124346
-0.131521
-0.215068
-0.290181
-0.323395
-0.324742
-0.310218
-0.302414
-0.297161
-0.294449
-0.816524
-0.806949
-0.759232
-0.688176
-0.607298
-0.52347
-0.44013
-0.359762
-0.286284
-0.224207
-0.183403
-0.184281
-0.247905
-0.307059
-0.322654
-0.325413
-0.338559
-0.340466
-0.334365
-0.329767
-0.82656
-0.817927
-0.773973
-0.707426
-0.631511
-0.552831
-0.474824
-0.400097
-0.332193
-0.275414
-0.234684
-0.233372
-0.265415
-0.308478
-0.325626
-0.324816
-0.33242
-0.332792
-0.331229
-0.330758
-0.823504
-0.81618
-0.778651
-0.718055
-0.648555
-0.576414
-0.504626
-0.43609
-0.373866
-0.323132
-0.278828
-0.271305
-0.276958
-0.275786
-0.299938
-0.2993
-0.303699
-0.30841
-0.312646
-0.314354
-0.805209
-0.80019
-0.770863
-0.718455
-0.657045
-0.592839
-0.528458
-0.466224
-0.410188
-0.364916
-0.324503
-0.302651
-0.277739
-0.206457
-0.226818
-0.274856
-0.304545
-0.32068
-0.327459
-0.329326
-0.772361
-0.768829
-0.748996
-0.707766
-0.656438
-0.601398
-0.545465
-0.489984
-0.439897
-0.399146
-0.373649
-0.342627
-0.327758
-0.271945
-0.270761
-0.328709
-0.364449
-0.381009
-0.388497
-0.39137
-0.730119
-0.727915
-0.716816
-0.688275
-0.647885
-0.602795
-0.555185
-0.507427
-0.461826
-0.426842
-0.403661
-0.4044
-0.438914
-0.502973
-0.507275
-0.499772
-0.510535
-0.504058
-0.497477
-0.494266
-0.687545
-0.686263
-0.681057
-0.664626
-0.635198
-0.598722
-0.558935
-0.517358
-0.476833
-0.443246
-0.422104
-0.449386
-0.569727
-0.767783
-0.859399
-0.721581
-0.631445
-0.576224
-0.539869
-0.529058
-0.654053
-0.653364
-0.650837
-0.641663
-0.621494
-0.592449
-0.558401
-0.520906
-0.482979
-0.446784
-0.428556
-0.416211
-0.452742
-0.459814
-0.531746
-0.598431
-0.620818
-0.593924
-0.527396
-0.48606
-0.630765
-0.630095
-0.628765
-0.624964
-0.611141
-0.587367
-0.555799
-0.520427
-0.480019
-0.442259
-0.411576
-0.387202
-0.344232
-0.267467
-0.214965
-0.204102
-0.217091
-0.228642
-0.202814
-0.168576
-0.614695
-0.61446
-0.613918
-0.612024
-0.604166
-0.584183
-0.554119
-0.516659
-0.475249
-0.428023
-0.3855
-0.373981
-0.247975
-0.0729964
0.088045
0.206391
0.272601
0.247869
0.225788
0.214216
-0.604656
-0.604617
-0.604248
-0.603562
-0.59971
-0.583089
-0.552928
-0.512245
-0.464985
-0.408229
-0.353755
-0.287497
-0.161967
0.0404491
0.229049
0.375538
0.399546
0.382988
0.377753
0.379748
-0.598303
-0.598239
-0.59782
-0.597302
-0.595981
-0.584041
-0.553325
-0.507822
-0.451526
-0.388612
-0.305574
-0.212252
-0.0590528
0.106014
0.235593
0.282876
0.320312
0.396635
0.52041
0.603314
-0.595371
-0.595392
-0.59554
-0.595783
-0.595491
-0.588059
-0.555704
-0.504281
-0.442958
-0.366461
-0.268807
-0.165551
0.016744
0.24643
0.470028
0.68576
0.851785
1.02709
1.17343
1.24911
-0.590268
-0.591091
-0.593248
-0.597348
-0.601331
-0.593597
-0.557297
-0.504483
-0.440439
-0.352915
-0.248126
-0.139373
0.0232742
0.269634
0.581737
0.929455
1.23112
1.45499
1.58799
1.63744
-0.585483
-0.586812
-0.588421
-0.588148
-0.587036
-0.579449
-0.551631
-0.511276
-0.44763
-0.353079
-0.239197
-0.121947
0.00803407
0.254747
0.57242
0.897872
1.17495
1.37689
1.47895
1.51338
-0.607737
-0.608254
-0.604174
-0.582554
-0.548191
-0.535174
-0.545059
-0.529715
-0.463751
-0.360787
-0.243935
-0.131126
-0.0274449
0.156204
0.439033
0.712489
0.937003
1.08841
1.15803
1.17986
-0.660748
-0.658778
-0.652254
-0.632181
-0.602593
-0.589281
-0.603816
-0.577092
-0.486177
-0.370142
-0.255095
-0.152097
-0.0582132
0.0597675
0.286006
0.495014
0.66597
0.773323
0.819729
0.832783
-0.763628
-0.760965
-0.778748
-0.813309
-0.835028
-0.820154
-0.779149
-0.668903
-0.515928
-0.382614
-0.270518
-0.17202
-0.099461
-0.0115696
0.151108
0.297878
0.415565
0.485376
0.515357
0.522989
-0.898989
-0.904345
-0.940622
-0.990723
-1.01664
-0.999593
-0.922359
-0.740305
-0.539545
-0.397362
-0.277652
-0.192209
-0.13822
-0.0761647
0.042496
0.138828
0.21097
0.25152
0.269749
0.274296
-0.934025
-0.944015
-0.974943
-1.00939
-1.02925
-1.01226
-0.920228
-0.709163
-0.52665
-0.385088
-0.274333
-0.202393
-0.155055
-0.117186
-0.0482941
0.0108107
0.0459413
0.0627534
0.069077
0.0711473
-0.793641
-0.802858
-0.830919
-0.86647
-0.891125
-0.875378
-0.767003
-0.595506
-0.456876
-0.332385
-0.25615
-0.196127
-0.167193
-0.133422
-0.0967176
-0.0794168
-0.0734809
-0.0740986
-0.0760933
-0.0753633
-0.481826
-0.492551
-0.519108
-0.557711
-0.590309
-0.586879
-0.518623
-0.429118
-0.333154
-0.260509
-0.213473
-0.181309
-0.161743
-0.143175
-0.120972
-0.122905
-0.139089
-0.154024
-0.154696
-0.152254
-0.130341
-0.136769
-0.153657
-0.183178
-0.217621
-0.236096
-0.238867
-0.227215
-0.205992
-0.181443
-0.162543
-0.15708
-0.158232
-0.141667
-0.1242
-0.124726
-0.139064
-0.146073
-0.143686
-0.141168
0.117425
0.114138
0.10448
0.0822901
0.0454755
-0.00188646
-0.0431768
-0.0757754
-0.0975807
-0.104674
-0.109296
-0.123943
-0.145523
-0.126304
-0.0973492
-0.0779008
-0.0731686
-0.0695827
-0.0675276
-0.067006
0.226586
0.224824
0.218787
0.201385
0.168118
0.120166
0.065892
0.0179493
-0.0179585
-0.0404054
-0.0563625
-0.0724269
-0.0871592
-0.0697177
-0.0460309
-0.0281189
-0.0131841
-0.00262895
0.00109164
0.000278376
0.246046
0.245041
0.241001
0.2285
0.203105
0.165024
0.120554
0.075605
0.0372692
0.0116427
-0.00188899
-0.00568366
-0.00194392
0.0124304
0.0239405
0.0293843
0.0374476
0.0434521
0.0454134
0.0445406
0.227164
0.226674
0.224129
0.21592
0.198685
0.17178
0.138372
0.103355
0.0726308
0.0523185
0.0471377
0.0566272
0.0786096
0.0819233
0.0807184
0.0745565
0.0738978
0.0748213
0.0749734
0.0740366
0.196292
0.196143
0.194682
0.189647
0.178723
0.161161
0.138244
0.113256
0.0910195
0.078182
0.0815822
0.102422
0.131165
0.132503
0.118962
0.105192
0.0987251
0.096483
0.0942907
0.092897
0.163193
0.163269
0.162574
0.159731
0.153201
0.142276
0.127572
0.111444
0.097497
0.0916941
0.102323
0.127812
0.157137
0.158581
0.140977
0.12553
0.115612
0.109075
0.105406
0.104009
0.131341
0.13148
0.131153
0.129677
0.12597
0.119541
0.110715
0.101057
0.0936238
0.0933208
0.108041
0.135756
0.164149
0.162215
0.143753
0.130654
0.123074
0.118092
0.114368
0.112995
0.100939
0.101127
0.101063
0.100415
0.0985229
0.0950177
0.0900958
0.0848231
0.0815301
0.084315
0.0995779
0.125586
0.149919
0.145076
0.13074
0.122809
0.120088
0.118357
0.116571
0.115518
0.0719817
0.0721603
0.0722324
0.0720663
0.0712975
0.0696503
0.067225
0.0647192
0.063755
0.0672549
0.0788346
0.0965295
0.11248
0.112476
0.101309
0.101004
0.104331
0.105823
0.105683
0.10473
0.0444483
0.0445982
0.0447005
0.0447313
0.0445623
0.0439778
0.0429713
0.0419904
0.0419212
0.0440947
0.0502617
0.0547866
0.0437181
0.0407336
0.0509709
0.0632478
0.0721566
0.0763886
0.0766005
0.0755446
0.00586552
0.00585706
0.00587498
0.00612734
0.00638125
0.00647557
0.00644108
0.00635763
0.00645956
0.00579495
0.0041558
-0.00843226
-0.00768153
-0.00150537
0.00520199
0.00546098
0.00362223
0.00561832
0.00776591
0.0315882
-0.56096
-0.126476
0.20926
0.428761
0.590763
0.715317
0.812574
0.893548
0.979922
1.03237
0.146212
0.311916
0.456622
0.587099
0.696977
0.787078
0.860555
0.918462
0.950112
0.957327
0.428321
0.519813
0.619288
0.709244
0.786432
0.851317
0.903631
0.942464
0.969087
0.988961
0.607815
0.673735
0.743011
0.807716
0.863872
0.911464
0.950592
0.982188
1.00737
1.02708
0.745873
0.794972
0.845204
0.893071
0.935799
0.973012
1.00511
1.03271
1.05528
1.07274
0.857049
0.896664
0.934958
0.972353
1.00725
1.03875
1.06671
1.091
1.11052
1.12663
0.953084
0.984823
1.01844
1.05121
1.08218
1.1107
1.13623
1.15824
1.17553
1.19011
1.04107
1.07092
1.10299
1.13454
1.16443
1.19188
1.21624
1.2368
1.25231
1.26563
1.12952
1.16164
1.19566
1.22831
1.25872
1.28612
1.30985
1.32929
1.34347
1.3559
1.23012
1.26634
1.30398
1.33852
1.36956
1.39656
1.41919
1.43732
1.45067
1.46317
1.35526
1.39423
1.4339
1.46819
1.49767
1.52267
1.54354
1.56059
1.57401
1.58745
1.51422
1.54996
1.58518
1.61375
1.63795
1.65931
1.67852
1.69579
1.71073
1.72518
1.70226
1.72465
1.74832
1.76817
1.78646
1.80385
1.82038
1.83678
1.85298
1.86857
1.8948
1.90296
1.91678
1.93165
1.9461
1.95905
1.97071
1.98195
1.99367
2.00976
2.09035
2.09028
2.10031
2.10379
2.10478
2.10917
2.11968
2.1346
2.14893
2.16335
2.3875
2.33199
2.27748
2.23783
2.21558
2.21147
2.22499
2.25879
2.31664
2.39699
0.95019
0.897698
0.854815
0.821805
0.798062
0.780945
0.768511
0.759517
0.753308
0.749737
0.749339
0.752294
0.757853
0.765895
0.776855
0.791692
0.812019
0.840198
0.878233
0.927587
0.761285
0.770232
0.77699
0.777234
0.772532
0.765754
0.759022
0.753415
0.749486
0.747787
0.749002
0.752693
0.758108
0.764791
0.77204
0.778342
0.781097
0.777649
0.768564
0.762247
0.733957
0.73616
0.74102
0.745162
0.748705
0.75074
0.750564
0.748779
0.746562
0.744999
0.745029
0.746872
0.74963
0.752324
0.753823
0.753167
0.750429
0.74671
0.742315
0.737656
0.728761
0.729718
0.732216
0.734671
0.736554
0.738203
0.739584
0.740293
0.740311
0.740171
0.740566
0.741599
0.74259
0.742891
0.742267
0.741045
0.73956
0.737585
0.735102
0.732997
0.723436
0.723914
0.725362
0.727442
0.729359
0.730827
0.731978
0.733001
0.733866
0.734574
0.735259
0.73584
0.736055
0.735844
0.735313
0.734434
0.733025
0.731169
0.729475
0.728417
0.71837
0.718668
0.719591
0.72108
0.722762
0.724383
0.725769
0.726929
0.72798
0.72898
0.729853
0.730402
0.730558
0.730355
0.729754
0.728725
0.727406
0.726054
0.724974
0.724333
0.713438
0.71365
0.714339
0.71551
0.716898
0.718373
0.719868
0.721268
0.722533
0.723713
0.724759
0.725441
0.725651
0.725401
0.724748
0.723849
0.722866
0.721881
0.721111
0.720658
0.708613
0.708775
0.709321
0.710303
0.711526
0.71287
0.714313
0.715815
0.717301
0.718728
0.719997
0.720832
0.721112
0.720932
0.720443
0.719786
0.719055
0.71832
0.717756
0.717415
0.703833
0.70396
0.704407
0.705256
0.706383
0.707663
0.709068
0.710606
0.712248
0.713929
0.715472
0.716523
0.716982
0.717009
0.716758
0.716331
0.715804
0.715276
0.714871
0.714607
0.699012
0.699115
0.699493
0.700252
0.701317
0.702564
0.703979
0.70558
0.707366
0.709294
0.711158
0.712525
0.713274
0.713575
0.713572
0.713374
0.713058
0.712714
0.712435
0.712225
0.694063
0.694147
0.694476
0.695176
0.69621
0.697461
0.698926
0.700633
0.702602
0.704815
0.707066
0.708844
0.709958
0.710577
0.71085
0.710891
0.710789
0.710617
0.710444
0.710276
0.688894
0.688964
0.689259
0.689927
0.690962
0.692262
0.693818
0.695681
0.697895
0.700467
0.703194
0.705471
0.707016
0.708003
0.708589
0.70889
0.70901
0.709003
0.708921
0.708784
0.683413
0.683471
0.683745
0.684407
0.685478
0.686869
0.688565
0.690644
0.69318
0.696209
0.69952
0.702394
0.704448
0.705859
0.7068
0.707392
0.707744
0.707906
0.707907
0.707794
0.677517
0.677566
0.677828
0.678506
0.679651
0.681177
0.683075
0.685444
0.688391
0.691987
0.696015
0.699607
0.702267
0.704173
0.705518
0.706453
0.70706
0.707389
0.707463
0.70737
0.671086
0.671126
0.671387
0.672103
0.673358
0.675071
0.677239
0.679987
0.683457
0.687758
0.692658
0.697114
0.700492
0.702984
0.704799
0.706109
0.707005
0.707518
0.707666
0.707587
0.663978
0.664007
0.664274
0.665051
0.666458
0.66842
0.670938
0.674167
0.67829
0.683459
0.689419
0.694914
0.699146
0.702329
0.704698
0.706444
0.707674
0.708384
0.708605
0.708538
0.656009
0.65603
0.656309
0.657171
0.658778
0.66106
0.664025
0.667861
0.672798
0.679032
0.686276
0.693018
0.698265
0.702259
0.705286
0.707553
0.709163
0.710088
0.710381
0.710322
0.646946
0.646967
0.647272
0.648235
0.6501
0.652793
0.656322
0.660919
0.666868
0.674412
0.68321
0.691439
0.697888
0.702842
0.706641
0.709522
0.71157
0.712733
0.7131
0.713045
0.636473
0.636485
0.636832
0.637945
0.640148
0.643368
0.647615
0.653176
0.660391
0.669548
0.680225
0.690216
0.698076
0.704154
0.708857
0.712447
0.715006
0.716424
0.716864
0.716809
0.624219
0.624223
0.624609
0.62592
0.62856
0.632461
0.637632
0.644421
0.65323
0.664379
0.677321
0.689387
0.698883
0.706266
0.712026
0.716434
0.719564
0.721254
0.72176
0.721701
0.609621
0.60962
0.610071
0.611647
0.614861
0.619658
0.62604
0.634419
0.645246
0.658851
0.674508
0.688999
0.70038
0.709248
0.716229
0.721564
0.725324
0.727287
0.727848
0.727779
0.591905
0.591896
0.592441
0.594401
0.598411
0.604426
0.612429
0.622899
0.63631
0.652953
0.671837
0.689123
0.702629
0.713178
0.721505
0.727887
0.73232
0.734538
0.735133
0.735045
0.569907
0.56989
0.570595
0.573147
0.57832
0.586067
0.596325
0.609616
0.626371
0.646751
0.669419
0.689858
0.705717
0.71811
0.727909
0.735424
0.740519
0.742945
0.743542
0.743427
0.541837
0.541815
0.542808
0.54635
0.553362
0.563715
0.577234
0.594402
0.615483
0.640416
0.667431
0.691331
0.709717
0.72407
0.735435
0.744118
0.74981
0.752348
0.752901
0.752753
0.50463
0.504617
0.506239
0.511689
0.521968
0.536479
0.554852
0.577331
0.603885
0.634199
0.666074
0.693689
0.71471
0.731086
0.744047
0.753836
0.759958
0.762467
0.762923
0.762737
0.452466
0.452664
0.456345
0.466216
0.482613
0.503964
0.52941
0.558882
0.592078
0.628516
0.665643
0.697103
0.720776
0.73913
0.753591
0.764334
0.770611
0.772908
0.773223
0.773001
0.378009
0.380318
0.391151
0.410365
0.43681
0.467763
0.502204
0.539896
0.580549
0.62369
0.66647
0.702038
0.728554
0.74906
0.765055
0.776506
0.782712
0.78472
0.784905
0.78468
0.299381
0.304837
0.324127
0.353466
0.390625
0.431523
0.475021
0.521033
0.569413
0.61976
0.668974
0.709515
0.73952
0.76258
0.780314
0.792276
0.798033
0.79959
0.799684
0.799539
0.230641
0.237057
0.262568
0.300666
0.347113
0.397142
0.449342
0.503509
0.559469
0.616821
0.67219
0.717371
0.75059
0.775916
0.79495
0.807029
0.812219
0.813479
0.813583
0.813502
0.174409
0.181373
0.210963
0.255204
0.308594
0.366059
0.425777
0.48734
0.550401
0.614411
0.675621
0.725164
0.761353
0.788707
0.808864
0.821242
0.826318
0.827469
0.827586
0.827542
0.127787
0.135079
0.167347
0.216295
0.275179
0.33869
0.40473
0.472738
0.542177
0.612334
0.679086
0.732849
0.771887
0.801241
0.822633
0.835485
0.840666
0.841855
0.841966
0.841946
0.0881755
0.0956434
0.129738
0.182359
0.245829
0.314471
0.385933
0.459579
0.534777
0.610648
0.682649
0.740459
0.7823
0.813596
0.836251
0.849806
0.855309
0.856529
0.856663
0.856657
0.0535484
0.0611168
0.0965664
0.152169
0.219506
0.292584
0.368842
0.447571
0.528044
0.60923
0.686178
0.747883
0.792457
0.825682
0.849638
0.863918
0.869808
0.87114
0.871288
0.871289
0.0224035
0.030065
0.0666249
0.124737
0.19541
0.272367
0.352899
0.436237
0.521572
0.607766
0.689487
0.754943
0.802132
0.837236
0.862421
0.877426
0.883688
0.885193
0.885373
0.885372
-0.00623347
0.00151504
0.0390226
0.0992937
0.172899
0.253268
0.337617
0.425167
0.515057
0.606035
0.692378
0.761459
0.811185
0.848034
0.874379
0.890073
0.896689
0.898375
0.898571
0.898554
-0.0331491
-0.0253018
0.0130935
0.0752799
0.151494
0.234893
0.32268
0.414103
0.50825
0.60379
0.694627
0.767313
0.819489
0.858022
0.885412
0.901682
0.908576
0.910388
0.910584
0.910547
-0.0588145
-0.0508476
-0.0116075
0.0523164
0.130845
0.216959
0.307859
0.402821
0.500933
0.600853
0.696132
0.772427
0.827041
0.867166
0.895492
0.912167
0.919242
0.921125
0.921306
0.921243
-0.0835842
-0.0754548
-0.035418
0.0301102
0.110714
0.199256
0.292972
0.391174
0.493
0.597124
0.69681
0.776766
0.833859
0.875526
0.904642
0.9216
0.928725
0.930602
0.930756
0.930667
-0.107622
-0.0993355
-0.0585227
0.00847944
0.0909476
0.181667
0.277926
0.3791
0.484373
0.592506
0.696572
0.780311
0.839991
0.883208
0.913007
0.93006
0.937121
0.938952
0.939081
0.938968
-0.131076
-0.122619
-0.0810316
-0.0126761
0.0714685
0.164133
0.262683
0.366555
0.475009
0.586944
0.69536
0.78304
0.845508
0.89035
0.920738
0.937736
0.944603
0.946316
0.946399
0.94627
-0.154045
-0.145397
-0.103016
-0.0333968
0.0522431
0.146643
0.247242
0.353544
0.464901
0.580412
0.693101
0.784913
0.850465
0.897113
0.928044
0.944796
0.951288
0.952813
0.952829
0.952678
-0.176524
-0.167666
-0.124496
-0.0536859
0.033275
0.129213
0.231623
0.340099
0.454091
0.572916
0.689752
0.785866
0.854878
0.903658
0.93515
0.951419
0.957304
0.958511
0.958444
0.958281
-0.19845
-0.189393
-0.145432
-0.0735373
0.0146006
0.111882
0.215895
0.326286
0.442632
0.564468
0.685269
0.785815
0.858699
0.910106
0.942371
0.957937
0.962844
0.963529
0.96334
0.96318
-0.219783
-0.210529
-0.165802
-0.0929348
-0.00374327
0.0947185
0.200121
0.312183
0.430591
0.555132
0.679624
0.784656
0.861817
0.916479
0.950039
0.964914
0.968373
0.968061
0.967599
0.967479
-0.240529
-0.231054
-0.185588
-0.111833
-0.0217167
0.0777897
0.184388
0.29788
0.41806
0.544973
0.672828
0.782285
0.864065
0.922628
0.958331
0.973106
0.974901
0.972763
0.971432
0.971343
-0.260585
-0.250902
-0.204759
-0.13019
-0.0392519
0.0611476
0.16878
0.283469
0.405145
0.534089
0.6649
0.778585
0.865245
0.928229
0.96702
0.983049
0.984102
0.979705
0.975936
0.973959
-0.280002
-0.270111
-0.223287
-0.148007
-0.0563816
0.0447738
0.153277
0.26892
0.391815
0.522448
0.655775
0.773319
0.865115
0.932933
0.975473
0.994457
0.997132
0.99194
0.983761
0.972375
-0.298755
-0.288734
-0.241283
-0.165463
-0.0733544
0.028362
0.137502
0.253766
0.37753
0.509419
0.64482
0.765763
0.86307
0.936332
0.982628
1.00541
1.0114
1.00511
0.994679
0.966734
-0.316912
-0.30681
-0.258677
-0.182376
-0.0900134
0.0120988
0.121664
0.23823
0.362527
0.495187
0.632095
0.75559
0.858216
0.937488
0.986233
1.00943
1.0159
1.00891
0.962326
0.912224
-0.336093
-0.323437
-0.275324
-0.198631
-0.106511
-0.00414697
0.105523
0.22233
0.346775
0.479685
0.617419
0.742406
0.848998
0.935731
0.984088
0.996892
0.999712
0.967564
0.907616
0.850246
-0.359479
-0.35571
-0.296331
-0.212111
-0.120152
-0.0180244
0.0893713
0.20669
0.330958
0.463689
0.601372
0.726642
0.834088
0.933263
0.956719
0.968968
0.941075
0.88334
0.815834
0.753779
-0.337988
-0.330113
-0.270983
-0.186961
-0.0889994
0.0162995
0.128759
0.24894
0.376611
0.51372
0.646328
0.759609
0.858182
0.949203
0.953253
0.865623
0.792281
0.732869
0.667838
0.543238
-0.372809
-0.345143
-0.28437
-0.199352
-0.101985
0.00311897
0.11509
0.234638
0.36147
0.497194
0.627848
0.738682
0.82703
0.891893
0.859164
0.734635
0.633184
0.565186
0.493576
0.35683
-0.398603
-0.365347
-0.303153
-0.218526
-0.121325
-0.0163267
0.0957418
0.214548
0.340129
0.473688
0.601115
0.707143
0.785619
0.812851
0.733142
0.586034
0.469085
0.38851
0.297057
0.112304
-0.422345
-0.387593
-0.323734
-0.238626
-0.141416
-0.0364574
0.0752652
0.193178
0.317249
0.44818
0.571227
0.670127
0.734254
0.725015
0.592826
0.426607
0.283176
0.173615
0.0634687
-0.214515
-0.445656
-0.410163
-0.345131
-0.25932
-0.161993
-0.0572119
0.0538697
0.170718
0.293026
0.420899
0.538626
0.629238
0.674241
0.630655
0.452298
0.264855
0.0859395
-0.0590574
-0.239104
-0.597693
-0.468985
-0.433401
-0.367622
-0.281288
-0.183787
-0.0792212
0.031213
0.146884
0.267179
0.391596
0.503281
0.585471
0.608247
0.509562
0.318941
0.114318
-0.0765357
-0.243233
-0.434631
-0.77553
-0.49346
-0.457744
-0.391524
-0.304822
-0.207188
-0.102814
0.00699682
0.121449
0.239553
0.360192
0.46551
0.536635
0.531721
0.39098
0.197779
-0.0106556
-0.198672
-0.331382
-0.387279
-0.426356
-0.519471
-0.483642
-0.41714
-0.330266
-0.232676
-0.128666
-0.019665
0.0932647
0.208722
0.324841
0.423326
0.479471
0.450515
0.276288
0.0831892
-0.109249
-0.264426
-0.326779
-0.345577
-0.348858
-0.547317
-0.511275
-0.44453
-0.357602
-0.260228
-0.156778
-0.0488678
0.0621958
0.174548
0.285395
0.376323
0.414634
0.36439
0.169053
-0.0196156
-0.191227
-0.298749
-0.316289
-0.32133
-0.321573
-0.577139
-0.54073
-0.473725
-0.386816
-0.289815
-0.187162
-0.080623
0.0282269
0.136989
0.241902
0.323921
0.348129
0.258283
0.0720718
-0.109016
-0.252914
-0.30181
-0.308801
-0.308934
-0.308614
-0.608814
-0.571954
-0.504688
-0.417904
-0.321428
-0.219797
-0.114927
-0.00865675
0.0960706
0.19447
0.266682
0.274017
0.156063
-0.0163169
-0.182299
-0.287314
-0.301129
-0.300896
-0.301024
-0.300628
-0.641897
-0.604696
-0.537244
-0.4507
-0.354936
-0.254583
-0.151709
-0.0484079
0.0519244
0.143309
0.20597
0.195125
0.0651591
-0.0954001
-0.236551
-0.285699
-0.296611
-0.295836
-0.295457
-0.295056
-0.676015
-0.638528
-0.571015
-0.484884
-0.390069
-0.291286
-0.190751
-0.0908305
0.00481089
0.0890793
0.14087
0.117695
-0.0192379
-0.161313
-0.266365
-0.289113
-0.289382
-0.291166
-0.29143
-0.291284
-0.710232
-0.672801
-0.60538
-0.519926
-0.426364
-0.329497
-0.231676
-0.135557
-0.0449459
0.0327206
0.0720494
0.0452759
-0.0943413
-0.210135
-0.280389
-0.288963
-0.288529
-0.288302
-0.288132
-0.288111
-0.743404
-0.70646
-0.63944
-0.555042
-0.463145
-0.368619
-0.27391
-0.181959
-0.0967955
-0.02518
0.00676337
-0.0328506
-0.158768
-0.253778
-0.282728
-0.291718
-0.288
-0.285131
-0.284257
-0.284119
-0.774029
-0.737986
-0.67196
-0.589173
-0.499474
-0.407809
-0.316678
-0.229211
-0.149711
-0.0843206
-0.0546343
-0.108139
-0.212773
-0.292616
-0.314401
-0.303393
-0.291187
-0.283678
-0.281634
-0.280938
-0.800084
-0.765728
-0.701335
-0.620918
-0.534131
-0.445977
-0.358977
-0.276303
-0.202399
-0.14355
-0.116721
-0.168118
-0.254116
-0.316177
-0.328918
-0.317577
-0.305769
-0.299441
-0.295568
-0.293589
-0.819166
-0.787223
-0.725572
-0.64858
-0.565653
-0.481791
-0.399592
-0.322051
-0.253778
-0.199951
-0.17629
-0.213409
-0.27841
-0.323356
-0.320749
-0.33238
-0.341258
-0.337796
-0.331438
-0.3292
-0.828834
-0.799887
-0.742478
-0.67028
-0.592408
-0.513771
-0.437091
-0.365112
-0.302703
-0.251534
-0.227804
-0.249767
-0.28278
-0.325477
-0.321163
-0.329555
-0.333117
-0.33207
-0.330739
-0.331078
-0.826119
-0.801249
-0.750111
-0.684067
-0.61273
-0.540494
-0.469935
-0.404107
-0.347286
-0.299796
-0.2651
-0.282496
-0.2668
-0.293071
-0.298358
-0.301489
-0.30595
-0.31076
-0.313828
-0.314449
-0.807264
-0.789044
-0.746567
-0.688469
-0.625235
-0.560722
-0.496927
-0.437569
-0.385724
-0.345836
-0.300859
-0.304442
-0.238083
-0.199095
-0.252932
-0.291894
-0.313983
-0.325047
-0.328766
-0.329435
-0.774094
-0.761707
-0.730392
-0.682898
-0.629243
-0.573574
-0.517619
-0.46403
-0.418103
-0.385145
-0.351131
-0.336581
-0.305901
-0.250452
-0.302464
-0.349876
-0.374363
-0.385553
-0.390326
-0.391936
-0.731523
-0.724028
-0.704667
-0.668994
-0.625746
-0.579236
-0.531428
-0.48391
-0.442829
-0.414272
-0.39907
-0.4161
-0.477878
-0.508317
-0.500657
-0.507655
-0.507779
-0.500624
-0.495386
-0.493823
-0.68857
-0.684539
-0.674524
-0.651209
-0.617571
-0.579402
-0.538131
-0.497146
-0.458371
-0.433196
-0.416116
-0.502393
-0.652751
-0.861983
-0.793829
-0.667753
-0.601694
-0.555273
-0.53135
-0.528758
-0.654665
-0.652533
-0.647488
-0.632874
-0.607942
-0.575674
-0.540158
-0.501587
-0.464821
-0.433895
-0.417935
-0.444445
-0.445574
-0.483176
-0.578597
-0.612503
-0.615654
-0.562448
-0.498044
-0.485743
-0.630504
-0.629527
-0.627562
-0.619469
-0.600308
-0.572379
-0.53862
-0.501025
-0.461059
-0.421289
-0.406417
-0.374623
-0.302491
-0.242369
-0.195764
-0.217093
-0.22243
-0.222395
-0.180701
-0.167163
-0.614627
-0.614204
-0.613419
-0.60934
-0.595646
-0.57024
-0.536211
-0.496877
-0.450738
-0.408247
-0.377057
-0.322144
-0.161035
0.00539592
0.158178
0.254628
0.261775
0.236125
0.217902
0.213584
-0.604663
-0.604476
-0.603926
-0.602455
-0.593285
-0.569436
-0.53382
-0.48859
-0.439064
-0.379566
-0.317288
-0.249194
-0.0575647
0.13329
0.314705
0.401506
0.390462
0.37863
0.378683
0.380266
-0.598301
-0.598081
-0.597498
-0.597193
-0.5921
-0.570944
-0.531875
-0.48136
-0.422814
-0.34474
-0.265923
-0.138945
0.0241046
0.173659
0.268262
0.300214
0.346544
0.459338
0.570226
0.619774
-0.595367
-0.595448
-0.595665
-0.595849
-0.593915
-0.574886
-0.531718
-0.475604
-0.404755
-0.32119
-0.217586
-0.0884262
0.133689
0.356023
0.581107
0.770995
0.938208
1.10764
1.22068
1.26293
-0.590586
-0.591926
-0.595129
-0.599596
-0.600042
-0.578589
-0.532482
-0.473765
-0.400415
-0.302468
-0.19042
-0.0791424
0.146978
0.408717
0.75569
1.09202
1.35145
1.53518
1.62063
1.6446
-0.586118
-0.587601
-0.588634
-0.58743
-0.585386
-0.567782
-0.532798
-0.483355
-0.404905
-0.295131
-0.180763
-0.0676795
0.112408
0.406454
0.73855
1.04439
1.28763
1.43975
1.50233
1.5175
-0.608104
-0.607475
-0.595933
-0.5656
-0.53736
-0.540952
-0.542143
-0.503355
-0.415264
-0.3003
-0.187614
-0.080052
0.0503641
0.287433
0.582522
0.830968
1.02425
1.13125
1.17345
1.18217
-0.659973
-0.656554
-0.644379
-0.616308
-0.592944
-0.59534
-0.599675
-0.537821
-0.427887
-0.312725
-0.201959
-0.102679
-0.0100299
0.164582
0.396399
0.58585
0.729678
0.80212
0.829683
0.832776
-0.761376
-0.766816
-0.794491
-0.828567
-0.831662
-0.803983
-0.733731
-0.593066
-0.4463
-0.325661
-0.21573
-0.135969
-0.0623906
0.0657972
0.227273
0.361285
0.457149
0.504381
0.52044
0.523116
-0.898478
-0.919088
-0.966707
-1.00764
-1.01378
-0.97214
-0.842029
-0.634293
-0.464142
-0.333496
-0.230524
-0.160666
-0.116377
-0.0176971
0.0939706
0.178421
0.234934
0.262975
0.273522
0.27357
-0.93611
-0.957717
-0.992691
-1.02222
-1.02649
-0.980281
-0.821611
-0.610786
-0.453146
-0.324498
-0.230662
-0.178397
-0.13932
-0.0836503
-0.0161251
0.0311706
0.0561937
0.066801
0.0707832
0.0707376
-0.796053
-0.815099
-0.848674
-0.881503
-0.890324
-0.836299
-0.680079
-0.523075
-0.393061
-0.28546
-0.226448
-0.178216
-0.154544
-0.112383
-0.0847845
-0.0773399
-0.0722348
-0.0760341
-0.0758104
-0.0753947
-0.485564
-0.503807
-0.537661
-0.576063
-0.595488
-0.559871
-0.473499
-0.382805
-0.290277
-0.235735
-0.196836
-0.168769
-0.155019
-0.129412
-0.120912
-0.128376
-0.148983
-0.15494
-0.153553
-0.151778
-0.132755
-0.143621
-0.166974
-0.200918
-0.229632
-0.238372
-0.235582
-0.216491
-0.193736
-0.172074
-0.157836
-0.158043
-0.15219
-0.127897
-0.123695
-0.130116
-0.144846
-0.145834
-0.141864
-0.140595
0.116062
0.11057
0.0951148
0.0657045
0.0224518
-0.0239475
-0.060242
-0.0879599
-0.103432
-0.105032
-0.116114
-0.133461
-0.14686
-0.110119
-0.0841166
-0.076102
-0.0701633
-0.0686127
-0.067104
-0.0672761
0.225797
0.222785
0.211838
0.186798
0.145672
0.0930979
0.0407781
-0.00174674
-0.0304257
-0.0488499
-0.0633706
-0.0807113
-0.087022
-0.0584454
-0.0349208
-0.0206569
-0.00782109
0.000313934
0.00106255
-0.000168797
0.24562
0.243721
0.236101
0.217529
0.185348
0.143367
0.0976185
0.0553608
0.0225845
0.00479089
-0.00584354
-0.00505201
0.00373813
0.016752
0.0269452
0.0331033
0.0409788
0.04501
0.0449996
0.0440473
0.226986
0.225862
0.220941
0.208541
0.186335
0.155675
0.120636
0.0873391
0.0610309
0.0476439
0.0493669
0.0682834
0.0855516
0.0820538
0.0770056
0.0737635
0.074427
0.074998
0.0746515
0.0736351
0.196274
0.195698
0.19275
0.185015
0.17072
0.150272
0.125724
0.101673
0.0828081
0.0775493
0.0900327
0.117338
0.13896
0.12766
0.111039
0.101202
0.0973788
0.0952204
0.0935342
0.0925505
0.163233
0.163107
0.161513
0.156993
0.148269
0.135348
0.119455
0.104034
0.0930891
0.0947934
0.113735
0.144055
0.162733
0.15052
0.132478
0.120035
0.112318
0.107012
0.104467
0.103792
0.131438
0.131389
0.130622
0.128146
0.123091
0.115398
0.105818
0.0969092
0.0921648
0.0984855
0.121066
0.151448
0.167756
0.152525
0.136525
0.126484
0.120341
0.115862
0.113425
0.112783
0.10104
0.101144
0.10085
0.0996589
0.0969695
0.0927131
0.0873826
0.0827653
0.0818776
0.0901925
0.111697
0.139369
0.152087
0.137206
0.125515
0.121088
0.119214
0.117276
0.115935
0.115255
0.072075
0.0722121
0.0721885
0.0717856
0.070582
0.0685125
0.0659123
0.063954
0.0646557
0.0719624
0.0875585
0.105837
0.112079
0.105062
0.100345
0.103049
0.105405
0.106046
0.105253
0.104359
0.0445269
0.0446494
0.0447424
0.0446771
0.0443299
0.0435222
0.0424176
0.0417099
0.0425977
0.0469791
0.0529602
0.0510772
0.041569
0.0457937
0.056408
0.0679798
0.0751191
0.0769471
0.0760943
0.0751044
0.0184421
0.0185471
0.0185981
0.0187111
0.0187203
0.0187068
0.0185315
0.0183854
0.0184255
0.018655
0.0200706
0.0122124
-0.0113942
-0.0117871
0.00238016
0.0225318
0.0284395
0.0312495
0.0319314
0.0312722
-0.321538
0.0590317
0.328373
0.513494
0.656386
0.765937
0.855159
0.934153
1.01857
1.00987
0.233061
0.385149
0.524488
0.644722
0.744384
0.825646
0.89183
0.938596
0.953788
0.966977
0.471946
0.569905
0.665906
0.749415
0.8204
0.879104
0.924751
0.957063
0.979298
0.998303
0.640197
0.708331
0.776373
0.836896
0.888732
0.93206
0.967225
0.995621
1.01728
1.03684
0.769989
0.820086
0.869683
0.915146
0.955074
0.989661
1.01945
1.04479
1.06374
1.08246
0.876948
0.915864
0.953864
0.990206
1.02344
1.05317
1.07935
1.10147
1.11835
1.13624
0.968114
1.00167
1.035
1.06697
1.09678
1.12387
1.14773
1.16757
1.18239
1.19978
1.05508
1.08696
1.1189
1.14976
1.1785
1.20449
1.22706
1.24525
1.2584
1.27525
1.14445
1.17882
1.21219
1.24385
1.27284
1.29848
1.32015
1.33707
1.349
1.36539
1.24683
1.28557
1.32164
1.35452
1.38359
1.40844
1.42883
1.44456
1.45622
1.47239
1.37313
1.41475
1.45168
1.48351
1.51071
1.5336
1.55253
1.5677
1.58016
1.59628
1.53027
1.56849
1.60019
1.62627
1.64893
1.66917
1.68741
1.70357
1.71762
1.7335
1.71215
1.73704
1.75859
1.77743
1.79528
1.81219
1.82855
1.84502
1.86066
1.87665
1.89777
1.90956
1.92419
1.93902
1.95279
1.96499
1.97631
1.9877
2.00058
2.02129
2.08583
2.09585
2.1028
2.10418
2.10627
2.11369
2.12684
2.14219
2.15527
2.18354
2.36228
2.30321
2.25557
2.22445
2.21132
2.2159
2.23914
2.28447
2.355
2.43362
0.825487
0.817985
0.809068
0.796248
0.782849
0.771257
0.762054
0.755185
0.750617
0.748661
0.749946
0.754047
0.760344
0.768774
0.779463
0.792313
0.80602
0.817226
0.825013
0.831339
0.739447
0.747329
0.754477
0.759243
0.760499
0.758513
0.75478
0.750856
0.747816
0.746488
0.747602
0.750712
0.754922
0.759363
0.762764
0.763498
0.760585
0.754565
0.746569
0.740669
0.731384
0.734446
0.737537
0.74006
0.742439
0.74421
0.744708
0.744063
0.743072
0.742679
0.743548
0.745266
0.746894
0.747546
0.746731
0.744806
0.742547
0.739913
0.736726
0.734364
0.726064
0.727583
0.729819
0.731983
0.733578
0.734862
0.735988
0.736785
0.737227
0.737655
0.738346
0.739014
0.739211
0.738809
0.738022
0.736937
0.735298
0.733125
0.731298
0.730214
0.720884
0.721725
0.723213
0.725063
0.726813
0.728223
0.729354
0.730367
0.731303
0.732163
0.732843
0.733179
0.733142
0.732782
0.732048
0.730835
0.729276
0.727719
0.726687
0.726053
0.715891
0.716463
0.717538
0.718973
0.720527
0.722061
0.723446
0.724655
0.725765
0.726818
0.727622
0.728015
0.727998
0.727553
0.726705
0.72561
0.72444
0.723375
0.72269
0.722246
0.711018
0.711447
0.712307
0.713516
0.714857
0.716298
0.71778
0.719211
0.720549
0.721808
0.722789
0.723282
0.723274
0.72284
0.722136
0.721312
0.72045
0.719666
0.719166
0.718829
0.706226
0.706563
0.707273
0.708335
0.709577
0.710935
0.712407
0.71396
0.715531
0.717057
0.718255
0.718884
0.718997
0.718747
0.718279
0.717684
0.717041
0.716472
0.716103
0.715834
0.701437
0.70171
0.702316
0.703279
0.704462
0.705788
0.70727
0.708912
0.71068
0.71249
0.713974
0.714847
0.715203
0.715201
0.714968
0.714593
0.71415
0.713756
0.713482
0.71326
0.696563
0.696791
0.697324
0.698227
0.699375
0.700707
0.702246
0.704006
0.70598
0.708104
0.709956
0.711178
0.711848
0.712123
0.712133
0.711987
0.711738
0.711494
0.711296
0.711108
0.691516
0.691709
0.692194
0.693065
0.694217
0.695597
0.697232
0.699161
0.701398
0.703905
0.70621
0.707858
0.708898
0.709489
0.709771
0.709856
0.709802
0.709695
0.709558
0.709393
0.686203
0.686372
0.686828
0.687699
0.688895
0.690364
0.692144
0.694303
0.69688
0.699863
0.70272
0.704876
0.706347
0.7073
0.707886
0.70821
0.708367
0.708388
0.708301
0.708153
0.680528
0.680678
0.681125
0.682025
0.683304
0.684911
0.686899
0.689362
0.692372
0.695948
0.699474
0.702235
0.704211
0.705579
0.706508
0.707121
0.707483
0.707622
0.707579
0.707441
0.674381
0.674516
0.67497
0.675928
0.677333
0.679133
0.6814
0.684257
0.687812
0.692117
0.696455
0.699939
0.702513
0.704364
0.705683
0.706616
0.707208
0.707467
0.707461
0.707329
0.667629
0.667754
0.66823
0.669277
0.670854
0.672913
0.675545
0.678904
0.683138
0.688335
0.693653
0.698003
0.701285
0.703704
0.705475
0.70677
0.707617
0.708002
0.708031
0.707901
0.660118
0.660233
0.660743
0.661912
0.663717
0.666111
0.669206
0.673195
0.67827
0.684559
0.691061
0.696442
0.700559
0.703651
0.70596
0.70768
0.708809
0.709323
0.709385
0.709254
0.651636
0.651746
0.652303
0.653636
0.655736
0.658557
0.662237
0.667011
0.673124
0.680743
0.688669
0.695284
0.70039
0.704271
0.707227
0.709434
0.710882
0.711535
0.711627
0.711491
0.641884
0.642002
0.642647
0.644198
0.646675
0.650037
0.654457
0.66022
0.66762
0.676863
0.686495
0.694565
0.700837
0.705645
0.709358
0.712134
0.713946
0.714744
0.714863
0.714718
0.630565
0.630686
0.631449
0.633273
0.63623
0.640292
0.645654
0.652662
0.661664
0.672887
0.684558
0.694334
0.701965
0.707862
0.712444
0.715888
0.718099
0.719046
0.719187
0.71903
0.617189
0.617326
0.618247
0.62043
0.624013
0.628982
0.635562
0.644159
0.655164
0.668801
0.682891
0.694651
0.703841
0.710993
0.71659
0.720786
0.723429
0.72452
0.724675
0.724502
0.601098
0.601271
0.602424
0.605095
0.60951
0.615687
0.623866
0.634508
0.648022
0.664592
0.681529
0.695571
0.706536
0.715111
0.721853
0.726891
0.729983
0.731203
0.73136
0.731168
0.581342
0.581589
0.58309
0.586457
0.592035
0.599875
0.610214
0.62354
0.640222
0.660331
0.680566
0.697183
0.710124
0.720281
0.728275
0.734228
0.737753
0.739067
0.739209
0.738998
0.556488
0.556879
0.558934
0.563362
0.570664
0.580901
0.594247
0.611145
0.631821
0.656153
0.680132
0.699576
0.71466
0.72654
0.735875
0.742746
0.746644
0.747995
0.748101
0.74787
0.524205
0.524888
0.527903
0.53415
0.544231
0.5581
0.575735
0.597381
0.623015
0.652271
0.680394
0.702859
0.7202
0.733861
0.744598
0.752318
0.756449
0.757751
0.757801
0.757553
0.480345
0.481722
0.48677
0.496617
0.51158
0.531093
0.55479
0.582572
0.614149
0.648968
0.681547
0.707152
0.726786
0.74222
0.754311
0.762695
0.766826
0.767973
0.767948
0.767694
0.417264
0.421485
0.432062
0.449172
0.472399
0.500365
0.532145
0.567414
0.605784
0.646631
0.68383
0.712565
0.734418
0.751492
0.76469
0.773422
0.777261
0.778128
0.778034
0.777795
0.34189
0.350141
0.36957
0.397222
0.430999
0.468463
0.508865
0.552069
0.597774
0.645399
0.688086
0.72074
0.745451
0.764554
0.778896
0.78769
0.791224
0.791934
0.791888
0.791761
0.266335
0.280292
0.308612
0.346682
0.390653
0.437527
0.486608
0.537826
0.590935
0.645411
0.693693
0.73033
0.757895
0.779101
0.794447
0.80296
0.805821
0.80629
0.806277
0.806225
0.203892
0.221158
0.255385
0.301329
0.353633
0.408765
0.465846
0.524677
0.584914
0.645975
0.699523
0.739856
0.770005
0.792847
0.808791
0.817097
0.81974
0.820186
0.820229
0.820218
0.1524
0.17175
0.210495
0.262279
0.321052
0.382985
0.446992
0.512684
0.579516
0.646763
0.705341
0.749171
0.781741
0.806214
0.822952
0.831348
0.833836
0.834352
0.834443
0.834467
0.109225
0.129802
0.171934
0.228419
0.292544
0.36018
0.430114
0.501847
0.574674
0.647729
0.711125
0.758368
0.793294
0.8194
0.836989
0.845642
0.848377
0.848973
0.849084
0.849136
0.0719621
0.0933683
0.138141
0.198492
0.267154
0.339726
0.414875
0.492048
0.570412
0.6489
0.716876
0.767416
0.804676
0.832411
0.851006
0.860192
0.863151
0.863774
0.86388
0.863943
0.0389578
0.0609601
0.107889
0.171484
0.244055
0.320968
0.40081
0.482942
0.566418
0.650041
0.722404
0.776129
0.81566
0.844969
0.864551
0.874369
0.877564
0.878246
0.878333
0.878396
0.00898884
0.0314485
0.080206
0.146605
0.22259
0.303339
0.387401
0.474091
0.562376
0.650942
0.727545
0.784346
0.826031
0.856868
0.877387
0.887768
0.891234
0.891955
0.892016
0.89207
-0.0189075
0.00399947
0.0543588
0.123252
0.202238
0.286398
0.374291
0.465211
0.558056
0.651354
0.732118
0.791894
0.83566
0.867889
0.889269
0.900183
0.903885
0.904616
0.904646
0.904681
-0.0452895
-0.0219286
0.0298632
0.100981
0.182632
0.269855
0.361234
0.456063
0.553202
0.651094
0.735978
0.798729
0.844494
0.878041
0.900163
0.91138
0.915264
0.916012
0.916014
0.916023
-0.0705882
-0.0467454
0.00635649
0.0794723
0.163507
0.253484
0.348034
0.446467
0.547673
0.650063
0.739061
0.804813
0.852556
0.887294
0.910008
0.921441
0.925367
0.926108
0.926085
0.926065
-0.0950843
-0.0707344
-0.0164071
0.0585093
0.144681
0.237138
0.334569
0.436339
0.541383
0.648142
0.741312
0.810158
0.859906
0.89576
0.918908
0.930397
0.934275
0.934979
0.93494
0.934895
-0.118927
-0.0940378
-0.0385743
0.0379708
0.126055
0.220738
0.320787
0.42562
0.534261
0.645262
0.742675
0.814783
0.866647
0.903578
0.926995
0.938395
0.942163
0.942804
0.942726
0.942662
-0.142233
-0.116795
-0.0602234
0.0177994
0.107586
0.204265
0.306671
0.41429
0.526273
0.641369
0.743093
0.818701
0.872887
0.91092
0.934476
0.945616
0.949154
0.949697
0.949589
0.949506
-0.164996
-0.139041
-0.0813843
-0.00202528
0.0892734
0.187721
0.292233
0.402373
0.517427
0.636426
0.742494
0.8219
0.878737
0.917992
0.941531
0.952177
0.955362
0.955755
0.955606
0.955509
-0.187246
-0.160751
-0.102045
-0.0214895
0.0711419
0.171146
0.277525
0.389914
0.507761
0.630413
0.740821
0.824319
0.884249
0.925019
0.948445
0.958276
0.960854
0.961032
0.960854
0.960755
-0.208906
-0.181887
-0.122198
-0.0405768
0.0532325
0.154607
0.262618
0.376983
0.497326
0.623333
0.737997
0.825852
0.889404
0.932208
0.955636
0.964314
0.965869
0.965642
0.965428
0.965351
-0.229988
-0.2024
-0.141826
-0.0592422
0.0356051
0.138167
0.247595
0.363673
0.486193
0.615227
0.733957
0.826372
0.894078
0.93964
0.963612
0.971042
0.970936
0.969768
0.969429
0.969483
-0.250401
-0.222288
-0.160886
-0.0774406
0.0183109
0.121905
0.232534
0.35006
0.474467
0.606158
0.728647
0.825727
0.898048
0.947133
0.972696
0.979585
0.977487
0.97431
0.973067
0.973505
-0.270183
-0.241524
-0.179323
-0.0951167
0.00142311
0.105907
0.217559
0.336276
0.462266
0.596218
0.722043
0.823744
0.901022
0.954179
0.982561
0.990716
0.987918
0.981987
0.975687
0.962467
-0.28929
-0.26015
-0.197277
-0.112479
-0.0153567
0.0898497
0.202257
0.321864
0.449078
0.584908
0.713609
0.81991
0.902776
0.960405
0.992477
1.00414
1.00288
0.994422
0.983533
0.995666
-0.307721
-0.278166
-0.214707
-0.129483
-0.0319804
0.0737793
0.186629
0.306842
0.434873
0.572101
0.703083
0.813476
0.902554
0.964713
0.999366
1.01416
1.01525
1.0044
0.954238
0.945535
-0.325979
-0.295734
-0.231357
-0.145851
-0.0480213
0.0580672
0.170849
0.291483
0.419948
0.558
0.690506
0.803744
0.899507
0.966142
0.998426
1.01212
1.00613
0.969479
0.909503
0.873457
-0.347237
-0.314608
-0.246758
-0.161179
-0.0626508
0.0431025
0.15535
0.276071
0.404519
0.542715
0.67593
0.790278
0.891792
0.963117
1.00081
0.985255
0.957955
0.897402
0.832624
0.79384
0.0825458
0.199838
0.323996
0.456521
0.593712
0.7184
0.824352
0.687799
-0.361349
-0.352096
-0.310379
-0.237481
-0.145374
-0.0443063
0.0645027
0.180602
0.303995
0.435354
0.571438
0.6957
0.798578
0.886766
0.932741
0.87979
0.754418
0.678258
0.617795
-0.384257
-0.372762
-0.327322
-0.253307
-0.160941
-0.0598688
0.04857
0.164207
0.28675
0.416776
0.550627
0.672
0.768886
0.839896
0.83645
0.731011
0.602205
0.514078
0.441352
-0.407569
-0.395778
-0.347943
-0.272934
-0.180675
-0.0794489
0.0290538
0.144365
0.265941
0.394332
0.525021
0.641418
0.728318
0.776866
0.737367
0.582708
0.438106
0.329181
0.240931
-0.43071
-0.418912
-0.369697
-0.293507
-0.201038
-0.0997923
0.00840715
0.122967
0.243279
0.369552
0.496492
0.606798
0.6852
0.703299
0.612207
0.433145
0.261326
0.114862
-0.00749747
-0.453908
-0.442215
-0.392105
-0.315021
-0.222217
-0.120968
-0.0132172
0.100428
0.219271
0.343044
0.465661
0.568715
0.636551
0.616186
0.478319
0.286157
0.0893848
-0.079334
-0.241661
-0.477675
-0.466145
-0.415572
-0.337905
-0.2448
-0.143516
-0.0361497
0.0766265
0.193912
0.314984
0.432999
0.527863
0.579682
0.536691
0.352692
0.153857
-0.0498918
-0.230441
-0.367959
-0.492354
-0.502827
-0.491398
-0.440499
-0.362488
-0.269256
-0.168047
-0.0611458
0.0506286
0.166098
0.284
0.396851
0.482719
0.51605
0.437518
0.23605
0.0341876
-0.155688
-0.299435
-0.350167
-0.371262
-0.529655
-0.518278
-0.467108
-0.388887
-0.295687
-0.194757
-0.0885168
0.0219666
0.135233
0.249371
0.356262
0.432259
0.439746
0.322004
0.126608
-0.0653419
-0.231221
-0.306705
-0.329865
-0.332677
-0.558385
-0.546975
-0.495485
-0.417109
-0.324076
-0.223607
-0.11829
-0.00940559
0.101254
0.211065
0.311022
0.376993
0.355004
0.21299
0.0268331
-0.152569
-0.275685
-0.315245
-0.313577
-0.314564
-0.588994
-0.57751
-0.525648
-0.447159
-0.35442
-0.2546
-0.150471
-0.0434988
0.0641472
0.169102
0.261372
0.315272
0.276239
0.110518
-0.0611503
-0.223869
-0.291325
-0.303699
-0.304432
-0.304285
-0.621258
-0.609664
-0.557479
-0.47896
-0.386633
-0.287687
-0.185009
-0.0803034
0.0239368
0.123558
0.207705
0.248087
0.200133
0.0219416
-0.13957
-0.262639
-0.304518
-0.299036
-0.298199
-0.297714
-0.654671
-0.643026
-0.590691
-0.512251
-0.420521
-0.322683
-0.221761
-0.119695
-0.0192345
0.0747857
0.150207
0.179388
0.109813
-0.0575778
-0.20281
-0.278199
-0.291772
-0.292994
-0.293335
-0.293086
-0.688717
-0.677045
-0.624768
-0.54658
-0.455683
-0.359245
-0.260423
-0.161383
-0.0651292
0.0232492
0.0897313
0.105269
0.0200807
-0.125259
-0.244059
-0.281031
-0.287334
-0.289284
-0.289638
-0.289543
-0.722436
-0.710783
-0.658892
-0.581243
-0.491516
-0.396855
-0.300517
-0.204884
-0.113265
-0.0306698
0.0287042
0.0279394
-0.0593553
-0.184089
-0.266164
-0.295779
-0.28967
-0.287285
-0.286273
-0.286053
-0.754068
-0.742768
-0.691897
-0.615276
-0.527164
-0.43475
-0.341358
-0.24951
-0.162851
-0.0863807
-0.0316709
-0.0418123
-0.131747
-0.236407
-0.293609
-0.29529
-0.292472
-0.28587
-0.2828
-0.282112
-0.782497
-0.771573
-0.722257
-0.647355
-0.561482
-0.471916
-0.382028
-0.294382
-0.212862
-0.142556
-0.0931056
-0.103674
-0.191415
-0.277281
-0.320131
-0.320974
-0.303144
-0.290616
-0.285574
-0.284007
-0.804963
-0.794728
-0.748039
-0.675796
-0.593034
-0.507078
-0.421366
-0.338415
-0.262208
-0.197532
-0.154425
-0.157844
-0.233628
-0.302296
-0.323251
-0.323867
-0.323482
-0.321042
-0.315703
-0.311823
-0.819357
-0.81017
-0.766963
-0.698668
-0.620153
-0.538758
-0.457983
-0.38034
-0.309642
-0.250148
-0.209908
-0.209443
-0.258178
-0.311681
-0.325906
-0.326819
-0.342289
-0.344602
-0.340342
-0.337569
-0.823114
-0.815384
-0.776722
-0.713947
-0.641019
-0.56541
-0.49039
-0.418726
-0.353607
-0.299789
-0.257012
-0.254199
-0.271497
-0.299058
-0.323054
-0.315405
-0.31617
-0.317684
-0.319608
-0.320887
-0.814013
-0.807699
-0.775116
-0.719624
-0.653985
-0.585563
-0.517298
-0.451973
-0.392717
-0.344913
-0.300373
-0.283067
-0.280452
-0.249185
-0.262613
-0.282334
-0.297688
-0.308261
-0.314258
-0.316205
-0.788606
-0.78414
-0.759466
-0.714137
-0.657995
-0.598081
-0.537799
-0.478871
-0.425994
-0.3828
-0.347089
-0.311005
-0.29129
-0.230614
-0.232778
-0.292465
-0.326858
-0.344696
-0.352288
-0.354997
-0.750544
-0.747729
-0.731746
-0.697913
-0.653098
-0.602907
-0.551162
-0.499488
-0.451722
-0.414052
-0.388824
-0.369044
-0.384143
-0.354171
-0.345513
-0.389572
-0.423463
-0.434152
-0.437767
-0.43979
-0.707066
-0.705312
-0.697409
-0.675038
-0.641661
-0.601336
-0.557626
-0.513365
-0.470077
-0.436615
-0.413368
-0.428738
-0.513116
-0.70894
-0.784827
-0.66857
-0.586577
-0.555449
-0.53833
-0.531221
-0.668702
-0.667561
-0.663947
-0.651721
-0.62781
-0.595646
-0.559104
-0.519594
-0.481257
-0.446355
-0.428325
-0.443585
-0.533483
-0.620979
-0.681292
-0.687727
-0.668769
-0.59941
-0.523889
-0.499133
-0.641457
-0.640838
-0.638601
-0.63248
-0.615674
-0.589551
-0.557092
-0.52107
-0.481912
-0.445357
-0.421703
-0.391959
-0.378982
-0.358724
-0.385184
-0.412567
-0.46539
-0.475725
-0.429454
-0.384691
-0.621504
-0.621089
-0.620248
-0.617837
-0.607307
-0.585521
-0.554681
-0.518611
-0.478147
-0.436824
-0.399551
-0.38313
-0.308759
-0.168638
-0.0610975
-0.0140948
0.0296339
0.0195266
0.0184691
0.0292544
-0.609245
-0.609138
-0.60875
-0.607322
-0.601769
-0.583427
-0.553195
-0.514502
-0.470989
-0.417958
-0.371487
-0.339329
-0.194297
-0.00318814
0.198258
0.371928
0.419538
0.385979
0.35186
0.331116
-0.600996
-0.600966
-0.600589
-0.600166
-0.597775
-0.583454
-0.552915
-0.510386
-0.458252
-0.398672
-0.329751
-0.242456
-0.123125
0.0705592
0.215948
0.279227
0.295067
0.324184
0.388015
0.435882
-0.596625
-0.596543
-0.596214
-0.595832
-0.594877
-0.585671
-0.55491
-0.506225
-0.446334
-0.377668
-0.285284
-0.187098
-0.00367247
0.178286
0.332587
0.459987
0.545788
0.669602
0.815548
0.903582
-0.593576
-0.593907
-0.595033
-0.596964
-0.598551
-0.591423
-0.557537
-0.503512
-0.440736
-0.357443
-0.256576
-0.151474
0.0179853
0.27213
0.552749
0.846532
1.10485
1.31406
1.45618
1.51663
-0.586309
-0.587506
-0.589903
-0.594901
-0.599562
-0.591758
-0.555602
-0.506135
-0.442549
-0.352029
-0.241989
-0.127237
0.0246755
0.271184
0.594661
0.941178
1.23831
1.45995
1.57939
1.62122
-0.592039
-0.59314
-0.592163
-0.582108
-0.566088
-0.558547
-0.545176
-0.517931
-0.454922
-0.356118
-0.240481
-0.124587
-0.0122101
0.21013
0.513055
0.816934
1.06841
1.24449
1.32869
1.35612
-0.630981
-0.630413
-0.623183
-0.59512
-0.551846
-0.534448
-0.559852
-0.548168
-0.474266
-0.365545
-0.24868
-0.140643
-0.042374
0.105291
0.360466
0.600934
0.799345
0.928754
0.986224
1.00362
-0.703344
-0.699513
-0.701334
-0.704093
-0.70766
-0.693604
-0.686546
-0.619677
-0.499976
-0.375516
-0.262849
-0.162516
-0.0764539
0.0219744
0.216675
0.394502
0.537572
0.623985
0.661617
0.669507
-0.835121
-0.836436
-0.867812
-0.917829
-0.946698
-0.930324
-0.863233
-0.713321
-0.530708
-0.390959
-0.275877
-0.182175
-0.122643
-0.0449758
0.093611
0.211412
0.305807
0.361124
0.385875
0.392734
-0.935913
-0.944284
-0.979297
-1.02073
-1.04303
-1.02599
-0.942084
-0.738993
-0.539064
-0.396682
-0.276757
-0.199751
-0.146984
-0.100998
-0.00651306
0.0731258
0.125534
0.152702
0.164024
0.16683
-0.887912
-0.897711
-0.925109
-0.958039
-0.978562
-0.962511
-0.859721
-0.65866
-0.499876
-0.362659
-0.2686
-0.200426
-0.163173
-0.125991
-0.076984
-0.0413286
-0.0222444
-0.0133968
-0.0116452
-0.0103318
-0.652738
-0.664175
-0.692792
-0.731749
-0.762043
-0.748354
-0.651414
-0.520058
-0.399199
-0.297679
-0.236921
-0.190113
-0.165804
-0.14027
-0.111584
-0.107185
-0.109549
-0.121486
-0.124181
-0.123105
-0.300491
-0.309137
-0.331
-0.365462
-0.397739
-0.406351
-0.376076
-0.327114
-0.267254
-0.22154
-0.188438
-0.170078
-0.158841
-0.143091
-0.125504
-0.130122
-0.151694
-0.163367
-0.162824
-0.158488
0.0116368
0.0070904
-0.00565192
-0.0309283
-0.0676638
-0.101663
-0.126143
-0.14207
-0.14912
-0.141899
-0.13587
-0.142048
-0.15568
-0.137199
-0.114334
-0.103883
-0.10925
-0.110715
-0.108044
-0.10731
0.18713
0.184748
0.177234
0.157449
0.121831
0.0712805
0.0187019
-0.0240563
-0.0538648
-0.0707382
-0.0827745
-0.100875
-0.122304
-0.1043
-0.0750231
-0.0534074
-0.0407122
-0.0323026
-0.0293516
-0.0296353
0.24374
0.242404
0.237454
0.222513
0.192839
0.149392
0.0993708
0.0512272
0.0121249
-0.0131235
-0.0291714
-0.0395662
-0.0455747
-0.0290108
-0.0112877
0.000748556
0.0135783
0.0218378
0.0248198
0.0241905
0.239221
0.238496
0.235256
0.22503
0.203906
0.171506
0.132565
0.0923442
0.0573652
0.0336411
0.0239165
0.0272212
0.040401
0.0490215
0.0548157
0.0545491
0.0578141
0.0612048
0.0623407
0.0614328
0.212367
0.212073
0.210123
0.203644
0.189814
0.167916
0.139954
0.110052
0.0835928
0.0671045
0.0662682
0.0811549
0.108202
0.110459
0.10174
0.0918919
0.0874199
0.0861434
0.0853297
0.0842468
0.179718
0.179738
0.17868
0.174865
0.166351
0.152408
0.133914
0.113584
0.0955715
0.0863235
0.0934399
0.117239
0.147192
0.14863
0.1321
0.116992
0.108876
0.103783
0.100741
0.0992407
0.147057
0.147113
0.146705
0.144607
0.139647
0.131215
0.119727
0.107148
0.096844
0.0940314
0.107066
0.134221
0.163523
0.162938
0.144827
0.12985
0.120159
0.114109
0.109875
0.108532
0.115964
0.116144
0.115959
0.114929
0.112227
0.107413
0.100742
0.0934943
0.0883622
0.0899725
0.10567
0.134092
0.160084
0.156407
0.13915
0.127757
0.122911
0.119888
0.117041
0.115743
0.0862751
0.0864588
0.0864759
0.0861054
0.0848488
0.0823789
0.0788572
0.0752058
0.0732207
0.076693
0.090811
0.113891
0.134368
0.130879
0.118932
0.114141
0.114395
0.114565
0.113355
0.112264
0.0580175
0.0581793
0.0582718
0.0582745
0.0578664
0.0568208
0.0552078
0.0535591
0.0532405
0.0562055
0.0651314
0.0761301
0.0822533
0.0815464
0.0766796
0.0832074
0.0898817
0.093482
0.093879
0.0927402
0.0312035
0.0313298
0.031435
0.0315199
0.0315535
0.0312757
0.0307351
0.0302467
0.030112
0.0314919
0.0345058
0.0288192
0.011117
0.00879574
0.0224226
0.0396615
0.051484
0.0550138
0.0548621
0.0542008
0.0185023
0.0185703
0.0186476
0.0187287
0.0187349
0.0186329
0.0184341
0.0184564
0.0184118
0.0195207
0.0188318
-0.000795843
-0.0137649
-0.0080825
0.0140241
0.0270774
0.0298137
0.0317404
0.0318571
0.00809601
-0.0950565
0.173896
0.349031
0.513208
0.645805
0.751966
0.837384
0.909671
0.955737
0.945504
0.306143
0.425424
0.544766
0.652179
0.743707
0.820141
0.882364
0.928627
0.956219
0.972394
0.524562
0.602236
0.6848
0.760862
0.8263
0.881533
0.926288
0.960656
0.986904
1.007
0.680021
0.737269
0.795976
0.85165
0.900237
0.941872
0.977021
1.00647
1.03083
1.04888
0.803557
0.848034
0.891097
0.933166
0.971392
1.00529
1.0351
1.06093
1.08182
1.09856
0.906871
0.941287
0.976852
1.0116
1.04412
1.07383
1.10042
1.12343
1.14178
1.15696
0.997536
1.0277
1.06
1.092
1.12218
1.14995
1.1748
1.19599
1.21234
1.22615
1.08454
1.11507
1.14767
1.17974
1.20982
1.23717
1.26123
1.28123
1.29603
1.30868
1.17746
1.21156
1.24727
1.28104
1.31194
1.33927
1.36257
1.38139
1.39506
1.40728
1.28882
1.32683
1.36589
1.40097
1.43171
1.45796
1.47976
1.49724
1.51045
1.52326
1.43024
1.46867
1.50719
1.53946
1.56674
1.59007
1.61011
1.62712
1.64114
1.65496
1.60587
1.63582
1.66586
1.69008
1.71112
1.73046
1.74866
1.76598
1.78186
1.79673
1.79954
1.81395
1.83156
1.84834
1.86487
1.88031
1.89447
1.90852
1.92339
1.93956
1.98855
1.99285
2.00576
2.01794
2.02794
2.03725
2.04744
2.0581
2.06744
2.07966
2.21801
2.20442
2.19561
2.18057
2.16949
2.16895
2.18097
2.20477
2.23661
2.27237
2.5922
2.4337
2.32819
2.26935
2.24028
2.23373
2.2489
2.29012
2.36936
2.51448
-0.340708
-0.337315
-0.295098
-0.221441
-0.129014
-0.0272156
0.921441
0.975651
0.965105
0.894865
0.825756
0.758793
0.557438
0.364639
0.142105
-0.146906
-0.492106
)
;

boundaryField
{
    wall-4
    {
        type            zeroGradient;
    }
    pressure-outlet-7
    {
        type            fixedValue;
        value           uniform 0;
    }
    velocity-inlet-6
    {
        type            zeroGradient;
    }
    velocity-inlet-5
    {
        type            zeroGradient;
    }
    frontAndBackPlanes
    {
        type            empty;
    }
}


// ************************************************************************* //
