/*--------------------------------*- C++ -*----------------------------------*\
  =========                 |
  \\      /  F ield         | OpenFOAM: The Open Source CFD Toolbox
   \\    /   O peration     | Website:  https://openfoam.org
    \\  /    A nd           | Version:  6
     \\/     M anipulation  |
\*---------------------------------------------------------------------------*/
FoamFile
{
    version     2.0;
    format      ascii;
    class       volScalarField;
    location    "53.5";
    object      p;
}
// * * * * * * * * * * * * * * * * * * * * * * * * * * * * * * * * * * * * * //

dimensions      [0 2 -2 0 0 0 0];

internalField   nonuniform List<scalar> 
8800
(
0.824077
0.77476
0.73679
0.708713
0.68854
0.673936
0.663314
0.65574
0.650808
0.648677
0.649979
0.654265
0.661017
0.670409
0.683124
0.700429
0.724297
0.757388
0.800322
0.852834
0.658582
0.664925
0.674071
0.677613
0.674995
0.668891
0.661929
0.655656
0.650813
0.647887
0.647586
0.65015
0.65474
0.660831
0.667905
0.674921
0.679788
0.679655
0.672974
0.664072
0.63212
0.638352
0.642845
0.646706
0.64964
0.65057
0.649454
0.647293
0.645259
0.644352
0.64531
0.647701
0.65054
0.652776
0.653273
0.651468
0.648089
0.644067
0.639281
0.635565
0.627852
0.630615
0.633213
0.635358
0.637079
0.638625
0.639697
0.640006
0.639834
0.639856
0.640579
0.641653
0.642343
0.642154
0.64115
0.639775
0.638091
0.635778
0.633361
0.631794
0.62284
0.624263
0.626093
0.62816
0.629853
0.631119
0.632181
0.633111
0.633853
0.634503
0.635121
0.635504
0.635468
0.635059
0.634358
0.633219
0.631544
0.629637
0.628277
0.627475
0.617908
0.618809
0.620045
0.621654
0.623325
0.624826
0.626069
0.627134
0.62812
0.629036
0.629714
0.630015
0.629955
0.629533
0.628691
0.627473
0.626089
0.624807
0.623979
0.623455
0.613072
0.613726
0.614676
0.615974
0.617394
0.618875
0.620311
0.621609
0.622781
0.623868
0.624693
0.625081
0.625015
0.624514
0.623685
0.622706
0.621685
0.620761
0.620174
0.619791
0.608332
0.608836
0.609609
0.610727
0.611996
0.613371
0.614824
0.616288
0.617696
0.619015
0.62002
0.6205
0.620477
0.620077
0.619454
0.61872
0.617947
0.617261
0.616826
0.616528
0.603636
0.604036
0.604683
0.605679
0.606873
0.608191
0.609631
0.611184
0.612795
0.61438
0.615616
0.616266
0.616416
0.616229
0.615834
0.615311
0.614736
0.614239
0.613915
0.613674
0.598906
0.599233
0.599792
0.600707
0.601852
0.603153
0.604623
0.606266
0.608061
0.609926
0.611468
0.612397
0.612814
0.612874
0.612703
0.612395
0.612008
0.611668
0.611427
0.611225
0.594058
0.594329
0.594828
0.595695
0.59682
0.598144
0.599684
0.60146
0.60347
0.605655
0.607585
0.608884
0.609621
0.60996
0.610031
0.609936
0.609736
0.609534
0.60936
0.609187
0.589005
0.589234
0.589694
0.590543
0.59169
0.593078
0.594729
0.59669
0.598984
0.601574
0.603975
0.605711
0.606823
0.607481
0.60782
0.607949
0.607932
0.607854
0.607735
0.607582
0.583661
0.583856
0.584297
0.585158
0.586365
0.587862
0.589678
0.591891
0.594549
0.597642
0.600618
0.602876
0.604426
0.605446
0.606085
0.606449
0.606631
0.606668
0.606595
0.606456
0.577926
0.578095
0.578533
0.579435
0.580744
0.582401
0.584453
0.587003
0.590131
0.593854
0.597526
0.600402
0.602459
0.60389
0.604868
0.60551
0.605884
0.606033
0.605999
0.60587
0.571689
0.571835
0.572286
0.573259
0.574715
0.576593
0.578956
0.581938
0.585652
0.590147
0.594667
0.598287
0.600948
0.602861
0.604222
0.605166
0.60576
0.606024
0.606027
0.605903
0.564813
0.564935
0.565415
0.56649
0.568143
0.570313
0.573077
0.576605
0.581048
0.586492
0.592037
0.596548
0.599926
0.602411
0.604224
0.605511
0.606349
0.606732
0.606768
0.606646
0.557127
0.557226
0.557749
0.558959
0.560869
0.563413
0.566684
0.570892
0.576237
0.58284
0.589628
0.595208
0.59944
0.602601
0.604953
0.606645
0.607755
0.608262
0.608331
0.608207
0.548396
0.5485
0.549073
0.550453
0.552697
0.555717
0.559635
0.564708
0.57118
0.579203
0.587488
0.594342
0.599573
0.603522
0.60651
0.608672
0.610089
0.610731
0.61083
0.610702
0.538327
0.538416
0.539078
0.540692
0.543372
0.547002
0.551742
0.557906
0.565791
0.575563
0.585642
0.59399
0.600398
0.605272
0.608993
0.611707
0.613473
0.614258
0.614387
0.614251
0.526555
0.526629
0.527394
0.52932
0.532557
0.536978
0.542772
0.550316
0.559953
0.57186
0.58409
0.594201
0.60199
0.607951
0.612528
0.615883
0.618034
0.618967
0.61912
0.618973
0.512545
0.512609
0.51352
0.515856
0.51982
0.525276
0.532443
0.541759
0.553594
0.56811
0.582903
0.595067
0.604442
0.611657
0.617222
0.621305
0.623876
0.624956
0.625129
0.624966
0.495535
0.495593
0.496716
0.499631
0.504594
0.511451
0.520452
0.532085
0.546708
0.564397
0.582198
0.59672
0.607874
0.616505
0.623173
0.628066
0.631078
0.632296
0.632477
0.632296
0.474391
0.474453
0.475915
0.479695
0.486095
0.494924
0.506438
0.521136
0.539296
0.560826
0.582079
0.599228
0.612377
0.622573
0.630451
0.636226
0.639669
0.640997
0.641171
0.640968
0.44737
0.447459
0.449506
0.454683
0.463293
0.475027
0.490086
0.50886
0.531418
0.557467
0.582651
0.602704
0.618017
0.629915
0.639101
0.645773
0.649597
0.650982
0.651127
0.650902
0.411448
0.411656
0.4149
0.422653
0.434991
0.451187
0.471312
0.495477
0.523475
0.554764
0.584234
0.607337
0.624893
0.638563
0.64911
0.656618
0.660706
0.662064
0.662155
0.661908
0.360865
0.361922
0.368367
0.381445
0.400307
0.423406
0.450542
0.481489
0.515841
0.552925
0.586959
0.613236
0.633073
0.648479
0.660352
0.668563
0.672717
0.673942
0.673954
0.673688
0.287252
0.294516
0.309308
0.332127
0.36074
0.393069
0.428724
0.467443
0.508848
0.552279
0.591269
0.621002
0.643367
0.660751
0.673997
0.682795
0.686944
0.688025
0.68798
0.687743
0.208823
0.224741
0.248789
0.282144
0.321021
0.362771
0.407051
0.453781
0.502685
0.553191
0.598098
0.632193
0.657803
0.677614
0.692519
0.701858
0.705798
0.706655
0.706623
0.706485
0.141673
0.161141
0.192939
0.235373
0.2834
0.334008
0.386664
0.441248
0.497484
0.554833
0.60538
0.643543
0.672145
0.694164
0.710329
0.719861
0.723565
0.724315
0.724323
0.724246
0.0867174
0.1084
0.145544
0.194495
0.249685
0.307742
0.367837
0.429685
0.492846
0.556684
0.612554
0.654513
0.685795
0.709705
0.727018
0.737028
0.740902
0.741712
0.741749
0.74171
0.0411197
0.0641364
0.105166
0.159228
0.220172
0.284381
0.350831
0.419093
0.488566
0.558471
0.619368
0.664954
0.698793
0.724551
0.743092
0.753878
0.75809
0.758916
0.758989
0.758981
0.00228209
0.0261194
0.0700343
0.128255
0.194043
0.263499
0.335451
0.409401
0.484622
0.560168
0.625806
0.674798
0.711112
0.738641
0.758435
0.770016
0.774612
0.775565
0.775677
0.775688
-0.0318012
-0.0073917
0.0387943
0.100463
0.17039
0.244423
0.321269
0.400356
0.480841
0.561642
0.631739
0.683945
0.722554
0.751754
0.772685
0.78493
0.789944
0.791088
0.791256
0.791273
-0.0625973
-0.0377035
0.0103686
0.0749747
0.148488
0.226538
0.307773
0.39156
0.47694
0.562698
0.637047
0.692276
0.732987
0.763676
0.785558
0.798441
0.803801
0.805161
0.805338
0.805348
-0.0910969
-0.065747
-0.0160636
0.0511169
0.12777
0.209377
0.294571
0.382681
0.472674
0.563162
0.641594
0.699718
0.742389
0.774393
0.797078
0.810405
0.816035
0.817536
0.817729
0.817724
-0.118081
-0.0922232
-0.0410674
0.0284064
0.107828
0.192609
0.281391
0.373489
0.467818
0.562872
0.645294
0.706261
0.750805
0.783977
0.807321
0.820937
0.826736
0.828334
0.828525
0.828499
-0.143902
-0.117569
-0.0650498
0.00648038
0.0883734
0.176001
0.268039
0.363813
0.462229
0.561719
0.648122
0.711944
0.758342
0.792616
0.816512
0.830294
0.836158
0.837783
0.837942
0.837886
-0.168972
-0.142074
-0.0882941
-0.0149051
0.0692051
0.15939
0.254392
0.353559
0.455823
0.559613
0.650042
0.71681
0.765106
0.800489
0.824848
0.838684
0.844514
0.846109
0.84626
0.84618
-0.193405
-0.16593
-0.11096
-0.0358849
0.0502084
0.142697
0.240385
0.342672
0.448544
0.556509
0.651033
0.720899
0.771227
0.807756
0.832489
0.846262
0.851999
0.853522
0.85363
0.853527
-0.217305
-0.189242
-0.133147
-0.0565298
0.0313426
0.12589
0.226001
0.331131
0.440367
0.552366
0.651051
0.724235
0.77681
0.814557
0.839573
0.853186
0.858736
0.860137
0.860179
0.860042
-0.240756
-0.212072
-0.154881
-0.0768604
0.0125887
0.108976
0.21126
0.318966
0.431301
0.547153
0.650034
0.726803
0.781944
0.821034
0.84625
0.859564
0.864784
0.865986
0.865953
0.865795
-0.263794
-0.234412
-0.176162
-0.0968675
-0.00601708
0.0919907
0.196213
0.306221
0.421375
0.540849
0.647915
0.728543
0.786665
0.827338
0.852706
0.86551
0.870206
0.871135
0.87103
0.870859
-0.286256
-0.256216
-0.196958
-0.11653
-0.0244365
0.0750059
0.180922
0.292972
0.41065
0.533471
0.644626
0.729365
0.790927
0.833609
0.859251
0.871288
0.875129
0.875641
0.875455
0.875287
-0.308107
-0.277439
-0.217242
-0.135798
-0.0426078
0.058085
0.165481
0.279298
0.399206
0.525041
0.640119
0.729144
0.794601
0.839915
0.866296
0.877428
0.879872
0.879598
0.879276
0.879153
-0.3294
-0.298044
-0.236983
-0.154629
-0.0604623
0.0413145
0.149983
0.265306
0.387134
0.51562
0.634346
0.727749
0.797464
0.846117
0.874189
0.884852
0.885378
0.883432
0.882579
0.88267
-0.349969
-0.318002
-0.256121
-0.172951
-0.0779373
0.0247818
0.134526
0.251106
0.374552
0.505308
0.627288
0.725026
0.799243
0.851809
0.88284
0.894549
0.89376
0.88919
0.885868
0.884267
-0.36991
-0.337311
-0.274658
-0.190793
-0.0950664
0.00844656
0.11906
0.23664
0.361387
0.494037
0.618792
0.720711
0.799659
0.856433
0.891473
0.90659
0.907137
0.900823
0.890659
0.890384
-0.389133
-0.356041
-0.292729
-0.208349
-0.112146
-0.00802951
0.103163
0.221413
0.347081
0.48116
0.608175
0.713995
0.798164
0.859214
0.898224
0.918289
0.921284
0.911384
0.893438
0.890256
-0.407494
-0.374152
-0.310159
-0.225418
-0.128915
-0.0243411
0.0870498
0.205753
0.331937
0.466933
0.595521
0.704282
0.794054
0.859004
0.898833
0.918924
0.925143
0.901862
0.84358
0.818097
-0.424869
-0.392458
-0.326538
-0.241507
-0.144648
-0.0400022
0.070997
0.189935
0.316236
0.451534
0.580916
0.691034
0.786415
0.855082
0.888639
0.903298
0.894327
0.845296
0.783841
0.746203
-0.468866
-0.410155
-0.341706
-0.257322
-0.160119
-0.0559422
0.0551388
0.173839
0.299782
0.434636
0.563986
0.673727
0.771588
0.845344
0.866078
0.85815
0.815503
0.75329
0.685552
0.648359
-0.443535
-0.425189
-0.36476
-0.280124
-0.183781
-0.0798451
0.0304691
0.14843
0.273302
0.406496
0.534022
0.641232
0.729934
0.810282
0.797847
0.695018
0.608321
0.548005
0.485577
0.513995
-0.475176
-0.443205
-0.381919
-0.297797
-0.201665
-0.0979941
0.012443
0.129696
0.253456
0.38475
0.509529
0.612989
0.691358
0.736168
0.688943
0.554518
0.449206
0.378219
0.297683
0.344762
-0.499791
-0.465299
-0.402143
-0.317872
-0.221814
-0.1182
-0.00789413
0.108521
0.230853
0.359666
0.480573
0.577854
0.645163
0.652573
0.550849
0.399941
0.274231
0.184328
0.0904423
0.123242
-0.523807
-0.488158
-0.423526
-0.338549
-0.24237
-0.138875
-0.0290791
0.0863387
0.207022
0.332965
0.449031
0.538406
0.589367
0.564675
0.411352
0.238156
0.0812464
-0.0500933
-0.172591
-0.158735
-0.547556
-0.511432
-0.445813
-0.3602
-0.263819
-0.160518
-0.051374
0.0629025
0.181658
0.304341
0.414774
0.496591
0.527122
0.458892
0.274364
0.0808176
-0.103449
-0.254985
-0.458708
-0.536842
-0.571714
-0.535581
-0.469348
-0.38325
-0.286649
-0.183493
-0.074936
0.03817
0.154878
0.274063
0.378503
0.451197
0.457185
0.337826
0.149649
-0.0561026
-0.245348
-0.405281
-0.528096
-0.64611
-0.59737
-0.561095
-0.49449
-0.408094
-0.311405
-0.20849
-0.100615
0.0111436
0.125461
0.240607
0.338609
0.399072
0.378463
0.222898
0.0331054
-0.166803
-0.339493
-0.435146
-0.461179
-0.474721
-0.624654
-0.588258
-0.52137
-0.43483
-0.338235
-0.235731
-0.128786
-0.0186895
0.0927855
0.203153
0.294271
0.337856
0.298717
0.112589
-0.0753917
-0.25498
-0.385256
-0.422627
-0.431486
-0.431847
-0.653846
-0.617191
-0.550021
-0.463438
-0.367082
-0.265219
-0.159468
-0.0513838
0.0567757
0.161652
0.244921
0.272736
0.202937
0.0117393
-0.170298
-0.326255
-0.398854
-0.413021
-0.414119
-0.413944
-0.684953
-0.647924
-0.580449
-0.493905
-0.397952
-0.296938
-0.192665
-0.086956
0.0174364
0.116186
0.190358
0.203793
0.0963799
-0.0797375
-0.252006
-0.375055
-0.40296
-0.404032
-0.404802
-0.40442
-0.717704
-0.68027
-0.612535
-0.526132
-0.430742
-0.330822
-0.228345
-0.125382
-0.0251872
0.066861
0.131613
0.126536
0.00134689
-0.164609
-0.316782
-0.385835
-0.400834
-0.39926
-0.399087
-0.39877
-0.75151
-0.71386
-0.645994
-0.559868
-0.465242
-0.366692
-0.266341
-0.166531
-0.0708899
0.014056
0.0687852
0.0479718
-0.0868836
-0.240203
-0.359991
-0.396454
-0.395925
-0.395917
-0.395565
-0.395217
-0.785901
-0.748135
-0.680312
-0.59466
-0.501064
-0.404191
-0.306345
-0.210114
-0.119402
-0.0413536
0.000326959
-0.026324
-0.1673
-0.298859
-0.385277
-0.393132
-0.395419
-0.396116
-0.395862
-0.395461
-0.819889
-0.782159
-0.714695
-0.629818
-0.537606
-0.442791
-0.34785
-0.255626
-0.1703
-0.0986747
-0.0681781
-0.103996
-0.237089
-0.343958
-0.391211
-0.402625
-0.399137
-0.398192
-0.397655
-0.397358
-0.851496
-0.814576
-0.748054
-0.664389
-0.574018
-0.481718
-0.39012
-0.30231
-0.222746
-0.157592
-0.132534
-0.187868
-0.298708
-0.384512
-0.407747
-0.407501
-0.40336
-0.399451
-0.398688
-0.398498
-0.879636
-0.843805
-0.778905
-0.697093
-0.609158
-0.519935
-0.432173
-0.349195
-0.275467
-0.217628
-0.19677
-0.266382
-0.354733
-0.410652
-0.433808
-0.425013
-0.413517
-0.406902
-0.406191
-0.405845
-0.901483
-0.867643
-0.8054
-0.726307
-0.641603
-0.556143
-0.472748
-0.395059
-0.32717
-0.276782
-0.260792
-0.338202
-0.414052
-0.433392
-0.436814
-0.45231
-0.457849
-0.457098
-0.453267
-0.45081
-0.9148
-0.883822
-0.825346
-0.750166
-0.669699
-0.588814
-0.510357
-0.438271
-0.376755
-0.332094
-0.318862
-0.406267
-0.506416
-0.499879
-0.499768
-0.525069
-0.54559
-0.54216
-0.531941
-0.528642
-0.916799
-0.889825
-0.83651
-0.766689
-0.691664
-0.616303
-0.543422
-0.476831
-0.42249
-0.381744
-0.370473
-0.45361
-0.632261
-0.733212
-0.671198
-0.601367
-0.565848
-0.5497
-0.54115
-0.53967
-0.905226
-0.883167
-0.836685
-0.774003
-0.705863
-0.637082
-0.570335
-0.508943
-0.460877
-0.426316
-0.408469
-0.469192
-0.618494
-0.870534
-0.756343
-0.574253
-0.492228
-0.474218
-0.471478
-0.470144
-0.87715
-0.860821
-0.823858
-0.770812
-0.71116
-0.650028
-0.58968
-0.533682
-0.488136
-0.460935
-0.423703
-0.396328
-0.286046
-0.325906
-0.337268
-0.359412
-0.375451
-0.37662
-0.377698
-0.376615
-0.83597
-0.825441
-0.798926
-0.757329
-0.707538
-0.654743
-0.601187
-0.549656
-0.50466
-0.477634
-0.435789
-0.285182
0.0460063
0.339336
0.178455
-0.115048
-0.293416
-0.343905
-0.357242
-0.358008
-0.788788
-0.78279
-0.766988
-0.736647
-0.697237
-0.652219
-0.605136
-0.557249
-0.513187
-0.475496
-0.447149
-0.368908
-0.302443
-0.199017
-0.427346
-0.638947
-0.66121
-0.589128
-0.549728
-0.557538
-0.745996
-0.742409
-0.734669
-0.714523
-0.683481
-0.64531
-0.602552
-0.557952
-0.512361
-0.478016
-0.457636
-0.559979
-0.971903
-1.52912
-1.75938
-1.87185
-1.80171
-1.61567
-1.4329
-1.34884
-0.714711
-0.712512
-0.708552
-0.69593
-0.671097
-0.637163
-0.597242
-0.551428
-0.504162
-0.463536
-0.444835
-0.617289
-1.07387
-1.69666
-1.98719
-1.84806
-1.57332
-1.32241
-1.1457
-1.06809
-0.691607
-0.690813
-0.689514
-0.682893
-0.663191
-0.631199
-0.589819
-0.54249
-0.488366
-0.423643
-0.376802
-0.35724
-0.404107
-0.327659
-0.224527
-0.000198564
0.196149
0.367486
0.463823
0.501883
-0.67797
-0.677583
-0.676919
-0.673841
-0.659266
-0.627677
-0.583138
-0.529465
-0.46379
-0.387803
-0.286342
-0.172607
0.0101044
0.366951
0.836365
1.23969
1.52963
1.65548
1.69456
1.70058
-0.669586
-0.669392
-0.668968
-0.668142
-0.658001
-0.626479
-0.577762
-0.517059
-0.443024
-0.345727
-0.234506
-0.0954559
0.152601
0.622363
1.14114
1.6026
1.88938
2.00216
2.02321
2.02042
-0.663518
-0.663986
-0.664717
-0.665177
-0.657019
-0.627105
-0.577687
-0.512359
-0.425166
-0.316821
-0.210071
-0.0743238
0.161064
0.566957
0.987859
1.35205
1.58126
1.67751
1.70669
1.71274
-0.659224
-0.658811
-0.655795
-0.651345
-0.646839
-0.629225
-0.587082
-0.513979
-0.420871
-0.308919
-0.197405
-0.0971566
0.100996
0.43427
0.741909
0.998107
1.16537
1.24721
1.2886
1.30425
-0.679179
-0.675065
-0.661567
-0.644128
-0.642765
-0.648044
-0.610887
-0.524051
-0.419789
-0.308659
-0.198553
-0.116445
0.0317205
0.278371
0.533577
0.744012
0.889141
0.97481
1.01932
1.03412
-0.745278
-0.741517
-0.737777
-0.738359
-0.738619
-0.727118
-0.655358
-0.538802
-0.416619
-0.30443
-0.201522
-0.129797
-0.0168296
0.216375
0.414995
0.57168
0.701471
0.781285
0.817623
0.82725
-0.852883
-0.862216
-0.891201
-0.911801
-0.904832
-0.848338
-0.708151
-0.549312
-0.412111
-0.296365
-0.203632
-0.136739
-0.0703086
0.108126
0.276394
0.422573
0.521833
0.582234
0.607609
0.613903
-0.914116
-0.934005
-0.966503
-0.987421
-0.974913
-0.888807
-0.705168
-0.534767
-0.39821
-0.281782
-0.193977
-0.134075
-0.0715748
0.0466144
0.177172
0.280842
0.359346
0.408874
0.430206
0.434083
-0.80428
-0.823981
-0.855036
-0.878355
-0.863917
-0.767168
-0.610352
-0.475171
-0.353826
-0.256651
-0.179476
-0.111305
-0.0662218
0.0289455
0.134871
0.201649
0.249732
0.278387
0.288892
0.291003
-0.517315
-0.532993
-0.559247
-0.583752
-0.580085
-0.523894
-0.446236
-0.363119
-0.284508
-0.215438
-0.1524
-0.0916424
-0.0484219
-0.00194174
0.0702412
0.125002
0.166305
0.1903
0.20002
0.200194
-0.195609
-0.203405
-0.220131
-0.243455
-0.260833
-0.266256
-0.257961
-0.237723
-0.208452
-0.165382
-0.125185
-0.0768
-0.0366951
0.00266821
0.0446321
0.0743741
0.102137
0.119807
0.125904
0.125309
0.0176596
0.0143683
0.00333268
-0.0206873
-0.0564719
-0.093312
-0.121494
-0.138535
-0.140743
-0.124515
-0.100629
-0.0682926
-0.0409022
-0.02558
0.00821184
0.0334942
0.0519814
0.0609867
0.0630328
0.0615001
0.104734
0.102693
0.0940461
0.0726108
0.037312
-0.00473302
-0.0443913
-0.0737204
-0.0927758
-0.0963631
-0.0883129
-0.0715618
-0.0563324
-0.0572559
-0.0456773
-0.02796
-0.00980529
0.00012384
0.00262437
0.00103059
0.119883
0.118351
0.111926
0.0956788
0.0680448
0.0333148
-0.00279432
-0.0356712
-0.0613985
-0.0780043
-0.0875432
-0.0903805
-0.0941118
-0.0962652
-0.0848179
-0.0720084
-0.0633051
-0.0614374
-0.0613514
-0.0625027
0.107018
0.105937
0.101483
0.0902321
0.070511
0.0443512
0.0147096
-0.015104
-0.0427488
-0.068041
-0.0949142
-0.122316
-0.152185
-0.15348
-0.137404
-0.122449
-0.115173
-0.11427
-0.11469
-0.115324
0.0869918
0.0862708
0.0833022
0.0757466
0.0621641
0.0431856
0.0201737
-0.00492949
-0.0315712
-0.0610514
-0.100146
-0.153534
-0.192095
-0.184621
-0.16354
-0.15141
-0.148277
-0.149597
-0.150388
-0.150454
0.0677823
0.0673314
0.065419
0.060512
0.0514137
0.0381654
0.0210813
0.00119814
-0.0219566
-0.0505625
-0.0909248
-0.14406
-0.177166
-0.164056
-0.148712
-0.146956
-0.151983
-0.156967
-0.158107
-0.157778
0.0518724
0.051595
0.0504325
0.0473679
0.0414921
0.0325382
0.0205769
0.00591953
-0.0115891
-0.0341566
-0.0653688
-0.102272
-0.117924
-0.11036
-0.109006
-0.116848
-0.125722
-0.131212
-0.132353
-0.132121
0.0395946
0.0394422
0.0387715
0.0369793
0.0334281
0.0278089
0.0200784
0.0104996
-0.000753497
-0.0136492
-0.0290505
-0.0447219
-0.0470932
-0.0424701
-0.0496261
-0.063671
-0.076197
-0.0824054
-0.0836166
-0.0835224
0.0300938
0.0300429
0.0297485
0.0288819
0.0270223
0.0239721
0.019748
0.0147817
0.0100558
0.0074661
0.0101059
0.016894
0.0296697
0.0264669
0.0100526
-0.00647755
-0.0171877
-0.0217472
-0.022888
-0.0231272
0.022548
0.0225644
0.0225113
0.022286
0.0216252
0.0204432
0.0188704
0.0176445
0.0183873
0.024739
0.0431945
0.0695674
0.0934549
0.0847864
0.0628238
0.046111
0.0378991
0.0357979
0.0343313
0.0336998
0.0161885
0.0162305
0.0163365
0.0165077
0.0166125
0.0166318
0.0167793
0.0180772
0.0223182
0.0345122
0.0627809
0.101293
0.133603
0.122374
0.0981324
0.0814234
0.0764447
0.0747803
0.0738816
0.0727821
0.0105594
0.0106014
0.0107492
0.0110781
0.011545
0.0121548
0.0130783
0.0153121
0.0208691
0.0344328
0.0645047
0.105753
0.136998
0.123458
0.10219
0.0908091
0.0877312
0.0881363
0.0865959
0.0852582
0.00546754
0.00549097
0.00559465
0.0058926
0.00640599
0.00703076
0.00789792
0.0096777
0.013753
0.0236973
0.0468995
0.0790405
0.0993443
0.0844354
0.0704831
0.067698
0.0686806
0.0700374
0.068077
0.0665748
0.000951978
0.000939762
0.000916855
0.000979305
0.00115745
0.00131884
0.00146814
0.00177111
0.00238838
0.00384776
0.00637513
0.015431
0.0216347
0.0300081
0.0225622
0.0232242
0.0215138
0.0185889
0.0148242
0.0144838
-0.0246535
0.165164
0.33978
0.488268
0.608205
0.703932
0.784134
0.849395
0.8663
0.862516
0.268944
0.39136
0.50627
0.6065
0.691302
0.761659
0.81724
0.854838
0.874914
0.891432
0.468401
0.550216
0.631249
0.702598
0.763635
0.814329
0.854236
0.884573
0.907294
0.926521
0.615957
0.673743
0.732445
0.785211
0.830778
0.869505
0.90194
0.929087
0.949499
0.968394
0.733628
0.77727
0.82097
0.861701
0.898008
0.930065
0.958067
0.981757
0.999779
1.01782
0.832079
0.868049
0.903358
0.93734
0.968643
0.996949
1.02192
1.04285
1.05868
1.07615
0.920722
0.952974
0.985365
1.01665
1.04576
1.0722
1.09538
1.11436
1.12831
1.14533
1.00797
1.04065
1.07315
1.10442
1.13325
1.15908
1.18126
1.19881
1.21122
1.22775
1.10252
1.13897
1.17377
1.20627
1.23549
1.26087
1.28202
1.29833
1.30997
1.32612
1.21565
1.25624
1.2933
1.32629
1.35481
1.37883
1.39848
1.41376
1.42568
1.44176
1.35704
1.39815
1.43343
1.46305
1.48827
1.5099
1.52841
1.54391
1.55703
1.57298
1.52864
1.56109
1.58796
1.61028
1.63038
1.64911
1.66685
1.68363
1.69854
1.71427
1.71501
1.73229
1.74941
1.7661
1.78219
1.79693
1.81084
1.82532
1.84056
1.85786
1.89839
1.90838
1.92158
1.93257
1.94198
1.95164
1.96225
1.97243
1.98172
2.00739
2.11631
2.11061
2.09766
2.08341
2.07711
2.08282
2.10097
2.12949
2.16325
2.19958
2.41912
2.28317
2.20367
2.16115
2.14383
2.14781
2.17524
2.23311
2.34077
2.51918
0.727776
0.721472
0.713739
0.70262
0.689043
0.676384
0.665973
0.657943
0.652202
0.64884
0.648453
0.651256
0.656465
0.663805
0.673343
0.685164
0.698721
0.711647
0.720634
0.728174
0.636854
0.642773
0.650842
0.656969
0.660031
0.659509
0.656409
0.652395
0.64878
0.646464
0.646295
0.648516
0.652246
0.656674
0.660764
0.663
0.661921
0.65728
0.650223
0.642389
0.630121
0.632493
0.635757
0.638523
0.640965
0.643143
0.644307
0.64414
0.643175
0.642335
0.642513
0.643893
0.645649
0.646859
0.646771
0.645294
0.643128
0.640761
0.637775
0.634755
0.625355
0.626444
0.628357
0.630688
0.63255
0.633935
0.635136
0.636105
0.636674
0.637015
0.637528
0.638235
0.638674
0.638535
0.637891
0.636956
0.635616
0.63364
0.631527
0.630048
0.620363
0.620997
0.622122
0.623872
0.625704
0.627283
0.628514
0.62955
0.630497
0.631352
0.632091
0.632571
0.632677
0.632445
0.63189
0.630901
0.629462
0.627843
0.6265
0.625697
0.615479
0.615918
0.616703
0.617998
0.619507
0.621053
0.622508
0.623773
0.624885
0.625921
0.62682
0.627375
0.627516
0.62725
0.626563
0.625545
0.624377
0.623222
0.622312
0.621777
0.610695
0.611023
0.611631
0.612691
0.613972
0.615351
0.616803
0.61824
0.619584
0.620826
0.621908
0.622596
0.622776
0.622494
0.621868
0.621061
0.620197
0.619328
0.618658
0.618265
0.605986
0.606241
0.606731
0.607632
0.608787
0.610073
0.611463
0.612949
0.614473
0.615967
0.617286
0.618131
0.618414
0.618268
0.617849
0.617273
0.616616
0.615971
0.61548
0.615179
0.601284
0.601487
0.601894
0.602684
0.60376
0.604995
0.606368
0.607892
0.609548
0.611276
0.612875
0.613968
0.614474
0.614561
0.614372
0.614014
0.613557
0.613098
0.612745
0.612508
0.596506
0.59667
0.597019
0.597735
0.598763
0.599976
0.601375
0.602978
0.604785
0.606757
0.608686
0.610124
0.61094
0.611304
0.611359
0.61122
0.610968
0.610679
0.610439
0.61025
0.591566
0.591699
0.592007
0.592677
0.593687
0.594923
0.596385
0.598108
0.600113
0.602384
0.604717
0.606584
0.607776
0.608464
0.608794
0.60889
0.608839
0.608711
0.608567
0.608414
0.58638
0.586488
0.586767
0.587419
0.588445
0.589747
0.591316
0.593212
0.595484
0.598139
0.600971
0.603352
0.604984
0.606043
0.606684
0.607034
0.60719
0.607223
0.607162
0.607037
0.580854
0.58094
0.581203
0.58186
0.582938
0.584346
0.586077
0.588216
0.590837
0.593982
0.597429
0.600424
0.602575
0.604059
0.605048
0.605692
0.606076
0.606259
0.606271
0.606168
0.574882
0.574949
0.575206
0.57589
0.577058
0.578622
0.580582
0.583045
0.586117
0.589867
0.594066
0.597806
0.600571
0.602552
0.603937
0.604907
0.60554
0.605884
0.605966
0.60588
0.568342
0.568391
0.568651
0.569386
0.570682
0.572456
0.574717
0.577596
0.581235
0.585742
0.59086
0.595494
0.59899
0.601561
0.603408
0.60474
0.605661
0.606177
0.606328
0.606257
0.561083
0.561112
0.56138
0.562188
0.563658
0.565706
0.568354
0.571758
0.5761
0.581529
0.587764
0.593484
0.59786
0.601126
0.603526
0.605291
0.606536
0.607238
0.607458
0.607397
0.552913
0.552933
0.553201
0.554108
0.555802
0.558205
0.561344
0.565414
0.570639
0.577214
0.58481
0.591824
0.59724
0.601328
0.604375
0.60666
0.608272
0.609177
0.609467
0.609415
0.543528
0.543523
0.543847
0.544896
0.546887
0.549741
0.553508
0.558421
0.564758
0.572748
0.581993
0.590557
0.5972
0.60225
0.606058
0.608943
0.610979
0.612111
0.612474
0.612428
0.532653
0.532624
0.532996
0.534235
0.536597
0.540037
0.544609
0.550595
0.558331
0.568082
0.579332
0.589722
0.597798
0.603978
0.608679
0.612264
0.614787
0.616165
0.6166
0.616556
0.519812
0.519761
0.520208
0.521693
0.524538
0.52874
0.534356
0.541713
0.551201
0.563112
0.576784
0.589352
0.599108
0.606601
0.612354
0.616743
0.619815
0.621455
0.621959
0.621912
0.504367
0.504294
0.504861
0.506694
0.510182
0.515396
0.522393
0.531552
0.543296
0.557894
0.57447
0.589575
0.601251
0.610237
0.617183
0.622481
0.626159
0.628069
0.628633
0.628578
0.485386
0.485295
0.486059
0.488397
0.492791
0.499416
0.508301
0.51986
0.534517
0.552461
0.572483
0.590486
0.604322
0.614982
0.623248
0.629561
0.633888
0.636057
0.636665
0.636594
0.461467
0.461372
0.462465
0.465582
0.471338
0.480023
0.491589
0.506421
0.524846
0.546881
0.570924
0.592187
0.608412
0.620903
0.630611
0.638033
0.643007
0.645395
0.646017
0.645922
0.430308
0.430256
0.431947
0.436409
0.444437
0.456316
0.471818
0.49115
0.514409
0.541362
0.569995
0.594843
0.613619
0.628069
0.639313
0.647878
0.653432
0.655956
0.656549
0.656422
0.387788
0.387932
0.39092
0.398174
0.410445
0.427591
0.44894
0.474369
0.503676
0.536395
0.570078
0.598694
0.620098
0.636536
0.649337
0.658998
0.664975
0.667484
0.667991
0.667828
0.32624
0.327531
0.334789
0.348461
0.368496
0.394002
0.423571
0.456709
0.493088
0.532177
0.571248
0.603777
0.62784
0.646233
0.660486
0.671075
0.677253
0.679528
0.679868
0.679681
0.252569
0.255106
0.269215
0.292766
0.323429
0.358865
0.39739
0.438758
0.48277
0.528969
0.574331
0.611707
0.639275
0.66029
0.676439
0.688035
0.694398
0.696604
0.696927
0.696837
0.177062
0.183858
0.205055
0.238511
0.279549
0.324681
0.37217
0.421835
0.473552
0.526938
0.578757
0.621163
0.652345
0.676124
0.694283
0.706798
0.713014
0.714862
0.715113
0.715092
0.115529
0.124162
0.149967
0.190456
0.239646
0.293012
0.348584
0.406044
0.46516
0.525471
0.583451
0.630574
0.66507
0.691272
0.711055
0.72421
0.730462
0.732207
0.732543
0.732592
0.0651156
0.0744582
0.10377
0.149509
0.204855
0.264832
0.327242
0.39159
0.457459
0.52423
0.58801
0.639602
0.677185
0.705604
0.726933
0.740916
0.747427
0.749501
0.749953
0.750043
0.0228388
0.0324962
0.0642214
0.114075
0.174476
0.239952
0.308139
0.378461
0.45037
0.5231
0.592334
0.648147
0.688719
0.71927
0.742122
0.75714
0.764275
0.766635
0.767138
0.767236
-0.0137378
-0.00392964
0.029619
0.0827747
0.147398
0.217587
0.290816
0.366437
0.443808
0.522026
0.596365
0.656152
0.699514
0.732121
0.756469
0.772466
0.780221
0.782822
0.783388
0.78348
-0.0462653
-0.0363846
-0.00138496
0.0545113
0.122726
0.197
0.274696
0.355096
0.437474
0.520782
0.599943
0.663492
0.709455
0.743943
0.769588
0.786449
0.794836
0.797696
0.7983
0.798373
-0.0759661
-0.0660268
-0.0298476
0.0284256
0.0997523
0.177601
0.25927
0.344015
0.431036
0.51916
0.602913
0.670052
0.718456
0.754626
0.781427
0.798993
0.807863
0.810939
0.811566
0.81162
-0.103762
-0.0937496
-0.0564911
0.00388942
0.0779525
0.158955
0.244182
0.332895
0.42424
0.516952
0.605128
0.675754
0.726499
0.764215
0.791982
0.810085
0.819263
0.822498
0.823161
0.823195
-0.130204
-0.120084
-0.0818257
-0.0195482
0.056938
0.140749
0.229184
0.321525
0.416889
0.51398
0.606505
0.680584
0.733638
0.772818
0.801439
0.819956
0.829256
0.832586
0.833268
0.833276
-0.15571
-0.145421
-0.106221
-0.0422129
0.0364372
0.122765
0.214098
0.309756
0.408874
0.510141
0.606968
0.684553
0.739951
0.780587
0.809994
0.828802
0.83815
0.841443
0.842098
0.842085
-0.180547
-0.170011
-0.129908
-0.0643098
0.0162851
0.104864
0.198819
0.297513
0.400118
0.505371
0.606462
0.687665
0.745518
0.787669
0.817836
0.836812
0.846104
0.849332
0.849938
0.849886
-0.204792
-0.19399
-0.153022
-0.0859587
-0.00360993
0.0869913
0.183303
0.284757
0.390583
0.499618
0.604944
0.689921
0.750417
0.79421
0.825103
0.844129
0.853285
0.856392
0.856925
0.856844
-0.228541
-0.217462
-0.175649
-0.107204
-0.023283
0.069119
0.167543
0.271492
0.380272
0.492871
0.602367
0.691284
0.754704
0.800337
0.831942
0.850907
0.859817
0.862714
0.863134
0.86301
-0.251806
-0.240443
-0.197786
-0.128058
-0.0427307
0.0512673
0.151577
0.25776
0.369217
0.485125
0.598681
0.69169
0.758393
0.806164
0.838514
0.857272
0.865742
0.868314
0.868593
0.868434
-0.274638
-0.262921
-0.219405
-0.148504
-0.0619285
0.0334784
0.135456
0.243623
0.357474
0.476405
0.593847
0.691061
0.761428
0.81176
0.845031
0.86345
0.871199
0.873264
0.87337
0.873188
-0.296798
-0.284841
-0.240478
-0.168515
-0.0808259
0.0158301
0.119251
0.229157
0.345119
0.46677
0.587841
0.689309
0.7637
0.817119
0.851758
0.869852
0.876482
0.877684
0.877514
0.877321
-0.318444
-0.306141
-0.260969
-0.188057
-0.0993828
-0.00163189
0.103058
0.214447
0.332244
0.456299
0.580664
0.68634
0.765043
0.822101
0.858872
0.877091
0.882283
0.881933
0.881104
0.880914
-0.339387
-0.32678
-0.280858
-0.207073
-0.117511
-0.0188178
0.0869659
0.19962
0.318958
0.445063
0.572353
0.682064
0.765262
0.826412
0.866265
0.885779
0.889979
0.887348
0.884723
0.884093
-0.359723
-0.346779
-0.300083
-0.225502
-0.135169
-0.035656
0.0710641
0.184758
0.305373
0.433203
0.562979
0.676379
0.764152
0.829652
0.873332
0.895849
0.901072
0.897074
0.890846
0.881613
-0.379334
-0.366128
-0.318733
-0.243508
-0.152581
-0.0524342
0.0550098
0.16945
0.291028
0.420199
0.55201
0.668679
0.761241
0.83145
0.879282
0.906323
0.915517
0.9119
0.901413
0.899408
-0.398175
-0.384907
-0.336801
-0.261027
-0.169722
-0.0691203
0.038838
0.153681
0.275896
0.405934
0.539277
0.658501
0.755828
0.831021
0.882076
0.912567
0.924576
0.924787
0.891201
0.852201
-0.416003
-0.402976
-0.35422
-0.277932
-0.186574
-0.0857269
0.0225594
0.137583
0.260049
0.390455
0.524725
0.645537
0.746862
0.827623
0.879767
0.905453
0.917436
0.900526
0.84898
0.793761
-0.435554
-0.41906
-0.370656
-0.293725
-0.202902
-0.102003
0.00583023
0.121207
0.243583
0.373877
0.508296
0.629585
0.732595
0.821717
0.870846
0.897388
0.877274
0.833838
0.770344
0.711158
-0.425251
-0.401197
-0.349332
-0.267826
-0.171117
-0.0669192
0.0461901
0.164688
0.290333
0.424761
0.553829
0.663155
0.759428
0.848261
0.876303
0.813405
0.769078
0.710215
0.645458
0.604138
-0.439544
-0.43182
-0.391143
-0.319087
-0.228327
-0.128028
-0.0199478
0.0950673
0.216826
0.346078
0.479061
0.599119
0.698089
0.787247
0.84964
0.835413
0.73347
0.659759
0.604116
0.532091
-0.461393
-0.450677
-0.406577
-0.333247
-0.241942
-0.142051
-0.0351014
0.0789132
0.199713
0.327564
0.458797
0.57719
0.672182
0.748663
0.773508
0.694425
0.573409
0.49482
0.43282
0.359366
-0.485276
-0.473323
-0.426057
-0.351725
-0.260473
-0.160433
-0.0534509
0.0603073
0.180203
0.306552
0.434944
0.548999
0.635106
0.692648
0.671372
0.547106
0.416536
0.323247
0.248067
0.141496
-0.509006
-0.496975
-0.447859
-0.372302
-0.280938
-0.18086
-0.0739904
0.0391955
0.157958
0.282379
0.407272
0.515718
0.592937
0.625518
0.565119
0.398682
0.244232
0.122447
0.0220651
-0.115702
-0.532642
-0.520616
-0.470323
-0.393671
-0.301893
-0.201828
-0.0953377
0.0169868
0.134348
0.256437
0.377305
0.47928
0.547643
0.544736
0.432523
0.250712
0.0676546
-0.0944192
-0.232311
-0.477588
-0.556598
-0.544689
-0.493666
-0.416258
-0.324092
-0.223988
-0.117898
-0.00646922
0.109347
0.228821
0.34526
0.439573
0.495329
0.461041
0.303053
0.110665
-0.0881834
-0.263081
-0.429592
-0.689303
-0.581466
-0.56967
-0.518255
-0.440329
-0.347863
-0.247724
-0.142
-0.0314536
0.0827374
0.199367
0.311113
0.397186
0.436179
0.378714
0.184135
-0.0138424
-0.209958
-0.377209
-0.461702
-0.510652
-0.607937
-0.596194
-0.54446
-0.466208
-0.373638
-0.273639
-0.168445
-0.0590255
0.0531842
0.166407
0.272777
0.349762
0.368775
0.268219
0.0728298
-0.122396
-0.295954
-0.406113
-0.441188
-0.447275
-0.636199
-0.624448
-0.572383
-0.493901
-0.401364
-0.301688
-0.197255
-0.0892441
0.0205809
0.129812
0.229959
0.297297
0.286793
0.157247
-0.0312405
-0.212723
-0.357964
-0.409683
-0.419072
-0.421444
-0.666395
-0.654545
-0.602081
-0.523411
-0.431026
-0.331869
-0.228436
-0.122156
-0.0151147
0.0896006
0.18257
0.239367
0.205257
0.0521991
-0.124043
-0.292613
-0.385702
-0.408091
-0.408634
-0.408874
-0.698392
-0.686413
-0.633504
-0.554694
-0.46258
-0.364129
-0.261971
-0.15775
-0.0538879
0.0457826
0.13097
0.174862
0.131215
-0.0434462
-0.205893
-0.348102
-0.398089
-0.400523
-0.401581
-0.401669
-0.7318
-0.719724
-0.666414
-0.587571
-0.495875
-0.398348
-0.297755
-0.195949
-0.095674
-0.0014417
0.0753356
0.107279
0.0471126
-0.127418
-0.27814
-0.376265
-0.398104
-0.397736
-0.397104
-0.396861
-0.766136
-0.753998
-0.7004
-0.621671
-0.530585
-0.434245
-0.335533
-0.236534
-0.140265
-0.0516685
0.0159395
0.0359946
-0.0459672
-0.201862
-0.334748
-0.381348
-0.393795
-0.395029
-0.395404
-0.395124
-0.800599
-0.7885
-0.734787
-0.656386
-0.566188
-0.471357
-0.374898
-0.279116
-0.187295
-0.104529
-0.0453888
-0.0430482
-0.130522
-0.263877
-0.365862
-0.402498
-0.397723
-0.397507
-0.397148
-0.396734
-0.834072
-0.8221
-0.768567
-0.690833
-0.601915
-0.509005
-0.415213
-0.323073
-0.236103
-0.159621
-0.106417
-0.119171
-0.208777
-0.3187
-0.388898
-0.40213
-0.402158
-0.399641
-0.398518
-0.398188
-0.864506
-0.852997
-0.800346
-0.723825
-0.63672
-0.546248
-0.455615
-0.367555
-0.285757
-0.215939
-0.167958
-0.189188
-0.283276
-0.36462
-0.414903
-0.419511
-0.411591
-0.403227
-0.400415
-0.400355
-0.890367
-0.87959
-0.828417
-0.753797
-0.669242
-0.581864
-0.494963
-0.411453
-0.335144
-0.271824
-0.230765
-0.255106
-0.352231
-0.403892
-0.422497
-0.436046
-0.431647
-0.426406
-0.423199
-0.421916
-0.90893
-0.899122
-0.850529
-0.778844
-0.697839
-0.61438
-0.531869
-0.453339
-0.383042
-0.325602
-0.29125
-0.318964
-0.424667
-0.459569
-0.452843
-0.469547
-0.494754
-0.50343
-0.497707
-0.491527
-0.91787
-0.909035
-0.864195
-0.796893
-0.720665
-0.64213
-0.564781
-0.491557
-0.427612
-0.37614
-0.346263
-0.373926
-0.505989
-0.598721
-0.586134
-0.569198
-0.571025
-0.565744
-0.554588
-0.547295
-0.913362
-0.905821
-0.86736
-0.80587
-0.735814
-0.663469
-0.592062
-0.524511
-0.466229
-0.422232
-0.393208
-0.41893
-0.545382
-0.780138
-0.825358
-0.671725
-0.565683
-0.527502
-0.516225
-0.51326
-0.893115
-0.887956
-0.857708
-0.804125
-0.741785
-0.676977
-0.612288
-0.550736
-0.496478
-0.459501
-0.436468
-0.44452
-0.451636
-0.593456
-0.671156
-0.53767
-0.451064
-0.423766
-0.421635
-0.421325
-0.857749
-0.854097
-0.833414
-0.790792
-0.738101
-0.681863
-0.624717
-0.568754
-0.518316
-0.48245
-0.46142
-0.398962
-0.207227
0.0762306
0.053843
-0.121387
-0.289746
-0.347478
-0.352878
-0.353555
-0.812372
-0.810084
-0.798263
-0.768155
-0.725994
-0.678845
-0.629211
-0.578784
-0.531158
-0.491268
-0.46804
-0.380472
-0.187158
0.143839
0.186795
-0.0649756
-0.28003
-0.367326
-0.381735
-0.396868
-0.765969
-0.764637
-0.758901
-0.741003
-0.70941
-0.670081
-0.626951
-0.581632
-0.535304
-0.495244
-0.459448
-0.454935
-0.537304
-0.731627
-0.940693
-1.20828
-1.27952
-1.20253
-1.01647
-0.914997
-0.72845
-0.727701
-0.724874
-0.714577
-0.692014
-0.659659
-0.621278
-0.577732
-0.532834
-0.487987
-0.457173
-0.506954
-0.847945
-1.59215
-2.17085
-2.30289
-2.16061
-1.93218
-1.71137
-1.5856
-0.702144
-0.701346
-0.699825
-0.695385
-0.679268
-0.651319
-0.614221
-0.571498
-0.521709
-0.470238
-0.433897
-0.426771
-0.619533
-0.85997
-1.00727
-0.973088
-0.7314
-0.536728
-0.363159
-0.259909
-0.68404
-0.683732
-0.683096
-0.681175
-0.671409
-0.646499
-0.608846
-0.561754
-0.507939
-0.445107
-0.364447
-0.283346
-0.203808
-0.0409468
0.251447
0.568702
0.856158
1.05347
1.14959
1.18891
-0.673258
-0.673098
-0.672586
-0.671776
-0.666851
-0.644787
-0.604733
-0.552996
-0.490131
-0.410158
-0.316608
-0.19486
-0.0341
0.305
0.810843
1.30697
1.70501
1.90394
1.96474
1.9709
-0.666588
-0.666684
-0.666801
-0.667081
-0.664613
-0.645066
-0.603777
-0.547098
-0.475206
-0.384263
-0.277402
-0.152539
0.0215355
0.376541
0.860383
1.32255
1.67199
1.84868
1.90388
1.9102
-0.660081
-0.660591
-0.660925
-0.660796
-0.658602
-0.643909
-0.607311
-0.548768
-0.469962
-0.368507
-0.254639
-0.148024
0.00984402
0.317984
0.687764
1.02335
1.2785
1.41498
1.47089
1.49275
-0.66403
-0.663784
-0.658773
-0.64758
-0.63946
-0.640442
-0.620771
-0.561826
-0.470614
-0.365963
-0.250745
-0.154444
-0.0457914
0.201411
0.499107
0.754358
0.945416
1.05608
1.1171
1.14667
-0.706628
-0.704008
-0.695132
-0.679605
-0.672071
-0.677595
-0.661975
-0.584672
-0.473758
-0.363611
-0.254148
-0.157365
-0.0736011
0.120291
0.353254
0.561795
0.725072
0.84026
0.902611
0.927085
-0.798434
-0.795874
-0.80295
-0.821021
-0.826107
-0.814439
-0.745363
-0.614621
-0.478026
-0.356348
-0.250912
-0.162119
-0.105822
0.0590852
0.271542
0.4305
0.563009
0.653554
0.701441
0.718018
-0.898251
-0.903189
-0.931674
-0.963008
-0.969941
-0.935678
-0.809631
-0.626607
-0.474659
-0.345046
-0.24223
-0.164748
-0.114254
-0.00929556
0.133358
0.284131
0.391681
0.465385
0.503751
0.516326
-0.883096
-0.892623
-0.920265
-0.94977
-0.957728
-0.911574
-0.760559
-0.583952
-0.443865
-0.321505
-0.227587
-0.15049
-0.105329
-0.0101862
0.105493
0.202858
0.271902
0.32344
0.34919
0.357429
-0.672857
-0.683877
-0.709525
-0.73997
-0.751351
-0.705628
-0.59392
-0.480008
-0.369451
-0.277102
-0.20248
-0.13499
-0.0803187
-0.0375034
0.0559284
0.133269
0.185271
0.219694
0.236011
0.240399
-0.346841
-0.35401
-0.370754
-0.39475
-0.412185
-0.404865
-0.371008
-0.325134
-0.271767
-0.21893
-0.166289
-0.111826
-0.0585979
-0.0197806
0.0289401
0.0771791
0.115461
0.144572
0.158965
0.162648
-0.0699188
-0.073038
-0.081473
-0.100151
-0.127951
-0.155213
-0.175493
-0.183409
-0.180863
-0.160061
-0.126717
-0.0917706
-0.0517773
-0.0257134
0.0123942
0.0435964
0.0671959
0.0850326
0.0926931
0.0929081
0.0746736
0.0731037
0.0679959
0.0520853
0.0213173
-0.0201584
-0.0606662
-0.0912837
-0.110585
-0.113191
-0.101585
-0.0819159
-0.0547556
-0.0462905
-0.0313084
-0.00806539
0.0130936
0.0275521
0.0324248
0.0323428
0.118404
0.11737
0.113529
0.100848
0.0750964
0.0386798
-0.000825748
-0.0373547
-0.0651523
-0.0821992
-0.0877325
-0.0838116
-0.0738449
-0.0733318
-0.0692054
-0.0586276
-0.0441477
-0.0335518
-0.0297802
-0.0301981
0.115489
0.114817
0.112031
0.103011
0.0843236
0.056856
0.0246116
-0.00821912
-0.0378884
-0.0620311
-0.0816904
-0.0995735
-0.11374
-0.126912
-0.119008
-0.103819
-0.0928054
-0.0892653
-0.0895893
-0.0904386
0.0973451
0.0969507
0.0950424
0.0889289
0.0760899
0.0564055
0.0317462
0.00459406
-0.023172
-0.050625
-0.0804181
-0.119082
-0.160655
-0.180367
-0.165226
-0.147593
-0.137589
-0.134722
-0.135108
-0.135366
0.0771149
0.0769047
0.0756397
0.0716274
0.0630347
0.0494047
0.0313025
0.00997525
-0.0137948
-0.0408148
-0.0744163
-0.124375
-0.17878
-0.190326
-0.169414
-0.155288
-0.152673
-0.155633
-0.158273
-0.158219
0.0593526
0.0592592
0.0584706
0.0559429
0.0503868
0.0412067
0.0285008
0.0125594
-0.006052
-0.0292908
-0.059359
-0.102614
-0.143277
-0.145572
-0.134606
-0.132519
-0.138651
-0.145514
-0.148811
-0.148699
0.0453215
0.0452778
0.0447919
0.0432713
0.0398434
0.0339614
0.0254567
0.0145022
0.00136231
-0.0146192
-0.0348105
-0.0616873
-0.0817792
-0.0802768
-0.0766714
-0.0857797
-0.0978625
-0.106709
-0.110018
-0.110099
0.0345266
0.0345348
0.0342924
0.0334901
0.0315769
0.0281585
0.0230532
0.0164587
0.00887608
0.000474999
-0.00599235
-0.0128859
-0.0139125
-0.00681113
-0.0111265
-0.0265408
-0.0417947
-0.0507507
-0.0534733
-0.0538911
0.0261134
0.0261473
0.0260694
0.0257847
0.0249561
0.023339
0.0208652
0.0179135
0.0152967
0.0147241
0.0213114
0.0349233
0.0542312
0.0595815
0.0467924
0.0291678
0.0158162
0.0094742
0.00762822
0.00669076
0.0192262
0.019267
0.0192902
0.0193292
0.0192459
0.0188907
0.0182817
0.0179372
0.0190405
0.0244248
0.0410425
0.0708651
0.105017
0.113319
0.0942084
0.0751538
0.062933
0.0593449
0.0578341
0.0566186
0.0132885
0.0133286
0.0133988
0.0136017
0.0139226
0.0142747
0.0147515
0.0158631
0.0190119
0.0273783
0.0487111
0.0871558
0.128865
0.141861
0.114343
0.0963085
0.0887285
0.0853767
0.0844841
0.0828255
0.00792835
0.00795093
0.00800059
0.00822883
0.00868923
0.00926802
0.0101024
0.0115147
0.0147792
0.022699
0.0418518
0.0773306
0.113514
0.121107
0.0984161
0.0835513
0.0813643
0.0829049
0.0824373
0.0804739
0.000949118
0.00092625
0.000925907
0.00107356
0.00124311
0.00137131
0.00161273
0.00202217
0.00294489
0.0049792
0.0101153
0.0198015
0.023918
0.0248901
0.0228079
0.0223185
0.0204345
0.015285
0.0148446
0.0460609
-0.659256
-0.224365
0.111563
0.331588
0.494526
0.620601
0.719724
0.802923
0.891009
0.943719
0.049909
0.216177
0.361275
0.492391
0.603226
0.694534
0.769311
0.828322
0.860656
0.868012
0.333757
0.425639
0.525594
0.616138
0.694095
0.759807
0.812876
0.852284
0.879235
0.899205
0.514474
0.580611
0.650272
0.715481
0.772262
0.820422
0.859987
0.891895
0.917269
0.937046
0.653182
0.702155
0.75304
0.801488
0.844635
0.882206
0.914563
0.942338
0.965027
0.982518
0.765004
0.804938
0.84349
0.881265
0.916396
0.948066
0.976177
1.00056
1.02015
1.03628
0.861782
0.89389
0.927557
0.96037
0.991466
1.02008
1.04569
1.06775
1.08508
1.09968
0.95011
0.980048
1.01222
1.04384
1.07378
1.10128
1.12569
1.14628
1.16182
1.17515
1.03872
1.07088
1.10494
1.13764
1.1681
1.19553
1.21929
1.23875
1.25295
1.26538
1.13942
1.17566
1.21331
1.24788
1.27896
1.30598
1.32863
1.34677
1.36013
1.37263
1.26461
1.3036
1.34328
1.37758
1.40707
1.43209
1.45297
1.47003
1.48346
1.4969
1.42359
1.45935
1.49458
1.52316
1.54736
1.56873
1.58795
1.60522
1.62017
1.63462
1.61166
1.63405
1.65774
1.67759
1.69589
1.71327
1.72981
1.74621
1.76242
1.77801
1.80421
1.81238
1.8262
1.84107
1.85553
1.86848
1.88013
1.89138
1.9031
1.9192
1.99977
1.9997
2.00973
2.01321
2.01419
2.01859
2.02911
2.04403
2.05836
2.07278
2.29692
2.24141
2.1869
2.14725
2.125
2.12089
2.13442
2.16822
2.22607
2.30642
0.849864
0.797371
0.754486
0.721473
0.697726
0.680603
0.668159
0.659152
0.652925
0.64933
0.648901
0.651825
0.657362
0.665387
0.676334
0.691162
0.711483
0.739657
0.77769
0.827042
0.660964
0.66991
0.676665
0.676906
0.672198
0.665412
0.658669
0.653045
0.649094
0.647366
0.648549
0.652211
0.657605
0.664271
0.67151
0.677805
0.680554
0.677102
0.668015
0.661696
0.633648
0.635851
0.640708
0.644845
0.648383
0.65041
0.650225
0.648424
0.646185
0.644595
0.644591
0.646401
0.649132
0.651806
0.65329
0.652623
0.649877
0.646153
0.641753
0.637092
0.628468
0.629425
0.63192
0.63437
0.636247
0.637887
0.639256
0.639949
0.639942
0.639771
0.640127
0.641123
0.642084
0.642362
0.64172
0.640486
0.63899
0.637008
0.63452
0.632413
0.623166
0.623644
0.62509
0.627163
0.629073
0.63053
0.631667
0.632671
0.633508
0.634179
0.634819
0.635357
0.635537
0.635299
0.634747
0.633852
0.632431
0.630566
0.628865
0.627806
0.618131
0.618429
0.619348
0.620831
0.622503
0.624111
0.625481
0.626618
0.627637
0.628592
0.629412
0.629911
0.630026
0.62979
0.629162
0.628114
0.62678
0.625415
0.624329
0.623686
0.613237
0.613449
0.614135
0.615297
0.616675
0.618135
0.61961
0.620982
0.62221
0.623339
0.624322
0.624943
0.625102
0.624811
0.624126
0.623202
0.622199
0.621198
0.62042
0.619965
0.608459
0.60862
0.609163
0.610136
0.611347
0.612674
0.614094
0.615563
0.617005
0.618372
0.619567
0.620326
0.620542
0.620312
0.619782
0.619094
0.618337
0.617583
0.617008
0.616666
0.603735
0.603862
0.604307
0.605146
0.606259
0.60752
0.608898
0.610398
0.61199
0.613601
0.615054
0.616011
0.616391
0.616354
0.61605
0.615584
0.615024
0.614471
0.614053
0.613788
0.598985
0.599088
0.599463
0.600211
0.601261
0.602485
0.603868
0.605425
0.607151
0.608997
0.610753
0.612006
0.612657
0.612878
0.61281
0.61256
0.612203
0.611827
0.611533
0.611322
0.594121
0.594205
0.59453
0.59522
0.596235
0.597459
0.598887
0.600544
0.602441
0.604552
0.606671
0.608314
0.609311
0.60983
0.610022
0.609996
0.609842
0.609632
0.609441
0.609271
0.589055
0.589125
0.589416
0.590072
0.591086
0.592356
0.593869
0.595671
0.597799
0.600251
0.602821
0.604931
0.606333
0.607198
0.607683
0.607902
0.607952
0.607898
0.607796
0.607659
0.583699
0.583758
0.584027
0.584676
0.585724
0.58708
0.588727
0.590733
0.593166
0.596049
0.599172
0.601847
0.603728
0.604991
0.605806
0.606294
0.606562
0.606664
0.60664
0.606527
0.577954
0.578003
0.578261
0.578925
0.580044
0.581531
0.583373
0.585662
0.588494
0.591925
0.595729
0.599079
0.601521
0.60324
0.604428
0.605229
0.605728
0.605983
0.606031
0.605938
0.571707
0.571747
0.572002
0.572704
0.573931
0.575602
0.577708
0.580364
0.583701
0.587809
0.592444
0.596611
0.599725
0.601985
0.603601
0.604745
0.605505
0.60593
0.606047
0.605969
0.564818
0.564848
0.56511
0.565872
0.567249
0.569164
0.571612
0.574738
0.578708
0.583651
0.5893
0.59445
0.598366
0.601265
0.603392
0.604928
0.605987
0.606592
0.606778
0.606714
0.557125
0.557143
0.557414
0.558259
0.559833
0.562063
0.564947
0.56866
0.573416
0.579387
0.586268
0.592606
0.597478
0.601138
0.603865
0.605874
0.607276
0.608075
0.608332
0.608277
0.548383
0.548405
0.548702
0.549647
0.551476
0.55411
0.557551
0.562014
0.567761
0.575003
0.583382
0.59114
0.597143
0.601687
0.605122
0.607685
0.609478
0.610495
0.610823
0.610776
0.538299
0.538311
0.538651
0.539743
0.54191
0.545068
0.549217
0.554629
0.561625
0.570449
0.580648
0.590086
0.597416
0.603003
0.607263
0.610466
0.612716
0.613971
0.614373
0.61433
0.526512
0.526516
0.526893
0.528185
0.530786
0.53462
0.539683
0.546306
0.554864
0.565634
0.578036
0.589472
0.59836
0.60517
0.610402
0.614349
0.617118
0.618628
0.619102
0.619059
0.512482
0.512479
0.512921
0.514476
0.517646
0.522362
0.528622
0.536812
0.547353
0.560535
0.575594
0.589381
0.600069
0.608284
0.614643
0.61944
0.622788
0.624568
0.625109
0.62506
0.495448
0.495438
0.495974
0.497908
0.501866
0.507789
0.515657
0.52592
0.539022
0.555199
0.573426
0.58994
0.602671
0.612461
0.620089
0.625834
0.629816
0.631864
0.63246
0.632399
0.474271
0.474253
0.474947
0.477466
0.482576
0.490215
0.500317
0.513376
0.529796
0.549691
0.571649
0.591232
0.60624
0.617794
0.626796
0.633607
0.638244
0.640536
0.641162
0.641082
0.447204
0.44718
0.448154
0.451648
0.45857
0.468789
0.482119
0.499014
0.519701
0.544076
0.570346
0.593376
0.610871
0.624336
0.634834
0.642768
0.648037
0.650514
0.651135
0.651025
0.411206
0.411191
0.412783
0.41816
0.428305
0.442631
0.460763
0.482923
0.509059
0.538805
0.569912
0.596616
0.616701
0.632151
0.644212
0.653272
0.659071
0.661623
0.662186
0.662039
0.360542
0.360731
0.36435
0.374091
0.390284
0.411375
0.436513
0.465603
0.498327
0.53416
0.570504
0.601076
0.623823
0.641256
0.654848
0.664957
0.6711
0.673569
0.674015
0.673824
0.287937
0.290199
0.300867
0.319828
0.345932
0.376527
0.410558
0.44779
0.487925
0.530457
0.572501
0.607259
0.632936
0.6526
0.667908
0.678986
0.685374
0.687719
0.688058
0.687857
0.211131
0.216497
0.235517
0.264503
0.301213
0.341653
0.384682
0.430212
0.478089
0.5279
0.576516
0.616445
0.645863
0.668341
0.685712
0.697914
0.704374
0.706433
0.706675
0.706551
0.144003
0.150317
0.175502
0.213157
0.259062
0.308537
0.360192
0.413839
0.469307
0.526194
0.581134
0.625932
0.658816
0.683889
0.703021
0.715918
0.722265
0.724122
0.724346
0.724284
0.0890886
0.0959518
0.125189
0.168942
0.221713
0.278552
0.337676
0.398694
0.461275
0.524874
0.585794
0.635178
0.671234
0.698576
0.71923
0.73291
0.739531
0.741504
0.741754
0.741731
0.0434982
0.050695
0.082607
0.131042
0.189264
0.252095
0.317488
0.384914
0.453877
0.523683
0.590231
0.643963
0.683062
0.712578
0.734757
0.749422
0.75662
0.758694
0.758978
0.758986
0.00465683
0.0120404
0.045796
0.0978896
0.160654
0.228564
0.299338
0.372374
0.447073
0.522599
0.594424
0.65225
0.694245
0.725846
0.749542
0.765217
0.772992
0.775298
0.775652
0.775684
-0.0294322
-0.0219333
0.0132062
0.0682757
0.134868
0.207163
0.282681
0.360747
0.440665
0.521467
0.598244
0.659936
0.704621
0.738209
0.763267
0.779862
0.78813
0.790751
0.791222
0.791265
-0.0602448
-0.0526364
-0.0163477
0.0412252
0.111115
0.187228
0.266958
0.349575
0.434313
0.520055
0.601537
0.666897
0.714098
0.749449
0.775728
0.793078
0.801835
0.804749
0.805306
0.805341
-0.0887291
-0.0810168
-0.0437436
0.0159932
0.0887759
0.168243
0.251732
0.338502
0.427721
0.518164
0.604141
0.673032
0.722614
0.759579
0.786901
0.804847
0.81395
0.81707
0.817697
0.817726
-0.115655
-0.107819
-0.0695943
-0.007941
0.0674038
0.149846
0.23671
0.327276
0.420664
0.515588
0.605945
0.678296
0.730194
0.76865
0.796871
0.815268
0.824568
0.827839
0.828495
0.828512
-0.141454
-0.133478
-0.094379
-0.0309562
0.0466693
0.131769
0.221683
0.315718
0.412989
0.512189
0.606871
0.68269
0.736909
0.776817
0.805844
0.82457
0.833962
0.837279
0.837933
0.837912
-0.166461
-0.158303
-0.118359
-0.0533169
0.026353
0.113833
0.206507
0.303716
0.404608
0.507892
0.606854
0.686231
0.742838
0.784221
0.814019
0.832953
0.842344
0.845617
0.846255
0.846219
-0.190818
-0.182485
-0.141713
-0.0751775
0.00633286
0.0959489
0.191108
0.291216
0.395464
0.502632
0.605845
0.688916
0.748061
0.791015
0.821555
0.840586
0.849867
0.853065
0.853641
0.853577
-0.214654
-0.206136
-0.164536
-0.0966223
-0.0134514
0.0780722
0.175466
0.278201
0.385539
0.496381
0.603804
0.690729
0.752647
0.797333
0.828587
0.847609
0.856689
0.859732
0.860219
0.860105
-0.23804
-0.229308
-0.186878
-0.117675
-0.0330179
0.0602049
0.159597
0.264697
0.374844
0.489128
0.600674
0.69162
0.756637
0.803297
0.835267
0.854157
0.862891
0.865662
0.866018
0.865867
-0.260965
-0.252007
-0.208738
-0.138329
-0.0523512
0.0423785
0.14354
0.250749
0.363433
0.480895
0.596417
0.691519
0.760008
0.809004
0.84178
0.860388
0.868553
0.870914
0.871117
0.870935
-0.283353
-0.274177
-0.23007
-0.158565
-0.0714083
0.0246427
0.12737
0.236431
0.351375
0.471708
0.590999
0.690341
0.76268
0.814488
0.848369
0.866611
0.873865
0.87557
0.87556
0.87536
-0.305147
-0.295759
-0.25084
-0.178352
-0.0901415
0.00707464
0.111159
0.221832
0.338747
0.461642
0.584402
0.68799
0.764511
0.819685
0.855279
0.873343
0.879277
0.879819
0.879402
0.879202
-0.326351
-0.316726
-0.271025
-0.197637
-0.108498
-0.010249
0.0950011
0.207052
0.325649
0.450771
0.576655
0.684379
0.765317
0.824377
0.862574
0.88125
0.885811
0.884367
0.882841
0.882567
-0.346858
-0.33701
-0.290589
-0.216371
-0.126402
-0.0272714
0.0789852
0.192186
0.312194
0.439205
0.567793
0.679411
0.764898
0.828207
0.869912
0.890713
0.895092
0.891479
0.88729
0.884853
-0.366713
-0.356645
-0.309501
-0.234553
-0.143886
-0.0440118
0.0630909
0.177204
0.298349
0.426904
0.55775
0.672849
0.762991
0.830793
0.876556
0.901201
0.908097
0.904375
0.896344
0.884277
-0.38589
-0.375684
-0.327873
-0.252359
-0.161196
-0.0607841
0.046934
0.161628
0.283561
0.413222
0.545869
0.663929
0.758919
0.831589
0.881224
0.910317
0.921579
0.917609
0.907896
0.879507
-0.404459
-0.39417
-0.345632
-0.269596
-0.178164
-0.077407
0.0307342
0.145692
0.268078
0.398364
0.532246
0.652399
0.75191
0.829763
0.88165
0.91104
0.92293
0.919799
0.873342
0.822683
-0.424076
-0.41118
-0.36265
-0.286143
-0.194942
-0.0940122
0.0142591
0.129412
0.251875
0.382273
0.516719
0.637921
0.740525
0.824871
0.875664
0.894246
0.902062
0.8732
0.814592
0.757348
-0.447942
-0.443633
-0.383744
-0.29979
-0.208988
-0.108243
-0.00220291
0.113412
0.235633
0.36572
0.499866
0.620955
0.723592
0.819375
0.845258
0.861532
0.838952
0.785048
0.7195
0.658132
-0.426095
-0.418213
-0.359045
-0.275354
-0.178896
-0.0748024
0.0360787
0.15437
0.279664
0.413523
0.541983
0.650393
0.743782
0.833086
0.842028
0.758899
0.689764
0.633138
0.569756
0.445787
-0.461548
-0.433513
-0.372755
-0.288337
-0.192095
-0.0883104
0.022037
0.139658
0.264032
0.396365
0.522648
0.628288
0.711203
0.775116
0.746019
0.627338
0.529759
0.464362
0.394383
0.258562
-0.487868
-0.454111
-0.391841
-0.307748
-0.211664
-0.108044
0.00238737
0.119237
0.242311
0.372404
0.49538
0.595995
0.669473
0.69607
0.620777
0.478281
0.364911
0.286915
0.19714
0.013429
-0.512129
-0.476803
-0.412778
-0.328151
-0.232043
-0.128474
-0.0183786
0.0975575
0.21909
0.346511
0.4651
0.558439
0.618349
0.608811
0.481394
0.319211
0.178941
0.0718633
-0.0365201
-0.313057
-0.535957
-0.499824
-0.434568
-0.349217
-0.252939
-0.149531
-0.040062
0.0747984
0.194551
0.318907
0.432237
0.517702
0.558906
0.516267
0.34209
0.158319
-0.0179271
-0.160355
-0.33862
-0.69563
-0.559781
-0.523514
-0.457463
-0.371557
-0.275055
-0.171836
-0.0629996
0.0506836
0.168424
0.289365
0.396792
0.474244
0.493763
0.397097
0.21011
0.00889275
-0.179148
-0.343928
-0.533685
-0.873374
-0.58473
-0.548307
-0.481767
-0.39545
-0.298769
-0.195712
-0.08748
0.024995
0.140559
0.257809
0.35908
0.425799
0.418464
0.279982
0.09037
-0.114924
-0.300074
-0.431009
-0.486369
-0.525396
-0.611202
-0.57465
-0.507787
-0.421248
-0.324565
-0.221835
-0.11439
-0.00341902
0.109526
0.222371
0.316976
0.369312
0.338712
0.16681
-0.0227964
-0.212001
-0.364868
-0.426085
-0.444792
-0.448105
-0.639493
-0.602716
-0.535572
-0.448931
-0.352414
-0.250201
-0.143817
-0.0346882
0.0751903
0.182885
0.270205
0.305519
0.253994
0.0609354
-0.124272
-0.292505
-0.398296
-0.416049
-0.420941
-0.421137
-0.669742
-0.632584
-0.565145
-0.478471
-0.382274
-0.28081
-0.175763
-0.0688214
0.0375101
0.139388
0.218127
0.239232
0.148952
-0.0350181
-0.212724
-0.353171
-0.401315
-0.408514
-0.408912
-0.408597
-0.701814
-0.664192
-0.596454
-0.509848
-0.414121
-0.313628
-0.210212
-0.105826
-0.00348895
0.0919719
0.161225
0.165782
0.0474763
-0.123025
-0.28559
-0.386114
-0.40043
-0.401174
-0.401738
-0.401512
-0.735243
-0.697269
-0.629304
-0.542878
-0.447804
-0.348537
-0.247081
-0.145645
-0.0476809
0.0408295
0.100538
0.0873505
-0.0436807
-0.2029
-0.340768
-0.388045
-0.39845
-0.39729
-0.396984
-0.396719
-0.769637
-0.731365
-0.663297
-0.577221
-0.48303
-0.385279
-0.286134
-0.188062
-0.0948299
-0.0134041
0.0348619
0.00987402
-0.128406
-0.270899
-0.374025
-0.393986
-0.394354
-0.395427
-0.395287
-0.394937
-0.804022
-0.765801
-0.697781
-0.612311
-0.519302
-0.42341
-0.326968
-0.232693
-0.144613
-0.0698457
-0.0347306
-0.0638149
-0.203537
-0.320582
-0.390522
-0.398682
-0.397576
-0.397359
-0.396933
-0.39658
-0.837215
-0.799483
-0.731814
-0.647327
-0.555904
-0.46229
-0.368963
-0.2789
-0.196418
-0.127993
-0.101013
-0.146272
-0.268317
-0.363722
-0.39407
-0.403208
-0.400792
-0.398906
-0.398313
-0.398096
-0.86766
-0.830845
-0.764117
-0.681158
-0.591842
-0.501012
-0.411271
-0.325823
-0.249175
-0.187613
-0.16476
-0.22826
-0.326519
-0.398095
-0.423846
-0.415916
-0.406963
-0.401106
-0.400364
-0.400164
-0.893287
-0.858184
-0.793031
-0.712345
-0.625831
-0.538404
-0.452766
-0.372373
-0.301539
-0.247545
-0.229547
-0.302758
-0.38202
-0.419341
-0.43277
-0.435054
-0.428606
-0.424454
-0.422499
-0.421203
-0.911631
-0.878981
-0.816505
-0.739117
-0.656322
-0.573046
-0.492061
-0.417151
-0.352341
-0.305176
-0.291048
-0.373054
-0.452348
-0.455677
-0.456476
-0.483204
-0.50227
-0.501322
-0.494162
-0.490159
-0.920198
-0.890592
-0.832281
-0.75953
-0.681577
-0.603332
-0.527599
-0.458303
-0.400345
-0.35774
-0.34572
-0.434632
-0.566077
-0.593362
-0.574289
-0.569051
-0.569854
-0.560259
-0.549999
-0.546507
-0.91603
-0.89047
-0.838342
-0.771554
-0.69984
-0.627643
-0.557791
-0.493813
-0.442939
-0.404925
-0.392308
-0.465487
-0.659647
-0.848203
-0.752483
-0.608599
-0.540634
-0.520175
-0.514167
-0.513097
-0.895202
-0.876436
-0.832807
-0.773642
-0.709648
-0.644629
-0.581047
-0.522314
-0.476097
-0.445781
-0.428842
-0.450595
-0.495506
-0.686241
-0.60573
-0.48596
-0.431557
-0.421594
-0.4217
-0.420734
-0.859503
-0.846668
-0.814128
-0.765241
-0.710302
-0.653439
-0.596455
-0.542926
-0.497331
-0.472605
-0.436278
-0.328904
-0.0604741
0.103885
-0.021914
-0.216641
-0.332238
-0.351345
-0.353602
-0.353157
-0.813787
-0.80594
-0.785393
-0.748007
-0.702849
-0.654298
-0.604069
-0.554464
-0.510177
-0.478276
-0.436717
-0.30234
-0.0241082
0.238331
0.0701306
-0.185334
-0.341051
-0.375679
-0.390885
-0.398607
-0.767007
-0.762744
-0.751765
-0.726553
-0.690463
-0.649154
-0.604561
-0.558314
-0.513741
-0.475195
-0.462735
-0.463935
-0.646533
-0.801713
-1.09225
-1.26239
-1.265
-1.11114
-0.945328
-0.913775
-0.729093
-0.726774
-0.721092
-0.704756
-0.676874
-0.640964
-0.600164
-0.555583
-0.509223
-0.475378
-0.447197
-0.625263
-1.17627
-1.96326
-2.28527
-2.25249
-2.05157
-1.81534
-1.63232
-1.56441
-0.701831
-0.700692
-0.698452
-0.688961
-0.666534
-0.633809
-0.5935
-0.546963
-0.497548
-0.444836
-0.420124
-0.498419
-0.745348
-0.954874
-1.02588
-0.853537
-0.636089
-0.440691
-0.303618
-0.235407
-0.683946
-0.683418
-0.682598
-0.677893
-0.660803
-0.629047
-0.58629
-0.536877
-0.476117
-0.405216
-0.327903
-0.244048
-0.143868
0.096471
0.408946
0.724294
0.964264
1.11325
1.17479
1.19672
-0.673214
-0.672883
-0.672219
-0.670536
-0.658261
-0.626675
-0.580216
-0.522279
-0.453025
-0.36732
-0.255419
-0.126176
0.102385
0.549577
1.06733
1.52718
1.82884
1.94516
1.97146
1.97052
-0.66663
-0.666737
-0.666908
-0.666794
-0.657724
-0.626754
-0.576873
-0.514028
-0.43318
-0.327718
-0.220894
-0.0777035
0.166244
0.613589
1.0985
1.5184
1.78115
1.88609
1.90998
1.91003
-0.660345
-0.660761
-0.660913
-0.660518
-0.653647
-0.628194
-0.580942
-0.511941
-0.421305
-0.311608
-0.201554
-0.0834006
0.14301
0.503742
0.860898
1.16597
1.36143
1.44924
1.48464
1.4967
-0.664209
-0.6621
-0.65377
-0.64207
-0.640376
-0.634625
-0.596612
-0.518331
-0.420818
-0.30813
-0.197671
-0.108935
0.0570596
0.354785
0.631643
0.86029
1.00955
1.09093
1.13563
1.15202
-0.705853
-0.700518
-0.687793
-0.674116
-0.673324
-0.676414
-0.630202
-0.531016
-0.4183
-0.307759
-0.199179
-0.123324
0.0106674
0.23645
0.463837
0.647645
0.790094
0.877156
0.918709
0.930881
-0.796517
-0.798382
-0.81082
-0.82604
-0.822926
-0.789982
-0.683911
-0.545713
-0.41466
-0.300403
-0.204088
-0.133567
-0.0468454
0.173649
0.353656
0.501239
0.614002
0.682581
0.712565
0.720127
-0.89808
-0.915109
-0.949037
-0.970344
-0.959979
-0.885677
-0.718188
-0.546586
-0.407666
-0.290618
-0.199566
-0.138664
-0.077758
0.0599623
0.21189
0.342866
0.43297
0.488841
0.512372
0.517649
-0.885818
-0.904633
-0.936065
-0.957829
-0.944332
-0.849155
-0.66769
-0.511737
-0.380407
-0.270472
-0.188104
-0.123079
-0.0661765
0.0446429
0.159513
0.239124
0.300771
0.339198
0.355195
0.357521
-0.676418
-0.695151
-0.725126
-0.750158
-0.737403
-0.654269
-0.535804
-0.424374
-0.320905
-0.238511
-0.166619
-0.101268
-0.0612063
0.00596047
0.0992163
0.161314
0.204952
0.230057
0.239128
0.240214
-0.349507
-0.361108
-0.382407
-0.405257
-0.412801
-0.389424
-0.349707
-0.298641
-0.246501
-0.189938
-0.138946
-0.0829447
-0.0385521
0.00348443
0.0552935
0.0967018
0.131807
0.153238
0.162272
0.162127
-0.0712814
-0.0762157
-0.089398
-0.113429
-0.141922
-0.166719
-0.180693
-0.183941
-0.172488
-0.143475
-0.112153
-0.0713478
-0.0385922
-0.0094758
0.0301036
0.055809
0.0773068
0.0901825
0.093147
0.0920068
0.0738968
0.0714527
0.0617145
0.038541
0.00127944
-0.0410232
-0.0775311
-0.101977
-0.114256
-0.108852
-0.0926499
-0.0683486
-0.0458474
-0.0422027
-0.0198634
0.00286962
0.0217225
0.0308781
0.0329465
0.0314551
0.117925
0.116151
0.108615
0.0896185
0.0578247
0.0189803
-0.0198182
-0.0521201
-0.075379
-0.0862094
-0.0867603
-0.0786339
-0.0720401
-0.0715292
-0.0647803
-0.0513521
-0.0378805
-0.0311025
-0.0294648
-0.0309326
0.115217
0.113918
0.108535
0.0949381
0.0714681
0.0411055
0.00814129
-0.023563
-0.0506553
-0.0720502
-0.0906426
-0.106136
-0.121634
-0.126379
-0.111444
-0.0972279
-0.0898739
-0.0893759
-0.0899916
-0.0908851
0.0972128
0.0963268
0.0926759
0.0834252
0.0669924
0.0446181
0.0183501
-0.00924049
-0.0367368
-0.0647045
-0.0988142
-0.140834
-0.177116
-0.174141
-0.155707
-0.141726
-0.135528
-0.134812
-0.135268
-0.135619
0.0770661
0.0764877
0.0740918
0.0679679
0.0568154
0.0408845
0.0209386
-0.00156381
-0.0267222
-0.0565315
-0.0976331
-0.153332
-0.193228
-0.18089
-0.160392
-0.153097
-0.153737
-0.157289
-0.158392
-0.158243
0.059337
0.0590053
0.057499
0.0536014
0.0462403
0.0353003
0.0208909
0.00363321
-0.0168802
-0.0430924
-0.0797532
-0.125648
-0.150546
-0.139313
-0.131942
-0.135068
-0.142471
-0.147756
-0.14892
-0.148612
0.0453321
0.0451142
0.0442099
0.0418386
0.0372228
0.030033
0.0202821
0.00820077
-0.00623474
-0.024102
-0.0479524
-0.0744575
-0.0816762
-0.0779396
-0.0799548
-0.0918227
-0.102917
-0.109049
-0.110202
-0.110031
0.0345479
0.034453
0.0339899
0.0327046
0.0300661
0.0258177
0.0199239
0.0127688
0.00478718
-0.0029747
-0.00947727
-0.0153929
-0.0120113
-0.00695829
-0.0190316
-0.0347659
-0.0471625
-0.0526705
-0.0538312
-0.0538776
0.0261384
0.0261254
0.0259728
0.0254553
0.0242509
0.0222007
0.0194252
0.0164495
0.014723
0.0167027
0.0275001
0.0441235
0.0649594
0.0570352
0.0375846
0.021408
0.011691
0.00852178
0.00697856
0.00655904
0.01925
0.0192764
0.0193035
0.0193225
0.0191013
0.0186141
0.0180056
0.0182197
0.020951
0.0308349
0.0548689
0.0888288
0.116976
0.107103
0.0840817
0.0678886
0.0605882
0.0583298
0.0572972
0.0563108
0.013309
0.0133521
0.0134835
0.0137519
0.0140887
0.0144961
0.0151478
0.0170674
0.0222741
0.0358222
0.0665505
0.1093
0.141863
0.128598
0.103686
0.0918034
0.086514
0.0850732
0.0835887
0.0824537
0.00794096
0.00796458
0.00808502
0.00843859
0.00896044
0.00964938
0.0106606
0.0128289
0.0179455
0.0303595
0.0582938
0.0966793
0.122385
0.108114
0.0901606
0.081482
0.081985
0.0829047
0.081424
0.0799546
0.00308701
0.00309171
0.00312288
0.00330132
0.00356724
0.00395806
0.00444384
0.00525521
0.00705423
0.0114438
0.0211283
0.0426863
0.0625015
0.0666109
0.0527149
0.0466238
0.0447024
0.0479802
0.0474827
0.0455344
-0.419546
-0.0387991
0.230912
0.416709
0.56082
0.672115
0.763375
0.844522
0.929931
0.92084
0.137081
0.289589
0.429424
0.550457
0.651211
0.733759
0.801178
0.848866
0.864469
0.877554
0.377566
0.475968
0.572482
0.656679
0.728479
0.787986
0.834313
0.867076
0.889526
0.908508
0.546992
0.615385
0.683866
0.744969
0.797421
0.841253
0.876791
0.905439
0.927232
0.946793
0.677131
0.727556
0.777843
0.82378
0.8641
0.898996
0.928994
0.954478
0.973507
0.992232
0.785087
0.82423
0.862598
0.899249
0.932674
0.962566
0.988872
1.01107
1.02799
1.04589
0.876994
0.910795
0.94412
0.976196
1.00612
1.03329
1.05722
1.07711
1.09196
1.10935
0.96416
0.996146
1.02817
1.05908
1.08787
1.11391
1.13653
1.15475
1.16792
1.18477
1.05368
1.08808
1.1215
1.1532
1.18223
1.2079
1.2296
1.24654
1.25848
1.27488
1.15614
1.19489
1.23098
1.2639
1.293
1.31786
1.33827
1.35401
1.36568
1.38185
1.28248
1.32412
1.36106
1.3929
1.42012
1.44302
1.46197
1.47714
1.48961
1.50573
1.43965
1.47789
1.50959
1.53567
1.55835
1.57859
1.59684
1.61301
1.62706
1.64294
1.62155
1.64645
1.668
1.68685
1.70471
1.72162
1.73798
1.75445
1.77009
1.78608
1.80719
1.81898
1.83361
1.84844
1.86221
1.87442
1.88574
1.89712
1.91001
1.93072
1.99524
2.00527
2.01222
2.0136
2.01569
2.02311
2.03627
2.05162
2.0647
2.09297
2.27171
2.21263
2.165
2.13388
2.12075
2.12533
2.14857
2.1939
2.26443
2.34304
0.725163
0.71766
0.708741
0.695917
0.682512
0.670913
0.661697
0.654813
0.650223
0.648238
0.649493
0.653566
0.659842
0.668257
0.678936
0.691778
0.705481
0.716683
0.724468
0.730793
0.639131
0.647012
0.654156
0.658918
0.660169
0.658175
0.65443
0.650488
0.647425
0.646066
0.647147
0.650229
0.654415
0.658841
0.66223
0.662956
0.660038
0.654013
0.646015
0.640114
0.631083
0.634143
0.63723
0.639748
0.64212
0.643881
0.644366
0.643703
0.642686
0.642259
0.643091
0.644778
0.646381
0.647015
0.646186
0.64425
0.641984
0.639344
0.636154
0.633792
0.625782
0.6273
0.629532
0.63169
0.633277
0.634549
0.635659
0.636435
0.636847
0.637237
0.637885
0.638517
0.638686
0.638263
0.637459
0.636362
0.634712
0.632533
0.630702
0.629618
0.620629
0.621468
0.622952
0.624794
0.626534
0.627931
0.629044
0.630032
0.630933
0.631747
0.632378
0.632672
0.632602
0.632215
0.631461
0.630233
0.628661
0.627096
0.62606
0.625425
0.61567
0.61624
0.61731
0.618737
0.620279
0.621797
0.623161
0.624339
0.625409
0.626407
0.627154
0.627497
0.627438
0.626961
0.626088
0.624973
0.623787
0.622712
0.622022
0.621578
0.610839
0.611267
0.612121
0.613321
0.614648
0.61607
0.617526
0.618922
0.620213
0.621408
0.622319
0.62275
0.622691
0.622217
0.62148
0.620632
0.619749
0.618952
0.618447
0.618111
0.606098
0.606434
0.607139
0.60819
0.609415
0.610752
0.612194
0.613708
0.615224
0.616676
0.617788
0.618338
0.618387
0.618086
0.617578
0.616949
0.616282
0.615697
0.615321
0.615054
0.601373
0.601645
0.602245
0.603196
0.60436
0.605661
0.607109
0.608703
0.610406
0.612127
0.613507
0.614285
0.614562
0.614495
0.614211
0.613794
0.61332
0.612904
0.612624
0.612404
0.596577
0.596804
0.597331
0.598219
0.599346
0.600649
0.602148
0.603854
0.605751
0.607769
0.609495
0.610599
0.61117
0.611364
0.611309
0.611109
0.61082
0.610551
0.610346
0.610159
0.591623
0.591816
0.592293
0.593148
0.594276
0.595622
0.59721
0.599072
0.601215
0.603591
0.605746
0.607254
0.608174
0.608666
0.608867
0.608881
0.608779
0.608641
0.608496
0.608334
0.586424
0.586592
0.587041
0.587894
0.589062
0.590493
0.592217
0.594297
0.596762
0.599589
0.602265
0.604251
0.605575
0.606407
0.606891
0.607127
0.60722
0.607204
0.607109
0.606963
0.580887
0.581035
0.581474
0.582355
0.583602
0.585165
0.587089
0.58946
0.592341
0.595734
0.599042
0.601594
0.603389
0.604606
0.605406
0.60591
0.606191
0.606286
0.606233
0.606099
0.574905
0.575039
0.575485
0.576422
0.577793
0.579545
0.581742
0.584496
0.587901
0.59199
0.596066
0.599298
0.601647
0.603307
0.604465
0.605258
0.605748
0.605955
0.605939
0.605813
0.568355
0.568479
0.568946
0.569972
0.571512
0.573516
0.576068
0.579309
0.583372
0.588321
0.593328
0.59737
0.600377
0.602562
0.604126
0.605249
0.605971
0.606293
0.606312
0.60619
0.561085
0.5612
0.561701
0.562848
0.564612
0.566945
0.569948
0.573798
0.578668
0.584661
0.5908
0.595824
0.599615
0.602419
0.604474
0.605977
0.606957
0.6074
0.607451
0.607329
0.552907
0.553014
0.553557
0.554863
0.556918
0.55967
0.563246
0.567864
0.573745
0.581024
0.588525
0.594714
0.59943
0.602962
0.605601
0.607551
0.608816
0.609386
0.609469
0.609344
0.543507
0.543625
0.544258
0.545779
0.548208
0.551496
0.555801
0.561391
0.56853
0.577382
0.586524
0.594097
0.599899
0.604286
0.607609
0.610068
0.611662
0.612371
0.612483
0.612352
0.532617
0.532735
0.533484
0.535277
0.538184
0.542164
0.547401
0.554219
0.562937
0.573727
0.584831
0.594021
0.601093
0.606485
0.610602
0.613664
0.615622
0.616476
0.616615
0.616474
0.519759
0.519892
0.520794
0.522944
0.526471
0.531351
0.537787
0.546162
0.556834
0.569981
0.583442
0.594542
0.603099
0.609661
0.614707
0.618454
0.620815
0.621816
0.621977
0.621822
0.504293
0.504462
0.505591
0.508223
0.512575
0.518648
0.526669
0.53707
0.550217
0.566244
0.582485
0.595788
0.606033
0.613921
0.620024
0.624539
0.627331
0.628476
0.62865
0.62848
0.485289
0.485528
0.487
0.490322
0.495827
0.50355
0.513709
0.526769
0.543062
0.562588
0.582059
0.597855
0.609985
0.619372
0.626629
0.631999
0.635232
0.636501
0.636676
0.636486
0.461343
0.46172
0.463737
0.468106
0.475319
0.485419
0.49856
0.515157
0.535401
0.559104
0.582266
0.600835
0.615044
0.626066
0.634591
0.640859
0.644503
0.645859
0.646017
0.645804
0.430158
0.430823
0.433788
0.439951
0.449907
0.463593
0.480974
0.502268
0.527416
0.556002
0.583297
0.60486
0.621287
0.634042
0.643926
0.651067
0.655036
0.656412
0.65653
0.656297
0.387641
0.388989
0.393961
0.403673
0.418454
0.437729
0.461121
0.48852
0.519601
0.553732
0.585453
0.610127
0.628816
0.643336
0.654576
0.662483
0.666599
0.667893
0.667947
0.6677
0.326256
0.330403
0.340826
0.3577
0.380648
0.40828
0.439662
0.474462
0.51227
0.552412
0.588788
0.616655
0.637599
0.653823
0.66627
0.674751
0.678781
0.679831
0.6798
0.679561
0.252703
0.260817
0.279986
0.307277
0.340656
0.377697
0.417648
0.460368
0.50554
0.552541
0.594522
0.626466
0.65045
0.668921
0.68286
0.691878
0.695896
0.696882
0.696895
0.69678
0.178895
0.192647
0.220606
0.258219
0.301693
0.348059
0.396633
0.447348
0.499956
0.553923
0.601692
0.63786
0.664989
0.685861
0.701337
0.71066
0.714303
0.715072
0.715108
0.715075
0.11791
0.134951
0.168785
0.214186
0.265894
0.320441
0.376969
0.435293
0.49507
0.555722
0.608973
0.649059
0.679021
0.70194
0.718522
0.728155
0.731669
0.732451
0.732578
0.732596
0.0675946
0.0867093
0.125041
0.176237
0.234355
0.295648
0.359059
0.424226
0.490626
0.557555
0.615977
0.659773
0.69233
0.717127
0.734919
0.745008
0.748806
0.749829
0.750009
0.750066
0.0253207
0.0456714
0.0873881
0.143254
0.206672
0.273616
0.342913
0.414104
0.486522
0.559304
0.622613
0.669931
0.705018
0.731633
0.750679
0.761586
0.765832
0.767001
0.767196
0.767271
-0.0112858
0.00991501
0.0542826
0.113985
0.181893
0.253727
0.328201
0.404787
0.482698
0.560919
0.628819
0.679441
0.716925
0.745283
0.765574
0.777274
0.781936
0.783238
0.783443
0.783517
-0.0438533
-0.0220246
0.0245159
0.0874386
0.159206
0.235321
0.314428
0.395918
0.478894
0.562208
0.634457
0.688198
0.727875
0.75783
0.779167
0.791611
0.796723
0.798156
0.798344
0.798407
-0.0735753
-0.0512624
-0.00287859
0.0628392
0.137963
0.217854
0.301122
0.38712
0.474843
0.562993
0.639403
0.696091
0.737795
0.769152
0.791398
0.804421
0.809897
0.811416
0.811604
0.811642
-0.1014
-0.0785918
-0.0285731
0.0396125
0.117682
0.200928
0.287963
0.378112
0.470308
0.563101
0.643534
0.703082
0.746693
0.779288
0.802272
0.815676
0.821401
0.823003
0.823193
0.823203
-0.127853
-0.104534
-0.0530644
0.017337
0.0980217
0.184269
0.274721
0.368697
0.465102
0.562391
0.646803
0.70919
0.754659
0.788378
0.811988
0.825616
0.831454
0.833105
0.833291
0.833267
-0.15334
-0.129498
-0.0766802
-0.00429039
0.0787326
0.167677
0.261238
0.358745
0.459115
0.560774
0.649181
0.714461
0.761796
0.796617
0.820739
0.834502
0.840332
0.841947
0.842113
0.84206
-0.178116
-0.153719
-0.0996418
-0.0254592
0.0596642
0.151037
0.247417
0.348181
0.452279
0.558176
0.650643
0.718937
0.768224
0.80417
0.828718
0.842497
0.84825
0.849809
0.849932
0.849847
-0.202309
-0.177333
-0.122083
-0.0462625
0.0407396
0.13429
0.233222
0.336969
0.444558
0.554558
0.651156
0.722649
0.774065
0.811189
0.836066
0.849748
0.855366
0.856826
0.856904
0.856793
-0.226021
-0.200451
-0.144056
-0.0667461
0.0219318
0.117429
0.218659
0.325114
0.435934
0.549882
0.650665
0.725604
0.779415
0.81781
0.84293
0.856403
0.861782
0.863079
0.863084
0.862948
-0.249208
-0.223089
-0.165574
-0.0869159
0.00325078
0.100474
0.203758
0.312653
0.42643
0.544128
0.649102
0.727768
0.784345
0.824182
0.849469
0.862547
0.867522
0.868587
0.86852
0.868366
-0.271916
-0.24521
-0.186619
-0.106749
-0.0152671
0.0834797
0.18858
0.299644
0.4161
0.537288
0.646411
0.729065
0.788847
0.830456
0.855926
0.868368
0.872678
0.873417
0.873278
0.873118
-0.294037
-0.266766
-0.207162
-0.126222
-0.0335713
0.0665204
0.173205
0.28617
0.405007
0.529375
0.642522
0.729382
0.792838
0.836746
0.862667
0.874239
0.877452
0.877638
0.877404
0.877261
-0.31558
-0.2877
-0.227182
-0.145274
-0.0515903
0.0496675
0.157726
0.272333
0.393233
0.520442
0.637385
0.728593
0.796138
0.843034
0.870109
0.880885
0.882398
0.881434
0.880949
0.880916
-0.336449
-0.308005
-0.246628
-0.163852
-0.0692641
0.0330047
0.142227
0.258215
0.380889
0.510565
0.63097
0.726552
0.798495
0.849052
0.878439
0.889351
0.889011
0.885801
0.884162
0.884382
-0.356674
-0.32765
-0.265441
-0.181893
-0.0865159
0.0166235
0.126835
0.243953
0.368101
0.499847
0.623274
0.723104
0.799623
0.854256
0.887174
0.900241
0.899709
0.894048
0.88723
0.873536
-0.376214
-0.346678
-0.28376
-0.199607
-0.103647
0.000189949
0.111129
0.229078
0.354339
0.487759
0.613724
0.717663
0.799176
0.858128
0.895308
0.912876
0.914919
0.907549
0.896316
0.907799
-0.395062
-0.36509
-0.301542
-0.216941
-0.120609
-0.0162482
0.0951145
0.21361
0.339579
0.474188
0.602088
0.709532
0.79645
0.859516
0.899532
0.920566
0.926436
0.91682
0.866526
0.857093
-0.413734
-0.383033
-0.31852
-0.233599
-0.136994
-0.0323162
0.0789688
0.197825
0.324125
0.459347
0.588439
0.698088
0.790737
0.85754
0.894941
0.914615
0.912927
0.878445
0.818398
0.782207
-0.435458
-0.402173
-0.334232
-0.249076
-0.152032
-0.0476143
0.0631178
0.182006
0.308194
0.443361
0.572851
0.682975
0.780405
0.851118
0.892943
0.882904
0.859833
0.801927
0.738116
0.699798
-0.00920449
0.106366
0.228443
0.358256
0.491785
0.612106
0.712915
0.590821
-0.449859
-0.440542
-0.398495
-0.325928
-0.234837
-0.13487
-0.0275239
0.0868383
0.208105
0.336669
0.468925
0.588548
0.685902
0.770485
0.8176
0.770505
0.649691
0.576764
0.518451
-0.473198
-0.461535
-0.415763
-0.341977
-0.250677
-0.150707
-0.043791
0.0700841
0.190453
0.317589
0.447503
0.563981
0.655001
0.722874
0.720892
0.621029
0.496631
0.411624
0.340945
-0.49701
-0.485021
-0.436769
-0.361898
-0.270642
-0.170581
-0.0636028
0.0499322
0.169297
0.294741
0.421451
0.532826
0.614262
0.659954
0.622808
0.472975
0.332262
0.22628
0.140149
-0.520662
-0.508638
-0.458935
-0.382851
-0.291303
-0.191237
-0.084539
0.0282404
0.14632
0.26962
0.392571
0.497926
0.57122
0.587328
0.499271
0.324313
0.155854
0.012104
-0.108047
-0.544359
-0.532419
-0.481765
-0.404767
-0.312814
-0.212726
-0.106453
0.00541432
0.122015
0.242814
0.361491
0.45972
0.522792
0.501339
0.366891
0.178519
-0.0152487
-0.181323
-0.341743
-0.568609
-0.55682
-0.505658
-0.428042
-0.335723
-0.235578
-0.129662
-0.0186556
0.0963922
0.214518
0.328697
0.419072
0.466597
0.423215
0.242759
0.047463
-0.15319
-0.331446
-0.467431
-0.591229
-0.594227
-0.582535
-0.531014
-0.45301
-0.360502
-0.260405
-0.154924
-0.0449037
0.0683427
0.183347
0.292514
0.374286
0.403966
0.325735
0.127559
-0.0708814
-0.257792
-0.399399
-0.44931
-0.470398
-0.621508
-0.609864
-0.558045
-0.479791
-0.387251
-0.287399
-0.182543
-0.0737925
0.0372741
0.148577
0.251968
0.324324
0.328737
0.211783
0.0195553
-0.16883
-0.332055
-0.406361
-0.429272
-0.432089
-0.650674
-0.638993
-0.586829
-0.508381
-0.415945
-0.316511
-0.212539
-0.105361
0.00312747
0.110174
0.20685
0.269351
0.245173
0.104095
-0.0790926
-0.254962
-0.375654
-0.414729
-0.413348
-0.414287
-0.681695
-0.669938
-0.617379
-0.538772
-0.446566
-0.347734
-0.244907
-0.13961
-0.034107
0.0681552
0.157316
0.208096
0.16764
0.00262679
-0.166414
-0.32504
-0.390342
-0.403169
-0.404593
-0.404683
-0.714332
-0.702465
-0.649557
-0.570869
-0.479011
-0.381
-0.279581
-0.176519
-0.0744039
0.0225842
0.103703
0.14151
0.0915429
-0.0859854
-0.244992
-0.364008
-0.4039
-0.399512
-0.399198
-0.398935
-0.748056
-0.736136
-0.683054
-0.604393
-0.513064
-0.416104
-0.316402
-0.215947
-0.117616
-0.0261944
0.0461217
0.0727049
0.000750669
-0.166426
-0.310574
-0.381586
-0.395583
-0.396097
-0.395713
-0.395404
-0.782325
-0.770379
-0.717332
-0.638867
-0.548297
-0.452674
-0.355036
-0.257592
-0.163488
-0.0777674
-0.0145396
-0.00311345
-0.0891304
-0.23476
-0.353648
-0.390106
-0.394488
-0.395925
-0.396032
-0.395655
-0.816145
-0.804219
-0.751538
-0.673546
-0.58407
-0.490155
-0.394966
-0.300948
-0.21151
-0.131814
-0.0758147
-0.0818169
-0.169689
-0.293571
-0.377053
-0.406146
-0.400225
-0.398586
-0.397885
-0.39748
-0.847705
-0.836138
-0.784461
-0.707427
-0.619481
-0.527732
-0.435449
-0.345282
-0.260875
-0.187705
-0.136754
-0.154764
-0.246613
-0.34498
-0.403302
-0.406988
-0.405978
-0.400936
-0.398855
-0.398613
-0.875839
-0.864663
-0.814528
-0.739133
-0.653327
-0.564329
-0.475482
-0.389622
-0.310534
-0.244033
-0.199065
-0.22279
-0.317991
-0.386176
-0.421595
-0.430376
-0.419209
-0.409198
-0.406194
-0.40617
-0.897744
-0.887271
-0.839751
-0.766921
-0.684102
-0.59859
-0.513796
-0.432707
-0.359341
-0.299054
-0.261285
-0.28726
-0.387305
-0.428399
-0.431092
-0.445954
-0.45525
-0.458415
-0.455089
-0.451835
-0.911225
-0.901818
-0.857787
-0.788791
-0.710058
-0.628931
-0.548902
-0.472974
-0.405844
-0.351294
-0.319236
-0.347803
-0.46578
-0.516107
-0.49701
-0.511715
-0.538059
-0.545882
-0.536772
-0.529299
-0.913658
-0.905734
-0.866263
-0.802651
-0.729292
-0.65367
-0.579188
-0.508751
-0.447788
-0.399868
-0.370756
-0.396363
-0.537625
-0.709071
-0.712224
-0.631246
-0.580178
-0.556436
-0.544461
-0.539758
-0.902908
-0.896411
-0.862954
-0.80644
-0.740059
-0.671249
-0.603067
-0.538528
-0.482422
-0.442202
-0.414473
-0.437387
-0.516009
-0.767029
-0.849529
-0.653296
-0.521705
-0.479254
-0.472525
-0.470708
-0.875295
-0.870675
-0.845151
-0.798582
-0.741267
-0.680472
-0.619448
-0.560784
-0.508287
-0.473196
-0.445991
-0.421867
-0.337251
-0.277067
-0.337657
-0.346332
-0.369744
-0.376439
-0.377292
-0.377306
-0.834422
-0.831499
-0.814683
-0.779467
-0.733045
-0.681228
-0.627848
-0.574693
-0.52601
-0.487926
-0.46609
-0.38279
-0.133612
0.223745
0.302593
0.0272541
-0.2252
-0.327764
-0.353132
-0.358144
-0.787467
-0.78565
-0.777084
-0.753207
-0.7179
-0.675082
-0.628697
-0.580954
-0.534236
-0.493692
-0.465764
-0.404829
-0.34857
-0.222758
-0.294505
-0.556252
-0.670369
-0.622964
-0.563881
-0.550728
-0.745049
-0.743855
-0.739857
-0.726299
-0.700139
-0.664846
-0.624394
-0.580344
-0.534821
-0.493703
-0.454104
-0.493873
-0.720795
-1.27276
-1.66484
-1.84001
-1.8545
-1.71344
-1.5185
-1.37175
-0.714167
-0.71346
-0.710972
-0.703954
-0.684838
-0.655107
-0.617735
-0.574923
-0.528185
-0.478731
-0.456333
-0.495083
-0.818282
-1.38384
-1.91141
-1.95873
-1.70443
-1.44244
-1.22572
-1.09228
-0.691776
-0.691277
-0.690327
-0.687584
-0.674851
-0.648499
-0.611432
-0.566909
-0.514926
-0.460229
-0.399262
-0.346713
-0.38381
-0.385198
-0.269208
-0.126771
0.109218
0.28736
0.423482
0.489032
-0.678032
-0.677821
-0.677308
-0.675894
-0.668848
-0.645444
-0.606673
-0.55706
-0.49961
-0.427235
-0.336996
-0.236161
-0.0990893
0.170773
0.600233
1.047
1.40479
1.6102
1.68064
1.69867
-0.669604
-0.669531
-0.66918
-0.668909
-0.665512
-0.644945
-0.60366
-0.549298
-0.481407
-0.39622
-0.296522
-0.165851
0.00273651
0.36956
0.886178
1.38434
1.77071
1.96273
2.01905
2.02134
-0.663367
-0.663724
-0.664333
-0.665108
-0.663152
-0.645023
-0.604638
-0.546639
-0.47162
-0.374373
-0.263301
-0.149069
0.0253594
0.354114
0.782141
1.18239
1.4861
1.64164
1.6971
1.71081
-0.658924
-0.659282
-0.657678
-0.653508
-0.649354
-0.640765
-0.611852
-0.553985
-0.469895
-0.366445
-0.250409
-0.149789
-0.01964
0.263095
0.595356
0.878388
1.09388
1.2135
1.27144
1.29915
-0.679359
-0.678071
-0.669591
-0.652042
-0.640706
-0.648369
-0.636683
-0.572154
-0.471769
-0.365364
-0.253066
-0.157141
-0.0593822
0.150767
0.408178
0.647312
0.825012
0.938022
1.00143
1.02935
-0.746719
-0.743261
-0.73998
-0.737288
-0.738221
-0.7383
-0.699784
-0.599464
-0.476129
-0.360438
-0.253394
-0.158839
-0.0920648
0.097047
0.323522
0.496323
0.641681
0.74756
0.803958
0.824384
-0.854369
-0.854904
-0.87461
-0.904791
-0.911951
-0.886836
-0.786445
-0.625502
-0.47828
-0.351465
-0.246933
-0.165377
-0.112766
0.0146598
0.193976
0.355211
0.47733
0.556812
0.598186
0.612233
-0.912511
-0.921374
-0.950355
-0.979941
-0.986943
-0.945922
-0.803018
-0.613035
-0.464235
-0.33564
-0.236164
-0.158193
-0.111454
-0.00981112
0.111322
0.23402
0.322579
0.388133
0.422438
0.433399
-0.80195
-0.811453
-0.839164
-0.869452
-0.878377
-0.829297
-0.687991
-0.539987
-0.411763
-0.301798
-0.216385
-0.143922
-0.0946256
-0.0241934
0.0868789
0.171471
0.227669
0.266823
0.284973
0.290756
-0.513938
-0.523442
-0.54531
-0.573055
-0.588127
-0.558184
-0.484897
-0.405693
-0.321265
-0.248875
-0.18573
-0.123425
-0.0673557
-0.0330583
0.0348323
0.0999606
0.147506
0.180344
0.196826
0.200613
-0.193659
-0.198539
-0.210556
-0.231643
-0.253709
-0.265041
-0.264249
-0.248753
-0.224304
-0.188849
-0.145538
-0.100889
-0.0537318
-0.0169058
0.0246333
0.0597678
0.0889421
0.112737
0.123771
0.126013
0.0186492
0.0165254
0.0102645
-0.00684394
-0.0376926
-0.0756261
-0.108963
-0.131292
-0.142636
-0.134381
-0.112138
-0.0860777
-0.0515702
-0.0363356
-0.00781559
0.0219373
0.0435875
0.0576884
0.0629033
0.0624852
0.105343
0.10409
0.0996789
0.0852211
0.0564261
0.0163786
-0.0254646
-0.0607113
-0.0850535
-0.0961859
-0.093732
-0.0808267
-0.0621535
-0.0584056
-0.0522292
-0.0373063
-0.018313
-0.00379091
0.0018379
0.00188168
0.12025
0.119407
0.116108
0.105312
0.083116
0.0511193
0.0151037
-0.0201354
-0.0496435
-0.0707351
-0.0836823
-0.0904593
-0.090808
-0.0971328
-0.0903346
-0.0784223
-0.0670752
-0.0615327
-0.0611212
-0.0619414
0.107212
0.106691
0.104372
0.0969189
0.0813701
0.058038
0.0296701
-0.000416914
-0.0293933
-0.0557334
-0.08099
-0.109397
-0.138054
-0.157078
-0.146057
-0.128959
-0.117832
-0.114484
-0.114442
-0.114966
0.0870782
0.0867846
0.0852228
0.0802514
0.0697131
0.0532608
0.0320213
0.00784076
-0.0181512
-0.0457734
-0.0784024
-0.124976
-0.176877
-0.193147
-0.173781
-0.156008
-0.149081
-0.148773
-0.150255
-0.150322
0.0678019
0.0676676
0.0666536
0.0634518
0.0565104
0.0452903
0.0300377
0.0114393
-0.00984549
-0.0354841
-0.0682528
-0.116858
-0.166116
-0.172117
-0.155053
-0.146372
-0.148913
-0.154817
-0.158034
-0.157851
0.051876
0.0517936
0.0511886
0.0492122
0.0448186
0.0373979
0.0269175
0.013539
-0.00233708
-0.02189
-0.0481691
-0.0842763
-0.11443
-0.1146
-0.108107
-0.112644
-0.12154
-0.128972
-0.132212
-0.132193
0.039576
0.0395655
0.0392034
0.0380668
0.0354518
0.0308923
0.0241868
0.0154924
0.00510594
-0.00739274
-0.0205142
-0.037709
-0.0477703
-0.0432633
-0.0434487
-0.0563884
-0.0705434
-0.0801631
-0.0833347
-0.0835772
0.0300705
0.0300925
0.0299396
0.0294213
0.0280942
0.0256542
0.0219855
0.0172915
0.0123351
0.00801767
0.00851041
0.0129888
0.0233666
0.0277747
0.0191768
0.00177296
-0.0126409
-0.0202102
-0.0224379
-0.0230663
0.0225222
0.0225639
0.0225519
0.0224312
0.022022
0.0211067
0.0196591
0.0181656
0.0175778
0.0203115
0.0324782
0.0556001
0.082116
0.0882155
0.0731726
0.053623
0.0409608
0.0367981
0.0349095
0.033909
0.0161655
0.0162092
0.0162707
0.0164251
0.0165729
0.016629
0.0166423
0.0171925
0.0195932
0.0268029
0.0465044
0.0813344
0.120223
0.132134
0.109238
0.0881547
0.0782131
0.0751364
0.0745925
0.0731343
0.0105415
0.0105772
0.0106524
0.0108861
0.0113096
0.0118195
0.0125423
0.0139629
0.0174318
0.0260464
0.0469518
0.0842983
0.125685
0.137458
0.110808
0.0950335
0.0885782
0.0881566
0.0875524
0.0857162
0.00545555
0.00547708
0.00552573
0.00570963
0.00613525
0.00668968
0.00743285
0.00858523
0.0112182
0.0176076
0.0330701
0.0629412
0.0928688
0.0945939
0.0769125
0.0679273
0.0680398
0.0688386
0.0692438
0.067106
0.00309227
0.00309448
0.00319801
0.00341304
0.00376852
0.00416343
0.00479002
0.00599108
0.00879016
0.0153089
0.0309948
0.0540135
0.0654455
0.0587538
0.0483315
0.045085
0.0464171
0.048364
0.0467805
0.0147222
-0.192505
0.0771556
0.2526
0.417356
0.550968
0.658499
0.745567
0.819424
0.866508
0.856463
0.21078
0.330548
0.450329
0.558387
0.650782
0.728219
0.791445
0.83849
0.866545
0.882833
0.430656
0.50864
0.59166
0.668257
0.734386
0.790299
0.835627
0.870421
0.896909
0.917085
0.587019
0.644408
0.703535
0.759745
0.808872
0.850967
0.886451
0.916134
0.940636
0.958746
0.711256
0.755502
0.799252
0.841875
0.880403
0.914549
0.944564
0.970521
0.9915
1.00828
0.815255
0.850268
0.88574
0.920645
0.953351
0.983186
1.00988
1.03297
1.05137
1.06657
0.906371
0.936768
0.969195
1.00125
1.0315
1.05934
1.08425
1.10549
1.12187
1.1357
0.993672
1.02426
1.05694
1.08906
1.11918
1.14658
1.17068
1.1907
1.20552
1.21818
1.08672
1.12082
1.15658
1.1904
1.22133
1.24868
1.27201
1.29084
1.30453
1.31676
1.19814
1.23617
1.27525
1.31034
1.34112
1.36737
1.38919
1.40668
1.4199
1.43271
1.3396
1.37804
1.41658
1.44885
1.47615
1.49949
1.51954
1.53655
1.55058
1.5644
1.51525
1.54522
1.57527
1.5995
1.62053
1.63988
1.65809
1.67542
1.69129
1.70617
1.70894
1.72336
1.74098
1.75777
1.77429
1.78973
1.8039
1.81795
1.83282
1.84899
1.89796
1.90226
1.91518
1.92736
1.93736
1.94668
1.95687
1.96752
1.97687
1.98909
2.12743
2.11384
2.10503
2.08999
2.07891
2.07838
2.0904
2.1142
2.14603
2.1818
2.50163
2.34312
2.23761
2.17877
2.14971
2.14316
2.15833
2.19955
2.27878
2.4239
-0.428978
-0.425424
-0.383027
-0.309079
-0.218149
-0.117565
0.806127
0.86259
0.857015
0.791322
0.725708
0.660845
0.459387
0.265635
0.042541
-0.246011
-0.590548
)
;

boundaryField
{
    wall-4
    {
        type            zeroGradient;
    }
    pressure-outlet-7
    {
        type            fixedValue;
        value           uniform 0;
    }
    velocity-inlet-6
    {
        type            zeroGradient;
    }
    velocity-inlet-5
    {
        type            zeroGradient;
    }
    frontAndBackPlanes
    {
        type            empty;
    }
}


// ************************************************************************* //
