/*--------------------------------*- C++ -*----------------------------------*\
  =========                 |
  \\      /  F ield         | OpenFOAM: The Open Source CFD Toolbox
   \\    /   O peration     | Website:  https://openfoam.org
    \\  /    A nd           | Version:  6
     \\/     M anipulation  |
\*---------------------------------------------------------------------------*/
FoamFile
{
    version     2.0;
    format      ascii;
    class       volVectorField;
    location    "30";
    object      U;
}
// * * * * * * * * * * * * * * * * * * * * * * * * * * * * * * * * * * * * * //

dimensions      [0 1 -1 0 0 0 0];

internalField   nonuniform List<vector> 
2200
(
(0.877534 -0.0201784 0)
(1.00461 -0.0400166 0)
(1.00269 -0.034343 0)
(1.00027 -0.0233326 0)
(1.00002 -0.0156303 0)
(1.00015 -0.0101919 0)
(1.00005 -0.0064564 0)
(0.999959 -0.00390182 0)
(0.999951 -0.00204699 0)
(1.0001 -0.000712007 0)
(1.00001 0.000828837 0)
(1.00005 0.00223275 0)
(1.00002 0.00407824 0)
(1.00006 0.00669889 0)
(1.00013 0.0103583 0)
(1.00001 0.0157436 0)
(1.00032 0.0234112 0)
(1.00282 0.0343497 0)
(1.00462 0.0400492 0)
(0.877551 0.020192 0)
(0.700904 -0.0265847 0)
(0.993607 -0.0585609 0)
(1.0297 -0.0595748 0)
(1.02171 -0.0486398 0)
(1.0138 -0.0359941 0)
(1.00823 -0.0252346 0)
(1.00508 -0.0170782 0)
(1.00334 -0.0109045 0)
(1.00237 -0.00598239 0)
(1.0018 -0.00154923 0)
(1.00185 0.00249545 0)
(1.0023 0.00683878 0)
(1.00329 0.0115926 0)
(1.00495 0.0175284 0)
(1.00809 0.0257222 0)
(1.01366 0.0364155 0)
(1.02148 0.0490019 0)
(1.02938 0.0599035 0)
(0.993488 0.0586816 0)
(0.700666 0.0266249 0)
(0.530582 -0.0213829 0)
(0.966353 -0.0552477 0)
(1.05276 -0.0606012 0)
(1.04826 -0.0533503 0)
(1.03199 -0.0416804 0)
(1.02106 -0.0315946 0)
(1.01368 -0.0225367 0)
(1.00903 -0.0152511 0)
(1.0061 -0.00888689 0)
(1.00458 -0.00256555 0)
(1.00453 0.00373435 0)
(1.00583 0.00996112 0)
(1.0087 0.0162816 0)
(1.01347 0.0235487 0)
(1.02082 0.0324339 0)
(1.03164 0.0423504 0)
(1.04796 0.0538545 0)
(1.05257 0.0609249 0)
(0.965752 0.0555081 0)
(0.529701 0.0214747 0)
(0.393362 -0.0132511 0)
(0.910035 -0.0453322 0)
(1.05602 -0.0513024 0)
(1.06677 -0.047206 0)
(1.0511 -0.0387783 0)
(1.03555 -0.0309219 0)
(1.02472 -0.0240139 0)
(1.01726 -0.0171009 0)
(1.01247 -0.0100602 0)
(1.01023 -0.0028621 0)
(1.0102 0.00460538 0)
(1.01239 0.0118084 0)
(1.01694 0.0187685 0)
(1.02412 0.0254297 0)
(1.03481 0.0320972 0)
(1.05057 0.0398564 0)
(1.06615 0.0480288 0)
(1.05489 0.0517638 0)
(0.908525 0.0456876 0)
(0.391568 0.0133541 0)
(0.309661 -0.00618874 0)
(0.846783 -0.0329044 0)
(1.04847 -0.0426532 0)
(1.07746 -0.0388996 0)
(1.06555 -0.0330079 0)
(1.0487 -0.0272217 0)
(1.03558 -0.022223 0)
(1.02591 -0.0166304 0)
(1.0194 -0.0104047 0)
(1.01636 -0.00291079 0)
(1.01609 0.00555855 0)
(1.01874 0.0128443 0)
(1.025 0.0188415 0)
(1.03468 0.0241795 0)
(1.04784 0.0289836 0)
(1.06434 0.0344102 0)
(1.07596 0.039977 0)
(1.04655 0.0434425 0)
(0.843964 0.0333173 0)
(0.306919 0.00632202 0)
(0.265987 -0.00186223 0)
(0.789638 -0.0218481 0)
(1.03236 -0.0335447 0)
(1.08164 -0.031897 0)
(1.0752 -0.0275457 0)
(1.05878 -0.022757 0)
(1.04532 -0.018534 0)
(1.0349 -0.0139708 0)
(1.02733 -0.0090086 0)
(1.02276 -0.00237755 0)
(1.02246 0.00570686 0)
(1.02657 0.0121744 0)
(1.03385 0.0168131 0)
(1.04395 0.0211177 0)
(1.0571 0.0248892 0)
(1.07351 0.0293175 0)
(1.07972 0.0332725 0)
(1.02977 0.034578 0)
(0.785464 0.0223435 0)
(0.262338 0.00201285 0)
(0.241668 -0.000315476 0)
(0.739346 -0.0139889 0)
(1.01326 -0.0267289 0)
(1.0823 -0.026498 0)
(1.08102 -0.0230554 0)
(1.06622 -0.0189526 0)
(1.05355 -0.0158039 0)
(1.0439 -0.0121029 0)
(1.03682 -0.00724411 0)
(1.03111 -0.00120229 0)
(1.03076 0.00540026 0)
(1.03567 0.0112423 0)
(1.04224 0.0158494 0)
(1.05148 0.0190041 0)
(1.06386 0.0217466 0)
(1.07849 0.0255453 0)
(1.07915 0.0284906 0)
(1.00847 0.028077 0)
(0.732676 0.0146053 0)
(0.236782 0.000525996 0)
(0.22678 -7.60063e-05 0)
(0.69624 -0.0091818 0)
(0.992362 -0.0218144 0)
(1.08071 -0.0228574 0)
(1.08529 -0.0197287 0)
(1.07221 -0.0161535 0)
(1.05991 -0.0136468 0)
(1.0502 -0.0105255 0)
(1.04281 -0.00527322 0)
(1.03689 0.000327415 0)
(1.03627 0.00513485 0)
(1.04117 0.0104654 0)
(1.04769 0.0150853 0)
(1.05709 0.0176668 0)
(1.06937 0.0196459 0)
(1.08178 0.022462 0)
(1.07645 0.0249995 0)
(0.986175 0.023263 0)
(0.687565 0.00991107 0)
(0.220677 0.000337386 0)
(0.217209 2.0935e-05 0)
(0.661939 -0.00638011 0)
(0.972796 -0.0180837 0)
(1.07846 -0.0201247 0)
(1.08902 -0.0176571 0)
(1.0776 -0.0143642 0)
(1.06518 -0.0118002 0)
(1.05532 -0.00840199 0)
(1.04743 -0.00315672 0)
(1.0423 0.00176549 0)
(1.04151 0.00505873 0)
(1.04546 0.00952662 0)
(1.05252 0.0140953 0)
(1.06163 0.0168676 0)
(1.07329 0.0187704 0)
(1.08424 0.0215444 0)
(1.07232 0.0230591 0)
(0.963449 0.0200106 0)
(0.649715 0.00737567 0)
(0.209287 0.000300541 0)
(0.21003 0.00022635 0)
(0.63366 -0.0044859 0)
(0.953478 -0.0154563 0)
(1.07489 -0.018571 0)
(1.09173 -0.0167097 0)
(1.08154 -0.013487 0)
(1.06887 -0.0101442 0)
(1.05925 -0.00637213 0)
(1.05184 -0.00165146 0)
(1.04812 0.00279363 0)
(1.04724 0.00610815 0)
(1.04932 0.00997761 0)
(1.05551 0.0139479 0)
(1.06402 0.0167385 0)
(1.07617 0.0191179 0)
(1.0853 0.0210838 0)
(1.06662 0.0220548 0)
(0.941302 0.0177877 0)
(0.618095 0.00572428 0)
(0.200183 0.000158778 0)
(0.204627 0.000383923 0)
(0.611332 -0.00270625 0)
(0.936521 -0.0126833 0)
(1.07132 -0.0162664 0)
(1.0935 -0.0147318 0)
(1.08402 -0.0119598 0)
(1.07115 -0.00879552 0)
(1.06162 -0.00526037 0)
(1.05429 -0.000984483 0)
(1.05032 0.00321207 0)
(1.04907 0.00716974 0)
(1.0507 0.0109135 0)
(1.05634 0.0142568 0)
(1.06501 0.0166591 0)
(1.07732 0.0186145 0)
(1.08529 0.0202317 0)
(1.06034 0.0207766 0)
(0.919906 0.0157227 0)
(0.590802 0.00421246 0)
(0.192052 0.000101558 0)
(0.200762 0.000396587 0)
(0.594539 -0.00111583 0)
(0.921585 -0.00962521 0)
(1.06775 -0.0129621 0)
(1.09561 -0.0112482 0)
(1.08713 -0.00888291 0)
(1.07384 -0.00666399 0)
(1.06351 -0.00352263 0)
(1.05559 0.000487951 0)
(1.05084 0.00458996 0)
(1.0493 0.00881042 0)
(1.05144 0.0121651 0)
(1.05743 0.0148917 0)
(1.06624 0.0166234 0)
(1.07821 0.0174635 0)
(1.08476 0.0184128 0)
(1.05292 0.0182841 0)
(0.899848 0.0131949 0)
(0.568568 0.00302344 0)
(0.18502 0.000233312 0)
(0.198786 0.000363162 0)
(0.583502 5.4808e-05 0)
(0.909917 -0.00616353 0)
(1.0656 -0.00859993 0)
(1.09851 -0.00684328 0)
(1.09165 -0.00509225 0)
(1.0783 -0.00347686 0)
(1.06704 -0.00070641 0)
(1.05835 0.00255914 0)
(1.05267 0.00609003 0)
(1.05083 0.00995755 0)
(1.05338 0.0126554 0)
(1.0594 0.0145088 0)
(1.06887 0.0156122 0)
(1.08083 0.0159338 0)
(1.08494 0.0161724 0)
(1.04678 0.0157812 0)
(0.882324 0.0107059 0)
(0.551117 0.00235979 0)
(0.178928 0.000388877 0)
(0.198686 0.000328526 0)
(0.578477 0.000944963 0)
(0.902002 -0.00299272 0)
(1.06385 -0.00531071 0)
(1.10173 -0.00357948 0)
(1.09644 -0.00164537 0)
(1.08346 0.000245903 0)
(1.07207 0.0031469 0)
(1.06326 0.00578407 0)
(1.05674 0.00853155 0)
(1.05419 0.0114551 0)
(1.05629 0.0131856 0)
(1.06179 0.0143489 0)
(1.0704 0.0156546 0)
(1.08107 0.0152423 0)
(1.0833 0.0147278 0)
(1.0384 0.0135917 0)
(0.864978 0.00860513 0)
(0.537238 0.00212408 0)
(0.173705 0.000469701 0)
(0.19989 0.000376883 0)
(0.578119 0.00158016 0)
(0.895597 -0.0007911 0)
(1.06312 -0.00209928 0)
(1.10447 -0.000647952 0)
(1.10013 0.00109063 0)
(1.0875 0.00339581 0)
(1.07658 0.00637946 0)
(1.06812 0.00881589 0)
(1.06108 0.0113235 0)
(1.05766 0.0137156 0)
(1.0584 0.0149529 0)
(1.06259 0.0156072 0)
(1.07016 0.01604 0)
(1.08042 0.015281 0)
(1.0812 0.0143058 0)
(1.03113 0.0126726 0)
(0.850647 0.00756314 0)
(0.526125 0.00214813 0)
(0.169005 0.000512753 0)
(0.202491 0.000657751 0)
(0.579621 0.00199639 0)
(0.893626 0.00207866 0)
(1.0624 0.000327263 0)
(1.10699 0.00174825 0)
(1.103 0.00400811 0)
(1.09008 0.00647192 0)
(1.07917 0.00921059 0)
(1.07042 0.0118012 0)
(1.06309 0.0146359 0)
(1.05915 0.0169434 0)
(1.05891 0.0179676 0)
(1.06214 0.0178264 0)
(1.06936 0.0172036 0)
(1.07894 0.0160602 0)
(1.07704 0.0147067 0)
(1.02056 0.0121357 0)
(0.834913 0.00680351 0)
(0.51507 0.00232087 0)
(0.164159 0.000613654 0)
(0.207566 0.000990902 0)
(0.585038 0.00292716 0)
(0.895309 0.00394734 0)
(1.06357 0.00423659 0)
(1.1095 0.00584517 0)
(1.10613 0.00775716 0)
(1.09272 0.0101091 0)
(1.08108 0.0127057 0)
(1.07114 0.0153983 0)
(1.06292 0.0182989 0)
(1.05797 0.020448 0)
(1.05713 0.0212737 0)
(1.06006 0.0204989 0)
(1.06707 0.0189242 0)
(1.07591 0.0173117 0)
(1.07252 0.0151171 0)
(1.01235 0.0118442 0)
(0.823478 0.00678296 0)
(0.50568 0.00268597 0)
(0.159348 0.000737237 0)
(0.21307 0.00118717 0)
(0.592668 0.00383756 0)
(0.899789 0.00610418 0)
(1.06638 0.00745089 0)
(1.11313 0.00964342 0)
(1.11017 0.0122327 0)
(1.0966 0.0152772 0)
(1.08438 0.0179866 0)
(1.07353 0.0206658 0)
(1.06424 0.0232663 0)
(1.05806 0.0248752 0)
(1.05582 0.0248349 0)
(1.05782 0.0234965 0)
(1.06408 0.0214478 0)
(1.07183 0.019246 0)
(1.06584 0.0163307 0)
(1.00024 0.0122749 0)
(0.807729 0.00709883 0)
(0.493534 0.00319255 0)
(0.15348 0.000904369 0)
(0.222027 0.001473 0)
(0.607043 0.00506372 0)
(0.909772 0.00857893 0)
(1.072 0.011257 0)
(1.11784 0.0139821 0)
(1.11562 0.0169719 0)
(1.10218 0.0201945 0)
(1.08951 0.0235185 0)
(1.07787 0.0266124 0)
(1.06711 0.0292493 0)
(1.05853 0.0304531 0)
(1.05443 0.0300089 0)
(1.05524 0.0279091 0)
(1.06058 0.0250392 0)
(1.06703 0.0217743 0)
(1.05929 0.0178461 0)
(0.99104 0.0132878 0)
(0.796776 0.00825566 0)
(0.483013 0.00391583 0)
(0.14752 0.00107659 0)
(0.231464 0.00177943 0)
(0.621395 0.00573295 0)
(0.921456 0.0104155 0)
(1.08015 0.0141559 0)
(1.12491 0.0178725 0)
(1.12219 0.0217416 0)
(1.10815 0.0261287 0)
(1.09459 0.0303517 0)
(1.08181 0.0341165 0)
(1.06958 0.0371249 0)
(1.05905 0.0382263 0)
(1.05314 0.0370469 0)
(1.0519 0.0340355 0)
(1.0559 0.0302623 0)
(1.06069 0.0265676 0)
(1.05031 0.0218704 0)
(0.976274 0.0162489 0)
(0.777365 0.010007 0)
(0.466155 0.00481575 0)
(0.139175 0.00131882 0)
(0.245041 0.00241947 0)
(0.642423 0.00783544 0)
(0.938241 0.0135983 0)
(1.09028 0.0186398 0)
(1.13228 0.022995 0)
(1.12945 0.0280214 0)
(1.11475 0.0331088 0)
(1.0999 0.0381462 0)
(1.08536 0.0428863 0)
(1.07061 0.0464491 0)
(1.05718 0.047383 0)
(1.04906 0.0457222 0)
(1.04697 0.0422038 0)
(1.05004 0.0370379 0)
(1.05297 0.0321424 0)
(1.0403 0.0256109 0)
(0.963087 0.018932 0)
(0.762467 0.0120445 0)
(0.450849 0.00587145 0)
(0.130469 0.00156921 0)
(0.261058 0.00297059 0)
(0.666614 0.00923636 0)
(0.957968 0.0168103 0)
(1.10378 0.0233526 0)
(1.14316 0.0294114 0)
(1.13897 0.035752 0)
(1.12308 0.0420404 0)
(1.10632 0.048512 0)
(1.08919 0.0542725 0)
(1.07134 0.0581994 0)
(1.05544 0.0589596 0)
(1.04509 0.0563225 0)
(1.04036 0.0513387 0)
(1.04168 0.0450297 0)
(1.04309 0.0388833 0)
(1.02648 0.0312987 0)
(0.942695 0.0229447 0)
(0.735945 0.0142558 0)
(0.426433 0.00685734 0)
(0.118432 0.0018281 0)
(0.283231 0.00422817 0)
(0.699967 0.0133552 0)
(0.984989 0.0229827 0)
(1.12092 0.0315706 0)
(1.15549 0.038473 0)
(1.15076 0.0461628 0)
(1.13329 0.0541308 0)
(1.11432 0.0619891 0)
(1.09411 0.0687086 0)
(1.07268 0.0728574 0)
(1.05283 0.0727782 0)
(1.03951 0.0686205 0)
(1.03364 0.0623528 0)
(1.03286 0.054313 0)
(1.03122 0.0459358 0)
(1.01048 0.0363748 0)
(0.922475 0.0263863 0)
(0.714229 0.0167871 0)
(0.404693 0.00821302 0)
(0.106597 0.00212063 0)
(0.313463 0.0052733 0)
(0.743363 0.0158918 0)
(1.01875 0.0290055 0)
(1.1429 0.0405537 0)
(1.17237 0.0500908 0)
(1.16509 0.060841 0)
(1.14532 0.0704932 0)
(1.1233 0.0797531 0)
(1.09907 0.0871401 0)
(1.07309 0.0906946 0)
(1.04959 0.0891478 0)
(1.03354 0.0830676 0)
(1.024 0.0745694 0)
(1.02049 0.0650278 0)
(1.01612 0.0547263 0)
(0.990409 0.0434967 0)
(0.894985 0.0315582 0)
(0.678157 0.0198262 0)
(0.370195 0.00931975 0)
(0.0904886 0.00237674 0)
(0.349003 0.00880103 0)
(0.797165 0.0248694 0)
(1.06094 0.0410344 0)
(1.17079 0.0559672 0)
(1.19245 0.0681775 0)
(1.1818 0.0808413 0)
(1.15833 0.0926212 0)
(1.13179 0.103064 0)
(1.10283 0.110389 0)
(1.07236 0.112492 0)
(1.04514 0.108597 0)
(1.02564 0.0994986 0)
(1.01428 0.0884702 0)
(1.00778 0.0764872 0)
(0.999145 0.0640856 0)
(0.967784 0.0505413 0)
(0.865951 0.0365964 0)
(0.646847 0.0232852 0)
(0.34097 0.0112643 0)
(0.0759745 0.00270555 0)
(0.429181 0.0139508 0)
(0.87821 0.0343419 0)
(1.11823 0.0579465 0)
(1.20548 0.0784136 0)
(1.2175 0.0926012 9.65781e-34)
(1.20048 0.10996 -4.22874e-34)
(1.17111 0.123253 0)
(1.13909 0.13361 0)
(1.10474 0.138946 0)
(1.06907 0.137822 0)
(1.0372 0.129805 0)
(1.01466 0.117649 0)
(0.9997 0.104114 0)
(0.989765 0.0901303 0)
(0.977652 0.0752034 0)
(0.940441 0.0597595 0)
(0.8292 0.0434597 0)
(0.596948 0.027267 0)
(0.291621 0.0115897 0)
(0.0550324 0.00245447 0)
(0.493349 0.0285102 7.99501e-20)
(0.970706 0.0557019 -6.00093e-20)
(1.17849 0.0859652 0)
(1.2416 0.110466 4.34819e-20)
(1.24394 0.130798 -3.52274e-20)
(1.21765 0.150279 4.46159e-34)
(1.182 0.16343 0)
(1.14432 0.17207 2.2586e-20)
(1.1045 0.174393 -7.34641e-20)
(1.0641 0.169493 1.48234e-20)
(1.02887 0.15771 0)
(1.00243 0.141895 -3.60728e-20)
(0.983879 0.125217 -4.27374e-20)
(0.969711 0.10828 7.45845e-20)
(0.950815 0.0912056 -5.87177e-20)
(0.903207 0.0723755 0)
(0.777546 0.0525907 -2.10499e-20)
(0.532327 0.0324422 0)
(0.239818 0.0148825 -1.1585e-19)
(0.0376669 0.00263787 1.36934e-19)
(0.525222 0.0537138 -1.01107e-20)
(1.0275 0.0927537 1.98975e-19)
(1.22418 0.128613 -1.75044e-20)
(1.27325 0.155291 -1.19835e-19)
(1.26636 0.178526 -7.45491e-20)
(1.23195 0.19839 1.20737e-19)
(1.19013 0.210597 0)
(1.14659 0.217065 0)
(1.10098 0.21628 1.17512e-19)
(1.05463 0.207046 0)
(1.01237 0.190774 1.3201e-19)
(0.979213 0.171774 3.87025e-20)
(0.955578 0.1536 3.39386e-22)
(0.935841 0.135227 -8.137e-20)
(0.912761 0.115556 0)
(0.861538 0.0942126 0)
(0.733255 0.0694082 -3.44653e-19)
(0.496412 0.0481714 8.6259e-19)
(0.226078 0.0209935 -5.11648e-19)
(0.033999 0.00435125 -6.04844e-19)
(0.532007 0.0748457 -1.46941e-19)
(1.05812 0.139923 5.20225e-20)
(1.25723 0.182882 2.4154e-20)
(1.29866 0.210485 2.10651e-19)
(1.28397 0.23428 1.37216e-20)
(1.24238 0.252717 -3.18304e-19)
(1.19471 0.262395 1.06036e-19)
(1.14548 0.265426 0)
(1.09483 0.260622 -2.49816e-19)
(1.04412 0.247425 2.14675e-19)
(0.997506 0.22808 -3.55715e-19)
(0.96113 0.207306 1.65572e-19)
(0.93485 0.187085 -1.04514e-19)
(0.913584 0.168058 2.36706e-19)
(0.885592 0.147003 0)
(0.83048 0.121478 -8.55846e-20)
(0.70565 0.0944502 0)
(0.485426 0.0636831 4.75415e-19)
(0.227969 0.0339675 -1.12897e-18)
(0.0406734 0.00737227 7.07245e-19)
(0.529867 0.103618 5.05217e-19)
(1.07916 0.192554 -2.13379e-19)
(1.27937 0.243004 -4.04721e-20)
(1.31588 0.272421 0)
(1.29543 0.29561 -1.51042e-19)
(1.24841 0.311249 1.84557e-19)
(1.19594 0.317148 -1.13939e-19)
(1.1421 0.315543 0)
(1.08744 0.305692 1.778e-19)
(1.03184 0.28827 -1.51417e-19)
(0.978182 0.265362 3.07866e-19)
(0.935059 0.240842 0)
(0.903078 0.218002 -2.22566e-19)
(0.87555 0.197913 1.2619e-19)
(0.849786 0.178873 3.13479e-19)
(0.800432 0.155187 -2.75738e-19)
(0.684112 0.123041 4.40882e-19)
(0.479809 0.0855282 -9.75944e-19)
(0.239425 0.0477302 6.16778e-19)
(0.051219 0.0116388 -7.72235e-19)
(0.516972 0.13102 -2.38526e-19)
(1.08541 0.243127 1.73821e-19)
(1.29174 0.303589 -1.31298e-19)
(1.3254 0.336139 2.32351e-19)
(1.30057 0.35897 -2.01507e-19)
(1.2496 0.371661 6.1487e-20)
(1.19364 0.373281 3.63186e-21)
(1.13614 0.366672 -2.12619e-19)
(1.07731 0.352101 -1.87497e-19)
(1.016 0.331539 -3.25053e-19)
(0.957615 0.306607 -6.61245e-19)
(0.913739 0.278899 -1.99964e-19)
(0.882575 0.253195 2.44715e-21)
(0.85768 0.234677 -4.26143e-19)
(0.825356 0.214518 -6.24943e-21)
(0.772994 0.185429 3.99369e-19)
(0.665554 0.151586 -1.20305e-19)
(0.478301 0.108764 -7.03195e-20)
(0.252077 0.0630323 0)
(0.0608352 0.0168836 1.63207e-18)
(0.501164 0.155464 0)
(1.08207 0.29163 -3.90497e-20)
(1.29587 0.362676 -3.69929e-20)
(1.32818 0.399034 -1.21815e-20)
(1.30025 0.421797 2.05366e-19)
(1.24653 0.431761 -1.3808e-19)
(1.18816 0.429219 1.26551e-19)
(1.12817 0.417827 3.46533e-19)
(1.06624 0.398817 -1.03176e-19)
(1.00036 0.374288 1.64184e-19)
(0.937718 0.345306 3.55054e-19)
(0.890816 0.313347 4.33864e-19)
(0.852545 0.287392 -2.58145e-19)
(0.820628 0.265008 4.59564e-19)
(0.796131 0.243379 -3.62423e-19)
(0.75323 0.219743 0)
(0.654538 0.180278 -9.10373e-19)
(0.479987 0.132801 1.22573e-18)
(0.262594 0.0789327 9.14642e-20)
(0.0680826 0.0223864 -1.71433e-18)
(0.485878 0.178039 -6.73002e-21)
(1.0749 0.338878 2.27456e-19)
(1.29504 0.420649 2.74856e-19)
(1.32613 0.460449 -2.81493e-19)
(1.29561 0.482984 1.57033e-19)
(1.23981 0.49037 -1.39832e-19)
(1.17988 0.483892 2.57647e-19)
(1.11794 0.468136 -1.09924e-19)
(1.05244 0.445183 -4.22101e-19)
(0.981789 0.417871 2.39635e-22)
(0.916622 0.38476 -3.83658e-19)
(0.86903 0.350069 -4.64624e-19)
(0.833915 0.322253 2.82416e-19)
(0.806922 0.299297 -1.64815e-19)
(0.7756 0.278817 3.91379e-19)
(0.729198 0.246003 0)
(0.638365 0.208057 -5.61593e-19)
(0.477234 0.156363 8.29204e-19)
(0.269329 0.0944934 1.57491e-18)
(0.0730692 0.0279393 -1.85333e-18)
(0.472192 0.198926 3.25589e-19)
(1.06377 0.383412 -1.76212e-19)
(1.2897 0.475349 -2.35621e-19)
(1.32032 0.518791 2.97196e-19)
(1.28773 0.541429 1.10849e-20)
(1.2303 0.546669 -2.84282e-19)
(1.16925 0.536585 -1.44704e-19)
(1.10575 0.517042 -1.3181e-19)
(1.03756 0.491243 -2.33936e-19)
(0.963162 0.460437 3.75337e-19)
(0.895943 0.421798 3.93278e-19)
(0.84615 0.383767 7.39008e-19)
(0.80669 0.35353 0)
(0.774995 0.329761 5.65412e-21)
(0.750187 0.305219 -1.0655e-18)
(0.712386 0.280173 2.47785e-19)
(0.625994 0.235734 1.20648e-18)
(0.471002 0.17963 -3.55322e-19)
(0.266432 0.109643 7.42179e-19)
(0.0736675 0.0315309 -6.19876e-20)
(0.461 0.218725 8.18379e-21)
(1.05321 0.427244 -1.24825e-19)
(1.28214 0.529051 -1.54979e-19)
(1.31182 0.575193 4.30872e-19)
(1.27739 0.597321 -4.24914e-19)
(1.21875 0.600262 2.92056e-19)
(1.15692 0.586895 1.51294e-19)
(1.09191 0.564169 4.031e-19)
(1.02073 0.535696 4.78865e-19)
(0.943273 0.501088 -4.23776e-19)
(0.876919 0.459272 0)
(0.826718 0.417315 -2.74482e-19)
(0.78925 0.386277 3.15129e-19)
(0.761593 0.360105 3.89532e-19)
(0.732153 0.33747 -2.25386e-19)
(0.688983 0.304101 -5.46781e-19)
(0.607954 0.262227 -1.63116e-19)
(0.459374 0.19863 -1.25095e-21)
(0.258024 0.119 0)
(0.0709602 0.0331734 0)
(0.45208 0.237544 9.12614e-20)
(1.04122 0.468157 0)
(1.27221 0.579242 -1.49763e-19)
(1.30131 0.628319 4.79707e-20)
(1.26535 0.650189 4.63463e-19)
(1.20569 0.651029 -1.21699e-19)
(1.14305 0.634759 1.56021e-19)
(1.07654 0.609327 -2.77398e-19)
(1.00287 0.578885 3.6768e-19)
(0.923734 0.541813 -1.31384e-19)
(0.855674 0.494485 2.23783e-19)
(0.802948 0.448758 8.70869e-19)
(0.761631 0.414458 1.36414e-20)
(0.730831 0.386363 -4.07976e-19)
(0.705313 0.360031 7.46663e-19)
(0.671032 0.333577 4.51768e-21)
(0.592839 0.282587 1.74513e-19)
(0.44705 0.215335 -8.33195e-19)
(0.2486 0.125155 8.48309e-19)
(0.0665135 0.0342243 -1.01034e-18)
(0.446015 0.256117 7.35439e-23)
(1.03052 0.508349 0)
(1.26136 0.628102 0)
(1.28938 0.679227 -6.6328e-20)
(1.25201 0.700315 -1.54552e-19)
(1.19156 0.698967 1.51054e-19)
(1.12846 0.680091 -3.07813e-19)
(1.06071 0.652305 0)
(0.985188 0.620015 -5.37283e-19)
(0.905265 0.5793 6.10307e-19)
(0.836981 0.526807 6.26281e-19)
(0.780827 0.479762 -3.17785e-19)
(0.742551 0.443469 -3.79202e-19)
(0.713299 0.413399 8.8655e-19)
(0.685784 0.388631 -2.65274e-19)
(0.646397 0.349798 -3.16031e-19)
(0.571669 0.303641 -1.89141e-19)
(0.430017 0.228172 -8.97039e-19)
(0.235941 0.129325 1.29119e-19)
(0.0608196 0.0342915 1.08859e-18)
(0.441133 0.275352 2.49418e-20)
(1.0193 0.545999 5.62832e-20)
(1.24926 0.673708 2.26711e-20)
(1.27638 0.727076 3.15741e-22)
(1.23786 0.747646 -1.07705e-19)
(1.17684 0.744136 2.86577e-19)
(1.1133 0.722781 0)
(1.04447 0.693287 1.63911e-19)
(0.96703 0.659426 -1.29245e-19)
(0.884338 0.616029 1.02108e-18)
(0.811217 0.560548 -1.41694e-19)
(0.753895 0.509875 1.59879e-19)
(0.713019 0.468995 0)
(0.681835 0.436065 -4.78657e-19)
(0.657166 0.404149 5.75362e-19)
(0.626175 0.374815 0)
(0.552941 0.316808 -4.08479e-19)
(0.410933 0.23782 1.20083e-18)
(0.222251 0.131403 1.41219e-19)
(0.0545869 0.0334602 -1.33906e-18)
(0.437631 0.293893 3.74367e-20)
(1.00936 0.582837 -4.71179e-20)
(1.23711 0.717788 0)
(1.26298 0.772655 -1.31482e-19)
(1.22336 0.792291 0)
(1.1619 0.786603 -3.31611e-19)
(1.09825 0.763231 0)
(1.02836 0.732077 0)
(0.949038 0.697001 -1.60209e-19)
(0.865807 0.651078 -9.67051e-19)
(0.793284 0.59201 -1.15354e-18)
(0.732792 0.537711 1.83169e-19)
(0.690106 0.493718 6.53914e-19)
(0.663028 0.457844 5.23961e-19)
(0.637209 0.42926 -1.8463e-18)
(0.599923 0.385172 -7.39988e-19)
(0.528099 0.332284 4.33014e-19)
(0.390547 0.244156 0)
(0.207177 0.131768 1.217e-18)
(0.0480412 0.0319168 -1.44184e-18)
(0.435085 0.311572 -2.52427e-20)
(0.999401 0.617241 3.82121e-20)
(1.22451 0.75882 0)
(1.24923 0.815409 -1.04588e-20)
(1.20876 0.834452 6.24815e-20)
(1.14717 0.826697 0)
(1.08338 0.80116 9.37825e-20)
(1.01257 0.768903 1.06529e-19)
(0.932014 0.732903 -3.12088e-19)
(0.846769 0.685211 1.32549e-19)
(0.765885 0.622258 0)
(0.702128 0.564181 7.63223e-19)
(0.662805 0.515398 4.8777e-21)
(0.6303 0.477349 2.82292e-19)
(0.607229 0.439253 3.34126e-19)
(0.578166 0.405589 0)
(0.507553 0.338143 -7.10099e-19)
(0.367741 0.24785 1.39468e-18)
(0.191056 0.130084 -1.47796e-18)
(0.0416 0.0296666 3.10539e-18)
(0.43359 0.328195 0)
(0.990811 0.650736 0)
(1.21238 0.798372 3.36996e-20)
(1.23567 0.856015 0)
(1.19438 0.874078 0)
(1.13268 0.864236 -3.30448e-19)
(1.06893 0.837049 9.7508e-20)
(0.997321 0.803895 1.7476e-20)
(0.914935 0.766969 -7.48294e-20)
(0.827718 0.717332 0)
(0.748204 0.652016 -1.72581e-19)
(0.684152 0.591574 -6.20617e-19)
(0.636385 0.539575 -7.39564e-19)
(0.608525 0.494912 -2.94857e-19)
(0.58596 0.46082 3.62074e-19)
(0.550642 0.408482 -8.53616e-19)
(0.47914 0.348739 1.52734e-18)
(0.345562 0.248385 5.46429e-21)
(0.174323 0.126613 -1.41894e-18)
(0.0355627 0.0270251 -2.09603e-19)
(0.432718 0.343915 0)
(0.982376 0.681891 2.00308e-20)
(1.20022 0.835022 -2.65948e-20)
(1.22221 0.893979 0)
(1.1803 0.911468 0)
(1.11877 0.899763 6.89377e-19)
(1.05507 0.870795 0)
(0.98247 0.836829 0)
(0.898868 0.799267 -6.88681e-19)
(0.810599 0.748674 1.73587e-19)
(0.724359 0.682955 -1.55033e-18)
(0.652514 0.618684 0)
(0.606763 0.560637 -7.9848e-19)
(0.574173 0.512337 1.09761e-20)
(0.551514 0.463505 -1.1622e-18)
(0.526138 0.4236 4.59299e-19)
(0.458826 0.346648 3.12148e-21)
(0.321699 0.245233 -1.61752e-18)
(0.158258 0.121216 7.65481e-19)
(0.0309486 0.0240226 2.24252e-19)
(0.432361 0.358782 0)
(0.975127 0.712206 -1.53725e-20)
(1.18867 0.870394 -2.75755e-20)
(1.20909 0.92997 -1.66075e-19)
(1.16659 0.946437 -8.53639e-20)
(1.10522 0.93286 8.23026e-20)
(1.04153 0.902559 -8.06421e-20)
(0.968032 0.868079 7.44401e-19)
(0.883411 0.830055 7.36696e-19)
(0.793773 0.778562 1.35411e-18)
(0.707275 0.712187 1.28846e-18)
(0.634123 0.646514 2.22277e-19)
(0.58004 0.58442 1.14728e-18)
(0.546954 0.526554 7.00354e-19)
(0.526474 0.480915 8.3332e-19)
(0.495968 0.416468 -5.0251e-19)
(0.428768 0.349243 -5.91206e-19)
(0.303119 0.238984 6.96758e-19)
(0.145251 0.111669 -4.11791e-19)
(0.0284729 0.0206769 7.25314e-19)
(0.432151 0.372956 5.0183e-20)
(0.967855 0.740215 1.93704e-20)
(1.1772 0.902986 -9.26244e-21)
(1.19626 0.963482 1.6952e-20)
(1.1533 0.979332 2.41681e-19)
(1.09221 0.964117 -1.9485e-19)
(1.02859 0.932432 8.24187e-20)
(0.954524 0.897409 -2.16375e-20)
(0.86933 0.859099 -8.61604e-19)
(0.779068 0.80714 -1.46391e-18)
(0.686161 0.740797 9.10024e-20)
(0.607107 0.673151 0)
(0.550239 0.60677 0)
(0.510101 0.545514 -3.66132e-19)
(0.483848 0.476601 -1.35822e-18)
(0.463537 0.422621 1.08101e-18)
(0.409104 0.331421 6.45703e-19)
(0.286131 0.222188 0)
(0.148511 0.0997026 1.31674e-18)
(0.0354541 0.0184371 -7.81478e-19)
(0.432076 0.386387 -2.45789e-20)
(0.961501 0.767482 2.48875e-20)
(1.16624 0.934507 7.3426e-21)
(1.18366 0.995206 6.0485e-20)
(1.14028 1.00994 6.99741e-20)
(1.07966 0.993112 -5.64215e-20)
(1.01631 0.960488 0)
(0.94145 0.925152 -9.41825e-19)
(0.85526 0.886406 1.06309e-19)
(0.763351 0.833793 0)
(0.669343 0.768958 0)
(0.586527 0.702059 1.37976e-19)
(0.521667 0.634415 1.81237e-19)
(0.479998 0.561014 -3.93253e-19)
(0.453083 0.496373 9.75283e-19)
(0.419527 0.3992 -1.17482e-18)
(0.371966 0.315126 -1.38223e-18)
(0.288989 0.190646 1.21924e-18)
(0.191832 0.0840942 -4.74621e-19)
(0.090086 0.0284669 2.76661e-19)
(0.43182 0.399013 4.98025e-20)
(0.954927 0.792454 0)
(1.15537 0.963403 0)
(1.17146 1.02467 2.89015e-20)
(1.12789 1.03867 -2.33978e-20)
(1.06782 1.02043 -2.14238e-20)
(1.00456 0.986799 3.4032e-19)
(0.929242 0.951192 9.98444e-19)
(0.842849 0.912213 1.58133e-18)
(0.750052 0.859659 -1.07881e-19)
(0.65158 0.795084 2.17835e-19)
(0.564095 0.727592 -1.244e-18)
(0.495808 0.658766 -1.21261e-18)
(0.440359 0.588646 -2.09854e-19)
(0.398716 0.492399 0)
(0.376346 0.407313 -9.64817e-21)
(0.333514 0.261398 7.5176e-19)
(0.258177 0.119298 -1.30209e-18)
(0.203743 -0.0201288 1.00726e-18)
(0.0668927 -0.0271883 8.66549e-19)
(0.431573 0.411171 -1.16444e-19)
(0.948802 0.816665 -5.81244e-20)
(1.14478 0.991401 8.08164e-21)
(1.15939 1.05275 -1.10978e-21)
(1.11565 1.06561 0)
(1.05624 1.04604 -3.6254e-19)
(0.993251 1.01193 -4.6628e-19)
(0.917169 0.976231 1.83872e-20)
(0.829738 0.937033 -8.34791e-19)
(0.735397 0.884069 -1.06107e-19)
(0.634741 0.821222 9.85505e-20)
(0.542667 0.757454 1.09118e-18)
(0.467266 0.690402 1.18441e-18)
(0.408675 0.608224 2.0325e-19)
(0.365074 0.53002 1.025e-18)
(0.303272 0.383525 0)
(0.20244 0.252834 0)
(0.0574844 0.286224 8.6365e-19)
(-0.0333976 0.706988 -1.92566e-20)
(-5.56096e-05 1.66162 -9.67542e-19)
(0.431063 0.422797 6.77509e-20)
(0.942494 0.838975 1.29067e-19)
(1.13424 1.01728 -1.09629e-19)
(1.14774 1.07919 -2.59247e-20)
(1.10415 1.09149 4.11128e-20)
(1.04542 1.07092 -3.64785e-19)
(0.98239 1.03636 0)
(0.905815 1.00098 -8.52526e-19)
(0.81821 0.961969 0)
(0.722381 0.909396 1.55314e-18)
(0.616623 0.84781 -1.14712e-19)
(0.522576 0.785155 1.2862e-19)
(0.441183 0.71887 1.34673e-18)
(0.367178 0.652431 -4.3426e-19)
(0.279164 0.536182 -5.22491e-19)
(0.21365 0.452761 0)
(0.100363 0.600691 0)
(0.0338031 1.3925 0)
(0.0602554 2.4886 -5.02788e-19)
(0.0762076 2.91795 -3.02752e-19)
(0.430501 0.433729 0)
(0.936688 0.860729 0)
(1.1241 1.04248 4.60106e-20)
(1.13631 1.10442 3.13473e-20)
(1.09287 1.11584 -1.04042e-19)
(1.03494 1.09445 3.47311e-19)
(0.972111 1.06005 5.73457e-20)
(0.894783 1.02506 -4.46487e-20)
(0.805933 0.986133 1.14781e-19)
(0.70806 0.933745 -1.78357e-18)
(0.601282 0.874857 2.1325e-19)
(0.501742 0.816374 1.08742e-18)
(0.412727 0.758242 -1.34542e-18)
(0.33038 0.675271 -1.44544e-18)
(0.260167 0.609764 4.85948e-19)
(0.173666 0.772464 0)
(0.10118 1.64068 6.83046e-19)
(0.11029 2.70869 7.81976e-19)
(0.114317 3.08059 -8.82539e-19)
(0.102048 3.20756 9.75544e-19)
(0.429425 0.444301 0)
(0.930729 0.88061 1.55397e-19)
(1.11413 1.06565 -9.21187e-21)
(1.12545 1.12809 1.48213e-20)
(1.08253 1.13919 1.09208e-19)
(1.02543 1.11731 0)
(0.962374 1.08292 0)
(0.884324 1.0486 0)
(0.795259 1.01049 7.00416e-19)
(0.696506 0.959399 8.7426e-20)
(0.585717 0.902857 0)
(0.484209 0.847123 -1.08575e-18)
(0.392467 0.789296 0)
(0.294487 0.729737 1.03334e-18)
(0.212877 0.825122 -6.9442e-19)
(0.161245 1.54454 -5.53906e-19)
(0.155476 2.70851 -1.31728e-18)
(0.169822 3.12547 -7.16556e-19)
(0.146723 3.25525 -1.04843e-18)
(0.128701 3.29061 9.24644e-19)
(0.427659 0.453625 -6.0917e-20)
(0.925193 0.899875 1.68688e-20)
(1.10461 1.08827 -1.30242e-20)
(1.11489 1.15067 2.54694e-21)
(1.07251 1.16113 0)
(1.01618 1.13893 0)
(0.952984 1.10514 0)
(0.874257 1.07161 5.8516e-20)
(0.784477 1.0341 -8.80552e-19)
(0.683705 0.983627 0)
(0.571868 0.929769 0)
(0.468251 0.879573 0)
(0.362939 0.830601 0)
(0.300898 0.834393 7.66063e-19)
(0.258573 1.27431 1.85669e-18)
(0.220164 2.46852 5.50924e-19)
(0.226033 3.09871 1.14957e-18)
(0.213192 3.27769 -9.0063e-19)
(0.173585 3.3321 3.25962e-19)
(0.15322 3.34297 0)
(0.42502 0.461674 6.55369e-20)
(0.918615 0.917017 -3.75762e-19)
(1.09493 1.1094 -8.85916e-20)
(1.10485 1.17258 -1.29175e-20)
(1.06333 1.18287 -2.94951e-20)
(1.00769 1.1605 3.29111e-19)
(0.944003 1.12701 -3.4738e-20)
(0.86457 1.09432 -7.64902e-19)
(0.774455 1.05795 0)
(0.673489 1.00979 -1.03366e-19)
(0.559713 0.959718 9.40266e-20)
(0.454939 0.91346 0)
(0.373114 0.882521 0)
(0.305227 1.0529 -9.51783e-19)
(0.255857 1.95241 1.3285e-19)
(0.245956 2.98108 -4.36297e-19)
(0.268913 3.28484 9.42582e-19)
(0.250136 3.36884 7.42837e-19)
(0.194282 3.38967 -1.17108e-18)
(0.173746 3.39775 5.9221e-19)
(0.421874 0.469367 1.37152e-19)
(0.911707 0.934858 3.84209e-19)
(1.08502 1.13175 9.86321e-20)
(1.09463 1.19533 0)
(1.05385 1.20489 0)
(0.998567 1.18212 -2.49711e-19)
(0.934441 1.14933 3.05966e-19)
(0.854628 1.11764 6.87859e-19)
(0.76471 1.08231 3.98498e-20)
(0.662265 1.0355 1.39957e-18)
(0.548858 0.987966 -1.5335e-18)
(0.443013 0.945914 0)
(0.371795 0.968712 0)
(0.32627 1.42058 -6.58506e-19)
(0.309759 2.59427 -7.92896e-19)
(0.341884 3.21316 0)
(0.360932 3.35772 -1.11281e-18)
(0.287134 3.41016 -5.87465e-20)
(0.214797 3.44189 8.60073e-19)
(0.188037 3.45916 -3.86717e-19)
(0.417928 0.477354 -2.67401e-19)
(0.903626 0.952526 -1.88585e-19)
(1.07432 1.15438 0)
(1.08415 1.2192 0)
(1.04425 1.22843 0)
(0.989311 1.20509 0)
(0.924717 1.17239 -3.37633e-19)
(0.844677 1.14139 6.73215e-19)
(0.7546 1.10711 0)
(0.65282 1.06243 -1.27764e-18)
(0.540089 1.01874 2.76515e-18)
(0.445117 0.991695 1.09518e-19)
(0.391488 1.11195 1.36824e-19)
(0.363032 1.87845 1.07739e-18)
(0.362487 2.96401 -6.08e-19)
(0.39447 3.32127 0)
(0.369205 3.42407 3.38619e-19)
(0.283453 3.4962 7.67867e-20)
(0.228191 3.54006 8.14529e-22)
(0.195728 3.53821 1.95771e-19)
(0.413876 0.486103 1.2992e-19)
(0.89551 0.972048 -2.09004e-19)
(1.06331 1.17871 0)
(1.07294 1.24405 -1.24447e-20)
(1.03362 1.25241 1.27135e-20)
(0.978719 1.22826 0)
(0.913743 1.19599 0)
(0.833884 1.16596 -1.19631e-18)
(0.745005 1.13288 -8.94233e-20)
(0.642772 1.09063 1.2934e-18)
(0.528948 1.0494 -1.32404e-18)
(0.452046 1.03856 7.33996e-19)
(0.411505 1.31731 0)
(0.398605 2.32091 -5.75993e-19)
(0.425748 3.18849 3.658e-19)
(0.469784 3.41972 2.7981e-19)
(0.44556 3.49956 0)
(0.381594 3.55587 5.56757e-20)
(0.329522 3.57401 -1.4074e-19)
(0.244865 3.51015 -1.12433e-20)
(0.409137 0.495802 -2.72219e-19)
(0.886317 0.991634 3.04072e-19)
(1.05133 1.20321 1.8509e-19)
(1.06096 1.26986 -4.13043e-20)
(1.02225 1.27791 -2.4602e-20)
(0.967736 1.25294 0)
(0.902775 1.22048 -1.68119e-19)
(0.823407 1.19082 4.52962e-19)
(0.734786 1.15855 6.18021e-20)
(0.634314 1.11802 -1.11638e-18)
(0.524647 1.08244 -7.43375e-20)
(0.463426 1.1169 -8.30879e-19)
(0.447458 1.57049 8.75185e-19)
(0.456431 2.68213 2.05498e-19)
(0.503405 3.33242 -3.96895e-19)
(0.53786 3.46901 3.08145e-19)
(0.483856 3.51211 0)
(0.417122 3.50529 0)
(0.296027 3.42734 -4.30637e-19)
(0.011422 3.11316 7.46573e-19)
(0.404472 0.505709 1.32522e-19)
(0.87701 1.01323 3.12386e-19)
(1.03893 1.22935 -2.03935e-19)
(1.048 1.29618 1.45215e-19)
(1.00973 1.30332 6.12749e-20)
(0.955363 1.27742 0)
(0.890445 1.24511 1.96312e-19)
(0.811984 1.21615 4.66318e-19)
(0.725744 1.18515 0)
(0.625669 1.14755 0)
(0.525286 1.11895 0)
(0.477927 1.19523 0)
(0.482149 1.82162 -9.8744e-19)
(0.512605 2.97412 -2.6168e-19)
(0.573606 3.41971 0)
(0.5914 3.49355 -1.05278e-19)
(0.565128 3.49688 0)
(0.566278 3.35455 1.09415e-19)
(0.51993 3.01573 -1.32393e-18)
(0.160785 2.42654 1.3441e-18)
(0.398506 0.516023 -2.83281e-19)
(0.866147 1.03474 -2.03922e-19)
(1.02506 1.25583 -1.45905e-19)
(1.0338 1.32382 -1.3581e-19)
(0.995957 1.33057 -3.75755e-20)
(0.942346 1.30372 0)
(0.878154 1.27095 4.97136e-20)
(0.801023 1.24199 -8.12723e-20)
(0.715715 1.21135 -4.51295e-19)
(0.616538 1.17485 0)
(0.527728 1.15692 6.98936e-20)
(0.500264 1.31705 -7.96231e-20)
(0.529521 2.10901 0)
(0.582934 3.17572 3.39676e-19)
(0.646733 3.46307 0)
(0.652367 3.4911 -4.96146e-20)
(0.643055 3.39658 1.81298e-19)
(0.60658 2.98193 -1.0812e-19)
(0.316208 1.89301 2.70812e-19)
(-0.29346 0.227559 -7.74924e-19)
(0.391995 0.52673 -1.45914e-20)
(0.854533 1.05812 -1.11803e-19)
(1.01041 1.28402 1.98259e-19)
(1.01838 1.35208 -1.94568e-20)
(0.981021 1.35794 -2.48582e-20)
(0.927769 1.33021 0)
(0.864145 1.29752 -1.02128e-19)
(0.788755 1.269 -3.15649e-19)
(0.706845 1.23976 8.22802e-19)
(0.60782 1.20737 -8.36771e-19)
(0.537995 1.20281 -8.89528e-19)
(0.528053 1.43274 0)
(0.57853 2.40973 5.26495e-19)
(0.647718 3.28939 -6.9183e-20)
(0.704917 3.45531 3.77534e-20)
(0.71012 3.44521 0)
(0.649794 3.17741 -1.13103e-19)
(0.44801 2.2758 2.14638e-19)
(-0.0944742 0.179592 -2.55928e-19)
(-0.350942 -0.550127 -2.67006e-19)
(0.383662 0.536694 2.73941e-19)
(0.84089 1.08141 -1.12899e-19)
(0.993698 1.31294 1.54847e-19)
(1.00117 1.38246 1.15344e-19)
(0.96417 1.38803 5.55952e-20)
(0.912066 1.35929 2.82679e-20)
(0.849864 1.32601 1.65952e-19)
(0.776712 1.29745 2.62032e-19)
(0.69673 1.26823 -6.81236e-19)
(0.601848 1.23813 2.22115e-20)
(0.544272 1.25228 1.25504e-19)
(0.562387 1.6149 -5.50196e-19)
(0.636027 2.67036 1.41651e-19)
(0.720136 3.36044 -2.4082e-19)
(0.7657 3.43889 4.09222e-20)
(0.724929 3.33358 9.45882e-20)
(0.571719 2.75288 -2.56173e-19)
(0.213083 1.07695 1.69621e-19)
(-0.105427 -0.227297 0)
(-0.128475 -0.231202 -3.5533e-19)
(0.374025 0.546614 0)
(0.825775 1.10582 -4.33591e-19)
(0.975977 1.34311 2.19842e-20)
(0.982721 1.41286 -1.72199e-19)
(0.94644 1.41769 0)
(0.895039 1.38828 -2.82241e-20)
(0.834136 1.35513 -1.05054e-19)
(0.763719 1.32641 -2.45125e-19)
(0.687484 1.29834 5.62921e-19)
(0.600045 1.27477 6.28817e-19)
(0.558558 1.31665 7.06654e-19)
(0.600001 1.76446 5.50654e-20)
(0.69541 2.90376 -3.89782e-19)
(0.776057 3.36936 2.89006e-20)
(0.795227 3.38606 -1.96952e-20)
(0.705764 3.10718 1.29242e-19)
(0.454016 2.05467 1.30758e-19)
(0.0303352 0.117409 -1.55079e-19)
(-0.16251 -0.302795 0)
(-0.125271 -0.197146 0)
(0.361894 0.554743 -2.79105e-19)
(0.807996 1.12973 4.43034e-19)
(0.955589 1.3739 0)
(0.961917 1.44583 0)
(0.926092 1.45055 0)
(0.876312 1.42005 0)
(0.817398 1.38589 2.26233e-20)
(0.75008 1.357 -1.55016e-20)
(0.675822 1.32805 -1.53652e-20)
(0.598641 1.309 6.65665e-20)
(0.571931 1.3842 -6.36236e-19)
(0.64111 1.97688 4.094e-19)
(0.753557 3.06806 0)
(0.828686 3.36982 4.01304e-20)
(0.829463 3.30933 1.17482e-19)
(0.658045 2.77639 -4.66797e-20)
(0.265203 1.22148 1.29979e-19)
(-0.0776346 -0.251324 8.09484e-20)
(-0.158904 -0.299084 -3.39471e-19)
(-0.0969538 -0.160856 -3.96762e-19)
(0.347733 0.561836 1.47899e-19)
(0.787684 1.15347 2.10101e-19)
(0.933767 1.40516 -6.84144e-21)
(0.939654 1.47765 1.06378e-19)
(0.904967 1.48189 0)
(0.856392 1.45116 1.20753e-19)
(0.799769 1.41732 -2.12478e-21)
(0.736231 1.38729 -6.48779e-21)
(0.665178 1.35867 -3.59139e-20)
(0.600883 1.34721 5.31452e-20)
(0.593995 1.46455 4.22872e-19)
(0.690476 2.18802 -2.08649e-19)
(0.808916 3.15519 -1.45795e-19)
(0.871253 3.34054 -2.49931e-21)
(0.820732 3.1579 -6.46037e-20)
(0.553111 2.31771 2.42313e-19)
(0.106458 0.286137 -1.42025e-19)
(-0.155685 -0.309282 1.84459e-19)
(-0.13437 -0.281859 -5.54573e-19)
(-0.0697002 -0.138187 3.9301e-19)
(0.330452 0.565922 -1.38343e-19)
(0.763417 1.17506 0)
(0.908519 1.43628 -1.53804e-19)
(0.914519 1.51231 -2.09181e-19)
(0.880702 1.51673 0)
(0.834266 1.48498 -1.00913e-19)
(0.779934 1.44972 0)
(0.720343 1.41901 2.09142e-20)
(0.653659 1.38903 -1.26124e-19)
(0.602101 1.38339 2.74471e-19)
(0.615425 1.55161 -2.59399e-19)
(0.735159 2.38763 1.14919e-19)
(0.856587 3.21574 2.29665e-19)
(0.903744 3.30447 1.66394e-20)
(0.812997 2.99191 -4.97154e-20)
(0.465342 1.7615 -7.41031e-20)
(-0.0153727 -0.167325 1.91684e-19)
(-0.190635 -0.319698 -2.26388e-19)
(-0.140637 -0.25638 -1.54125e-21)
(-0.0525563 -0.106611 -4.00442e-20)
(0.309843 0.566469 2.83903e-19)
(0.735592 1.19502 -2.11364e-19)
(0.880998 1.46646 1.7235e-19)
(0.887394 1.54395 1.02589e-19)
(0.855364 1.54826 2.85882e-20)
(0.810773 1.51717 8.82246e-20)
(0.759892 1.48277 0)
(0.704723 1.45022 -3.88215e-20)
(0.643105 1.41961 0)
(0.60627 1.42027 -2.56709e-19)
(0.64259 1.63931 2.52157e-19)
(0.788684 2.56332 -1.5499e-20)
(0.902083 3.22984 -7.29422e-20)
(0.931836 3.2501 4.83324e-20)
(0.775234 2.73058 -1.62228e-20)
(0.326778 1.26618 8.0015e-20)
(-0.0976471 -0.252633 -2.46785e-19)
(-0.189959 -0.340947 -1.50637e-19)
(-0.12704 -0.248543 -5.68132e-20)
(-0.0354763 -0.0777113 2.7895e-19)
(0.284879 0.560904 5.24991e-21)
(0.702443 1.21005 1.12826e-19)
(0.848912 1.49426 0)
(0.857165 1.57842 1.96121e-19)
(0.826946 1.5833 -2.62051e-19)
(0.785196 1.55156 9.48078e-20)
(0.736496 1.51622 -5.61131e-20)
(0.685533 1.48208 -2.21425e-20)
(0.631973 1.44888 4.08257e-20)
(0.608121 1.45536 -2.12764e-20)
(0.672442 1.72603 1.22289e-19)
(0.833814 2.69791 8.85463e-20)
(0.93631 3.24577 3.72011e-20)
(0.935533 3.18587 -8.95129e-20)
(0.718723 2.4995 -7.65498e-20)
(0.247441 0.626634 1.51779e-19)
(-0.13012 -0.198575 -1.40366e-19)
(-0.169735 -0.347972 7.67222e-20)
(-0.1082 -0.253359 -1.1924e-21)
(-0.000590882 -0.036249 -2.56361e-19)
(0.255406 0.547871 5.43917e-19)
(0.664292 1.22074 -1.15781e-19)
(0.813646 1.51991 -2.96482e-19)
(0.823955 1.60681 2.40781e-19)
(0.796737 1.61247 -1.11435e-19)
(0.757644 1.58249 1.87877e-19)
(0.713459 1.54905 7.08012e-20)
(0.665645 1.51394 0)
(0.620472 1.47992 -4.92192e-20)
(0.614189 1.48761 8.63891e-21)
(0.703121 1.79845 -5.12851e-20)
(0.884644 2.80069 -3.18723e-20)
(0.96889 3.24522 3.31264e-20)
(0.949198 3.12672 -7.01547e-22)
(0.674964 2.2215 -1.31602e-19)
(0.0502687 0.163481 -7.1128e-20)
(-0.273233 -0.231819 1.59098e-19)
(-0.252304 -0.363337 9.61302e-20)
(-0.15635 -0.287569 2.66715e-20)
(0.0231279 0.0231064 2.72983e-19)
(0.220486 0.523669 0)
(0.619113 1.22046 1.07151e-19)
(0.772673 1.53976 -1.33131e-19)
(0.787511 1.63788 2.37521e-19)
(0.76391 1.64474 -2.64997e-19)
(0.728953 1.61437 1.12073e-19)
(0.686791 1.58182 0)
(0.643853 1.54597 0)
(0.606803 1.50853 0)
(0.61557 1.5167 -1.52857e-20)
(0.738291 1.85324 1.43227e-20)
(0.925689 2.86521 4.15128e-21)
(1.00193 3.25799 1.20975e-19)
(0.939454 3.06853 1.13097e-19)
(0.55002 1.93428 -2.23817e-19)
(-0.114565 0.10804 1.13936e-19)
(-0.393531 -0.288083 3.16607e-21)
(-0.406873 -0.484896 -2.80491e-19)
(-0.309537 -0.469127 4.42618e-20)
(-0.0301511 -0.0416943 0)
(0.18105 0.486302 5.11195e-19)
(0.567466 1.21155 -1.00199e-19)
(0.727637 1.55475 5.02878e-21)
(0.746971 1.65928 0)
(0.727908 1.66818 -1.28623e-19)
(0.697559 1.63971 1.76856e-20)
(0.661109 1.60968 0)
(0.62001 1.57816 1.81853e-20)
(0.590658 1.53987 -1.43498e-20)
(0.617954 1.54063 0)
(0.768406 1.88507 0)
(0.977469 2.88963 -3.8553e-20)
(1.04459 3.2498 -1.70122e-19)
(0.963371 3.02552 -9.18842e-21)
(0.565008 1.80417 -1.15502e-19)
(-0.114743 0.164508 1.07232e-19)
(-0.425687 -0.329084 0)
(-0.497186 -0.715042 -2.34086e-19)
(-0.46973 -0.78494 -3.52904e-19)
(-0.187899 -0.433999 9.27317e-19)
(0.136739 0.429972 4.24468e-19)
(0.507881 1.18159 -9.73756e-20)
(0.675684 1.55846 1.31373e-19)
(0.702327 1.6833 -3.28411e-19)
(0.68855 1.69444 0)
(0.665419 1.66465 0)
(0.632963 1.63508 0)
(0.597233 1.60619 2.37791e-20)
(0.568283 1.57117 -1.87566e-20)
(0.609448 1.56188 0)
(0.798767 1.88626 0)
(1.02097 2.89127 1.00491e-19)
(1.10818 3.24844 -1.14794e-19)
(1.04024 3.04316 1.01779e-19)
(0.66393 1.84914 4.15214e-19)
(0.131258 0.460418 0)
(-0.220098 -0.262799 -1.15945e-19)
(-0.442806 -0.855377 -1.02432e-19)
(-0.475462 -1.082 1.064e-18)
(-0.287282 -0.808514 -1.26632e-18)
(0.0904582 0.354647 -3.93509e-19)
(0.440438 1.13451 1.06992e-19)
(0.618868 1.55164 2.88535e-19)
(0.652402 1.69262 1.82428e-19)
(0.643767 1.70905 -1.48134e-19)
(0.629022 1.68088 -8.74817e-20)
(0.604522 1.6499 5.4431e-20)
(0.571892 1.6273 0)
(0.54598 1.59905 0)
(0.592535 1.58263 0)
(0.809296 1.86152 1.3235e-20)
(1.07615 2.82122 -8.4502e-20)
(1.19521 3.199 1.19058e-19)
(1.14986 3.04024 -6.84373e-20)
(0.801344 2.02269 -1.30883e-20)
(0.287382 0.532592 0)
(-0.0477901 -0.291007 2.10139e-19)
(-0.288837 -0.817942 -1.00045e-18)
(-0.420034 -1.2431 2.22351e-18)
(-0.322926 -1.07939 -1.21048e-18)
(0.0421348 0.256273 4.1669e-19)
(0.364604 1.05298 -3.42338e-19)
(0.553546 1.52308 0)
(0.597052 1.70205 9.29922e-20)
(0.593638 1.72781 6.33578e-20)
(0.587898 1.69884 1.22808e-19)
(0.574225 1.65953 -5.08815e-20)
(0.549057 1.63535 0)
(0.51805 1.61661 0)
(0.558743 1.6044 -3.00934e-20)
(0.794069 1.81048 1.38359e-20)
(1.09211 2.73348 -2.76843e-20)
(1.2656 3.09783 -1.409e-20)
(1.27245 2.98457 1.46502e-19)
(1.06765 2.34968 -4.86186e-19)
(0.614665 1.0383 5.8512e-19)
(0.282719 0.181482 -4.48485e-19)
(-0.0432655 -0.468564 0)
(-0.258724 -1.23819 -1.00071e-20)
(-0.317671 -1.25493 8.11577e-19)
(0.00717673 0.164715 4.2604e-19)
(0.27854 0.942779 0)
(0.481699 1.47213 0)
(0.53734 1.6862 0)
(0.538927 1.72987 4.85575e-20)
(0.537555 1.70922 -1.25109e-19)
(0.534312 1.66347 -4.55071e-20)
(0.524752 1.62787 0)
(0.49394 1.61254 0)
(0.51024 1.6159 1.77017e-20)
(0.723879 1.75532 -1.76522e-20)
(1.04842 2.52607 1.89864e-20)
(1.28458 2.96246 -2.53153e-20)
(1.34273 2.86651 -1.99234e-20)
(1.26635 2.504 -1.78668e-20)
(1.01982 1.69579 -6.09486e-20)
(0.657118 0.824613 5.35083e-21)
(0.298462 -0.00072374 0)
(-0.026961 -0.76164 9.38193e-21)
(-0.177691 -1.15904 -1.24692e-19)
(-0.00684999 0.0914166 -3.9437e-19)
(0.18123 0.777251 1.35776e-19)
(0.399898 1.37878 2.01056e-19)
(0.473586 1.6616 -1.80243e-20)
(0.479809 1.73264 -1.16449e-19)
(0.480539 1.72194 -6.15213e-20)
(0.48527 1.66876 1.26838e-19)
(0.487935 1.61829 -8.28076e-21)
(0.466304 1.58323 0)
(0.462919 1.588 1.15406e-20)
(0.59865 1.6852 2.96119e-20)
(0.900559 2.34171 -3.65446e-20)
(1.21314 2.78478 0)
(1.27773 2.73771 4.32141e-20)
(1.23056 2.51614 0)
(1.13056 2.03641 3.42547e-20)
(0.838939 1.28328 7.43504e-20)
(0.52781 0.53864 0)
(0.162251 -0.242416 0)
(-0.0870067 -0.737235 -8.05504e-19)
(-0.00609123 0.0296076 3.09495e-19)
(0.0809534 0.549923 -1.1595e-19)
(0.313031 1.24459 8.81653e-20)
(0.408436 1.59543 -1.35813e-19)
(0.421252 1.7098 5.19358e-20)
(0.417409 1.71591 -1.49216e-20)
(0.418301 1.67812 5.95388e-21)
(0.434793 1.60883 -1.87619e-20)
(0.42514 1.55186 -8.06647e-21)
(0.408021 1.53502 8.82003e-21)
(0.469163 1.59312 7.61019e-21)
(0.630522 2.02942 0)
(0.995988 2.67955 3.60547e-20)
(1.08779 2.66314 0)
(1.08064 2.53643 0)
(1.02238 2.24527 0)
(0.833743 1.73392 7.44279e-19)
(0.574673 1.10962 -1.86947e-18)
(0.219011 0.385453 4.49981e-21)
(-4.85785e-05 -0.170248 1.34777e-18)
(-0.00117484 -0.0378359 5.22928e-20)
(0.00769597 0.240353 4.9087e-20)
(0.209825 1.02769 -3.99912e-20)
(0.332212 1.51032 -2.81416e-20)
(0.358008 1.68264 2.27517e-20)
(0.353163 1.70291 1.39368e-20)
(0.345701 1.67898 7.93717e-21)
(0.359634 1.60599 0)
(0.360511 1.52936 -2.08066e-21)
(0.336981 1.48636 1.15252e-21)
(0.340776 1.51523 -1.48659e-20)
(0.380712 1.79634 0)
(0.684066 2.4687 1.19971e-20)
(0.742251 2.6022 -5.23763e-20)
(0.727404 2.55771 0)
(0.666802 2.39774 0)
(0.559595 2.05811 -4.61706e-20)
(0.387686 1.53661 0)
(0.138151 0.930323 -3.63542e-20)
(0.0145205 0.434529 0)
(0.00214467 -0.0920565 0)
(-0.00725589 0.0508721 0)
(0.106535 0.707456 0)
(0.241465 1.3406 0)
(0.281155 1.61846 -5.28262e-34)
(0.28026 1.67669 3.43196e-34)
(0.273685 1.66581 0)
(0.276858 1.60581 0)
(0.286869 1.51302 0)
(0.268048 1.45636 0)
(0.238548 1.4773 0)
(0.203695 1.69465 0)
(0.453915 2.32807 0)
(0.529662 2.60835 0)
(0.461333 2.63915 0)
(0.40511 2.57027 0)
(0.346183 2.35329 0)
(0.26167 1.9484 0)
(0.110019 1.47262 0)
(0.0202881 0.942918 0)
(0.00121222 -0.130336 0)
(-0.00968085 -0.0246716 0)
(0.0328217 0.508398 0)
(0.154653 1.19606 0)
(0.195689 1.54802 0)
(0.198472 1.64568 0)
(0.197558 1.6448 0)
(0.196943 1.60226 0)
(0.214217 1.5013 0)
(0.203567 1.44358 0)
(0.164196 1.47249 0)
(0.0874448 1.67713 0)
(0.296607 2.27878 0)
(0.392435 2.63489 0)
(0.323509 2.73059 0)
(0.262401 2.71788 0)
(0.224727 2.5859 0)
(0.176394 2.27279 0)
(0.0703611 1.87644 0)
(0.0142486 1.27637 0)
(0.000678631 -0.15572 0)
(-0.0110186 -0.0470385 0)
(-0.0109602 0.437444 0)
(0.0772456 1.10786 0)
(0.10962 1.49021 0)
(0.116128 1.6102 0)
(0.122719 1.6207 0)
(0.124815 1.59203 0)
(0.14231 1.50414 0)
(0.14451 1.44516 0)
(0.114806 1.48129 0)
(-0.00316667 1.71207 0)
(0.170887 2.28864 0)
(0.288584 2.69136 0)
(0.234407 2.82473 0)
(0.177917 2.8461 0)
(0.147067 2.76243 0)
(0.109312 2.49943 0)
(0.0293888 2.11609 0)
(-0.0124111 1.41616 0)
(-0.00204207 -0.164515 0)
(-0.0190496 -0.026451 0)
(-0.0392429 0.445903 0)
(0.0146021 1.06557 0)
(0.03357 1.44524 0)
(0.0403284 1.57683 0)
(0.058519 1.59676 0)
(0.0699439 1.58199 0)
(0.0788497 1.52053 0)
(0.0962881 1.45622 0)
(0.0954494 1.49088 0)
(-0.0323702 1.72248 0)
(0.0894578 2.30985 0)
(0.20741 2.74386 0)
(0.168328 2.90025 0)
(0.11537 2.93719 0)
(0.0885775 2.87502 0)
(0.0599365 2.64183 0)
(0.00246431 2.26512 0)
(-0.0242472 1.40214 0)
(-0.00540099 -0.141633 0)
(-0.0286898 0.0327148 0)
(-0.057748 0.485021 0)
(-0.030686 1.05592 0)
(-0.0251874 1.40258 0)
(-0.0179761 1.53907 0)
(0.0120838 1.57413 0)
(0.0334689 1.57016 0)
(0.0366148 1.52833 0)
(0.0587966 1.46862 0)
(0.0836084 1.50083 0)
(-0.0325981 1.71585 0)
(0.0506101 2.30738 0)
(0.142971 2.77067 0)
(0.103753 2.95193 0)
(0.0523355 2.99316 0)
(0.0323137 2.93467 0)
(0.0169633 2.71404 0)
(-0.0394238 2.30085 0)
(-0.0291611 1.34034 0)
(-0.00763882 -0.0927283 0)
(-0.0351316 0.116367 0)
(-0.0713796 0.549323 0)
(-0.0647607 1.0605 0)
(-0.0616284 1.36318 0)
(-0.0512929 1.49637 0)
(-0.0191664 1.54381 0)
(0.00893422 1.54393 0)
(0.0156198 1.51495 0)
(0.0248143 1.47157 0)
(0.067114 1.50476 0)
(-0.0312029 1.69698 0)
(0.027437 2.26618 0)
(0.10254 2.76893 0)
(0.054418 2.96807 0)
(-0.000965513 3.01599 0)
(-0.0122813 2.96558 0)
(-0.0237159 2.73772 0)
(-0.0524242 2.28733 0)
(-0.0297533 1.20404 0)
(-0.00818817 -0.0256894 0)
(-0.0360469 0.211891 0)
(-0.0743335 0.611507 0)
(-0.0764071 1.06617 0)
(-0.0773514 1.32875 0)
(-0.0625145 1.455 0)
(-0.0384013 1.50617 0)
(-0.0116108 1.5083 0)
(-0.00304205 1.48771 0)
(-0.00866355 1.46445 0)
(0.0427598 1.49824 0)
(-0.0381901 1.68502 0)
(-0.00313453 2.24145 0)
(0.0758469 2.75715 0)
(0.0199853 2.96101 0)
(-0.0332019 3.02433 0)
(-0.0372366 2.98135 0)
(-0.0429331 2.7432 0)
(-0.0602893 2.24911 0)
(-0.0243956 1.04426 0)
(-0.00698138 0.0450974 0)
(-0.0311105 0.310097 0)
(-0.0667652 0.673735 0)
(-0.0747248 1.07334 0)
(-0.0753299 1.30923 0)
(-0.058727 1.4265 0)
(-0.0437715 1.47598 0)
(-0.0271123 1.4822 0)
(-0.0224147 1.46253 0)
(-0.0332619 1.45754 0)
(0.0152631 1.48893 0)
(-0.0477448 1.68523 0)
(-0.0209826 2.24539 0)
(0.046379 2.75665 0)
(-0.0103101 2.96577 0)
(-0.0487877 3.03854 0)
(-0.0466002 2.98868 0)
(-0.0480742 2.74495 0)
(-0.0573768 2.19507 0)
(-0.0197541 0.907119 0)
(-0.00486209 0.105665 0)
(-0.0233158 0.398381 0)
(-0.0534566 0.734346 0)
(-0.065324 1.08358 0)
(-0.0630955 1.30002 0)
(-0.0484003 1.40968 0)
(-0.0391102 1.45751 0)
(-0.0347907 1.47056 0)
(-0.0304635 1.45278 0)
(-0.0451644 1.45534 0)
(-0.00968377 1.48328 0)
(-0.0486381 1.68389 0)
(-0.0315895 2.26656 0)
(0.0160413 2.7756 0)
(-0.0353398 2.98975 0)
(-0.0583485 3.05913 0)
(-0.0518024 3.00811 0)
(-0.0526724 2.74053 0)
(-0.0526754 2.12852 0)
(-0.0188359 0.787264 0)
(-0.00298272 0.150335 0)
(-0.0164412 0.469898 0)
(-0.0415363 0.789883 0)
(-0.0542822 1.09353 0)
(-0.0494599 1.29544 0)
(-0.0386713 1.39998 0)
(-0.0313836 1.44746 0)
(-0.0347053 1.46639 0)
(-0.0305069 1.45266 0)
(-0.0487632 1.45661 0)
(-0.030927 1.48282 0)
(-0.0444504 1.67824 0)
(-0.043517 2.28786 0)
(-0.00629544 2.7952 0)
(-0.0507726 3.01215 0)
(-0.0668692 3.08063 0)
(-0.0591982 3.01563 0)
(-0.0554971 2.72733 0)
(-0.0533817 2.05565 0)
(-0.0139565 0.683446 0)
(-0.00182544 0.182453 0)
(-0.0115233 0.526697 0)
(-0.0320159 0.83957 0)
(-0.046598 1.1052 0)
(-0.0414533 1.29165 0)
(-0.0343644 1.39315 0)
(-0.0277394 1.44153 0)
(-0.0316548 1.46405 0)
(-0.0294807 1.45459 0)
(-0.0500058 1.46132 0)
(-0.0459379 1.48809 0)
(-0.0392256 1.66968 0)
(-0.0578373 2.30178 0)
(-0.0238694 2.80621 0)
(-0.0620152 3.02242 0)
(-0.0735338 3.08462 0)
(-0.0619279 3.01241 0)
(-0.0550607 2.7003 0)
(-0.0526757 1.96924 0)
(-0.00586773 0.599034 0)
(-0.00113984 0.205009 0)
(-0.00740526 0.568043 0)
(-0.0225502 0.880558 0)
(-0.0373075 1.12001 0)
(-0.0341164 1.2902 0)
(-0.0288141 1.38984 0)
(-0.022118 1.43903 0)
(-0.0246695 1.46308 0)
(-0.0260542 1.45908 0)
(-0.0478999 1.47092 0)
(-0.0497071 1.49683 0)
(-0.0385196 1.66939 0)
(-0.0730191 2.31055 0)
(-0.0429547 2.81468 0)
(-0.0752494 3.02749 0)
(-0.0753326 3.08186 0)
(-0.0696148 2.99789 0)
(-0.064614 2.64849 0)
(-0.0434949 1.85477 0)
(-0.00392465 0.530354 0)
(-0.000730913 0.220346 0)
(-0.00431406 0.595964 0)
(-0.0137945 0.912699 0)
(-0.0261977 1.13747 0)
(-0.0253068 1.28758 0)
(-0.0202141 1.38133 0)
(-0.013537 1.43157 0)
(-0.0108507 1.45852 0)
(-0.0153138 1.46733 0)
(-0.0351029 1.48268 0)
(-0.0397229 1.50906 0)
(-0.0386437 1.67774 0)
(-0.0815693 2.30936 0)
(-0.0585858 2.82308 0)
(-0.0813078 3.03011 0)
(-0.0733395 3.07969 0)
(-0.066114 2.98293 0)
(-0.0639219 2.59532 0)
(-0.0330894 1.74612 0)
(-0.0068418 0.474016 0)
(-0.000297093 0.229219 0)
(-0.0019611 0.611629 0)
(-0.00659781 0.933302 0)
(-0.0133462 1.15158 0)
(-0.0117511 1.2863 0)
(-0.00284532 1.36898 0)
(0.00710841 1.41826 0)
(0.0199006 1.44812 0)
(0.0186103 1.47308 0)
(0.00721696 1.49107 0)
(0.00245511 1.53815 0)
(-0.0302767 1.70035 0)
(-0.0873067 2.30317 0)
(-0.0638165 2.82808 0)
(-0.0812522 3.02945 0)
(-0.0686241 3.07343 0)
(-0.0456728 2.96409 0)
(-0.0379439 2.54672 0)
(-0.0298063 1.67605 0)
(-0.00473432 0.438346 0)
(0.00019454 0.232534 0)
(4.89593e-06 0.617489 0)
(-0.00105364 0.942077 0)
(-0.00293797 1.15544 0)
(0.00284011 1.27347 0)
(0.017461 1.34186 0)
(0.0348272 1.38829 0)
(0.0574047 1.42309 0)
(0.0747228 1.46502 0)
(0.0851233 1.50185 0)
(0.0785168 1.59584 0)
(0.0059358 1.74937 0)
(-0.0889925 2.30315 0)
(-0.061073 2.83287 0)
(-0.0831063 3.02538 0)
(-0.0714682 3.05769 0)
(-0.0424023 2.92158 0)
(-0.0283392 2.48897 0)
(-0.0310179 1.6001 0)
(0.00279918 0.431926 0)
(0.000855107 0.230633 0)
(0.00214303 0.615812 0)
(0.0037925 0.941054 0)
(0.00834059 1.14731 0)
(0.0226026 1.25212 0)
(0.0446905 1.30842 0)
(0.0744707 1.3481 0)
(0.107957 1.38233 0)
(0.145509 1.43068 0)
(0.15978 1.50264 0)
(0.14077 1.67174 0)
(0.0580673 1.82266 0)
(-0.0888508 2.312 0)
(-0.0648208 2.8442 0)
(-0.0923678 3.02491 0)
(-0.0985544 3.03826 0)
(-0.0901006 2.87767 0)
(-0.0668708 2.37861 0)
(-0.0361866 1.43118 0)
(0.00504234 0.436421 0)
(0.00128834 0.223928 0)
(0.00434348 0.605804 0)
(0.00861088 0.929596 0)
(0.0184574 1.12088 0)
(0.0383561 1.20923 0)
(0.0668654 1.25222 0)
(0.107477 1.28519 0)
(0.149338 1.32244 0)
(0.200405 1.38996 0)
(0.219159 1.52383 0)
(0.194536 1.75615 0)
(0.113515 1.93119 0)
(-0.078235 2.34686 0)
(-0.0740934 2.87591 0)
(-0.105987 3.03953 0)
(-0.120092 3.04381 0)
(-0.133425 2.85339 0)
(-0.112082 2.26922 0)
(-0.0412535 1.2101 0)
(-0.000762193 0.416604 0)
(0.00214787 0.210481 0)
(0.00695442 0.587073 0)
(0.0149036 0.903449 0)
(0.0308206 1.08183 0)
(0.0576645 1.16055 0)
(0.0938272 1.19335 0)
(0.146854 1.21619 0)
(0.201204 1.25256 0)
(0.255444 1.33339 0)
(0.259752 1.53964 0)
(0.226745 1.85255 0)
(0.115321 2.04772 0)
(-0.107695 2.41479 0)
(-0.095924 2.9378 0)
(-0.133722 3.08446 0)
(-0.127914 3.07341 0)
(-0.130014 2.83061 0)
(-0.124543 2.19126 0)
(-0.0299667 1.03377 0)
(-0.00554151 0.349586 0)
(0.00257443 0.192529 0)
(0.00799698 0.568126 0)
(0.0157311 0.875471 0)
(0.0323 1.03216 0)
(0.0607449 1.08944 0)
(0.101663 1.10548 0)
(0.157874 1.1226 0)
(0.215008 1.17188 0)
(0.27144 1.29715 0)
(0.279407 1.59189 0)
(0.251419 1.96843 0)
(0.109007 2.20517 0)
(-0.131465 2.48397 0)
(-0.105007 2.97252 0)
(-0.158182 3.10241 0)
(-0.149656 3.08016 0)
(-0.128929 2.77849 0)
(-0.11362 2.05452 0)
(-0.00329225 0.913827 0)
(-0.00278857 0.294953 0)
(0.00335078 0.168118 0)
(0.00975024 0.543965 0)
(0.0189929 0.841453 0)
(0.0396641 0.979223 0)
(0.0720255 1.02522 0)
(0.115493 1.03408 0)
(0.175251 1.04456 0)
(0.23286 1.09373 0)
(0.264466 1.24068 0)
(0.267627 1.61602 0)
(0.24809 2.09529 0)
(0.0918668 2.34426 0)
(-0.135824 2.55015 0)
(-0.138377 3.00117 0)
(-0.177477 3.11214 0)
(-0.19835 3.07049 0)
(-0.179102 2.66903 0)
(-0.0902667 1.7142 0)
(-0.000772625 0.819853 0)
(-0.00317162 0.264448 0)
(0.00273141 0.14502 0)
(0.00744866 0.527789 0)
(0.0116537 0.813142 0)
(0.0254667 0.925528 0)
(0.0477414 0.949049 0)
(0.0837383 0.939136 0)
(0.1304 0.949503 0)
(0.173584 1.02509 0)
(0.211747 1.2359 0)
(0.226207 1.6733 0)
(0.220481 2.2197 0)
(0.0986552 2.48331 0)
(-0.120612 2.66358 0)
(-0.179239 3.0721 0)
(-0.200204 3.14505 0)
(-0.216376 3.04699 0)
(-0.208507 2.5635 0)
(-0.0570054 1.42744 0)
(-0.0167923 0.740079 0)
(-0.00605682 0.227243 0)
(0.00253581 0.123977 0)
(0.0057306 0.518773 0)
(0.00784555 0.796196 0)
(0.019797 0.892787 0)
(0.0358823 0.908512 0)
(0.0631208 0.896569 0)
(0.0970265 0.904793 0)
(0.123181 0.969509 0)
(0.132178 1.18943 0)
(0.116045 1.68077 0)
(0.133058 2.31185 0)
(0.0618908 2.57702 0)
(-0.17814 2.81294 0)
(-0.235137 3.1399 0)
(-0.272545 3.18756 0)
(-0.246399 2.99771 0)
(-0.187987 2.35208 0)
(-0.0207635 1.26739 0)
(-0.0190772 0.667856 0)
(-0.00504162 0.179075 0)
(0.000594041 0.115282 0)
(-0.00225481 0.525856 0)
(-0.0102697 0.794026 0)
(-0.0126777 0.875242 0)
(-0.0171604 0.877185 0)
(-0.015386 0.852748 0)
(-0.0154573 0.851174 0)
(-0.0259213 0.946057 0)
(-0.04416 1.21567 0)
(-0.0599129 1.74028 0)
(-0.0146096 2.37288 0)
(-0.0694466 2.69313 0)
(-0.311172 2.97291 0)
(-0.325485 3.19222 0)
(-0.324818 3.17721 0)
(-0.303419 2.88192 0)
(-0.110674 1.92414 0)
(-0.0102374 1.16805 0)
(-0.012828 0.619005 0)
(-0.00298065 0.141402 0)
(-0.000113719 0.119154 0)
(-0.00558049 0.561219 0)
(-0.0181914 0.825599 0)
(-0.025707 0.897162 0)
(-0.0409635 0.901389 0)
(-0.0544346 0.885403 0)
(-0.0802239 0.895908 0)
(-0.121231 0.978305 0)
(-0.177199 1.23258 0)
(-0.242641 1.74623 0)
(-0.216642 2.40822 0)
(-0.262776 2.8082 0)
(-0.43742 3.05334 0)
(-0.418764 3.18341 0)
(-0.363506 3.10781 0)
(-0.290961 2.61969 0)
(-0.0400303 1.62037 0)
(-0.0184199 1.09352 0)
(-0.0101372 0.586853 0)
(-0.0029305 0.112696 0)
(-0.00200692 0.132075 0)
(-0.0135099 0.591954 0)
(-0.0392662 0.861145 0)
(-0.0675974 0.931456 0)
(-0.111212 0.93091 0)
(-0.156698 0.91196 0)
(-0.222185 0.921461 0)
(-0.306494 1.00077 0)
(-0.392888 1.26649 0)
(-0.469083 1.79914 0)
(-0.469994 2.45087 0)
(-0.492766 2.87304 0)
(-0.535147 3.04701 0)
(-0.468924 3.13212 0)
(-0.385713 2.98213 0)
(-0.158954 2.19481 0)
(0.00466232 1.46515 0)
(-0.00357611 1.05376 0)
(-0.00198655 0.573236 0)
(-0.00126932 0.0933831 0)
(-0.00494455 0.18073 0)
(-0.0204755 0.696314 0)
(-0.0501168 0.994093 0)
(-0.0860142 1.08024 0)
(-0.141387 1.089 0)
(-0.205084 1.08206 0)
(-0.291349 1.10351 0)
(-0.40237 1.18969 0)
(-0.515555 1.41472 0)
(-0.603509 1.855 0)
(-0.610362 2.42676 0)
(-0.565052 2.79646 0)
(-0.52948 2.94109 0)
(-0.411595 2.91042 0)
(-0.272943 2.53671 0)
(-0.049522 1.7723 0)
(0.00452485 1.37804 0)
(0.00254146 1.0524 0)
(0.00220776 0.590969 0)
(0.000352531 0.094912 0)
(-0.415306 1.42239 5.23259e-23)
(0.257079 3.1803 1.22727e-19)
(0.153371 3.40388 -9.29955e-20)
(0.151224 3.41795 0)
(0.154654 3.36477 0)
(0.139362 3.32421 -4.89815e-19)
(0.121876 3.29889 5.311e-19)
(0.100467 3.26154 -5.21395e-19)
(0.0835176 3.19276 8.93308e-21)
(0.0424112 2.5136 6.36342e-19)
(-0.194241 2.18152 -2.79018e-23)
(0.0919759 3.26152 1.45232e-19)
(0.0702358 3.41244 0)
(0.0626434 3.36791 0)
(0.0681529 3.32714 1.45819e-20)
(0.0654016 3.29109 9.90874e-19)
(0.057786 3.26524 -5.37994e-19)
(0.0461022 3.24119 -7.85579e-21)
(0.0390358 3.09588 7.87583e-21)
(-0.0137905 2.10023 0)
(-0.106483 2.02517 2.87096e-19)
(0.0478238 3.135 -2.73581e-19)
(0.049759 3.31629 0)
(0.0477015 3.31322 4.60708e-19)
(0.0431522 3.2906 -1.21082e-21)
(0.0400096 3.27271 -5.09141e-19)
(0.0360948 3.26296 -5.92676e-19)
(0.0370836 3.2472 -1.28153e-22)
(0.0282784 3.12252 8.06774e-21)
(-0.0344345 2.20101 0)
(-0.106504 1.99165 -1.0797e-19)
(-0.004158 3.11431 0)
(0.00949179 3.29177 -2.44532e-19)
(0.0113269 3.29414 -2.10919e-19)
(0.014482 3.27341 1.72562e-20)
(0.0195604 3.2555 -3.11973e-19)
(0.0278229 3.2436 2.80488e-19)
(0.0300384 3.23506 -9.83094e-21)
(0.0254404 3.12368 1.3642e-20)
(-0.0230285 2.2373 3.38203e-19)
(-0.0907995 2.01062 -2.00475e-19)
(-0.0193275 3.0885 0)
(0.00300079 3.25373 5.08743e-19)
(0.00879853 3.2569 -2.78328e-19)
(0.0130835 3.24324 -5.92988e-22)
(0.0168913 3.23584 1.85285e-21)
(0.0213733 3.23237 -1.58022e-20)
(0.0309262 3.2201 -3.46117e-19)
(0.0225646 3.11828 1.03167e-20)
(-0.0307622 2.29675 -7.04537e-19)
(-0.0844681 2.06125 0)
(-0.0353762 3.0819 -2.56192e-19)
(-0.0213738 3.23879 1.35113e-20)
(-0.0127488 3.24106 -1.85414e-20)
(-0.00266032 3.22884 1.89026e-20)
(0.00732925 3.21656 3.1145e-19)
(0.0187164 3.20808 3.24037e-19)
(0.0235073 3.20328 6.78926e-19)
(0.0208109 3.11774 3.7664e-19)
(-0.0187153 2.34467 -1.50624e-20)
(-0.0706985 2.13659 0)
(-0.0421226 3.08276 2.68112e-19)
(-0.0191466 3.20984 -2.88968e-19)
(-0.0070748 3.21102 -1.97078e-20)
(0.00248923 3.20027 4.05786e-20)
(0.00936844 3.19499 3.72884e-22)
(0.0154703 3.19348 -2.16939e-20)
(0.025552 3.1862 -3.54071e-19)
(0.0208424 3.11532 -3.66868e-19)
(-0.0214472 2.40899 -1.59241e-20)
(-0.0643673 2.21179 3.11664e-19)
(-0.0446028 3.08332 -1.42996e-20)
(-0.031812 3.19479 9.87542e-21)
(-0.0212126 3.19349 0)
(-0.00901874 3.18388 0)
(0.00212952 3.1748 0)
(0.0141481 3.16844 0)
(0.0204239 3.16779 3.89184e-19)
(0.021041 3.10977 -4.01581e-19)
(-0.00975592 2.45763 3.95756e-19)
(-0.053191 2.30324 2.54955e-20)
(-0.0448853 3.0853 3.17717e-19)
(-0.0262029 3.16806 0)
(-0.0127249 3.16479 -2.1982e-20)
(-0.00176795 3.15563 2.24943e-20)
(0.00611268 3.15222 0)
(0.0130076 3.15236 -1.21411e-20)
(0.0236168 3.14921 -3.77753e-19)
(0.0221922 3.10474 4.03012e-19)
(-0.0107122 2.52345 0)
(-0.05096 2.39368 1.5164e-20)
(-0.0461853 3.08566 -4.86372e-19)
(-0.0351958 3.15154 0)
(-0.0233184 3.14614 0)
(-0.0109878 3.13817 2.39225e-20)
(0.000363409 3.13096 -2.01121e-19)
(0.0124748 3.12641 -2.5223e-20)
(0.0198128 3.12875 2.13843e-19)
(0.0230251 3.09476 0)
(-0.000555551 2.57528 0)
(-0.0411755 2.48905 -5.25217e-19)
(-0.0464237 3.08453 1.77205e-19)
(-0.0294898 3.12393 0)
(-0.0144095 3.11649 0)
(-0.00290777 3.10859 0)
(0.00552395 3.10649 4.12756e-19)
(0.0128713 3.10796 0)
(0.0235983 3.10799 -2.28115e-19)
(0.0245418 3.0862 1.40678e-20)
(-0.000941072 2.64293 2.36815e-19)
(-0.0368195 2.57636 1.86718e-19)
(-0.0437376 3.07237 -1.80169e-20)
(-0.0364185 3.1032 2.14747e-19)
(-0.0244752 3.0957 2.08475e-19)
(-0.0117957 3.08887 0)
(0.000342437 3.08312 -2.11402e-19)
(0.0128943 3.08018 0)
(0.0210197 3.08486 0)
(0.025864 3.07121 0)
(0.00754629 2.698 -2.37915e-19)
(-0.0286941 2.6731 -1.95729e-19)
(-0.0420146 3.06353 2.01313e-19)
(-0.0298227 3.07219 -2.02222e-19)
(-0.0154155 3.06341 -3.17949e-19)
(-0.00360422 3.05738 0)
(0.00605593 3.0567 2.84204e-20)
(0.0145092 3.05942 -1.45121e-20)
(0.025494 3.06184 1.07856e-19)
(0.0278498 3.05787 1.34292e-19)
(0.00727194 2.767 -1.37857e-19)
(-0.0257557 2.7595 2.00836e-19)
(-0.0391165 3.04095 -1.93493e-19)
(-0.0343032 3.0475 1.36238e-20)
(-0.0235606 3.04146 8.05983e-20)
(-0.0114581 3.03724 -1.15663e-19)
(0.000835339 3.03352 0)
(0.0138677 3.03183 1.2415e-19)
(0.0229735 3.03724 4.93923e-21)
(0.0289455 3.03736 -2.59084e-19)
(0.0138722 2.8245 -5.78611e-21)
(-0.0191359 2.85306 -5.61037e-20)
(-0.034549 3.02338 1.38421e-20)
(-0.0243551 3.01772 -7.17679e-20)
(-0.0122391 3.01492 2.9364e-20)
(-0.00300599 3.01413 1.41359e-19)
(0.00563609 3.01335 -6.00742e-20)
(0.0130162 3.01467 -5.9534e-20)
(0.0233341 3.01604 -6.21118e-20)
(0.0275886 3.0197 1.32632e-19)
(0.0118173 2.89331 6.52876e-20)
(-0.0125752 2.93771 4.51018e-20)
(-0.0206124 2.99867 2.00545e-20)
(-0.0157227 3.00124 3.96417e-20)
(-0.0101747 3.00153 -8.10678e-20)
(-0.00444694 3.00258 2.74466e-20)
(0.000410907 3.00225 5.57113e-20)
(0.0059917 3.00066 -5.79135e-20)
(0.00968923 2.99957 -6.07521e-20)
(0.0163062 2.9994 8.10793e-21)
(0.0106458 2.95122 5.72713e-20)
)
;

boundaryField
{
    wall-4
    {
        type            noSlip;
    }
    pressure-outlet-7
    {
        type            zeroGradient;
    }
    velocity-inlet-6
    {
        type            fixedValue;
        value           uniform (0 3 0);
    }
    velocity-inlet-5
    {
        type            fixedValue;
        value           uniform (1 0 0);
    }
    frontAndBackPlanes
    {
        type            empty;
    }
}


// ************************************************************************* //
