/*--------------------------------*- C++ -*----------------------------------*\
  =========                 |
  \\      /  F ield         | OpenFOAM: The Open Source CFD Toolbox
   \\    /   O peration     | Website:  https://openfoam.org
    \\  /    A nd           | Version:  6
     \\/     M anipulation  |
\*---------------------------------------------------------------------------*/
FoamFile
{
    version     2.0;
    format      ascii;
    class       volScalarField;
    location    "112.5";
    object      p;
}
// * * * * * * * * * * * * * * * * * * * * * * * * * * * * * * * * * * * * * //

dimensions      [0 2 -2 0 0 0 0];

internalField   nonuniform List<scalar> 
8800
(
1.10835
1.05904
1.02107
0.993008
0.972854
0.958277
0.947694
0.940173
0.935315
0.933281
0.934691
0.939066
0.945886
0.95533
0.96808
0.985411
1.0093
1.0424
1.08534
1.13785
0.942835
0.949181
0.958334
0.961887
0.959284
0.953204
0.946276
0.940051
0.935274
0.932437
0.932246
0.934913
0.939586
0.945738
0.952855
0.959901
0.96479
0.964672
0.958003
0.949109
0.916333
0.92257
0.927075
0.930953
0.93391
0.934871
0.933799
0.9317
0.92975
0.928952
0.930029
0.932521
0.935439
0.937732
0.938271
0.936496
0.933141
0.929136
0.92436
0.920644
0.912005
0.914773
0.917384
0.91955
0.921298
0.922881
0.924003
0.924383
0.924304
0.92445
0.925307
0.926495
0.927273
0.927152
0.926199
0.924861
0.923205
0.920913
0.918508
0.916942
0.906913
0.90834
0.910186
0.912276
0.914002
0.915312
0.916434
0.917445
0.918296
0.919089
0.919861
0.920376
0.920445
0.920117
0.919476
0.918383
0.916744
0.914863
0.913517
0.912714
0.901875
0.90278
0.904034
0.905673
0.907382
0.908936
0.910249
0.911409
0.912525
0.91361
0.91447
0.914927
0.914992
0.914669
0.913901
0.91274
0.911401
0.910152
0.909339
0.908814
0.896907
0.897564
0.898534
0.899866
0.901334
0.902877
0.904396
0.905807
0.907132
0.90842
0.909463
0.91004
0.910127
0.909746
0.90901
0.908104
0.907141
0.906257
0.905686
0.905301
0.892004
0.892509
0.893305
0.894463
0.895788
0.897238
0.89879
0.900388
0.901976
0.903533
0.904802
0.905514
0.90568
0.90543
0.904923
0.904281
0.903581
0.902944
0.902527
0.902226
0.887108
0.88751
0.88818
0.889223
0.890483
0.891888
0.893446
0.895156
0.89698
0.898848
0.900404
0.90134
0.901726
0.901727
0.901479
0.901072
0.90059
0.900153
0.899849
0.899604
0.882135
0.882462
0.883048
0.884016
0.885239
0.886644
0.888251
0.890081
0.892129
0.894332
0.896262
0.897543
0.89825
0.898545
0.89856
0.898401
0.898131
0.897862
0.897643
0.897437
0.876993
0.877264
0.877791
0.87872
0.879936
0.881382
0.883084
0.885082
0.887395
0.889991
0.892387
0.894111
0.895206
0.895837
0.896141
0.896237
0.896182
0.896067
0.895918
0.895738
0.871587
0.871815
0.872305
0.873224
0.874476
0.876006
0.877848
0.880073
0.882728
0.885809
0.888775
0.891028
0.892578
0.893596
0.894228
0.894586
0.894762
0.894792
0.8947
0.894539
0.865817
0.86601
0.866484
0.867423
0.868751
0.870412
0.872453
0.874977
0.878065
0.881746
0.885401
0.888285
0.89037
0.891835
0.892843
0.893513
0.893922
0.894086
0.894042
0.893892
0.859571
0.859737
0.86021
0.861199
0.862644
0.864489
0.866798
0.869707
0.873336
0.877753
0.882241
0.885882
0.888601
0.890588
0.892029
0.893048
0.89371
0.894011
0.894009
0.893865
0.852717
0.85286
0.853349
0.854416
0.856024
0.858115
0.860772
0.864167
0.868465
0.87378
0.879273
0.883818
0.887292
0.889894
0.891831
0.893251
0.894203
0.894645
0.894681
0.894539
0.845102
0.845223
0.84574
0.846915
0.848738
0.851145
0.854244
0.858247
0.86337
0.869775
0.876477
0.882101
0.886464
0.889797
0.892327
0.894214
0.895488
0.896078
0.896149
0.896003
0.836523
0.836626
0.837178
0.838497
0.840598
0.843407
0.847059
0.851818
0.857954
0.865683
0.873834
0.880739
0.886153
0.890344
0.893587
0.896022
0.89766
0.898403
0.898504
0.898352
0.826691
0.826792
0.827414
0.828912
0.831371
0.834685
0.83903
0.844728
0.852111
0.861444
0.871326
0.879745
0.886399
0.8916
0.895679
0.898757
0.900804
0.901706
0.901832
0.901669
0.815315
0.815394
0.816106
0.817856
0.820759
0.824713
0.82993
0.836799
0.845718
0.856997
0.86894
0.879135
0.887239
0.893627
0.89867
0.9025
0.904998
0.906057
0.906199
0.906022
0.801947
0.802014
0.802837
0.804904
0.808375
0.813152
0.81948
0.827825
0.838645
0.852283
0.866667
0.878931
0.888703
0.896465
0.90263
0.907309
0.910284
0.911487
0.911634
0.911439
0.785979
0.786036
0.787014
0.789507
0.793726
0.799576
0.807345
0.817573
0.830764
0.847258
0.864511
0.879154
0.890825
0.900149
0.907579
0.913195
0.916653
0.917969
0.918103
0.917888
0.766554
0.766608
0.767812
0.770905
0.776146
0.783446
0.793127
0.805801
0.821971
0.841912
0.8625
0.879831
0.893627
0.904692
0.913503
0.920124
0.924018
0.925389
0.925489
0.925255
0.742412
0.742471
0.744035
0.74803
0.754747
0.764081
0.77639
0.792296
0.81222
0.83629
0.86069
0.881002
0.897119
0.910075
0.920366
0.927974
0.93219
0.933528
0.933572
0.933322
0.711578
0.711669
0.713856
0.719325
0.728358
0.740703
0.756736
0.776952
0.801575
0.830516
0.859185
0.882721
0.901308
0.916235
0.928063
0.936527
0.940862
0.942058
0.942026
0.941769
0.670707
0.67094
0.67442
0.682618
0.695583
0.712628
0.733994
0.759891
0.790263
0.824803
0.858139
0.885069
0.906196
0.923134
0.93642
0.945464
0.949624
0.950561
0.950446
0.950195
0.613407
0.614611
0.621598
0.635513
0.655373
0.679715
0.70849
0.741571
0.778699
0.819445
0.857725
0.888142
0.911786
0.93064
0.945182
0.954367
0.957998
0.958601
0.958419
0.958186
0.530414
0.538583
0.55473
0.579158
0.60935
0.64347
0.681258
0.722544
0.767101
0.814536
0.858093
0.892251
0.918619
0.939483
0.9549
0.963738
0.966623
0.966905
0.966692
0.966504
0.441693
0.45971
0.485967
0.521701
0.562799
0.606802
0.653559
0.703088
0.755277
0.809838
0.859309
0.897845
0.927491
0.950513
0.966469
0.974164
0.976011
0.97603
0.975859
0.975748
0.365381
0.387441
0.422135
0.467535
0.518276
0.571593
0.627072
0.684671
0.744256
0.805556
0.860464
0.902885
0.935356
0.96005
0.975819
0.982126
0.983236
0.983176
0.983051
0.982975
0.302435
0.32697
0.367467
0.419796
0.478057
0.539116
0.602249
0.667197
0.733629
0.801181
0.86107
0.907015
0.941898
0.967761
0.98312
0.988449
0.989204
0.989122
0.989022
0.988961
0.249927
0.275988
0.320692
0.378388
0.44263
0.510006
0.579592
0.65095
0.723523
0.796771
0.86123
0.910398
0.947473
0.974302
0.989201
0.993764
0.994301
0.994208
0.994124
0.994068
0.205282
0.232248
0.280065
0.342091
0.411326
0.484052
0.559171
0.636126
0.714171
0.792576
0.861203
0.913305
0.952363
0.979983
0.994372
0.998349
0.998748
0.998646
0.998569
0.998517
0.166417
0.193972
0.24421
0.309818
0.383306
0.460677
0.540682
0.622642
0.705641
0.788747
0.861167
0.915906
0.956703
0.984914
0.998809
1.00235
1.00265
1.00253
1.00246
1.0024
0.13182
0.159817
0.212036
0.280691
0.357866
0.43932
0.523712
0.610245
0.697822
0.78529
0.861176
0.918257
0.960537
0.989172
1.0026
1.00581
1.00603
1.00589
1.00581
1.00575
0.100433
0.12881
0.182696
0.254013
0.334439
0.41953
0.507895
0.59865
0.690538
0.782133
0.861237
0.920396
0.9639
0.99279
1.00574
1.0087
1.00886
1.0087
1.00861
1.00854
0.0714046
0.100161
0.155535
0.229256
0.312578
0.40094
0.492933
0.587623
0.683612
0.779197
0.861377
0.922397
0.96686
0.995781
1.00826
1.011
1.01113
1.01097
1.01087
1.0108
0.0442992
0.0733845
0.13011
0.205989
0.291926
0.383259
0.47859
0.576968
0.676905
0.776438
0.861661
0.924384
0.969539
0.998247
1.01018
1.01275
1.01288
1.01274
1.01265
1.01257
0.018584
0.0480726
0.106042
0.183897
0.272208
0.366253
0.46468
0.566532
0.670295
0.773807
0.862167
0.926525
0.972115
1.00034
1.01165
1.01405
1.01422
1.01415
1.01409
1.014
-0.00592347
0.0239628
0.0830946
0.162754
0.253221
0.349752
0.45105
0.556186
0.663668
0.771247
0.862975
0.929031
0.974839
1.0023
1.01287
1.01511
1.01535
1.01537
1.01536
1.01527
-0.0294236
0.00086833
0.0610828
0.142401
0.234831
0.333632
0.437587
0.545819
0.656916
0.768666
0.864119
0.932135
0.97802
1.00439
1.01406
1.01614
1.01647
1.0166
1.01663
1.01655
-0.0520664
-0.0213213
0.0398995
0.122738
0.216933
0.317807
0.424212
0.535351
0.649939
0.76594
0.865566
0.936045
0.98205
1.00693
1.0154
1.01727
1.01776
1.01797
1.01802
1.01794
-0.0739739
-0.0427395
0.0194866
0.103703
0.199482
0.302223
0.410875
0.524718
0.64265
0.762931
0.867209
0.940902
0.987382
1.0104
1.01705
1.01839
1.0191
1.01953
1.01962
1.01948
-0.0950628
-0.063369
-0.000190989
0.0852436
0.182442
0.286867
0.397544
0.513885
0.634982
0.759517
0.868863
0.946725
0.994485
1.01554
1.01944
1.01945
1.02018
1.02127
1.02181
1.02165
-0.115361
-0.0832394
-0.0191749
0.0673461
0.165807
0.27173
0.38423
0.502831
0.626892
0.75557
0.870307
0.953364
1.0037
1.02335
1.02392
1.02125
1.02127
1.02348
1.02554
1.02583
-0.134965
-0.102354
-0.0374907
0.049997
0.149589
0.256835
0.37095
0.491568
0.61835
0.750988
0.87128
0.960519
1.01509
1.03483
1.03248
1.02643
1.02475
1.02815
1.03286
1.03492
-0.153768
-0.120723
-0.0551203
0.0332233
0.133803
0.24222
0.357744
0.480131
0.609364
0.745705
0.871522
0.967745
1.02829
1.05018
1.04654
1.03767
1.03333
1.03531
1.04071
1.04358
-0.171878
-0.138388
-0.0720933
0.0169669
0.118387
0.227818
0.344533
0.468432
0.599822
0.739585
0.87077
0.974625
1.04289
1.06907
1.06622
1.05585
1.04775
1.04161
1.0351
1.0399
-0.189253
-0.15542
-0.088564
0.00102451
0.103043
0.213309
0.33092
0.456016
0.589234
0.732084
0.868496
0.980597
1.05882
1.09164
1.09112
1.08049
1.06676
1.05139
1.02818
1.03365
-0.205794
-0.171829
-0.104393
-0.0144311
0.0880084
0.198963
0.317062
0.443142
0.577784
0.723244
0.864327
0.98427
1.07417
1.11576
1.11692
1.10405
1.08521
1.05208
0.997965
0.97654
-0.221413
-0.188675
-0.119171
-0.028972
0.0740892
0.185268
0.303233
0.430071
0.565724
0.713164
0.858078
0.98456
1.08646
1.13855
1.13625
1.11707
1.08422
1.02419
0.962806
0.926116
-0.26326
-0.205346
-0.132612
-0.0435926
0.0605016
0.171199
0.289577
0.416653
0.552789
0.701364
0.849018
0.980108
1.0919
1.15283
1.14737
1.10425
1.03483
0.958288
0.886725
0.847186
-0.235777
-0.216567
-0.153022
-0.0633503
0.0393664
0.150023
0.268002
0.394975
0.531172
0.680159
0.82939
0.96324
1.07195
1.14035
1.09849
0.961617
0.855037
0.781183
0.711427
0.729607
-0.265423
-0.233007
-0.168561
-0.0792678
0.0231268
0.133752
0.252145
0.378799
0.514537
0.662772
0.810903
0.942564
1.03992
1.0787
0.998049
0.834193
0.70945
0.625384
0.537507
0.573264
-0.287926
-0.253222
-0.187057
-0.0976857
0.00470011
0.115428
0.233894
0.360031
0.494845
0.641392
0.786533
0.912601
0.997674
0.998186
0.862984
0.688718
0.546062
0.442974
0.342495
0.364313
-0.309565
-0.273916
-0.206454
-0.116448
-0.0139552
0.0967389
0.214818
0.3402
0.473736
0.617907
0.758444
0.874747
0.941072
0.907121
0.723162
0.531379
0.361285
0.220102
0.0906207
0.0922973
-0.330749
-0.29482
-0.226538
-0.135982
-0.0333484
0.0771714
0.194667
0.319066
0.4509
0.592003
0.726418
0.831834
0.875936
0.788031
0.584441
0.375706
0.182292
0.0239055
-0.181673
-0.262929
-0.352167
-0.31642
-0.247714
-0.156807
-0.0540441
0.0562994
0.173222
0.296515
0.426372
0.563844
0.691081
0.786377
0.800305
0.661761
0.456531
0.238656
0.0417263
-0.120996
-0.242867
-0.353436
-0.374875
-0.339186
-0.270332
-0.179308
-0.0765799
0.0334483
0.149649
0.271575
0.398969
0.531961
0.651239
0.731876
0.71614
0.541327
0.336071
0.12493
-0.0550211
-0.153327
-0.178888
-0.1917
-0.399029
-0.363414
-0.294518
-0.203568
-0.1011
0.0083907
0.123559
0.243711
0.368034
0.495534
0.605559
0.666625
0.6279
0.42532
0.222757
0.0323476
-0.103856
-0.142187
-0.150297
-0.150675
-0.424924
-0.38924
-0.320315
-0.229576
-0.127558
-0.0188937
0.0949074
0.212833
0.333453
0.454532
0.554539
0.597251
0.52018
0.318395
0.123002
-0.0424532
-0.118598
-0.132606
-0.133522
-0.133388
-0.452565
-0.416699
-0.347754
-0.25734
-0.155984
-0.0484147
0.063659
0.178895
0.295215
0.409046
0.498182
0.52231
0.406771
0.22087
0.0368839
-0.0940502
-0.12293
-0.123554
-0.124067
-0.123658
-0.481707
-0.445639
-0.376747
-0.286795
-0.18631
-0.0801416
0.0298134
0.141895
0.253369
0.359213
0.437327
0.440107
0.30684
0.132214
-0.0301483
-0.105738
-0.120338
-0.118328
-0.118036
-0.117638
-0.511804
-0.475719
-0.407043
-0.317725
-0.218367
-0.113935
-0.00649914
0.101936
0.208151
0.305614
0.372106
0.357876
0.215802
0.0547466
-0.0749682
-0.114134
-0.113417
-0.113894
-0.113667
-0.113364
-0.542414
-0.506415
-0.438164
-0.349725
-0.251815
-0.149486
-0.0450038
0.0592943
0.159869
0.249261
0.301773
0.280794
0.134971
-0.00583243
-0.100713
-0.109062
-0.110558
-0.110852
-0.110783
-0.110615
-0.572548
-0.536872
-0.469401
-0.382177
-0.286113
-0.186321
-0.0852354
0.0144723
0.108966
0.19104
0.232088
0.203141
0.066781
-0.0479566
-0.105269
-0.115324
-0.109925
-0.10882
-0.108437
-0.108267
-0.600643
-0.565833
-0.49973
-0.414206
-0.32049
-0.223734
-0.126517
-0.0317709
0.0562688
0.131423
0.167617
0.12435
0.0119395
-0.0798041
-0.103268
-0.106508
-0.10714
-0.106627
-0.106402
-0.106259
-0.625392
-0.591815
-0.527777
-0.444623
-0.353892
-0.260784
-0.167958
-0.0784877
0.00306421
0.0709939
0.104757
0.0570122
-0.0292493
-0.0977875
-0.119031
-0.109675
-0.106403
-0.105327
-0.104986
-0.104821
-0.644236
-0.612742
-0.551808
-0.471931
-0.385018
-0.296286
-0.208438
-0.124589
-0.0493236
0.0116185
0.0423687
0.00433284
-0.0565203
-0.100618
-0.106347
-0.106223
-0.104897
-0.104395
-0.104216
-0.104067
-0.655214
-0.626579
-0.569793
-0.494416
-0.412354
-0.32886
-0.246629
-0.1688
-0.0997615
-0.0440703
-0.014625
-0.0398577
-0.073303
-0.0985469
-0.0989344
-0.102704
-0.104228
-0.104454
-0.104495
-0.10443
-0.655684
-0.631002
-0.579688
-0.510263
-0.434291
-0.357048
-0.281109
-0.209616
-0.146991
-0.0954457
-0.0623294
-0.0799646
-0.0886648
-0.102323
-0.104935
-0.105424
-0.106035
-0.10631
-0.106422
-0.106409
-0.643248
-0.623329
-0.579375
-0.517768
-0.449389
-0.379489
-0.310553
-0.245519
-0.189212
-0.143665
-0.0982531
-0.117478
-0.105699
-0.11509
-0.11487
-0.111728
-0.110602
-0.110575
-0.110685
-0.11066
-0.616019
-0.601529
-0.567121
-0.515764
-0.456627
-0.395212
-0.333933
-0.275425
-0.224643
-0.186681
-0.138845
-0.133636
-0.124673
-0.130081
-0.123463
-0.119973
-0.117773
-0.117613
-0.117882
-0.117899
-0.577494
-0.568285
-0.544261
-0.504608
-0.456083
-0.403984
-0.350693
-0.298741
-0.252738
-0.220263
-0.188719
-0.160205
-0.130979
-0.132352
-0.139011
-0.133555
-0.130899
-0.130768
-0.131356
-0.131397
-0.534695
-0.52944
-0.515689
-0.487423
-0.449873
-0.406684
-0.360964
-0.315086
-0.272956
-0.241693
-0.213656
-0.186286
-0.151999
-0.12664
-0.109014
-0.118871
-0.142485
-0.155638
-0.159366
-0.159795
-0.49724
-0.494015
-0.487427
-0.469454
-0.440828
-0.405119
-0.365754
-0.324483
-0.284299
-0.2515
-0.225724
-0.209545
-0.203523
-0.219667
-0.247579
-0.280718
-0.284141
-0.248699
-0.228668
-0.230374
-0.470232
-0.46832
-0.465005
-0.454386
-0.432539
-0.402365
-0.366985
-0.327903
-0.287433
-0.250732
-0.223351
-0.216739
-0.255656
-0.32485
-0.396172
-0.434876
-0.43966
-0.404466
-0.357908
-0.341244
-0.450416
-0.449745
-0.448642
-0.443406
-0.42744
-0.400883
-0.366678
-0.327243
-0.283925
-0.240486
-0.209625
-0.184359
-0.172619
-0.192536
-0.240354
-0.251711
-0.240339
-0.217545
-0.188225
-0.172831
-0.438758
-0.438538
-0.43794
-0.435578
-0.424776
-0.400385
-0.365791
-0.324163
-0.27609
-0.222955
-0.177581
-0.115505
-0.0382372
0.0313739
0.068129
0.0926384
0.124358
0.159135
0.18916
0.20416
-0.430629
-0.430485
-0.430087
-0.429447
-0.4229
-0.400983
-0.365338
-0.320242
-0.266317
-0.201105
-0.133915
-0.0467494
0.0932135
0.265081
0.423812
0.548507
0.637738
0.696203
0.732436
0.747779
-0.425249
-0.425207
-0.425096
-0.424952
-0.421125
-0.402729
-0.366107
-0.316652
-0.256717
-0.18088
-0.0954431
0.00135461
0.185755
0.444169
0.715088
0.953004
1.12237
1.21668
1.25755
1.27081
-0.420814
-0.420808
-0.420738
-0.420647
-0.419289
-0.404894
-0.368175
-0.315061
-0.249626
-0.166511
-0.0696611
0.0330331
0.230169
0.52281
0.843387
1.13704
1.35982
1.48131
1.52644
1.53793
-0.41702
-0.41701
-0.416885
-0.416628
-0.416464
-0.406473
-0.371583
-0.316469
-0.2468
-0.160087
-0.0587134
0.0463134
0.225191
0.503627
0.809902
1.09357
1.31613
1.44033
1.48688
1.49828
-0.414151
-0.414153
-0.414095
-0.414033
-0.41441
-0.407448
-0.376148
-0.32053
-0.249249
-0.161974
-0.062921
0.034968
0.183231
0.427902
0.687585
0.920217
1.10601
1.21445
1.25711
1.26773
-0.4113
-0.411381
-0.411599
-0.411993
-0.412265
-0.408612
-0.381083
-0.326983
-0.256402
-0.17179
-0.0798705
0.00657709
0.119753
0.320767
0.533027
0.711046
0.852479
0.937782
0.971565
0.979775
-0.408267
-0.408415
-0.40866
-0.408991
-0.409362
-0.408162
-0.385182
-0.334403
-0.267069
-0.187999
-0.104833
-0.0305016
0.0524438
0.206927
0.374046
0.508386
0.612144
0.675387
0.699969
0.705159
-0.405303
-0.405482
-0.405733
-0.406069
-0.406706
-0.406414
-0.38776
-0.341599
-0.28004
-0.207419
-0.133454
-0.0704149
-0.0100662
0.106184
0.233827
0.33331
0.407937
0.452743
0.469696
0.472174
-0.402645
-0.402761
-0.402765
-0.402552
-0.402415
-0.402366
-0.387958
-0.348225
-0.293831
-0.228016
-0.162855
-0.110418
-0.0659042
0.0193281
0.114469
0.187188
0.241066
0.272027
0.282713
0.284256
-0.401691
-0.401613
-0.401009
-0.399298
-0.396555
-0.395123
-0.386286
-0.355139
-0.307266
-0.247231
-0.190907
-0.147102
-0.112157
-0.0480721
0.0220905
0.0732263
0.109432
0.129958
0.136917
0.137692
-0.404377
-0.404192
-0.403404
-0.401265
-0.397532
-0.394777
-0.389617
-0.364853
-0.319593
-0.26463
-0.217501
-0.178903
-0.151169
-0.102939
-0.0510311
-0.0151667
0.00941525
0.0225355
0.026741
0.0269645
-0.409938
-0.410078
-0.410645
-0.412308
-0.414645
-0.414842
-0.407882
-0.379006
-0.33052
-0.281788
-0.240368
-0.205465
-0.181574
-0.14511
-0.106303
-0.0799754
-0.0624691
-0.0531262
-0.049985
-0.0499939
-0.413378
-0.41418
-0.41728
-0.426529
-0.440873
-0.445763
-0.433446
-0.391707
-0.340985
-0.297893
-0.259555
-0.226369
-0.207144
-0.17685
-0.145065
-0.124098
-0.109882
-0.102428
-0.099929
-0.100062
-0.411166
-0.41212
-0.4158
-0.426931
-0.44683
-0.458583
-0.436828
-0.39215
-0.348581
-0.311051
-0.272187
-0.24236
-0.227049
-0.20123
-0.172429
-0.152576
-0.138684
-0.131079
-0.128693
-0.129026
-0.409024
-0.40958
-0.410582
-0.407891
-0.399272
-0.394997
-0.392219
-0.374203
-0.349666
-0.316198
-0.277915
-0.254086
-0.240187
-0.215776
-0.189191
-0.169741
-0.155344
-0.147312
-0.144912
-0.145411
-0.412876
-0.412731
-0.409974
-0.389397
-0.345977
-0.317429
-0.332451
-0.350418
-0.346487
-0.313585
-0.280312
-0.259679
-0.247743
-0.223
-0.196482
-0.177319
-0.163471
-0.156025
-0.153803
-0.15441
-0.425872
-0.423971
-0.419315
-0.400443
-0.363791
-0.337142
-0.349647
-0.370177
-0.353943
-0.312824
-0.278454
-0.260138
-0.246844
-0.222623
-0.197576
-0.179273
-0.166067
-0.159339
-0.157235
-0.157792
-0.47081
-0.470238
-0.482235
-0.500172
-0.50206
-0.480775
-0.459621
-0.427723
-0.373498
-0.312188
-0.273848
-0.253683
-0.237304
-0.212371
-0.189147
-0.17224
-0.160646
-0.154774
-0.152988
-0.153449
-0.559273
-0.56816
-0.597135
-0.63014
-0.639917
-0.619031
-0.572208
-0.486982
-0.386481
-0.304999
-0.263868
-0.236707
-0.217515
-0.19425
-0.172283
-0.155897
-0.145054
-0.139648
-0.137953
-0.13839
-0.622796
-0.6351
-0.660968
-0.684191
-0.692262
-0.671054
-0.610962
-0.496101
-0.374214
-0.28842
-0.239624
-0.207981
-0.189378
-0.167894
-0.146454
-0.130421
-0.119377
-0.113601
-0.112002
-0.112583
-0.600234
-0.60917
-0.627433
-0.64608
-0.654188
-0.634977
-0.568759
-0.440003
-0.326241
-0.249287
-0.197359
-0.169193
-0.154837
-0.13389
-0.113221
-0.097748
-0.0866892
-0.0808118
-0.0795874
-0.0803891
-0.482529
-0.492543
-0.509648
-0.526608
-0.535041
-0.51973
-0.45307
-0.340223
-0.250831
-0.184452
-0.140883
-0.123772
-0.113021
-0.0945287
-0.0772502
-0.0637129
-0.0533086
-0.0479206
-0.0474664
-0.0485242
-0.288944
-0.300399
-0.319201
-0.340789
-0.352364
-0.334199
-0.274195
-0.204705
-0.149503
-0.104194
-0.0810943
-0.0714534
-0.0656449
-0.0526724
-0.0419129
-0.0330713
-0.0251755
-0.0216037
-0.0220048
-0.0231307
0.00693588
-0.00602601
-0.0460611
-0.0796406
-0.0860327
-0.0808824
-0.0676162
-0.0502692
-0.0374337
-0.0257847
-0.0208117
-0.0159483
-0.013382
-0.0122312
-0.00853828
-0.00896498
-0.00881768
-0.00894309
-0.00741646
-0.0065401
0.213414
0.393861
0.55796
0.695583
0.803214
0.885683
0.95298
1.00766
1.02067
1.01831
0.484582
0.599112
0.705989
0.797366
0.873125
0.934816
0.983148
1.01585
1.03355
1.0508
0.667852
0.743639
0.818475
0.883672
0.938794
0.984358
1.02039
1.04822
1.06925
1.08862
0.804122
0.858184
0.912409
0.960959
1.00281
1.03849
1.06864
1.09407
1.11369
1.1326
0.915254
0.956168
0.996565
1.0345
1.06851
1.0987
1.1252
1.1478
1.16542
1.18352
1.00844
1.04265
1.07624
1.10852
1.13838
1.16552
1.18959
1.20991
1.22538
1.24287
1.09427
1.12532
1.15658
1.18689
1.21513
1.24087
1.2635
1.28209
1.29577
1.31276
1.17964
1.21168
1.2435
1.27418
1.30251
1.3279
1.34971
1.36699
1.3792
1.39569
1.27309
1.30929
1.34373
1.37586
1.40473
1.42981
1.4507
1.46681
1.47829
1.49439
1.38571
1.4264
1.46316
1.49577
1.524
1.5478
1.56727
1.58243
1.59423
1.61026
1.52707
1.56783
1.60293
1.63231
1.65736
1.67885
1.69726
1.71268
1.72573
1.74165
1.69824
1.73011
1.75704
1.77936
1.79939
1.81805
1.83574
1.85247
1.86734
1.88305
1.88421
1.90138
1.91844
1.93509
1.95117
1.96588
1.97976
1.99421
2.00942
2.02672
2.06757
2.07745
2.0906
2.10157
2.11098
2.12062
2.1312
2.14136
2.15063
2.1763
2.28532
2.27961
2.26666
2.25241
2.2461
2.25178
2.26991
2.29844
2.3322
2.36852
2.58815
2.45221
2.37268
2.3301
2.31276
2.31676
2.34418
2.40204
2.50968
2.6881
1.01204
1.00574
0.998013
0.986904
0.973342
0.960706
0.950328
0.942345
0.936667
0.933393
0.933114
0.936017
0.941306
0.948705
0.958284
0.970136
0.983713
0.996652
1.00565
1.01319
0.92109
0.927011
0.935088
0.941228
0.944307
0.94381
0.940745
0.93678
0.933235
0.931011
0.930954
0.933284
0.937099
0.94159
0.945725
0.947995
0.946939
0.942315
0.935268
0.927438
0.914306
0.91668
0.919953
0.922735
0.925199
0.927406
0.92861
0.928498
0.927609
0.92687
0.927171
0.928673
0.930524
0.931805
0.93177
0.930332
0.928195
0.92585
0.922879
0.919866
0.909472
0.91056
0.912484
0.914833
0.916721
0.918141
0.919388
0.920422
0.921078
0.921535
0.92219
0.923034
0.923582
0.923526
0.922945
0.922058
0.920754
0.918804
0.916711
0.915238
0.904387
0.905021
0.906157
0.907929
0.909792
0.911412
0.912698
0.91381
0.914859
0.91585
0.916755
0.917395
0.917629
0.917497
0.917018
0.916089
0.914695
0.91311
0.911789
0.910991
0.899385
0.899823
0.90062
0.901941
0.903487
0.905082
0.906602
0.907956
0.90919
0.910388
0.911483
0.912228
0.912524
0.91238
0.911787
0.910843
0.909732
0.90862
0.907736
0.907206
0.894453
0.89478
0.8954
0.89649
0.897815
0.899253
0.900783
0.902326
0.903813
0.905247
0.906564
0.907483
0.907852
0.90772
0.907212
0.906498
0.905706
0.904891
0.904252
0.903864
0.889564
0.889817
0.890319
0.891254
0.892462
0.893816
0.8953
0.89691
0.898603
0.900322
0.901923
0.903051
0.903569
0.90361
0.903339
0.902881
0.902315
0.901737
0.901282
0.900987
0.884641
0.884841
0.885261
0.88609
0.887227
0.888544
0.890026
0.891698
0.893555
0.895552
0.897489
0.898927
0.899722
0.900041
0.900039
0.899829
0.899488
0.899114
0.898804
0.898572
0.879596
0.879756
0.880118
0.880878
0.881977
0.883287
0.884814
0.886591
0.888634
0.890928
0.893265
0.895122
0.896294
0.896948
0.897237
0.897287
0.897182
0.896999
0.896808
0.896623
0.874334
0.874463
0.874784
0.875504
0.876595
0.877943
0.879557
0.881487
0.883775
0.886434
0.889259
0.891632
0.893256
0.8943
0.894922
0.895256
0.895389
0.895394
0.895309
0.89516
0.86876
0.868862
0.869157
0.869862
0.870982
0.872413
0.874159
0.8763
0.878908
0.882026
0.88545
0.888443
0.890602
0.892097
0.893101
0.893747
0.894149
0.894341
0.894346
0.894224
0.862766
0.862847
0.863126
0.863842
0.865026
0.866582
0.868519
0.870942
0.873958
0.877647
0.881801
0.885539
0.888334
0.890359
0.891801
0.892824
0.893509
0.893887
0.893977
0.893875
0.856233
0.856294
0.856568
0.857317
0.858603
0.860333
0.862526
0.865314
0.868843
0.873236
0.878276
0.88291
0.886463
0.889115
0.891065
0.892507
0.893518
0.894103
0.894274
0.894188
0.849021
0.849058
0.849336
0.850142
0.851568
0.853528
0.856053
0.859305
0.863472
0.868726
0.874839
0.880547
0.885002
0.888396
0.890949
0.892875
0.894263
0.895071
0.895323
0.895248
0.840952
0.84097
0.841253
0.842139
0.843748
0.846004
0.848949
0.852782
0.857739
0.864045
0.871454
0.878446
0.883969
0.888237
0.891508
0.894018
0.895834
0.896884
0.897215
0.897146
0.831773
0.83178
0.832089
0.83308
0.834929
0.837559
0.841033
0.84559
0.851523
0.859115
0.868084
0.876603
0.883391
0.888688
0.892804
0.896009
0.898319
0.899633
0.900041
0.899975
0.821217
0.821197
0.821546
0.822687
0.824836
0.827941
0.832081
0.837543
0.844685
0.853847
0.864693
0.87502
0.883294
0.889803
0.894915
0.898921
0.901803
0.903401
0.90388
0.903811
0.808895
0.808855
0.809255
0.810587
0.813117
0.816829
0.821816
0.828417
0.837063
0.848149
0.861245
0.873701
0.883704
0.891622
0.897901
0.902829
0.906353
0.908242
0.908783
0.908703
0.794288
0.794226
0.794708
0.796294
0.799316
0.803815
0.809891
0.817949
0.828483
0.841929
0.857716
0.872657
0.88465
0.894176
0.901805
0.907779
0.911998
0.91417
0.914751
0.914654
0.776672
0.776587
0.777199
0.779143
0.782823
0.78837
0.795883
0.805833
0.818767
0.835119
0.854106
0.871914
0.886157
0.897502
0.906621
0.913764
0.918712
0.921124
0.921712
0.92159
0.755004
0.754902
0.755726
0.758194
0.762802
0.7698
0.779274
0.791744
0.807765
0.827696
0.850445
0.871507
0.888254
0.9016
0.912347
0.920748
0.926385
0.928951
0.929499
0.929345
0.727701
0.7276
0.728781
0.732063
0.738092
0.747211
0.759479
0.77539
0.795404
0.819713
0.846824
0.871499
0.890964
0.906458
0.918939
0.928609
0.934803
0.937381
0.937836
0.937647
0.692192
0.69215
0.693983
0.698679
0.707098
0.719579
0.735976
0.756631
0.781769
0.811337
0.843395
0.87199
0.894321
0.912055
0.926305
0.937143
0.943634
0.946034
0.946343
0.946124
0.643913
0.644114
0.647395
0.655086
0.667981
0.686018
0.708581
0.735661
0.767181
0.802865
0.840372
0.873112
0.898377
0.918336
0.934312
0.946065
0.95244
0.95444
0.954575
0.95434
0.574305
0.575837
0.583865
0.598498
0.619695
0.646617
0.677895
0.713161
0.752209
0.794697
0.837985
0.874967
0.903163
0.925226
0.942669
0.954864
0.960646
0.962071
0.962053
0.961834
0.49108
0.494024
0.509709
0.535093
0.567711
0.60508
0.645752
0.689595
0.73653
0.786314
0.83606
0.878056
0.909904
0.934641
0.95351
0.965499
0.970385
0.971317
0.971251
0.971122
0.405578
0.413245
0.436872
0.472984
0.516601
0.564215
0.614271
0.66671
0.721531
0.778553
0.834679
0.881593
0.916967
0.944308
0.964447
0.975664
0.979139
0.979526
0.979433
0.979359
0.335292
0.345208
0.373843
0.417547
0.46976
0.526009
0.58449
0.644953
0.707242
0.771093
0.833132
0.8845
0.922969
0.952382
0.973032
0.983273
0.98591
0.986119
0.98604
0.985995
0.277452
0.288147
0.320609
0.36992
0.42861
0.491718
0.557221
0.62467
0.693673
0.763773
0.831246
0.886695
0.92797
0.959109
0.980043
0.98946
0.991535
0.99165
0.991585
0.991555
0.228788
0.239874
0.274985
0.328651
0.39259
0.46135
0.532731
0.606168
0.681081
0.756805
0.829235
0.888414
0.932261
0.964949
0.986021
0.994685
0.99637
0.996428
0.996372
0.996351
0.186891
0.198153
0.235233
0.292378
0.360679
0.434259
0.510731
0.589416
0.669587
0.750387
0.827327
0.889893
0.936056
0.970078
0.991153
0.999181
1.0006
1.00061
1.00056
1.00054
0.150044
0.161368
0.199981
0.26
0.332004
0.409757
0.490727
0.574128
0.659091
0.744548
0.825622
0.891246
0.939454
0.974576
0.995569
1.00307
1.00429
1.00426
1.00419
1.00417
0.116988
0.12833
0.168151
0.23064
0.305858
0.38728
0.472266
0.559967
0.649367
0.739193
0.824113
0.892506
0.942475
0.978485
0.999309
1.00636
1.00744
1.00737
1.00729
1.00726
0.0866908
0.0980652
0.138949
0.203622
0.281694
0.366377
0.454981
0.54663
0.640194
0.734186
0.822774
0.893706
0.945185
0.981849
1.00239
1.00905
1.01002
1.00993
1.00984
1.0098
0.0585637
0.0699766
0.111804
0.17844
0.259063
0.346682
0.438582
0.533881
0.631379
0.729409
0.821595
0.894932
0.947681
0.984716
1.00485
1.01113
1.01203
1.01194
1.01186
1.01181
0.0321087
0.0435709
0.0862715
0.154695
0.237626
0.327908
0.422832
0.521529
0.622774
0.72477
0.820591
0.896303
0.950121
0.98724
1.00679
1.01269
1.01354
1.0135
1.01344
1.0134
0.00692122
0.0185176
0.0620291
0.132103
0.217132
0.309834
0.407545
0.509422
0.614245
0.720181
0.819777
0.897961
0.952715
0.989625
1.00839
1.01389
1.01472
1.01475
1.01476
1.01474
-0.0171535
-0.00540608
0.0388747
0.110457
0.197399
0.292311
0.392585
0.497434
0.605678
0.715531
0.81913
0.900064
0.955729
0.992139
1.0099
1.01494
1.01578
1.01591
1.016
1.016
-0.0403322
-0.028384
0.0166306
0.0896275
0.178304
0.275223
0.37785
0.485468
0.596976
0.710714
0.818575
0.902721
0.959477
0.99512
1.01156
1.01604
1.01691
1.01717
1.01731
1.01733
-0.0626354
-0.0505054
-0.00479046
0.0695331
0.159772
0.258501
0.363281
0.47346
0.588057
0.705611
0.817989
0.905973
0.964284
0.999008
1.01363
1.01724
1.01816
1.0186
1.01879
1.0188
-0.0841978
-0.0718361
-0.0254095
0.0501257
0.14175
0.242105
0.348834
0.461369
0.578862
0.700121
0.817211
0.909755
0.970434
1.0044
1.01657
1.01855
1.01925
1.02005
1.02054
1.02059
-0.104894
-0.0923935
-0.0452677
0.0313606
0.124223
0.226039
0.3345
0.449173
0.569351
0.694166
0.816064
0.913893
0.978083
1.01198
1.02129
1.02054
1.02013
1.02137
1.02296
1.02356
-0.124906
-0.112189
-0.0643857
0.0132091
0.107168
0.210282
0.320301
0.436871
0.559504
0.687689
0.814371
0.918112
0.987161
1.02239
1.02931
1.0251
1.02232
1.02361
1.02717
1.02939
-0.144125
-0.131189
-0.0827918
-0.00432225
0.0906224
0.194871
0.306264
0.424513
0.549334
0.680621
0.811973
0.922069
0.997353
1.03581
1.04191
1.03468
1.02895
1.02936
1.0348
1.04009
-0.162647
-0.149497
-0.100464
-0.0212088
0.0745859
0.179832
0.292431
0.412122
0.538868
0.672975
0.808735
0.92536
1.00811
1.05178
1.05915
1.05054
1.04204
1.03892
1.0384
1.03478
-0.180399
-0.167099
-0.1175
-0.0376315
0.0588293
0.164886
0.278479
0.39932
0.527709
0.664334
0.804279
0.927648
1.01933
1.07053
1.08133
1.0731
1.06227
1.05119
1.0392
1.04076
-0.197386
-0.184098
-0.133933
-0.0535502
0.0433436
0.150049
0.264411
0.386052
0.51577
0.654481
0.798231
0.928093
1.02977
1.09097
1.10646
1.09944
1.08484
1.07013
1.03331
0.997201
-0.213438
-0.200366
-0.149762
-0.068843
0.0281052
0.135291
0.250196
0.372415
0.503057
0.643343
0.790279
0.925877
1.03736
1.11087
1.13183
1.12206
1.10172
1.06738
1.01353
0.962485
-0.231258
-0.214828
-0.164801
-0.0830443
0.0133912
0.12085
0.23544
0.358425
0.489618
0.630959
0.780194
0.920285
1.03954
1.1282
1.15584
1.1394
1.09431
1.03181
0.961177
0.902036
-0.219303
-0.194089
-0.13922
-0.0535627
0.0501514
0.160889
0.281584
0.408668
0.544881
0.693728
0.842246
0.974695
1.08687
1.16542
1.15876
1.06924
1.0006
0.926429
0.855797
0.811134
-0.232381
-0.224338
-0.18219
-0.106038
-0.00939393
0.0972972
0.212482
0.335611
0.467068
0.60895
0.75958
0.903203
1.0265
1.12098
1.16035
1.11056
0.982663
0.892403
0.825843
0.749856
-0.25256
-0.241735
-0.196007
-0.1184
-0.0211064
0.0851555
0.199443
0.321862
0.452897
0.594339
0.744928
0.889221
1.01087
1.09236
1.0976
0.980734
0.835937
0.741043
0.668736
0.590285
-0.27464
-0.262669
-0.213801
-0.135238
-0.037959
0.0686029
0.183138
0.305606
0.436202
0.576931
0.725863
0.867094
0.979134
1.04377
1.00443
0.843819
0.691316
0.582454
0.496564
0.38609
-0.296115
-0.284153
-0.233672
-0.153976
-0.0566777
0.0500503
0.164596
0.286716
0.416538
0.555886
0.701985
0.837671
0.938807
0.97704
0.889698
0.699963
0.52759
0.392263
0.282266
0.138932
-0.317286
-0.305418
-0.253957
-0.173264
-0.0756581
0.0310918
0.145315
0.266721
0.39539
0.532743
0.675029
0.803611
0.894356
0.890825
0.753706
0.55264
0.356133
0.184365
0.0388796
-0.204916
-0.338608
-0.326937
-0.274933
-0.193613
-0.0957378
0.0110298
0.124864
0.245452
0.372715
0.507575
0.645217
0.764044
0.839754
0.804171
0.620025
0.411444
0.202335
0.0213578
-0.147296
-0.396443
-0.36065
-0.349167
-0.296984
-0.215327
-0.117301
-0.0105616
0.102868
0.222584
0.348246
0.480174
0.612502
0.719782
0.777154
0.710168
0.497706
0.284129
0.0792292
-0.0928172
-0.178895
-0.226159
-0.384109
-0.372749
-0.320461
-0.238701
-0.140757
-0.0342622
0.0785499
0.19708
0.320672
0.448909
0.57476
0.671077
0.702625
0.590041
0.381603
0.172093
-0.0104802
-0.124879
-0.159882
-0.165447
-0.409177
-0.397873
-0.345481
-0.263739
-0.16605
-0.0600394
0.0518651
0.168846
0.289844
0.413602
0.531729
0.617494
0.613472
0.47268
0.271374
0.0772481
-0.0755705
-0.129629
-0.138399
-0.140676
-0.435998
-0.424678
-0.372113
-0.290462
-0.193186
-0.08791
0.0227849
0.137807
0.255688
0.374254
0.483595
0.556393
0.526647
0.361229
0.1729
-0.00667129
-0.105343
-0.127813
-0.128094
-0.128268
-0.464459
-0.453089
-0.400335
-0.318854
-0.222147
-0.117851
-0.00870716
0.103942
0.218201
0.330868
0.430823
0.487764
0.446113
0.260813
0.0863622
-0.0650537
-0.118262
-0.120096
-0.120795
-0.120735
-0.494204
-0.482819
-0.429943
-0.348768
-0.252821
-0.149779
-0.0425437
0.0672948
0.177432
0.283716
0.373736
0.416864
0.355162
0.173276
0.0117774
-0.093886
-0.116788
-0.11627
-0.115844
-0.115538
-0.524798
-0.513421
-0.460555
-0.379869
-0.284925
-0.183459
-0.0785076
0.0280583
0.133584
0.233318
0.312757
0.342655
0.259253
0.0969336
-0.0457217
-0.0990769
-0.110662
-0.111667
-0.112165
-0.112042
-0.555485
-0.544214
-0.491566
-0.411604
-0.317992
-0.218481
-0.116241
-0.0134003
0.0870222
0.180137
0.249963
0.262359
0.174391
0.0350651
-0.0780278
-0.117324
-0.111398
-0.110351
-0.109849
-0.109661
-0.585196
-0.574135
-0.522041
-0.44318
-0.351328
-0.254228
-0.155163
-0.0564826
0.0384142
0.124627
0.187794
0.18692
0.0994015
-0.0155528
-0.0921967
-0.109828
-0.109183
-0.107972
-0.107566
-0.107407
-0.612137
-0.601569
-0.550667
-0.473488
-0.383971
-0.289844
-0.194489
-0.100392
-0.0112746
0.0677965
0.125798
0.120116
0.0361707
-0.0525945
-0.105618
-0.107757
-0.107184
-0.106338
-0.105871
-0.105715
-0.634784
-0.624941
-0.575854
-0.50107
-0.414663
-0.324211
-0.233184
-0.144136
-0.0608991
0.0112193
0.0628432
0.0609632
-0.011579
-0.0749533
-0.108161
-0.112908
-0.107018
-0.105222
-0.104743
-0.104565
-0.650609
-0.641686
-0.595475
-0.52417
-0.441895
-0.355986
-0.269993
-0.186505
-0.109321
-0.0435179
0.00277476
0.00661056
-0.04541
-0.0842224
-0.0989179
-0.101882
-0.104151
-0.10444
-0.10439
-0.104313
-0.657537
-0.649452
-0.607229
-0.540874
-0.463969
-0.383668
-0.30352
-0.226092
-0.155236
-0.0952908
-0.050753
-0.0441735
-0.0727658
-0.0900533
-0.102135
-0.102167
-0.104438
-0.10516
-0.105356
-0.105378
-0.65156
-0.644884
-0.609395
-0.549292
-0.479168
-0.405771
-0.332359
-0.261451
-0.196985
-0.143329
-0.0986814
-0.0864162
-0.0999801
-0.10055
-0.10898
-0.108342
-0.108196
-0.108168
-0.108314
-0.108345
-0.631344
-0.626741
-0.599331
-0.54793
-0.486237
-0.421046
-0.355313
-0.291352
-0.232943
-0.185737
-0.146883
-0.125001
-0.115961
-0.103239
-0.117126
-0.116054
-0.114187
-0.113782
-0.113963
-0.114006
-0.597724
-0.594508
-0.576205
-0.536132
-0.484651
-0.428905
-0.371647
-0.314956
-0.262294
-0.220239
-0.193609
-0.157429
-0.132776
-0.124329
-0.129006
-0.129407
-0.12551
-0.123345
-0.123477
-0.123657
-0.555853
-0.553845
-0.543686
-0.516262
-0.475824
-0.429976
-0.381339
-0.331847
-0.284693
-0.24623
-0.220591
-0.192583
-0.153644
-0.130068
-0.122102
-0.119592
-0.130057
-0.140045
-0.143502
-0.143783
-0.514555
-0.513375
-0.508541
-0.492775
-0.463437
-0.426222
-0.385349
-0.342189
-0.299471
-0.262149
-0.235628
-0.211631
-0.185382
-0.163814
-0.144211
-0.146695
-0.165458
-0.177678
-0.18075
-0.18233
-0.482111
-0.481454
-0.478967
-0.470246
-0.45019
-0.420721
-0.385615
-0.346919
-0.306584
-0.268299
-0.240274
-0.216368
-0.231303
-0.264603
-0.335313
-0.383778
-0.404531
-0.391019
-0.343423
-0.314882
-0.459363
-0.458706
-0.457415
-0.453892
-0.4405
-0.416518
-0.384685
-0.347889
-0.307327
-0.265489
-0.231403
-0.205639
-0.215772
-0.240533
-0.307324
-0.35358
-0.361593
-0.346813
-0.311415
-0.282299
-0.444066
-0.443848
-0.443344
-0.441512
-0.434234
-0.414505
-0.384256
-0.346798
-0.303672
-0.25611
-0.213105
-0.1749
-0.128914
-0.0904857
-0.0910537
-0.101872
-0.0898089
-0.0682749
-0.0403646
-0.017783
-0.434296
-0.434259
-0.433939
-0.43338
-0.429884
-0.41397
-0.384243
-0.34462
-0.297693
-0.242653
-0.183309
-0.124956
-0.0270794
0.092671
0.20302
0.282199
0.343221
0.394935
0.434342
0.458877
-0.427728
-0.427706
-0.427492
-0.427302
-0.425661
-0.414218
-0.385232
-0.342961
-0.291126
-0.227866
-0.152048
-0.0740709
0.0542587
0.251284
0.478457
0.685033
0.842177
0.941745
0.99706
1.02159
-0.422887
-0.422893
-0.422835
-0.42269
-0.422202
-0.415028
-0.387554
-0.342599
-0.285578
-0.215474
-0.127765
-0.0357033
0.104407
0.348778
0.653748
0.945848
1.19017
1.34555
1.41748
1.44065
-0.418838
-0.418869
-0.418865
-0.418788
-0.418815
-0.414765
-0.390586
-0.344358
-0.283234
-0.207815
-0.113915
-0.0116318
0.124077
0.370839
0.684195
0.995722
1.2648
1.44313
1.52406
1.54814
-0.415473
-0.415481
-0.415403
-0.415148
-0.415053
-0.413503
-0.393803
-0.348292
-0.284541
-0.206257
-0.111156
-0.00789563
0.111491
0.332787
0.614417
0.889909
1.12938
1.29318
1.37007
1.39403
-0.412782
-0.412797
-0.412861
-0.413029
-0.413376
-0.412294
-0.397395
-0.353723
-0.289564
-0.211219
-0.119124
-0.0226459
0.0753817
0.258653
0.498277
0.719114
0.904322
1.03659
1.10161
1.12231
-0.409738
-0.409831
-0.409995
-0.410319
-0.410634
-0.41093
-0.40029
-0.359533
-0.297557
-0.221901
-0.136041
-0.0496828
0.0286215
0.16753
0.360997
0.534829
0.673091
0.771577
0.820434
0.835973
-0.40671
-0.406858
-0.407064
-0.407382
-0.40775
-0.408697
-0.401307
-0.36484
-0.307155
-0.236606
-0.158338
-0.0823865
-0.0200864
0.0815453
0.230638
0.362689
0.46497
0.537449
0.572132
0.58216
-0.403803
-0.403967
-0.404136
-0.404305
-0.404533
-0.405375
-0.40031
-0.368846
-0.317364
-0.253539
-0.182626
-0.117298
-0.067741
0.005378
0.118746
0.217052
0.290549
0.341886
0.365999
0.372556
-0.401744
-0.40186
-0.401766
-0.401215
-0.400059
-0.399293
-0.395945
-0.371903
-0.327865
-0.270281
-0.206858
-0.151187
-0.111019
-0.0575107
0.0264635
0.0988655
0.150899
0.186433
0.202481
0.205959
-0.402497
-0.402495
-0.402074
-0.400606
-0.39736
-0.393484
-0.391989
-0.376236
-0.338636
-0.285423
-0.229411
-0.182172
-0.148967
-0.107616
-0.0446696
0.00629404
0.0420492
0.0656511
0.0754559
0.0778037
-0.407032
-0.407005
-0.406814
-0.40627
-0.405008
-0.403073
-0.401018
-0.387158
-0.350104
-0.298847
-0.250433
-0.210064
-0.180004
-0.148658
-0.101549
-0.063661
-0.0388656
-0.0231979
-0.0166612
-0.015029
-0.412226
-0.412468
-0.413362
-0.416716
-0.42383
-0.430345
-0.428205
-0.407295
-0.361399
-0.311566
-0.270372
-0.232189
-0.205084
-0.180062
-0.143502
-0.115021
-0.0960788
-0.0839008
-0.0788541
-0.0778006
-0.4126
-0.413227
-0.41511
-0.422404
-0.438943
-0.456289
-0.452363
-0.41939
-0.36827
-0.324781
-0.286301
-0.249159
-0.225648
-0.205879
-0.173614
-0.148751
-0.132224
-0.121781
-0.117236
-0.116376
-0.409258
-0.409864
-0.411357
-0.415829
-0.423328
-0.434629
-0.432422
-0.405077
-0.366599
-0.333624
-0.294856
-0.260443
-0.240672
-0.22395
-0.195221
-0.171685
-0.154684
-0.143463
-0.138651
-0.137955
-0.409871
-0.410136
-0.410443
-0.405815
-0.383211
-0.354528
-0.352602
-0.359897
-0.3567
-0.333842
-0.296651
-0.266708
-0.251283
-0.234187
-0.205794
-0.183243
-0.166659
-0.155479
-0.150745
-0.150199
-0.417623
-0.417283
-0.415773
-0.403967
-0.365661
-0.319369
-0.315618
-0.343137
-0.35618
-0.332295
-0.294484
-0.268855
-0.254419
-0.237826
-0.210192
-0.187793
-0.171636
-0.161161
-0.156849
-0.1564
-0.442858
-0.440452
-0.439109
-0.439265
-0.431465
-0.409806
-0.393617
-0.399823
-0.383461
-0.338505
-0.292144
-0.265974
-0.250977
-0.232078
-0.2057
-0.185144
-0.170106
-0.160701
-0.156788
-0.156362
-0.51437
-0.512402
-0.526632
-0.555934
-0.579089
-0.571936
-0.542819
-0.494705
-0.421488
-0.34291
-0.286316
-0.257518
-0.237932
-0.217215
-0.192177
-0.172739
-0.159003
-0.150764
-0.147407
-0.146973
-0.600008
-0.602234
-0.623763
-0.656538
-0.676408
-0.671948
-0.634313
-0.557224
-0.44019
-0.335858
-0.273374
-0.237712
-0.213412
-0.193579
-0.170664
-0.151663
-0.138093
-0.129963
-0.126507
-0.126173
-0.623209
-0.627567
-0.644992
-0.666739
-0.681935
-0.677972
-0.638542
-0.542725
-0.409426
-0.308514
-0.244302
-0.202755
-0.180724
-0.162907
-0.140361
-0.121955
-0.108461
-0.100023
-0.0964682
-0.0964166
-0.551264
-0.555444
-0.568429
-0.585928
-0.601191
-0.599998
-0.562295
-0.459167
-0.337337
-0.252898
-0.192191
-0.156082
-0.141228
-0.125482
-0.104118
-0.0873459
-0.0744343
-0.0660966
-0.062918
-0.0633115
-0.390109
-0.396522
-0.412456
-0.433653
-0.451103
-0.448388
-0.410714
-0.321852
-0.237543
-0.172667
-0.124599
-0.103713
-0.094441
-0.082327
-0.0661339
-0.0534426
-0.0425946
-0.0354314
-0.0333368
-0.0341368
0.00319609
-0.0234776
-0.0665336
-0.0850549
-0.0845052
-0.0749916
-0.0583879
-0.0441685
-0.0309851
-0.0224027
-0.0190001
-0.0130804
-0.0148612
-0.00894106
-0.00877904
-0.00889215
-0.00896292
-0.0083896
-0.00660518
-0.0123923
-0.387086
0.0207034
0.345477
0.555638
0.706191
0.817867
0.901626
0.968295
1.04355
1.09497
0.281927
0.437744
0.574079
0.695698
0.796103
0.876476
0.940678
0.990987
1.01816
1.02462
0.543153
0.628942
0.7219
0.805158
0.875638
0.9342
0.981213
1.01625
1.04046
1.05957
0.70945
0.771643
0.836034
0.896027
0.947858
0.991642
1.02777
1.05727
1.08109
1.10004
0.838879
0.885393
0.932489
0.977222
1.01717
1.05209
1.08235
1.10846
1.12991
1.14753
0.944476
0.982626
1.0188
1.0542
1.08732
1.11734
1.14413
1.16751
1.18652
1.20247
1.03718
1.0679
1.10015
1.13164
1.16153
1.18912
1.21392
1.23539
1.25233
1.26676
1.12285
1.15212
1.18337
1.21415
1.24339
1.27029
1.2942
1.3144
1.32967
1.34286
1.20988
1.24171
1.27529
1.30751
1.33755
1.36459
1.38801
1.4072
1.4212
1.43352
1.30966
1.3459
1.38339
1.41761
1.44835
1.47507
1.49748
1.51543
1.52865
1.54105
1.43447
1.47366
1.51321
1.54713
1.57633
1.60114
1.62187
1.6388
1.65214
1.66551
1.59352
1.62866
1.66382
1.69238
1.71647
1.73772
1.75686
1.77406
1.78895
1.80336
1.78109
1.80321
1.82676
1.84662
1.8649
1.88224
1.89873
1.9151
1.93127
1.94683
1.97337
1.98149
1.99526
2.01008
2.02452
2.03746
2.04909
2.0603
2.072
2.08809
2.1688
2.16873
2.17875
2.18222
2.18321
2.1876
2.19808
2.21298
2.2273
2.24171
2.4659
2.41039
2.35589
2.31625
2.29399
2.28983
2.30336
2.33716
2.39502
2.47536
1.13413
1.08164
1.03876
1.00576
0.98203
0.964929
0.952518
0.943556
0.937393
0.933883
0.933561
0.936585
0.942198
0.950284
0.961275
0.976132
0.996474
1.02466
1.0627
1.11206
0.945217
0.954169
0.960933
0.961187
0.956498
0.94974
0.943037
0.93747
0.933597
0.931971
0.933262
0.937018
0.942483
0.949201
0.956476
0.962797
0.965564
0.962125
0.953049
0.946734
0.917861
0.920065
0.924931
0.929083
0.93264
0.934694
0.934546
0.932798
0.930632
0.929137
0.92925
0.931174
0.933995
0.936735
0.938269
0.937638
0.934918
0.931213
0.926828
0.922172
0.912621
0.913579
0.916084
0.918551
0.920452
0.922123
0.923536
0.924288
0.924363
0.924299
0.924787
0.925911
0.926973
0.927329
0.926745
0.925554
0.924091
0.922134
0.919663
0.917562
0.907238
0.907717
0.909173
0.911267
0.913205
0.9147
0.915887
0.91696
0.917892
0.918688
0.919482
0.920167
0.920465
0.920319
0.919837
0.918995
0.917614
0.91578
0.9141
0.913046
0.902097
0.902395
0.903326
0.904833
0.90654
0.908193
0.909624
0.910842
0.911972
0.913076
0.914077
0.914749
0.915004
0.91488
0.914337
0.913354
0.912071
0.910746
0.909683
0.909046
0.897071
0.897283
0.89798
0.899171
0.90059
0.902103
0.903651
0.90512
0.906479
0.907784
0.908982
0.909812
0.910142
0.909988
0.909408
0.908565
0.907628
0.906677
0.905927
0.905477
0.892129
0.89229
0.892845
0.893851
0.895109
0.896501
0.898007
0.899591
0.901189
0.902763
0.904216
0.90523
0.905656
0.905594
0.905197
0.904612
0.903937
0.903245
0.902704
0.902366
0.887206
0.887332
0.887789
0.888664
0.889834
0.89117
0.892649
0.894286
0.896061
0.897918
0.899681
0.900949
0.901589
0.901763
0.901626
0.90129
0.900834
0.90036
0.899981
0.89972
0.882212
0.882314
0.882702
0.883491
0.884606
0.88592
0.887422
0.88914
0.891083
0.893222
0.89535
0.896984
0.897956
0.898438
0.898579
0.898495
0.898272
0.897992
0.897744
0.897537
0.877054
0.877137
0.877476
0.87821
0.879302
0.880631
0.8822
0.884046
0.886202
0.888667
0.891236
0.893338
0.894725
0.895569
0.896021
0.896206
0.896222
0.89613
0.895993
0.895827
0.871634
0.871702
0.872007
0.872714
0.873816
0.875208
0.876885
0.878911
0.881348
0.884223
0.887333
0.89
0.891879
0.893143
0.893952
0.894434
0.894695
0.894794
0.894755
0.894621
0.865852
0.865908
0.866192
0.866896
0.868045
0.869542
0.87138
0.873651
0.87645
0.879837
0.883609
0.886955
0.889417
0.891169
0.892387
0.893215
0.893749
0.894032
0.894081
0.89397
0.859594
0.859641
0.859915
0.860639
0.86187
0.863518
0.865579
0.868172
0.871428
0.87545
0.880026
0.88419
0.887346
0.889675
0.891366
0.892592
0.893423
0.893903
0.894035
0.893942
0.85273
0.852767
0.85304
0.853806
0.855158
0.85701
0.859364
0.862369
0.866198
0.870998
0.87655
0.881694
0.885678
0.88869
0.890935
0.892604
0.893788
0.894484
0.894696
0.894617
0.845104
0.845132
0.84541
0.846238
0.847751
0.849868
0.852597
0.856121
0.86066
0.866412
0.873144
0.879463
0.884429
0.888246
0.891151
0.893347
0.894934
0.895862
0.896155
0.896084
0.836517
0.836543
0.836818
0.837731
0.839458
0.841913
0.845114
0.849285
0.854702
0.861618
0.869771
0.877492
0.88362
0.888386
0.892073
0.894899
0.89695
0.898132
0.898503
0.898437
0.826669
0.826686
0.827016
0.828032
0.830034
0.832919
0.836712
0.841691
0.848194
0.85653
0.866395
0.87578
0.88328
0.889163
0.893767
0.897337
0.899923
0.901381
0.901827
0.901761
0.815279
0.815287
0.815643
0.816827
0.819175
0.822602
0.827143
0.833136
0.840985
0.851059
0.86298
0.874328
0.883433
0.890627
0.896306
0.900735
0.903933
0.90568
0.906194
0.906121
0.801895
0.801895
0.802298
0.803687
0.806474
0.810598
0.816096
0.823375
0.832907
0.845111
0.859493
0.873147
0.884106
0.89281
0.899744
0.905159
0.909028
0.911067
0.911633
0.911547
0.785906
0.785899
0.786371
0.788037
0.791407
0.796446
0.803191
0.812124
0.823781
0.838603
0.855922
0.872251
0.88533
0.89575
0.904106
0.910623
0.915214
0.917521
0.918113
0.918005
0.766455
0.766441
0.767017
0.769082
0.77326
0.779541
0.787954
0.799063
0.813438
0.831485
0.85228
0.871671
0.88713
0.899466
0.909375
0.917115
0.922427
0.924938
0.925516
0.925379
0.742279
0.742258
0.743001
0.745684
0.751048
0.759092
0.769827
0.783872
0.801757
0.823769
0.848624
0.871455
0.889529
0.903952
0.915543
0.924554
0.930506
0.93311
0.933622
0.93345
0.711397
0.711371
0.712413
0.71613
0.723413
0.734117
0.748232
0.766318
0.788736
0.815561
0.845076
0.871683
0.892558
0.909188
0.922533
0.93278
0.939184
0.941711
0.942102
0.941896
0.670447
0.670434
0.672156
0.677888
0.68856
0.703605
0.72277
0.746402
0.774569
0.807092
0.841821
0.872473
0.896257
0.915139
0.930249
0.941546
0.948083
0.950323
0.950548
0.950315
0.61307
0.613295
0.617263
0.627717
0.644837
0.667018
0.693588
0.72455
0.759706
0.79872
0.83909
0.873957
0.900681
0.921755
0.938492
0.95052
0.956734
0.958486
0.958537
0.958293
0.531227
0.533789
0.545556
0.566039
0.593757
0.625995
0.661981
0.701549
0.744518
0.790588
0.836982
0.87635
0.906242
0.929706
0.947918
0.960189
0.965699
0.966899
0.966808
0.966586
0.444438
0.450537
0.471539
0.502886
0.541911
0.584539
0.629921
0.678075
0.728968
0.782403
0.835392
0.879921
0.913606
0.939802
0.959476
0.971278
0.975508
0.97609
0.975941
0.975795
0.368117
0.375362
0.403204
0.443881
0.492606
0.544762
0.599176
0.65573
0.714355
0.774847
0.833987
0.883185
0.920173
0.948689
0.969156
0.979944
0.982981
0.983241
0.983108
0.983007
0.305198
0.313052
0.345402
0.392605
0.448581
0.508429
0.570569
0.634651
0.700394
0.767441
0.832254
0.885712
0.925636
0.956001
0.97683
0.986712
0.989056
0.989183
0.989066
0.988988
0.252696
0.260935
0.296277
0.348438
0.410112
0.476149
0.544692
0.615236
0.687281
0.760262
0.83027
0.887629
0.930238
0.962234
0.983277
0.992351
0.994214
0.994266
0.994161
0.994093
0.208032
0.216475
0.253866
0.309878
0.376257
0.447502
0.521497
0.597629
0.675235
0.753552
0.828286
0.889203
0.934254
0.967692
0.988803
0.997165
0.998699
0.998702
0.998602
0.99854
0.169149
0.177701
0.216585
0.275719
0.34605
0.421776
0.500551
0.581648
0.664258
0.747427
0.826473
0.890607
0.937838
0.972489
0.993555
1.00133
1.00263
1.00259
1.00249
1.00243
0.134512
0.143151
0.183228
0.244977
0.318709
0.398343
0.481366
0.56696
0.654177
0.741843
0.824867
0.89191
0.941037
0.976676
0.997622
1.0049
1.00603
1.00596
1.00584
1.00577
0.103122
0.111827
0.152886
0.216876
0.293607
0.376696
0.463529
0.55324
0.64475
0.736676
0.823444
0.89313
0.943888
0.980297
1.00102
1.00788
1.00889
1.00878
1.00865
1.00857
0.0741248
0.0828981
0.124841
0.190835
0.270251
0.356433
0.446715
0.54022
0.635774
0.731794
0.822183
0.894328
0.946471
0.983384
1.00377
1.01025
1.01117
1.01105
1.01091
1.01083
0.0470091
0.0558527
0.0986173
0.166417
0.248247
0.337226
0.430663
0.52769
0.627079
0.727095
0.821087
0.895606
0.948915
0.986051
1.00594
1.01204
1.0129
1.01281
1.01269
1.01261
0.021328
0.0302861
0.0738007
0.143281
0.227302
0.31882
0.415162
0.515474
0.618525
0.722493
0.820177
0.897103
0.9514
0.988469
1.00768
1.01338
1.01422
1.01418
1.01412
1.01404
-0.00312989
0.00593284
0.0501557
0.121184
0.207203
0.301036
0.40005
0.503438
0.60999
0.717885
0.819451
0.898965
0.954167
0.990875
1.0092
1.01447
1.0153
1.01536
1.01537
1.01532
-0.026581
-0.0173972
0.0275008
0.0999578
0.1878
0.283737
0.38521
0.491469
0.601367
0.713164
0.818862
0.901333
0.957505
0.993572
1.01074
1.01552
1.01637
1.01654
1.01663
1.0166
-0.0491945
-0.0398743
0.00571665
0.0794991
0.16899
0.266838
0.370564
0.47949
0.592558
0.708212
0.818307
0.904287
0.961743
0.99694
1.01255
1.01667
1.01757
1.01789
1.01802
1.01799
-0.0710328
-0.0615545
-0.0152784
0.0597531
0.150712
0.250283
0.356052
0.467439
0.583505
0.702932
0.817646
0.907819
0.967192
1.00149
1.01497
1.01791
1.01878
1.01936
1.0196
1.01957
-0.0920733
-0.0824457
-0.0354935
0.0406679
0.132936
0.234042
0.341665
0.455291
0.574157
0.697218
0.816705
0.911809
0.974086
1.00789
1.01865
1.01943
1.01972
1.02074
1.02162
1.02179
-0.112346
-0.102589
-0.0549626
0.0222056
0.115646
0.218125
0.327395
0.443042
0.564477
0.691007
0.815304
0.916026
0.982476
1.01683
1.02482
1.02238
1.0209
1.02223
1.0247
1.02588
-0.131898
-0.12198
-0.0737124
0.00436268
0.0988368
0.202548
0.313268
0.430708
0.554463
0.684233
0.81328
0.920161
0.992167
1.02876
1.03503
1.02916
1.02493
1.02598
1.03067
1.03427
-0.15066
-0.140591
-0.0917525
-0.0128534
0.0825384
0.187317
0.299319
0.418319
0.544135
0.676872
0.810468
0.92384
1.00273
1.04356
1.05003
1.04188
1.03469
1.03372
1.03791
1.04253
-0.168729
-0.158506
-0.109079
-0.0294703
0.0666917
0.172389
0.285504
0.405816
0.533429
0.668837
0.806713
0.926698
1.01372
1.06082
1.06965
1.06104
1.05139
1.04459
1.03883
1.03072
-0.186085
-0.175779
-0.125817
-0.0456819
0.0510421
0.15746
0.271457
0.392754
0.521843
0.659567
0.80148
0.928178
1.0248
1.08069
1.09373
1.08609
1.07366
1.05954
1.04503
1.01844
-0.202832
-0.192474
-0.141951
-0.061313
0.0357143
0.142688
0.257347
0.379302
0.509531
0.649097
0.794526
0.927399
1.03413
1.10119
1.1192
1.11213
1.09434
1.07095
1.02505
0.979033
-0.220607
-0.207693
-0.157422
-0.076241
0.0205201
0.127922
0.242895
0.365447
0.49641
0.637277
0.785483
0.923546
1.03934
1.11998
1.14406
1.12481
1.10268
1.05625
0.992742
0.937491
-0.242864
-0.240197
-0.177679
-0.0883674
0.00831286
0.115608
0.228373
0.351803
0.483154
0.624862
0.774852
0.916587
1.0385
1.13673
1.14548
1.12511
1.06978
0.995504
0.921546
0.859068
-0.219298
-0.210405
-0.148255
-0.0598474
0.0432522
0.153945
0.272368
0.399447
0.535663
0.684575
0.833564
0.967048
1.07886
1.15847
1.13073
1.02151
0.930242
0.859276
0.788936
0.666715
-0.25271
-0.22413
-0.160197
-0.0706188
0.0318828
0.142516
0.26068
0.387515
0.523564
0.672313
0.821228
0.954529
1.0572
1.11223
1.05471
0.900418
0.783303
0.704649
0.627447
0.492426
-0.277093
-0.243025
-0.177655
-0.088418
0.013969
0.124631
0.243133
0.369553
0.504874
0.652341
0.799199
0.928462
1.0199
1.04095
0.931705
0.763223
0.631346
0.54006
0.443048
0.26053
-0.299091
-0.263673
-0.196735
-0.107041
-0.00460249
0.106132
0.224459
0.350248
0.484464
0.629903
0.77292
0.894597
0.970848
0.954032
0.793531
0.610664
0.455258
0.33626
0.220691
-0.054415
-0.320445
-0.284426
-0.216423
-0.126078
-0.0235125
0.0871114
0.204904
0.329819
0.462557
0.605273
0.742937
0.853462
0.909577
0.8518
0.653275
0.452677
0.265169
0.1146
-0.0690847
-0.40793
-0.341617
-0.305656
-0.237032
-0.146239
-0.0435234
0.0669043
0.184106
0.307955
0.43883
0.578162
0.709042
0.809439
0.839588
0.723192
0.518668
0.30397
0.107836
-0.0611855
-0.249448
-0.563708
-0.363715
-0.3278
-0.2589
-0.167854
-0.0650655
0.0451479
0.161732
0.284396
0.413091
0.548447
0.671816
0.760207
0.759078
0.601325
0.395428
0.178585
-0.0138896
-0.147811
-0.203174
-0.240337
-0.387151
-0.351298
-0.282311
-0.191244
-0.0885961
0.0211913
0.13692
0.258015
0.383942
0.51431
0.629016
0.700104
0.672893
0.482353
0.277834
0.0775912
-0.0821984
-0.145265
-0.163109
-0.166258
-0.412225
-0.376336
-0.307321
-0.216386
-0.114094
-0.0049781
0.109552
0.228641
0.351195
0.475577
0.580696
0.632144
0.576758
0.370694
0.171434
-0.0073651
-0.117321
-0.135701
-0.140166
-0.140401
-0.439082
-0.403011
-0.333968
-0.243271
-0.141533
-0.0333828
0.0795987
0.196238
0.314779
0.432335
0.526849
0.561119
0.462058
0.268511
0.0782982
-0.0709655
-0.121444
-0.12808
-0.128314
-0.128014
-0.4676
-0.431281
-0.362229
-0.271908
-0.170922
-0.0640186
0.047045
0.160767
0.274716
0.384624
0.468068
0.481552
0.355309
0.175357
0.00166068
-0.106029
-0.12028
-0.120517
-0.120858
-0.120554
-0.49735
-0.460914
-0.39194
-0.302146
-0.202146
-0.0968058
0.0119386
0.12226
0.231151
0.332805
0.405073
0.398967
0.260087
0.0926832
-0.0552036
-0.106608
-0.116943
-0.11602
-0.115694
-0.115381
-0.527967
-0.491476
-0.422742
-0.333685
-0.234956
-0.131529
-0.0255205
0.0809093
0.184357
0.277688
0.337112
0.318184
0.173842
0.0231825
-0.0892302
-0.111729
-0.110966
-0.112094
-0.112126
-0.111946
-0.558538
-0.522353
-0.454037
-0.366016
-0.268912
-0.167796
-0.0649633
0.0370914
0.134685
0.220321
0.265988
0.242776
0.0991513
-0.0266286
-0.106825
-0.112924
-0.110761
-0.11004
-0.109734
-0.109612
-0.588063
-0.55252
-0.484973
-0.398397
-0.303364
-0.205026
-0.105818
-0.0085523
0.082746
0.161355
0.198987
0.163015
0.0377386
-0.0635887
-0.0996425
-0.110273
-0.1084
-0.107716
-0.107473
-0.107354
-0.614995
-0.580534
-0.514348
-0.429801
-0.337404
-0.242394
-0.14731
-0.0551673
0.0296145
0.1012
0.136042
0.0885204
-0.00981211
-0.0891719
-0.111448
-0.107327
-0.106779
-0.106035
-0.105778
-0.105665
-0.637414
-0.604766
-0.540615
-0.458874
-0.369849
-0.278834
-0.188427
-0.101725
-0.0233397
0.0409562
0.0728408
0.0289488
-0.0438018
-0.0995286
-0.115694
-0.109325
-0.105816
-0.104908
-0.104643
-0.104496
-0.653048
-0.622851
-0.56187
-0.483986
-0.39928
-0.313055
-0.227941
-0.147056
-0.074895
-0.0168293
0.0125698
-0.0186083
-0.0647427
-0.0975689
-0.0995873
-0.103463
-0.104397
-0.104419
-0.104358
-0.104261
-0.659596
-0.632332
-0.57602
-0.503344
-0.424118
-0.343621
-0.264455
-0.189768
-0.123916
-0.0702628
-0.0402014
-0.0602884
-0.0797487
-0.0985816
-0.101121
-0.103488
-0.104938
-0.10529
-0.105384
-0.105353
-0.653991
-0.631015
-0.58132
-0.515087
-0.442785
-0.369093
-0.296572
-0.228296
-0.168895
-0.119985
-0.082121
-0.0991913
-0.095867
-0.105385
-0.108364
-0.108308
-0.10812
-0.108249
-0.108347
-0.10832
-0.633266
-0.6165
-0.575741
-0.517895
-0.454007
-0.388261
-0.32309
-0.261294
-0.207862
-0.166124
-0.125778
-0.129064
-0.103198
-0.108595
-0.117085
-0.114954
-0.113798
-0.113877
-0.114011
-0.11397
-0.59935
-0.588014
-0.558357
-0.511288
-0.457121
-0.400481
-0.343196
-0.287965
-0.23959
-0.205224
-0.170668
-0.147029
-0.125635
-0.125836
-0.129894
-0.127488
-0.124008
-0.123293
-0.123621
-0.123614
-0.55718
-0.550354
-0.532196
-0.497076
-0.453368
-0.406014
-0.356648
-0.30783
-0.263931
-0.232597
-0.205187
-0.174999
-0.139233
-0.124645
-0.120306
-0.123383
-0.135927
-0.142475
-0.143812
-0.143655
-0.515507
-0.511778
-0.50233
-0.479506
-0.445546
-0.406311
-0.36399
-0.320663
-0.27976
-0.247994
-0.220867
-0.200215
-0.172967
-0.155359
-0.140675
-0.156981
-0.171124
-0.180591
-0.181161
-0.183166
-0.482673
-0.480632
-0.475826
-0.461598
-0.436464
-0.403507
-0.366704
-0.326875
-0.286903
-0.252618
-0.22734
-0.22049
-0.240159
-0.29859
-0.363057
-0.398282
-0.402291
-0.369826
-0.32295
-0.315391
-0.459117
-0.458127
-0.456297
-0.44865
-0.429621
-0.401441
-0.366981
-0.328009
-0.286389
-0.246494
-0.21787
-0.203242
-0.224165
-0.272717
-0.33605
-0.36192
-0.356208
-0.332177
-0.292459
-0.2794
-0.444002
-0.443613
-0.44286
-0.439087
-0.425891
-0.400532
-0.366177
-0.325935
-0.280382
-0.232586
-0.195934
-0.152603
-0.107169
-0.0855123
-0.0993496
-0.0974169
-0.0800288
-0.0551811
-0.0267773
-0.0146245
-0.4343
-0.434136
-0.433666
-0.43233
-0.423835
-0.400542
-0.365444
-0.32221
-0.271284
-0.212097
-0.156083
-0.0792618
0.0304148
0.15312
0.246212
0.313614
0.37071
0.416092
0.448937
0.464367
-0.427733
-0.427624
-0.427348
-0.42719
-0.421899
-0.401697
-0.365557
-0.318266
-0.261259
-0.190469
-0.113281
-0.0198413
0.145379
0.3645
0.585447
0.771083
0.898659
0.974203
1.01241
1.0266
-0.422896
-0.422871
-0.422777
-0.42256
-0.420422
-0.403863
-0.366938
-0.315296
-0.252735
-0.172806
-0.0808191
0.0187658
0.214213
0.497677
0.802373
1.07722
1.28018
1.39017
1.43308
1.44451
-0.418856
-0.41887
-0.418837
-0.418765
-0.417829
-0.405805
-0.369656
-0.315426
-0.247653
-0.162289
-0.0622759
0.0427141
0.233408
0.52245
0.842735
1.1384
1.36768
1.49408
1.54044
1.55176
-0.415483
-0.415456
-0.415301
-0.414995
-0.415364
-0.406969
-0.3737
-0.318342
-0.247467
-0.160037
-0.0590101
0.0434221
0.207757
0.47096
0.754664
1.01593
1.22322
1.3411
1.38634
1.39748
-0.412786
-0.41282
-0.412928
-0.413181
-0.413487
-0.408122
-0.378669
-0.323693
-0.252299
-0.165903
-0.0700516
0.0223484
0.153121
0.377084
0.612677
0.816193
0.979075
1.07686
1.11565
1.1252
-0.409779
-0.409898
-0.410135
-0.4105
-0.410778
-0.408612
-0.383423
-0.330553
-0.261305
-0.179234
-0.0916565
-0.0113945
0.0857616
0.262716
0.452415
0.607863
0.728615
0.801761
0.83105
0.837889
-0.406778
-0.406948
-0.407207
-0.407557
-0.408094
-0.407359
-0.386773
-0.337854
-0.273338
-0.19743
-0.118866
-0.0503438
0.0207175
0.154515
0.300729
0.416905
0.505922
0.559177
0.579167
0.583076
-0.403882
-0.404047
-0.404224
-0.404398
-0.404845
-0.404864
-0.387978
-0.344812
-0.286993
-0.217713
-0.148246
-0.0906359
-0.0393298
0.0607729
0.171406
0.25631
0.319588
0.357091
0.370734
0.372842
-0.401816
-0.401846
-0.401569
-0.400694
-0.399492
-0.399045
-0.386921
-0.351762
-0.300693
-0.237957
-0.177091
-0.129177
-0.0901946
-0.0166467
0.065519
0.126921
0.171087
0.196674
0.205178
0.206017
-0.402524
-0.402359
-0.401524
-0.399215
-0.395239
-0.392747
-0.387003
-0.359636
-0.313673
-0.256062
-0.204492
-0.163583
-0.132805
-0.0765337
-0.0167974
0.0255902
0.0556537
0.0720716
0.0771443
0.0776602
-0.407028
-0.406939
-0.406601
-0.405738
-0.404092
-0.402306
-0.396642
-0.371339
-0.325205
-0.273196
-0.229438
-0.192925
-0.167366
-0.125544
-0.0806054
-0.0500333
-0.029791
-0.0190214
-0.0153512
-0.0152429
-0.412306
-0.41277
-0.414584
-0.419863
-0.427835
-0.430452
-0.42122
-0.386426
-0.335764
-0.289957
-0.250459
-0.216875
-0.194585
-0.162005
-0.127694
-0.104684
-0.0890579
-0.0806775
-0.0779614
-0.0780545
-0.412856
-0.413854
-0.417732
-0.429649
-0.449009
-0.457398
-0.43971
-0.394026
-0.34535
-0.305178
-0.267006
-0.234851
-0.217877
-0.190021
-0.159772
-0.139736
-0.126139
-0.118892
-0.116454
-0.116672
-0.409546
-0.410372
-0.413124
-0.419374
-0.42855
-0.437509
-0.42162
-0.385838
-0.349912
-0.314912
-0.275626
-0.24875
-0.234095
-0.209971
-0.182388
-0.162621
-0.148186
-0.140362
-0.137913
-0.138335
-0.41002
-0.410291
-0.409594
-0.396868
-0.367498
-0.349011
-0.357416
-0.359521
-0.348167
-0.315354
-0.27963
-0.257445
-0.244965
-0.220016
-0.193574
-0.174415
-0.160196
-0.152426
-0.150063
-0.150624
-0.417577
-0.416735
-0.412361
-0.388124
-0.34068
-0.310125
-0.328404
-0.354156
-0.347721
-0.312634
-0.279764
-0.260523
-0.248299
-0.224122
-0.198059
-0.1791
-0.165497
-0.158398
-0.156226
-0.156827
-0.441875
-0.439337
-0.439832
-0.435266
-0.423172
-0.398609
-0.397272
-0.395904
-0.363261
-0.313066
-0.276406
-0.258026
-0.243358
-0.218642
-0.194604
-0.177049
-0.164586
-0.158193
-0.156235
-0.156749
-0.512688
-0.516873
-0.540296
-0.57029
-0.579257
-0.559186
-0.522223
-0.460207
-0.38177
-0.309516
-0.270003
-0.24681
-0.229025
-0.204264
-0.181724
-0.165198
-0.154152
-0.148608
-0.146892
-0.147327
-0.599328
-0.610667
-0.640433
-0.668669
-0.677815
-0.65693
-0.602166
-0.500431
-0.384665
-0.298563
-0.253961
-0.223935
-0.204251
-0.182009
-0.160496
-0.144222
-0.133339
-0.127736
-0.126037
-0.12654
-0.623841
-0.634882
-0.656045
-0.675702
-0.683224
-0.663271
-0.599366
-0.474898
-0.354433
-0.27233
-0.220804
-0.189521
-0.17288
-0.151604
-0.130476
-0.114618
-0.1036
-0.0976669
-0.0961453
-0.0968249
-0.552188
-0.561083
-0.576885
-0.59443
-0.603733
-0.586767
-0.520325
-0.394709
-0.291385
-0.219766
-0.170328
-0.146977
-0.134763
-0.114618
-0.0951299
-0.0804004
-0.0696347
-0.0638545
-0.0628518
-0.0637871
-0.392175
-0.403435
-0.422758
-0.44365
-0.453077
-0.435013
-0.370247
-0.276984
-0.203628
-0.145371
-0.111097
-0.0984953
-0.0895931
-0.0738158
-0.05945
-0.0478093
-0.0383304
-0.033816
-0.0335604
-0.0346401
-0.13992
-0.154422
-0.189057
-0.217642
-0.231052
-0.225742
-0.193171
-0.144657
-0.107182
-0.0745046
-0.0554087
-0.0459123
-0.0416196
-0.0368811
-0.0273533
-0.0224462
-0.0168263
-0.0128825
-0.0118851
-0.0127916
-0.163969
0.200017
0.460166
0.634974
0.765663
0.861836
0.937147
1.0025
1.08048
1.07595
0.363533
0.506797
0.637589
0.74864
0.83864
0.910285
0.967852
1.00842
1.02098
1.03524
0.5841
0.675828
0.765167
0.841955
0.906359
0.959174
1.00023
1.02951
1.04997
1.06934
0.740336
0.803797
0.866998
0.922989
0.970731
1.01063
1.04325
1.06994
1.09039
1.11001
0.861857
0.908953
0.955378
0.997848
1.03524
1.06776
1.09591
1.11989
1.13862
1.15725
0.963815
1.00077
1.03668
1.07113
1.10273
1.13114
1.15628
1.17767
1.19422
1.21214
1.05178
1.08408
1.11604
1.14684
1.17564
1.2019
1.22513
1.24452
1.25909
1.27646
1.13662
1.16776
1.19888
1.22903
1.25717
1.28266
1.30483
1.32272
1.33567
1.35248
1.22469
1.25868
1.29159
1.32286
1.35149
1.37679
1.39818
1.41488
1.42666
1.443
1.32636
1.36509
1.40089
1.43345
1.46224
1.48683
1.50702
1.52259
1.53414
1.55026
1.45245
1.49418
1.53081
1.56228
1.58926
1.61199
1.6308
1.64586
1.65825
1.67433
1.6095
1.6471
1.67884
1.70484
1.72739
1.74754
1.76571
1.78181
1.79582
1.81167
1.79086
1.8155
1.83702
1.85587
1.8737
1.89056
1.90688
1.92332
1.93893
1.9549
1.97632
1.98806
2.00264
2.01745
2.0312
2.04339
2.05468
2.06604
2.07891
2.09962
2.16429
2.17429
2.18123
2.18261
2.18471
2.1921
2.20523
2.22056
2.23364
2.2619
2.44068
2.38161
2.33399
2.30287
2.28971
2.29426
2.31751
2.36284
2.43337
2.51198
1.00943
1.00193
0.993019
0.980208
0.966821
0.955249
0.946073
0.939244
0.934729
0.932847
0.934205
0.938369
0.944714
0.953179
0.963894
0.976761
0.99048
1.00169
1.00949
1.01581
0.923367
0.931253
0.938408
0.943185
0.944456
0.942491
0.938788
0.934906
0.931923
0.930669
0.931863
0.935042
0.939303
0.943781
0.94721
0.947963
0.945064
0.939054
0.931061
0.925165
0.915268
0.918334
0.921434
0.92397
0.926367
0.928162
0.928694
0.928096
0.927167
0.926855
0.927813
0.929608
0.931294
0.931989
0.931206
0.929304
0.927063
0.924441
0.921263
0.918902
0.909898
0.91142
0.913667
0.915848
0.917464
0.918776
0.919941
0.920792
0.921305
0.921827
0.922618
0.923373
0.923638
0.923287
0.922539
0.921483
0.919865
0.917708
0.91589
0.914806
0.904652
0.905496
0.906996
0.908865
0.910641
0.912085
0.913262
0.914338
0.915358
0.916327
0.917126
0.917564
0.917607
0.917308
0.916622
0.915444
0.913912
0.912375
0.911353
0.910718
0.899574
0.900148
0.901238
0.902696
0.904282
0.905856
0.907296
0.908579
0.909789
0.910971
0.911916
0.912432
0.912511
0.912141
0.911351
0.910302
0.909165
0.908125
0.907451
0.907006
0.894596
0.895027
0.895903
0.89714
0.898518
0.900008
0.901555
0.903075
0.904532
0.905945
0.907095
0.907736
0.907846
0.907505
0.906874
0.906107
0.905287
0.904534
0.904046
0.903708
0.889674
0.890013
0.890742
0.891836
0.893122
0.894539
0.896088
0.897747
0.899459
0.901169
0.902572
0.903382
0.903641
0.903506
0.90313
0.902606
0.902017
0.901486
0.901129
0.900859
0.884728
0.885004
0.885628
0.88663
0.887865
0.88926
0.890836
0.892602
0.894537
0.896569
0.8983
0.899396
0.899932
0.900074
0.899956
0.899672
0.899297
0.898947
0.898688
0.898464
0.879664
0.879894
0.880448
0.881394
0.882605
0.884019
0.885667
0.887576
0.889749
0.892139
0.894291
0.895784
0.896676
0.897131
0.897286
0.897256
0.897093
0.896903
0.896721
0.896529
0.874388
0.874583
0.875091
0.876012
0.877236
0.878712
0.880477
0.882582
0.885056
0.887881
0.890549
0.892528
0.893841
0.894655
0.895119
0.895348
0.895403
0.895364
0.895244
0.895075
0.8688
0.86897
0.869452
0.87038
0.871659
0.87324
0.875173
0.877539
0.880399
0.883765
0.887059
0.889616
0.891421
0.892652
0.893462
0.893973
0.894269
0.894367
0.894299
0.894144
0.862795
0.862946
0.863421
0.864385
0.865759
0.867495
0.86966
0.872367
0.875712
0.879744
0.883795
0.887044
0.88943
0.891142
0.892356
0.893204
0.893736
0.893967
0.893945
0.893798
0.856252
0.856388
0.856872
0.857902
0.859414
0.861362
0.863834
0.866975
0.870922
0.875766
0.880733
0.88481
0.887888
0.890166
0.891836
0.893063
0.893867
0.894236
0.894254
0.894111
0.849026
0.84915
0.84966
0.850786
0.852482
0.854709
0.857574
0.86126
0.86595
0.871784
0.877853
0.882918
0.886816
0.889764
0.891977
0.893636
0.894745
0.895259
0.895312
0.895169
0.84095
0.841058
0.841605
0.84286
0.844796
0.847378
0.850738
0.855102
0.860707
0.867743
0.875136
0.881377
0.886241
0.88998
0.892848
0.895013
0.896463
0.897126
0.897212
0.897064
0.831758
0.831878
0.832479
0.833903
0.836147
0.839176
0.843156
0.848362
0.855092
0.863585
0.872562
0.880198
0.886203
0.890873
0.894517
0.897277
0.89911
0.899931
0.900044
0.899887
0.821187
0.821303
0.821996
0.82364
0.82627
0.829864
0.834622
0.840877
0.848989
0.85925
0.870116
0.879392
0.886741
0.892508
0.897054
0.900509
0.902772
0.903751
0.903885
0.903716
0.80885
0.808973
0.809781
0.811703
0.814825
0.819143
0.824885
0.832453
0.842273
0.854675
0.867786
0.878981
0.887889
0.894935
0.900529
0.904782
0.90751
0.908641
0.908786
0.9086
0.794226
0.794368
0.795337
0.797622
0.80138
0.806632
0.813637
0.82287
0.834811
0.849809
0.865569
0.878987
0.889677
0.898187
0.904993
0.910133
0.913343
0.914605
0.914746
0.914541
0.776588
0.77677
0.777976
0.780756
0.785363
0.791853
0.800513
0.811887
0.826484
0.844622
0.863481
0.879432
0.892137
0.902299
0.910432
0.916552
0.920228
0.921575
0.921694
0.921469
0.754895
0.755155
0.756725
0.760211
0.766002
0.774195
0.78509
0.79927
0.817212
0.839128
0.86156
0.88035
0.895282
0.907262
0.91684
0.923964
0.928027
0.929388
0.929462
0.929219
0.727565
0.72798
0.730127
0.734707
0.742265
0.752918
0.766935
0.784847
0.806996
0.833409
0.859886
0.881785
0.89912
0.913035
0.924143
0.932199
0.936491
0.937767
0.937773
0.937519
0.692033
0.692775
0.695927
0.702386
0.712847
0.727257
0.745734
0.768609
0.795977
0.827633
0.858588
0.883803
0.903662
0.919566
0.932201
0.940985
0.945254
0.946328
0.946254
0.946
0.643768
0.645292
0.650642
0.66086
0.676407
0.696715
0.721526
0.750837
0.784476
0.822057
0.857837
0.886502
0.9089
0.926769
0.940811
0.949949
0.953847
0.954616
0.954467
0.954228
0.574365
0.57905
0.590371
0.608272
0.63253
0.661703
0.694989
0.732169
0.772981
0.816992
0.85779
0.88994
0.914828
0.934473
0.949565
0.958527
0.961709
0.962131
0.961944
0.961742
0.491218
0.500449
0.521388
0.550574
0.585888
0.624947
0.667197
0.712597
0.760988
0.812031
0.8586
0.894992
0.923035
0.9448
0.960497
0.968711
0.971122
0.971316
0.971182
0.971076
0.407648
0.423127
0.45376
0.494003
0.539981
0.588852
0.640085
0.693719
0.749665
0.807656
0.859904
0.900424
0.931508
0.95536
0.971268
0.978118
0.979484
0.979485
0.97939
0.979337
0.338078
0.357274
0.39426
0.442823
0.497448
0.554877
0.614355
0.675752
0.738852
0.80335
0.860803
0.905011
0.938693
0.963938
0.979471
0.985197
0.986116
0.986079
0.986014
0.985981
0.280335
0.301825
0.343656
0.39836
0.459682
0.524073
0.590581
0.658857
0.728457
0.798932
0.861158
0.908741
0.944705
0.971023
0.986125
0.991015
0.991663
0.991614
0.991567
0.991546
0.231689
0.25459
0.300054
0.359642
0.42644
0.496611
0.569068
0.643319
0.718709
0.794603
0.861198
0.911863
0.949922
0.977131
0.991744
0.995972
0.996451
0.996395
0.996359
0.996344
0.189763
0.213605
0.26189
0.325472
0.396886
0.472028
0.549668
0.629194
0.709775
0.790586
0.861154
0.914608
0.954537
0.982432
0.996547
1.00028
1.00065
1.00058
1.00054
1.00053
0.152866
0.177368
0.227942
0.294866
0.370245
0.449732
0.531994
0.616293
0.701625
0.786951
0.861142
0.917086
0.958633
0.987029
1.00067
1.00403
1.00431
1.00422
1.00418
1.00417
0.119771
0.144736
0.197225
0.267042
0.345882
0.429216
0.515645
0.604335
0.6941
0.783657
0.861178
0.919327
0.962234
0.990973
1.00415
1.00723
1.00743
1.00732
1.00727
1.00726
0.0894341
0.114837
0.169007
0.241389
0.323295
0.410071
0.500292
0.593053
0.687016
0.780621
0.861275
0.921387
0.965395
0.994282
1.00699
1.00984
1.01
1.00987
1.00981
1.00979
0.0612798
0.0870866
0.142731
0.217428
0.302084
0.391971
0.485669
0.582236
0.680219
0.777778
0.861479
0.923365
0.968199
0.997005
1.00921
1.01187
1.01201
1.01189
1.01183
1.01179
0.034796
0.0610055
0.117991
0.194788
0.281933
0.374656
0.47157
0.571711
0.673575
0.775094
0.861864
0.925406
0.970805
0.999272
1.01089
1.01338
1.01354
1.01347
1.01343
1.01338
0.00963123
0.0362586
0.0944851
0.173198
0.262607
0.357927
0.457817
0.561338
0.666973
0.772509
0.862515
0.927704
0.973422
1.00128
1.01222
1.01454
1.01475
1.01476
1.01476
1.01471
-0.0144261
0.0126375
0.0720048
0.152469
0.243936
0.34163
0.444284
0.550996
0.660302
0.769953
0.863491
0.93048
0.976332
1.00327
1.01341
1.01557
1.01586
1.01596
1.01601
1.01597
-0.0375601
-0.0100474
0.0504055
0.132475
0.225804
0.325669
0.430877
0.54059
0.65345
0.767315
0.864796
0.933961
0.979885
1.00554
1.01467
1.01665
1.01706
1.01725
1.01734
1.0173
-0.0598332
-0.0319001
0.0296029
0.113134
0.208138
0.309971
0.417527
0.530048
0.646324
0.764468
0.866356
0.938333
0.984507
1.00848
1.01614
1.01781
1.01841
1.01872
1.01882
1.01875
-0.0813287
-0.0529631
0.0095612
0.0943963
0.190897
0.294501
0.404195
0.519316
0.638857
0.761275
0.868034
0.943682
0.990668
1.01268
1.01806
1.01887
1.01966
1.02036
1.02062
1.0205
-0.102002
-0.0732513
-0.00976473
0.0762181
0.174058
0.279257
0.390874
0.508372
0.630986
0.757606
0.869616
0.949942
0.998799
1.01902
1.02125
1.02007
1.02059
1.02223
1.02342
1.02344
-0.121966
-0.0927611
-0.0284158
0.0585987
0.157633
0.264241
0.377576
0.497222
0.622668
0.753355
0.870858
0.956886
1.00912
1.02857
1.02753
1.02319
1.02248
1.02532
1.02861
1.0296
-0.141117
-0.111518
-0.0463912
0.0415416
0.141627
0.249481
0.364318
0.485859
0.6139
0.748433
0.871498
0.964137
1.02148
1.04202
1.03877
1.03116
1.02828
1.03171
1.03785
1.04147
-0.159588
-0.129551
-0.063667
0.0250679
0.126076
0.235021
0.351173
0.474352
0.604706
0.742779
0.87128
0.971193
1.03534
1.05908
1.05557
1.04578
1.03976
1.03871
1.03767
1.02877
-0.177317
-0.146905
-0.080398
0.00895782
0.110674
0.220544
0.337746
0.462277
0.594632
0.735987
0.869836
0.977792
1.0508
1.08004
1.07825
1.06766
1.05671
1.04583
1.03657
1.05187
-0.194345
-0.163606
-0.0965762
-0.00675999
0.0954449
0.206072
0.324004
0.449611
0.583585
0.727809
0.866647
0.982761
1.06666
1.10363
1.10418
1.09281
1.0762
1.05927
1.00947
1.0054
-0.211192
-0.179911
-0.111956
-0.0218201
0.0808172
0.19197
0.310096
0.436593
0.571802
0.718332
0.861451
0.984844
1.08086
1.12765
1.12795
1.11308
1.08716
1.04215
0.985097
0.951909
-0.23113
-0.197869
-0.126042
-0.035868
0.0676699
0.178628
0.296461
0.423498
0.559469
0.707589
0.854035
0.983047
1.08983
1.14735
1.15691
1.11286
1.06572
0.99483
0.928542
0.889347
0.222462
0.346026
0.477553
0.619566
0.769964
0.912667
1.03551
0.802645
-0.241826
-0.232273
-0.188728
-0.111928
-0.0149457
0.0913784
0.20594
0.328552
0.459787
0.601469
0.752266
0.896719
1.01993
1.10929
1.13588
1.04942
0.905569
0.816163
0.747263
-0.263536
-0.251809
-0.204365
-0.126319
-0.0289825
0.077422
0.191795
0.314233
0.445083
0.586236
0.736172
0.879321
0.997397
1.07096
1.05148
0.913309
0.765644
0.664619
0.583861
-0.285284
-0.273318
-0.223575
-0.144524
-0.0472821
0.0593753
0.173979
0.296348
0.426606
0.566732
0.714371
0.853109
0.959197
1.01241
0.952348
0.772639
0.611843
0.491027
0.394348
-0.306558
-0.294649
-0.243678
-0.163508
-0.0660797
0.0406628
0.155071
0.276868
0.406144
0.544565
0.688886
0.821204
0.917831
0.935442
0.822127
0.626199
0.44212
0.286692
0.158194
-0.327711
-0.315968
-0.264229
-0.183253
-0.0855292
0.0212374
0.135255
0.256252
0.384246
0.520399
0.660436
0.784634
0.868496
0.846278
0.685775
0.480117
0.274761
0.100777
-0.0651477
-0.349233
-0.337717
-0.285674
-0.204234
-0.106278
0.00050251
0.114147
0.234326
0.360845
0.494337
0.629467
0.742657
0.809503
0.761441
0.558092
0.346923
0.137036
-0.0460506
-0.183685
-0.302764
-0.371932
-0.360585
-0.308395
-0.226771
-0.128794
-0.0221434
0.0910059
0.210176
0.334864
0.465048
0.594311
0.696058
0.741965
0.651439
0.438952
0.225599
0.0296608
-0.116688
-0.167704
-0.18752
-0.396105
-0.384875
-0.332612
-0.250969
-0.153165
-0.0468933
0.0655159
0.183317
0.305677
0.431774
0.553912
0.645353
0.65842
0.530496
0.325324
0.123282
-0.0483455
-0.125958
-0.148272
-0.15089
-0.421977
-0.410782
-0.358413
-0.276833
-0.179376
-0.073711
0.037636
0.153681
0.27319
0.394449
0.508334
0.588276
0.569069
0.416105
0.220643
0.0329036
-0.0944453
-0.134282
-0.132822
-0.133694
-0.449544
-0.438332
-0.385831
-0.304379
-0.207433
-0.102614
0.00734393
0.121238
0.23737
0.353077
0.457775
0.522971
0.486412
0.309046
0.127974
-0.0408498
-0.110559
-0.12289
-0.123951
-0.123919
-0.478585
-0.467323
-0.414757
-0.333544
-0.237266
-0.133569
-0.0253298
0.0859749
0.198226
0.307747
0.402859
0.452714
0.402544
0.216176
0.0461537
-0.0814055
-0.123903
-0.118782
-0.118193
-0.117837
-0.508615
-0.497362
-0.444911
-0.364081
-0.268698
-0.166414
-0.0602644
0.0479998
0.155894
0.258907
0.343725
0.380713
0.306927
0.133275
-0.020717
-0.100009
-0.113071
-0.113791
-0.113793
-0.113518
-0.539114
-0.527898
-0.475801
-0.395556
-0.301352
-0.200823
-0.0971689
0.00759422
0.110628
0.207071
0.281502
0.302917
0.21563
0.0637585
-0.0662298
-0.105433
-0.110008
-0.110798
-0.110838
-0.110698
-0.569137
-0.558044
-0.50664
-0.427307
-0.334651
-0.236298
-0.135578
-0.0347594
0.0629428
0.152647
0.218896
0.223473
0.136133
0.00711251
-0.0862908
-0.120986
-0.111566
-0.109217
-0.10858
-0.10834
-0.597172
-0.586428
-0.536294
-0.458405
-0.367773
-0.2721
-0.174813
-0.0783619
0.0136617
0.0963058
0.157077
0.152518
0.0662313
-0.0373938
-0.0999912
-0.104286
-0.107278
-0.106842
-0.106492
-0.106326
-0.621924
-0.611596
-0.563305
-0.487564
-0.399608
-0.307245
-0.213963
-0.122324
-0.0361306
0.0393927
0.094523
0.0894848
0.0103889
-0.0669873
-0.110785
-0.113591
-0.10756
-0.105728
-0.105109
-0.104897
-0.640812
-0.6312
-0.585799
-0.513164
-0.428768
-0.340495
-0.251881
-0.165544
-0.0852938
-0.0164422
0.032329
0.0337311
-0.029864
-0.0823847
-0.103129
-0.106927
-0.105414
-0.104578
-0.104289
-0.104141
-0.651934
-0.643381
-0.601621
-0.533365
-0.453646
-0.370413
-0.287224
-0.206705
-0.132645
-0.0697975
-0.0246536
-0.0193003
-0.059593
-0.0883743
-0.100128
-0.10082
-0.103812
-0.104371
-0.104489
-0.104471
-0.652844
-0.645708
-0.608624
-0.546248
-0.472509
-0.395481
-0.318571
-0.244352
-0.176703
-0.119825
-0.0748687
-0.066413
-0.0875966
-0.0958794
-0.106303
-0.104964
-0.105798
-0.106201
-0.10638
-0.106428
-0.641145
-0.635356
-0.604516
-0.549871
-0.483842
-0.414295
-0.34459
-0.277112
-0.215732
-0.165369
-0.122109
-0.101818
-0.111436
-0.111957
-0.118034
-0.112855
-0.111001
-0.110527
-0.11064
-0.110685
-0.614316
-0.610261
-0.587178
-0.542847
-0.486635
-0.425883
-0.364285
-0.303941
-0.248448
-0.204056
-0.168588
-0.132445
-0.124936
-0.132129
-0.126164
-0.121762
-0.118641
-0.117532
-0.117765
-0.117918
-0.576036
-0.573466
-0.55879
-0.525884
-0.481055
-0.430217
-0.37724
-0.324199
-0.274394
-0.234354
-0.207873
-0.17491
-0.141761
-0.128713
-0.13692
-0.13626
-0.131864
-0.130599
-0.131098
-0.131433
-0.533458
-0.531837
-0.524609
-0.503022
-0.469608
-0.428596
-0.383914
-0.337749
-0.293049
-0.255486
-0.229238
-0.201273
-0.167942
-0.138672
-0.115819
-0.111511
-0.130638
-0.150618
-0.158229
-0.159722
-0.496386
-0.495314
-0.49182
-0.480121
-0.456195
-0.423547
-0.385763
-0.345109
-0.303883
-0.266302
-0.239386
-0.215282
-0.205042
-0.209264
-0.232329
-0.26434
-0.288705
-0.266572
-0.2358
-0.228215
-0.469774
-0.469164
-0.466977
-0.461242
-0.444702
-0.418303
-0.385146
-0.347711
-0.307539
-0.267921
-0.236938
-0.211721
-0.236825
-0.284679
-0.365018
-0.418989
-0.442305
-0.426167
-0.379385
-0.344495
-0.450545
-0.450142
-0.449327
-0.447042
-0.436997
-0.415273
-0.38446
-0.347512
-0.30591
-0.261406
-0.223953
-0.193107
-0.179255
-0.175037
-0.216052
-0.250876
-0.247271
-0.230079
-0.203167
-0.17666
-0.43878
-0.438685
-0.438328
-0.437109
-0.432
-0.414105
-0.384168
-0.345783
-0.300834
-0.249798
-0.199226
-0.151522
-0.0770068
0.000149339
0.0527453
0.0792555
0.107683
0.141806
0.175475
0.198956
-0.430618
-0.430594
-0.430304
-0.429956
-0.427768
-0.414022
-0.384622
-0.343601
-0.294492
-0.235233
-0.167254
-0.0985079
0.01759
0.178126
0.348049
0.491449
0.597365
0.669956
0.717036
0.742326
-0.425245
-0.42524
-0.425151
-0.425078
-0.423722
-0.414631
-0.386271
-0.342656
-0.288186
-0.221183
-0.13871
-0.0532151
0.0829578
0.309194
0.58326
0.840771
1.04739
1.17771
1.24184
1.26631
-0.420802
-0.420818
-0.420788
-0.42066
-0.420776
-0.41503
-0.389012
-0.3433
-0.283964
-0.210903
-0.119457
-0.021526
0.118224
0.369017
0.686003
0.995789
1.2605
1.43224
1.51046
1.53405
-0.416998
-0.417029
-0.416965
-0.416766
-0.416619
-0.414285
-0.392146
-0.346094
-0.283284
-0.206138
-0.111113
-0.00707667
0.121651
0.357431
0.658147
0.956626
1.21585
1.39012
1.47025
1.4947
-0.414148
-0.414155
-0.414134
-0.414046
-0.414166
-0.412811
-0.395579
-0.350731
-0.286449
-0.207948
-0.11389
-0.0133207
0.0955755
0.299148
0.56033
0.808499
1.02138
1.17003
1.24167
1.26447
-0.41128
-0.411332
-0.411465
-0.411781
-0.412177
-0.411735
-0.399096
-0.356473
-0.293315
-0.215981
-0.126697
-0.0350982
0.0527112
0.213603
0.43056
0.626668
0.787399
0.902705
0.959316
0.977369
-0.408211
-0.408336
-0.408522
-0.408833
-0.409125
-0.409873
-0.40092
-0.362422
-0.302284
-0.228945
-0.146804
-0.0656413
0.00423686
0.123229
0.293748
0.445579
0.564308
0.649328
0.691214
0.703834
-0.405228
-0.405389
-0.405597
-0.405891
-0.406295
-0.407327
-0.40101
-0.367371
-0.312217
-0.244951
-0.170363
-0.0996915
-0.0443376
0.0424902
0.172777
0.287193
0.373656
0.434415
0.463739
0.471864
-0.402565
-0.402716
-0.402786
-0.402682
-0.402412
-0.402687
-0.398677
-0.370535
-0.322575
-0.262113
-0.194831
-0.13456
-0.090168
-0.0280109
0.0692151
0.15357
0.216443
0.259669
0.279053
0.28407
-0.401637
-0.401697
-0.401413
-0.400321
-0.397976
-0.395559
-0.393486
-0.37314
-0.333235
-0.277916
-0.218362
-0.167036
-0.130649
-0.0835838
-0.0110135
0.0499515
0.0929614
0.121835
0.134565
0.137767
-0.404373
-0.404331
-0.403918
-0.402558
-0.399534
-0.395772
-0.393829
-0.380291
-0.344246
-0.292293
-0.240109
-0.196711
-0.165256
-0.129701
-0.0751947
-0.0313124
-0.001669
0.0174325
0.025303
0.0271623
-0.409918
-0.409987
-0.410257
-0.411327
-0.41352
-0.415089
-0.412886
-0.397061
-0.355952
-0.305252
-0.260619
-0.221888
-0.192813
-0.165402
-0.124257
-0.0917656
-0.0703167
-0.0567574
-0.0510575
-0.0497581
-0.413211
-0.413668
-0.41519
-0.42097
-0.433539
-0.44564
-0.442643
-0.415806
-0.365518
-0.318277
-0.279182
-0.241152
-0.216275
-0.19377
-0.159612
-0.133475
-0.116277
-0.105301
-0.100748
-0.0998021
-0.410867
-0.411532
-0.41332
-0.420075
-0.436278
-0.455614
-0.452487
-0.415679
-0.368783
-0.330306
-0.291416
-0.255492
-0.233884
-0.216153
-0.185721
-0.161522
-0.14501
-0.134076
-0.129434
-0.128683
-0.408803
-0.40924
-0.410145
-0.410174
-0.403835
-0.396562
-0.393298
-0.385503
-0.362059
-0.334684
-0.296496
-0.264109
-0.246902
-0.229641
-0.201587
-0.178676
-0.16193
-0.15046
-0.145613
-0.145006
-0.412798
-0.412876
-0.412236
-0.403282
-0.369336
-0.325766
-0.3234
-0.342254
-0.353326
-0.33232
-0.295691
-0.268474
-0.253733
-0.237114
-0.208801
-0.186094
-0.169723
-0.158925
-0.154435
-0.153975
-0.426232
-0.425074
-0.422371
-0.41284
-0.382408
-0.346834
-0.337717
-0.363044
-0.36713
-0.334724
-0.293466
-0.268143
-0.253644
-0.235983
-0.209245
-0.187674
-0.171997
-0.16195
-0.157833
-0.157386
-0.472488
-0.46935
-0.474549
-0.491201
-0.505274
-0.492701
-0.469185
-0.446664
-0.402811
-0.34185
-0.289973
-0.262639
-0.245766
-0.225629
-0.199838
-0.180025
-0.165733
-0.157072
-0.153512
-0.153083
-0.560642
-0.5608
-0.580629
-0.615543
-0.638806
-0.63337
-0.59951
-0.534319
-0.435832
-0.341094
-0.281079
-0.249428
-0.226721
-0.206316
-0.182618
-0.163381
-0.149779
-0.141778
-0.138456
-0.138041
-0.622717
-0.626507
-0.647186
-0.673823
-0.69107
-0.686357
-0.646812
-0.559764
-0.431299
-0.325597
-0.261521
-0.22197
-0.19789
-0.179269
-0.156598
-0.13781
-0.124224
-0.115893
-0.112397
-0.1122
-0.599396
-0.6032
-0.617732
-0.637326
-0.652524
-0.649334
-0.60978
-0.508568
-0.377158
-0.284058
-0.22106
-0.180387
-0.161988
-0.145034
-0.122849
-0.104949
-0.0916084
-0.0830929
-0.0797687
-0.0799531
-0.481374
-0.486142
-0.500729
-0.518589
-0.532756
-0.531918
-0.495583
-0.396269
-0.291115
-0.215581
-0.159087
-0.130474
-0.119015
-0.104469
-0.0851926
-0.0701434
-0.0580242
-0.0498967
-0.0473094
-0.0480249
-0.285988
-0.293616
-0.309195
-0.330273
-0.34927
-0.348173
-0.309512
-0.237235
-0.175697
-0.125017
-0.0898763
-0.0757328
-0.068499
-0.0599387
-0.0466444
-0.0375178
-0.0287564
-0.0227831
-0.0215135
-0.0226407
-0.14464
-0.17038
-0.205282
-0.226267
-0.231201
-0.213276
-0.168379
-0.125179
-0.0901222
-0.0624825
-0.0504534
-0.0423664
-0.0414066
-0.0310118
-0.0248294
-0.0197011
-0.0144445
-0.0120986
-0.0120276
-0.00638
0.0556047
0.31081
0.476156
0.630302
0.752222
0.847026
0.920732
0.982407
1.022
1.01078
0.430211
0.542152
0.654195
0.75371
0.837124
0.905615
0.960726
1.00164
1.026
1.04153
0.632207
0.705145
0.781995
0.852397
0.912437
0.962766
1.00354
1.03517
1.05969
1.07886
0.77728
0.830869
0.885737
0.93755
0.982682
1.02139
1.0542
1.08193
1.10485
1.12285
0.893214
0.935979
0.976455
1.01601
1.052
1.08407
1.1124
1.13705
1.15724
1.17391
0.992545
1.02564
1.05951
1.09265
1.12377
1.15231
1.17796
1.2003
1.21822
1.23324
1.08039
1.10972
1.14096
1.17196
1.20129
1.22835
1.25263
1.27339
1.28944
1.30312
1.16557
1.19562
1.22762
1.25909
1.28868
1.31561
1.3393
1.359
1.37359
1.38611
1.25739
1.29128
1.32673
1.36017
1.39074
1.41777
1.4408
1.45941
1.47293
1.48504
1.36814
1.40632
1.4453
1.48
1.51044
1.53645
1.55807
1.5754
1.5885
1.60123
1.50956
1.54784
1.58619
1.61823
1.64532
1.66851
1.68843
1.70536
1.71931
1.73308
1.685
1.7144
1.74431
1.76859
1.78958
1.80886
1.827
1.84428
1.86011
1.87495
1.8782
1.8925
1.91003
1.92678
1.94328
1.95869
1.97283
1.98686
2.0017
2.01785
2.06711
2.07138
2.08422
2.09637
2.10636
2.11567
2.12584
2.13647
2.14579
2.158
2.29643
2.28285
2.27403
2.25899
2.24791
2.24735
2.25935
2.28315
2.31498
2.35074
2.67066
2.51216
2.40665
2.34775
2.31864
2.3121
2.32727
2.36848
2.4477
2.59282
-0.222819
-0.219175
-0.174879
-0.0971795
0.000106063
0.107106
1.13309
1.16495
1.12508
1.0336
0.94956
0.875137
0.683108
0.502675
0.293635
0.015199
-0.308701
)
;

boundaryField
{
    wall-4
    {
        type            zeroGradient;
    }
    pressure-outlet-7
    {
        type            fixedValue;
        value           uniform 0;
    }
    velocity-inlet-6
    {
        type            zeroGradient;
    }
    velocity-inlet-5
    {
        type            zeroGradient;
    }
    frontAndBackPlanes
    {
        type            empty;
    }
}


// ************************************************************************* //
