/*--------------------------------*- C++ -*----------------------------------*\
  =========                 |
  \\      /  F ield         | OpenFOAM: The Open Source CFD Toolbox
   \\    /   O peration     | Website:  https://openfoam.org
    \\  /    A nd           | Version:  6
     \\/     M anipulation  |
\*---------------------------------------------------------------------------*/
FoamFile
{
    version     2.0;
    format      ascii;
    class       volScalarField;
    location    "42.2";
    object      p;
}
// * * * * * * * * * * * * * * * * * * * * * * * * * * * * * * * * * * * * * //

dimensions      [0 2 -2 0 0 0 0];

internalField   nonuniform List<scalar> 
8800
(
0.88527
0.835952
0.797979
0.769898
0.749718
0.735101
0.724462
0.71687
0.711913
0.709746
0.711004
0.715253
0.721976
0.731347
0.744046
0.761341
0.785201
0.818288
0.861218
0.91373
0.719779
0.726121
0.735263
0.738801
0.736177
0.730067
0.723095
0.716806
0.711936
0.708978
0.708635
0.711155
0.71571
0.721774
0.728829
0.735832
0.740689
0.74055
0.733864
0.724958
0.693329
0.69956
0.70405
0.707905
0.710832
0.711751
0.710621
0.708439
0.706373
0.705424
0.706333
0.708682
0.711488
0.7137
0.714178
0.712358
0.708969
0.70494
0.700149
0.696431
0.689082
0.691844
0.694438
0.696578
0.69829
0.699824
0.70088
0.701165
0.700957
0.700931
0.701601
0.702628
0.703281
0.703061
0.702034
0.700642
0.698944
0.696621
0.694198
0.692631
0.684099
0.685521
0.687347
0.689406
0.691089
0.692342
0.693384
0.694285
0.694984
0.695576
0.696135
0.696466
0.696386
0.695942
0.695213
0.694052
0.69236
0.69044
0.689074
0.688271
0.679203
0.680103
0.681335
0.682937
0.684596
0.686081
0.687301
0.688332
0.689269
0.690119
0.690725
0.690962
0.690849
0.690384
0.689507
0.688262
0.686856
0.685558
0.684722
0.684199
0.674413
0.675067
0.676012
0.677303
0.678712
0.680176
0.681586
0.682844
0.683963
0.684975
0.685712
0.686017
0.685884
0.685329
0.684456
0.683441
0.68239
0.681445
0.68085
0.680467
0.669733
0.670236
0.671005
0.672115
0.673372
0.674729
0.676153
0.677576
0.678923
0.680154
0.681051
0.68143
0.68132
0.680849
0.680168
0.679387
0.678575
0.677863
0.677419
0.677122
0.665109
0.665509
0.666153
0.667142
0.668325
0.669625
0.671038
0.672546
0.674094
0.67558
0.676684
0.677202
0.677239
0.676958
0.676486
0.6759
0.675274
0.674743
0.674407
0.674168
0.660473
0.660799
0.661355
0.662264
0.663398
0.664679
0.666116
0.667708
0.669418
0.671152
0.672542
0.673323
0.673603
0.673547
0.673279
0.672891
0.672436
0.672054
0.671801
0.671603
0.655739
0.656009
0.656505
0.657366
0.65848
0.65978
0.661279
0.66299
0.664899
0.666937
0.668678
0.669791
0.670367
0.670564
0.670514
0.670318
0.670034
0.66978
0.669593
0.669425
0.65083
0.651056
0.651512
0.652357
0.653492
0.654854
0.656453
0.658331
0.660498
0.662903
0.665083
0.666603
0.667524
0.668014
0.668203
0.668203
0.668083
0.667942
0.667808
0.667662
0.645668
0.64586
0.646297
0.647154
0.648348
0.649818
0.651584
0.65371
0.656231
0.659114
0.661821
0.663811
0.665116
0.665918
0.666367
0.66657
0.666616
0.666581
0.666492
0.666362
0.640162
0.640325
0.64076
0.64166
0.642959
0.644588
0.646588
0.649045
0.652018
0.655496
0.658853
0.661403
0.663156
0.664313
0.66505
0.665483
0.665693
0.665752
0.665703
0.665585
0.634208
0.634347
0.634793
0.635764
0.637211
0.639054
0.641346
0.644209
0.647735
0.651947
0.656094
0.65933
0.661638
0.66323
0.664305
0.664992
0.665383
0.665546
0.665534
0.665425
0.627692
0.627806
0.628278
0.629347
0.630983
0.633106
0.635779
0.639153
0.643369
0.648472
0.653594
0.657668
0.660644
0.662751
0.664216
0.665197
0.665796
0.666064
0.666089
0.665985
0.62045
0.620547
0.621055
0.62225
0.624135
0.62662
0.629795
0.633845
0.638932
0.645144
0.651448
0.656529
0.660272
0.66297
0.664903
0.66622
0.667047
0.667429
0.66749
0.667388
0.612253
0.612345
0.612903
0.61427
0.616484
0.619433
0.623228
0.628117
0.63433
0.641944
0.649664
0.655913
0.660574
0.663988
0.666474
0.668195
0.669285
0.669791
0.669888
0.669787
0.602841
0.60291
0.603548
0.605131
0.607755
0.611279
0.615856
0.621777
0.629304
0.638585
0.648065
0.655799
0.661597
0.665882
0.669042
0.671252
0.67266
0.673309
0.673443
0.673338
0.591847
0.591899
0.592638
0.594511
0.59765
0.601927
0.607531
0.614817
0.624095
0.635487
0.647057
0.656464
0.663553
0.668849
0.67279
0.67558
0.677347
0.678153
0.678324
0.678212
0.578722
0.578762
0.579637
0.581901
0.585737
0.59101
0.597944
0.606959
0.618399
0.632367
0.646454
0.657876
0.666505
0.672988
0.677863
0.681342
0.683531
0.684509
0.684712
0.684588
0.562704
0.56274
0.563821
0.566627
0.571397
0.578004
0.586707
0.597981
0.612157
0.629259
0.646356
0.660123
0.67053
0.678398
0.684374
0.688666
0.691342
0.692504
0.692729
0.692585
0.542619
0.542665
0.544079
0.547719
0.553866
0.562396
0.57358
0.587903
0.605612
0.626549
0.647085
0.663462
0.675835
0.685259
0.692419
0.697629
0.700822
0.702159
0.702392
0.70222
0.516626
0.516708
0.51871
0.523726
0.532035
0.54342
0.558099
0.576463
0.598557
0.624033
0.648525
0.667839
0.682389
0.693518
0.702023
0.708212
0.71192
0.713398
0.713618
0.713414
0.48167
0.481888
0.485104
0.492702
0.504726
0.520545
0.540272
0.564014
0.591544
0.62228
0.651106
0.673523
0.690356
0.703268
0.713185
0.720343
0.724497
0.726047
0.726225
0.725986
0.431993
0.43309
0.439563
0.452504
0.471029
0.493718
0.520425
0.550932
0.584833
0.621418
0.654883
0.680545
0.699718
0.714434
0.725784
0.733859
0.738313
0.739836
0.739943
0.739668
0.35916
0.366555
0.381493
0.404224
0.432436
0.464317
0.499531
0.537834
0.578851
0.621878
0.66042
0.689654
0.711476
0.728283
0.741238
0.750211
0.754987
0.75653
0.756619
0.75638
0.281437
0.297512
0.321805
0.355081
0.393549
0.434805
0.478635
0.524992
0.573607
0.623886
0.668603
0.702466
0.727798
0.74736
0.762367
0.772548
0.777645
0.779157
0.779281
0.779171
0.214913
0.23461
0.26673
0.309033
0.356578
0.406662
0.458885
0.513155
0.56921
0.626487
0.677058
0.715252
0.743824
0.765918
0.7828
0.793837
0.799096
0.800702
0.800876
0.800837
0.160526
0.182439
0.219913
0.268728
0.32337
0.380862
0.440507
0.502064
0.565105
0.629028
0.685091
0.727301
0.758785
0.783023
0.801421
0.813554
0.819542
0.821203
0.821399
0.821411
0.115332
0.138556
0.179889
0.23378
0.294138
0.357739
0.423714
0.491702
0.561116
0.631196
0.692414
0.738275
0.772413
0.798636
0.818475
0.831534
0.8381
0.839965
0.84027
0.840312
0.0766916
0.100734
0.14492
0.202914
0.268058
0.336865
0.408324
0.481989
0.557163
0.632896
0.698851
0.748092
0.784604
0.812553
0.833471
0.847258
0.854287
0.856501
0.856894
0.85695
0.0425923
0.06721
0.113635
0.175018
0.24423
0.317556
0.393874
0.472652
0.553074
0.634022
0.704366
0.756731
0.795337
0.8246
0.846233
0.860496
0.867944
0.870505
0.871013
0.871069
0.01156
0.0366669
0.0849506
0.149219
0.221952
0.299237
0.379915
0.463365
0.54864
0.634509
0.709013
0.764293
0.804762
0.835048
0.857215
0.87182
0.879564
0.88238
0.882973
0.883022
-0.0173785
0.00818735
0.0580643
0.124886
0.200702
0.281495
0.366104
0.453843
0.543694
0.634268
0.712837
0.7709
0.813074
0.844256
0.866868
0.881747
0.889717
0.892672
0.893255
0.893262
-0.0449709
-0.0188953
0.0324552
0.101558
0.180108
0.264044
0.352213
0.443917
0.538093
0.633237
0.715829
0.77665
0.820455
0.852471
0.875477
0.890554
0.898616
0.901642
0.902253
0.902233
-0.0715186
-0.0449804
0.00772684
0.0789065
0.15992
0.246692
0.338101
0.433471
0.531742
0.631364
0.717985
0.781603
0.82707
0.859963
0.883383
0.898639
0.906729
0.909735
0.910357
0.910335
-0.097398
-0.0703053
-0.0163352
0.0567316
0.139975
0.229308
0.323676
0.422438
0.524587
0.628576
0.719282
0.785815
0.833062
0.866934
0.890826
0.906247
0.914347
0.917283
0.917824
0.917756
-0.122675
-0.0950265
-0.0398665
0.0349252
0.120187
0.211836
0.308898
0.410796
0.516593
0.624831
0.719686
0.789324
0.838539
0.873512
0.897924
0.913491
0.92152
0.924344
0.924789
0.924659
-0.14742
-0.119199
-0.0629288
0.0134461
0.100529
0.194264
0.293766
0.398535
0.507746
0.620085
0.719142
0.792119
0.843556
0.879798
0.904771
0.920419
0.928267
0.930892
0.931219
0.931044
-0.17169
-0.142877
-0.0855166
-0.00770344
0.080999
0.176609
0.278309
0.385691
0.498056
0.614298
0.717575
0.794144
0.84815
0.885901
0.911477
0.927105
0.934643
0.936972
0.937175
0.936967
-0.195502
-0.166018
-0.107615
-0.0285034
0.0616467
0.158918
0.262583
0.37231
0.487547
0.607443
0.714902
0.795304
0.852301
0.891929
0.918202
0.933634
0.940636
0.94257
0.942637
0.942408
-0.218686
-0.188572
-0.129182
-0.0489228
0.0425174
0.141264
0.246655
0.358469
0.476275
0.599532
0.71105
0.795479
0.855918
0.897967
0.925197
0.94023
0.946321
0.947667
0.947581
0.947348
-0.241202
-0.210488
-0.150186
-0.0689012
0.0236772
0.123711
0.230619
0.344245
0.464318
0.590588
0.705965
0.794535
0.858832
0.903992
0.932791
0.947397
0.952
0.952307
0.951986
0.951793
-0.263101
-0.231728
-0.170591
-0.0883928
0.00519525
0.106347
0.214565
0.329741
0.451767
0.580673
0.699601
0.792335
0.860795
0.909769
0.9412
0.956025
0.958683
0.956947
0.955886
0.955899
-0.284222
-0.252261
-0.190337
-0.107327
-0.0128664
0.0892593
0.198592
0.315068
0.438737
0.56989
0.691943
0.78873
0.861531
0.914803
0.950146
0.966961
0.9686
0.963943
0.960061
0.958245
-0.304659
-0.272092
-0.209431
-0.125737
-0.0305449
0.0724007
0.182639
0.300158
0.425148
0.558165
0.682836
0.783456
0.860741
0.918461
0.958632
0.979959
0.983746
0.977925
0.966768
0.965571
-0.32433
-0.291298
-0.228017
-0.143824
-0.0481468
0.0554201
0.166274
0.2845
0.410427
0.544831
0.671579
0.775686
0.857815
0.919826
0.964431
0.991612
0.998889
0.989764
0.971665
0.96699
-0.343095
-0.309847
-0.245921
-0.161379
-0.0654148
0.0386271
0.149715
0.268428
0.394882
0.530158
0.65829
0.764909
0.852128
0.917748
0.962916
0.989817
1.00106
0.979155
0.920216
0.89403
-0.360837
-0.328564
-0.262745
-0.177884
-0.0816468
0.0225098
0.133232
0.252213
0.378796
0.514328
0.643059
0.750662
0.842863
0.911645
0.949622
0.970221
0.965822
0.918642
0.857182
0.819285
-0.405067
-0.346638
-0.278345
-0.193976
-0.097624
0.00614209
0.116961
0.235737
0.361972
0.497018
0.625532
0.732519
0.82661
0.900116
0.924191
0.920613
0.882581
0.822984
0.756019
0.719126
-0.380434
-0.362112
-0.301899
-0.217623
-0.121894
-0.0183956
0.0917307
0.209803
0.334977
0.46831
0.594805
0.699088
0.784544
0.863024
0.854565
0.756785
0.673098
0.614745
0.553347
0.582925
-0.412305
-0.380491
-0.319461
-0.235728
-0.140171
-0.0369858
0.0732772
0.190676
0.314772
0.446211
0.569892
0.670483
0.746287
0.789488
0.746284
0.615744
0.513096
0.443818
0.364228
0.41257
-0.437195
-0.402912
-0.340074
-0.256219
-0.160763
-0.0576317
0.0525211
0.16912
0.291817
0.420791
0.54062
0.635354
0.699793
0.707113
0.609368
0.461139
0.337538
0.249203
0.156004
0.18992
-0.461507
-0.42609
-0.361837
-0.277349
-0.181787
-0.0787618
0.0309121
0.146554
0.26764
0.393786
0.508876
0.596849
0.644723
0.620629
0.470785
0.29976
0.144469
0.014193
-0.10774
-0.0926541
-0.485577
-0.449704
-0.384521
-0.299468
-0.203731
-0.100888
0.00817202
0.122719
0.241929
0.364878
0.47456
0.555292
0.583572
0.517882
0.334946
0.143017
-0.0401536
-0.190799
-0.394534
-0.473605
-0.510088
-0.474217
-0.408471
-0.323005
-0.227077
-0.124368
-0.015852
0.0975752
0.214804
0.334335
0.438309
0.509952
0.515228
0.398155
0.211326
0.00668927
-0.181677
-0.340867
-0.463175
-0.58299
-0.536123
-0.500118
-0.434051
-0.34836
-0.252378
-0.149898
-0.0420236
0.0701126
0.185027
0.300619
0.398444
0.458358
0.437695
0.284057
0.0956522
-0.103003
-0.274764
-0.36972
-0.395476
-0.409104
-0.563819
-0.527695
-0.461395
-0.375634
-0.279785
-0.177708
-0.0707249
0.0398074
0.151965
0.262901
0.354085
0.397566
0.358632
0.17472
-0.0120788
-0.190579
-0.319795
-0.35658
-0.365461
-0.365764
-0.593455
-0.557074
-0.490542
-0.404813
-0.309247
-0.207806
-0.101984
0.0065945
0.115532
0.221115
0.304651
0.332934
0.264576
0.0746644
-0.106055
-0.261149
-0.333027
-0.346731
-0.347679
-0.347506
-0.625046
-0.588294
-0.521506
-0.435891
-0.340773
-0.24018
-0.135813
-0.029556
0.0757249
0.175327
0.249896
0.264296
0.158787
-0.0163148
-0.186779
-0.309346
-0.336951
-0.337539
-0.337806
-0.337266
-0.658332
-0.621176
-0.554172
-0.468773
-0.374265
-0.274766
-0.172184
-0.0686358
0.0325697
0.125631
0.190822
0.186823
0.0636587
-0.101143
-0.250205
-0.318416
-0.33338
-0.33257
-0.332539
-0.33198
-0.692734
-0.655365
-0.588266
-0.503214
-0.409519
-0.311387
-0.210935
-0.110537
-0.0137702
0.0724225
0.127614
0.107872
-0.024947
-0.17729
-0.293985
-0.327488
-0.327443
-0.328289
-0.328201
-0.328028
-0.727811
-0.690321
-0.623294
-0.538771
-0.446151
-0.349693
-0.25175
-0.154997
-0.0630624
0.0165392
0.0586573
0.0317086
-0.106667
-0.238094
-0.324492
-0.330303
-0.328139
-0.324742
-0.323549
-0.323384
-0.762568
-0.725127
-0.658475
-0.574763
-0.483561
-0.389166
-0.294106
-0.201522
-0.114928
-0.0413966
-0.0107494
-0.0490714
-0.179608
-0.28502
-0.336504
-0.344499
-0.333546
-0.327119
-0.323679
-0.322192
-0.795119
-0.758469
-0.692741
-0.610246
-0.520895
-0.429035
-0.33727
-0.249284
-0.168699
-0.101223
-0.0760773
-0.138936
-0.248272
-0.323929
-0.345082
-0.347715
-0.347742
-0.345506
-0.342489
-0.340482
-0.824382
-0.788807
-0.724639
-0.643952
-0.557
-0.468236
-0.380306
-0.297147
-0.223244
-0.162614
-0.141388
-0.226135
-0.324649
-0.355396
-0.377267
-0.379555
-0.377718
-0.377655
-0.37826
-0.377498
-0.847604
-0.813983
-0.752355
-0.674269
-0.590444
-0.505381
-0.421982
-0.343827
-0.277014
-0.224177
-0.206455
-0.306611
-0.425105
-0.439711
-0.433507
-0.449538
-0.455415
-0.457597
-0.456213
-0.453932
-0.862621
-0.831783
-0.773728
-0.699319
-0.619546
-0.538872
-0.460594
-0.387993
-0.328026
-0.283236
-0.26863
-0.379084
-0.553381
-0.640986
-0.613548
-0.584419
-0.579379
-0.579909
-0.573434
-0.571015
-0.866617
-0.839713
-0.786545
-0.717121
-0.642416
-0.567062
-0.494114
-0.427818
-0.374077
-0.338259
-0.327525
-0.432803
-0.62966
-0.794395
-0.721193
-0.697504
-0.686629
-0.667094
-0.654301
-0.65121
-0.85756
-0.835405
-0.78861
-0.725746
-0.657324
-0.588157
-0.520937
-0.460462
-0.412773
-0.388259
-0.371492
-0.476488
-0.498613
-0.578413
-0.544979
-0.626675
-0.65184
-0.641237
-0.640121
-0.639203
-0.832289
-0.815719
-0.777914
-0.723754
-0.663043
-0.600547
-0.539734
-0.483667
-0.441028
-0.423628
-0.421511
-0.468051
-0.392647
-0.2807
-0.295966
-0.453954
-0.555213
-0.570912
-0.578553
-0.578098
-0.793844
-0.782995
-0.755025
-0.711259
-0.659103
-0.603992
-0.548462
-0.497109
-0.455932
-0.437273
-0.459873
-0.501548
-0.518067
-0.556169
-0.771857
-0.932738
-0.926327
-0.761704
-0.67309
-0.676517
-0.748386
-0.742207
-0.72453
-0.69096
-0.6475
-0.598635
-0.547559
-0.498337
-0.457095
-0.433097
-0.464785
-0.574852
-0.876629
-1.21112
-1.43219
-1.58133
-1.56291
-1.41876
-1.25821
-1.19515
-0.7053
-0.701759
-0.692435
-0.668171
-0.631401
-0.586689
-0.538277
-0.486753
-0.439122
-0.411133
-0.398021
-0.506317
-0.761953
-1.16004
-1.39965
-1.49028
-1.47727
-1.37677
-1.25267
-1.16557
-0.671586
-0.669466
-0.664709
-0.647857
-0.6158
-0.572335
-0.521708
-0.465667
-0.404147
-0.340466
-0.275487
-0.240924
-0.320829
-0.418997
-0.393616
-0.194243
0.105129
0.329584
0.46281
0.521893
-0.644336
-0.643472
-0.642079
-0.632414
-0.60438
-0.55975
-0.503382
-0.438055
-0.357622
-0.260818
-0.150008
0.0299861
0.23314
0.542677
0.928607
1.30494
1.62226
1.85052
1.97395
2.01934
-0.626931
-0.626428
-0.626002
-0.621116
-0.597539
-0.551298
-0.487171
-0.408746
-0.318864
-0.195556
-0.062042
0.120697
0.422776
0.827034
1.36968
1.87938
2.26908
2.50814
2.61936
2.65281
-0.615311
-0.614594
-0.613573
-0.612173
-0.595018
-0.548451
-0.47743
-0.387981
-0.286954
-0.169769
-0.0288632
0.102106
0.340241
0.75642
1.28886
1.78158
2.13499
2.34355
2.4385
2.46142
-0.61322
-0.611018
-0.607983
-0.608705
-0.599861
-0.55292
-0.472657
-0.37683
-0.266941
-0.156028
-0.0247751
0.0930582
0.254873
0.606403
1.03351
1.39623
1.67026
1.82852
1.89484
1.91214
-0.631664
-0.629583
-0.630165
-0.634536
-0.623903
-0.564077
-0.467225
-0.363036
-0.255403
-0.141685
-0.0365051
0.0700943
0.161555
0.396451
0.726478
1.00067
1.19605
1.29974
1.34341
1.35369
-0.659595
-0.663038
-0.673487
-0.677526
-0.65222
-0.567215
-0.452149
-0.34087
-0.237918
-0.133127
-0.0459975
0.0328646
0.110129
0.278189
0.492135
0.668604
0.794705
0.862885
0.890948
0.897059
-0.63962
-0.649542
-0.66392
-0.665546
-0.625825
-0.525839
-0.410955
-0.307726
-0.211713
-0.124678
-0.0544963
-0.0112865
0.0244398
0.143867
0.298498
0.425913
0.507413
0.550283
0.567675
0.570722
-0.50811
-0.517908
-0.530226
-0.529719
-0.493716
-0.417085
-0.334594
-0.254007
-0.17851
-0.110888
-0.0597424
-0.0249113
-0.0178956
0.0770059
0.18683
0.260033
0.305899
0.330016
0.339122
0.340217
-0.295841
-0.301935
-0.310508
-0.314172
-0.300215
-0.269042
-0.23031
-0.184088
-0.136653
-0.0854254
-0.0505574
-0.0196719
-0.00636319
0.0495728
0.130299
0.175017
0.199208
0.209079
0.212699
0.213037
-0.0971636
-0.100219
-0.107182
-0.117839
-0.127599
-0.132241
-0.127645
-0.113997
-0.0904692
-0.0572163
-0.0276354
-0.00249275
0.0221648
0.0592652
0.0991624
0.120969
0.132322
0.140643
0.14359
0.144057
0.027669
0.0260101
0.0197347
0.00498834
-0.0166466
-0.0376895
-0.0521208
-0.0566791
-0.0502396
-0.0296461
-0.00341033
0.024793
0.053856
0.0886471
0.107884
0.115427
0.121216
0.124718
0.126365
0.125778
0.0820823
0.0808727
0.0754648
0.0616808
0.0399213
0.0162014
-0.0037032
-0.0161793
-0.0183728
-0.00760063
0.0150033
0.0453387
0.0760111
0.0926025
0.103155
0.107864
0.113417
0.118692
0.120314
0.119377
0.0954231
0.0945491
0.0905171
0.0799417
0.0626089
0.0423968
0.0237558
0.00927186
0.00284022
0.00695465
0.0244322
0.0509488
0.0779141
0.0829823
0.0877289
0.0944105
0.103802
0.110463
0.112008
0.110551
0.0900018
0.0894342
0.0867081
0.0793783
0.0668614
0.0514415
0.0356994
0.0226804
0.013991
0.0134636
0.0236597
0.0407437
0.0603608
0.0578626
0.0603667
0.0684107
0.0790646
0.0859829
0.0879345
0.086403
0.0774475
0.0770889
0.0753445
0.0705419
0.0620799
0.0509367
0.038833
0.0275298
0.0183504
0.0127845
0.0137571
0.0158053
0.0213979
0.0166538
0.0197723
0.0319573
0.0438635
0.0503515
0.0516808
0.0501218
0.0633201
0.0630738
0.0619776
0.0590046
0.0534954
0.0458599
0.0368357
0.0275617
0.0178208
0.00810512
-0.00183332
-0.0169749
-0.0319774
-0.0405997
-0.0281718
-0.0124899
-0.00106083
0.00351923
0.00463317
0.00385886
0.0503399
0.0501464
0.0494584
0.0477141
0.0442948
0.0393588
0.0327815
0.0253755
0.0157883
0.00357807
-0.0152567
-0.0453826
-0.0715253
-0.0776612
-0.0608035
-0.0442169
-0.0358398
-0.0335427
-0.0333423
-0.0335956
0.0397465
0.0395822
0.0391518
0.038176
0.0362316
0.0330481
0.0285221
0.0227658
0.0145188
0.00238807
-0.0194069
-0.0525421
-0.0827238
-0.0811449
-0.0648123
-0.052943
-0.0491819
-0.049685
-0.0497811
-0.0497257
0.0317551
0.0316154
0.031343
0.0308394
0.0298266
0.0280114
0.0251618
0.0210025
0.0150639
0.00556501
-0.0111625
-0.036392
-0.0560724
-0.0489834
-0.0391061
-0.0356589
-0.0370602
-0.039184
-0.0395401
-0.0395089
0.0259725
0.0258604
0.0256836
0.0254549
0.0250257
0.0240909
0.0227058
0.0201921
0.0171736
0.0126183
0.00617077
-0.00311237
-0.00826104
-0.0017566
-0.000628194
-0.00321647
-0.00708558
-0.00890811
-0.00911277
-0.0093588
0.0217331
0.021662
0.0215749
0.0215014
0.0214154
0.0211244
0.0208385
0.0202152
0.0203141
0.0209829
0.0261085
0.0352353
0.0425794
0.0486043
0.0422537
0.034691
0.0304212
0.0292463
0.0290258
0.0285031
0.0181136
0.0180848
0.0180812
0.0181055
0.0182115
0.0183935
0.0187614
0.0198071
0.0223941
0.0275751
0.042245
0.0684448
0.0916533
0.0894095
0.0775933
0.0677262
0.0648764
0.0647793
0.0641195
0.0631045
0.0144328
0.0144154
0.0144345
0.0144827
0.0147224
0.0152357
0.0160055
0.0179294
0.021723
0.0299419
0.0489753
0.0831969
0.1108
0.105858
0.0910767
0.0846815
0.083337
0.0846737
0.0836826
0.0825929
0.0104516
0.0104339
0.0104458
0.0104813
0.0106769
0.0112161
0.0121052
0.0139853
0.0173748
0.0259297
0.043315
0.0717463
0.091892
0.0868543
0.0806473
0.080926
0.084989
0.0864091
0.0845999
0.0831559
0.00602965
0.00600453
0.0060578
0.00610764
0.00617743
0.00647132
0.00715199
0.00830834
0.0105137
0.0160123
0.0267725
0.0419406
0.0452153
0.0470234
0.0481273
0.0524869
0.0600466
0.0622465
0.060198
0.0587181
0.00139433
0.00134769
0.00131836
0.0013423
0.00140161
0.00125759
0.00120337
0.00170254
0.00184725
0.00222047
0.00291723
0.00537758
0.0041077
0.00711626
0.0101836
0.0150982
0.0125014
0.00823377
0.00965
0.0105517
0.0425314
0.233129
0.40875
0.558206
0.679392
0.776561
0.858145
0.924297
0.941184
0.937214
0.33812
0.461256
0.576915
0.677997
0.763726
0.834979
0.891248
0.92924
0.949482
0.965938
0.53909
0.621364
0.702929
0.774892
0.83658
0.887835
0.928152
0.958752
0.981636
1.00087
0.687441
0.745356
0.804619
0.857971
0.904031
0.943131
0.975833
1.00316
1.0237
1.04262
0.804975
0.849245
0.893757
0.934936
0.971529
1.0038
1.03196
1.05578
1.07389
1.09195
0.905512
0.941437
0.976724
1.01087
1.04232
1.07074
1.09581
1.11682
1.1327
1.1502
0.994075
1.02653
1.05897
1.09031
1.11949
1.14601
1.16925
1.18828
1.20227
1.2193
1.08149
1.11424
1.14682
1.17813
1.207
1.23288
1.2551
1.27269
1.28513
1.30167
1.17613
1.21259
1.24744
1.27998
1.30923
1.33466
1.35584
1.37218
1.38384
1.4
1.28929
1.32984
1.36694
1.4
1.42857
1.45262
1.47229
1.4876
1.49952
1.51561
1.43065
1.47183
1.50714
1.53679
1.56204
1.58369
1.60222
1.61772
1.63086
1.64681
1.60232
1.63488
1.66174
1.68406
1.70416
1.7229
1.74065
1.75743
1.77236
1.78809
1.78876
1.80606
1.82319
1.83988
1.85598
1.87072
1.88463
1.89912
1.91436
1.93166
1.97214
1.98215
1.99536
2.00635
2.01576
2.02542
2.03604
2.04622
2.05552
2.08118
2.19009
2.18439
2.17145
2.15719
2.15089
2.15661
2.17476
2.20328
2.23705
2.27337
2.4929
2.35694
2.27745
2.23494
2.21763
2.2216
2.24903
2.3069
2.41457
2.59297
0.788967
0.782662
0.774927
0.763804
0.750221
0.737557
0.727136
0.719089
0.713324
0.70993
0.709501
0.712262
0.717436
0.724751
0.734269
0.746078
0.759627
0.772546
0.781529
0.789067
0.698054
0.703971
0.712039
0.718163
0.721219
0.72069
0.717579
0.713547
0.709906
0.707557
0.707345
0.70952
0.713213
0.717614
0.721684
0.723906
0.722816
0.718167
0.711105
0.703267
0.69134
0.693712
0.696973
0.699735
0.70217
0.704339
0.70549
0.705304
0.704312
0.703432
0.703561
0.704893
0.706609
0.707789
0.707675
0.70618
0.704001
0.701624
0.698631
0.695609
0.686599
0.687687
0.689598
0.691923
0.693778
0.695153
0.696338
0.697284
0.697821
0.698114
0.698571
0.699225
0.699621
0.699444
0.698771
0.697815
0.696459
0.69447
0.692349
0.690867
0.681639
0.682273
0.683396
0.68514
0.686964
0.68853
0.689743
0.690754
0.691662
0.692465
0.693139
0.693555
0.693608
0.693332
0.692741
0.691725
0.690265
0.688629
0.687274
0.686468
0.676797
0.677236
0.678018
0.679307
0.680806
0.682338
0.683772
0.685006
0.686076
0.687049
0.687868
0.688347
0.688424
0.688104
0.687374
0.686322
0.685126
0.68395
0.683026
0.682488
0.672065
0.672393
0.673
0.674054
0.675325
0.67669
0.678118
0.679522
0.680818
0.681996
0.682988
0.683574
0.683669
0.683318
0.682637
0.681784
0.680882
0.679986
0.679299
0.678903
0.667422
0.667677
0.668165
0.669061
0.670206
0.671476
0.672844
0.674294
0.675767
0.677182
0.678392
0.679119
0.679294
0.679058
0.678565
0.677928
0.677222
0.67654
0.676029
0.675726
0.662802
0.663005
0.66341
0.664196
0.665264
0.666484
0.667833
0.66932
0.670919
0.672554
0.674022
0.67497
0.675342
0.675314
0.675029
0.67459
0.674068
0.673562
0.673184
0.672945
0.658127
0.65829
0.658637
0.65935
0.660371
0.661568
0.662939
0.664496
0.666229
0.66809
0.669861
0.671124
0.67178
0.672005
0.671943
0.671705
0.671371
0.671021
0.670751
0.67056
0.653315
0.653447
0.653751
0.654419
0.655421
0.656639
0.658065
0.659727
0.661638
0.663768
0.665911
0.667572
0.668579
0.669102
0.669293
0.669265
0.669107
0.668905
0.668727
0.668574
0.64829
0.648396
0.648673
0.649322
0.650341
0.651623
0.653154
0.654981
0.657147
0.659645
0.662254
0.664379
0.665779
0.666635
0.667098
0.667293
0.667318
0.667253
0.667154
0.667029
0.642966
0.64305
0.64331
0.643966
0.64504
0.646428
0.648122
0.650194
0.652699
0.655653
0.658833
0.661534
0.663401
0.664626
0.665385
0.665826
0.666043
0.666112
0.666081
0.665979
0.63725
0.637313
0.637566
0.63825
0.639416
0.64096
0.642875
0.64526
0.648201
0.65175
0.655641
0.659012
0.661428
0.663091
0.6642
0.664916
0.665336
0.66554
0.665574
0.665494
0.631033
0.631077
0.631329
0.632062
0.633353
0.635101
0.6373
0.640068
0.643534
0.647777
0.652534
0.656758
0.659866
0.662076
0.663598
0.664625
0.665295
0.665648
0.665746
0.665682
0.624181
0.624198
0.624453
0.625258
0.626712
0.628722
0.631299
0.634582
0.638729
0.643863
0.649681
0.654923
0.658839
0.661681
0.663678
0.665069
0.666016
0.666532
0.666696
0.666648
0.616488
0.616502
0.616764
0.61766
0.619336
0.621696
0.624752
0.628686
0.633705
0.639952
0.647074
0.653545
0.658416
0.661983
0.664555
0.666393
0.667643
0.668333
0.668567
0.668533
0.607698
0.60768
0.607988
0.609021
0.610984
0.613778
0.617432
0.622172
0.628258
0.635894
0.64462
0.652546
0.658579
0.663052
0.666312
0.668687
0.67031
0.671205
0.671516
0.671493
0.597545
0.597506
0.59786
0.599066
0.601368
0.604702
0.60912
0.614889
0.622308
0.63161
0.642283
0.652045
0.659475
0.665013
0.669104
0.672114
0.674176
0.675309
0.675702
0.675689
0.585536
0.585474
0.585898
0.587339
0.590099
0.594161
0.599595
0.606721
0.615908
0.6274
0.640453
0.652272
0.661283
0.668056
0.67311
0.676852
0.67943
0.680832
0.681311
0.681304
0.57104
0.570955
0.571496
0.573258
0.576619
0.581641
0.588398
0.597254
0.60861
0.622703
0.638637
0.653016
0.663955
0.672196
0.67841
0.683042
0.68623
0.687938
0.688503
0.688492
0.5531
0.552998
0.553731
0.555973
0.560189
0.566559
0.575154
0.586379
0.600642
0.618082
0.637447
0.654683
0.667741
0.677625
0.685158
0.690797
0.694674
0.69671
0.697352
0.697327
0.53023
0.530129
0.531197
0.534207
0.539744
0.548122
0.559346
0.573801
0.591799
0.613317
0.636708
0.657237
0.672694
0.684409
0.693374
0.700146
0.704764
0.707124
0.707822
0.707772
0.50007
0.500018
0.501691
0.506042
0.513828
0.525373
0.540496
0.559428
0.582256
0.608708
0.636718
0.660855
0.678896
0.692574
0.703102
0.711078
0.716427
0.719059
0.719778
0.719692
0.458485
0.458639
0.461651
0.468823
0.480841
0.49763
0.518573
0.543578
0.572429
0.604657
0.637771
0.665752
0.686492
0.702199
0.714336
0.723524
0.729515
0.732288
0.732968
0.73284
0.397824
0.399141
0.406492
0.420125
0.439892
0.465005
0.494138
0.52684
0.562794
0.601451
0.640029
0.67199
0.695462
0.713189
0.7269
0.737201
0.743667
0.746405
0.746945
0.74678
0.324816
0.327455
0.341757
0.365359
0.395779
0.430772
0.468832
0.509774
0.553417
0.599286
0.644343
0.681382
0.708568
0.729182
0.745017
0.756679
0.763802
0.766704
0.76733
0.767296
0.249959
0.256899
0.278367
0.311891
0.352651
0.39729
0.444293
0.493563
0.545002
0.598204
0.649913
0.692241
0.723299
0.746942
0.765211
0.778486
0.786163
0.788897
0.789389
0.789454
0.189081
0.197817
0.223959
0.264555
0.313369
0.366185
0.421266
0.478351
0.537245
0.597484
0.655531
0.702805
0.737429
0.763755
0.784079
0.798625
0.806601
0.809583
0.810467
0.810622
0.139147
0.148582
0.17823
0.224066
0.279007
0.338381
0.400256
0.464227
0.529904
0.596713
0.660712
0.712589
0.750463
0.779166
0.80125
0.817025
0.825912
0.82948
0.830526
0.830699
0.0971764
0.10691
0.138955
0.188871
0.248816
0.313644
0.381265
0.451207
0.522947
0.59575
0.665277
0.721399
0.762216
0.793117
0.8168
0.833619
0.843244
0.847251
0.848448
0.848622
0.0606934
0.0705745
0.104432
0.157611
0.221707
0.291186
0.363813
0.439028
0.516223
0.594502
0.669092
0.729156
0.772656
0.805422
0.830305
0.847869
0.858146
0.862578
0.863867
0.864045
0.0280423
0.0379971
0.0732889
0.129173
0.19679
0.270286
0.347332
0.427298
0.509475
0.592816
0.672158
0.735879
0.781848
0.816131
0.841853
0.85989
0.870641
0.875414
0.876836
0.877032
-0.00199853
0.00801998
0.0444698
0.102716
0.17339
0.250397
0.331377
0.415664
0.50244
0.590563
0.674457
0.741685
0.789921
0.825535
0.85194
0.870375
0.881431
0.886456
0.887962
0.888151
-0.0303181
-0.0202263
0.0172991
0.0776474
0.151019
0.23113
0.315637
0.40386
0.494935
0.587618
0.675953
0.746632
0.797038
0.833867
0.860857
0.879625
0.890861
0.896027
0.897543
0.897727
-0.0574385
-0.0472268
-0.00871775
0.0535285
0.129319
0.212214
0.299911
0.391738
0.486826
0.583894
0.67662
0.750756
0.803314
0.841347
0.868918
0.887975
0.89934
0.904543
0.906053
0.906156
-0.0837196
-0.0733421
-0.0339025
0.0300895
0.108061
0.19347
0.284058
0.379193
0.478036
0.579322
0.676411
0.75407
0.808866
0.848173
0.876396
0.895752
0.907212
0.912379
0.913842
0.913931
-0.10939
-0.0987699
-0.0584395
0.00716134
0.0871122
0.174789
0.268002
0.366175
0.468523
0.573849
0.675278
0.756582
0.813782
0.854499
0.883462
0.903133
0.914664
0.919753
0.921117
0.921167
-0.134488
-0.123606
-0.0824287
-0.0153471
0.0664068
0.156134
0.251718
0.352666
0.458269
0.567438
0.673166
0.758279
0.81811
0.860422
0.890216
0.910198
0.921714
0.926647
0.92788
0.927867
-0.159077
-0.147926
-0.105926
-0.0374448
0.0459281
0.137492
0.235216
0.338682
0.447283
0.560077
0.67002
0.7591
0.821856
0.866028
0.896771
0.917029
0.928429
0.933114
0.934155
0.934072
-0.183143
-0.171719
-0.128899
-0.0591255
0.0256957
0.118899
0.218539
0.324269
0.435597
0.551753
0.665782
0.758955
0.824981
0.87138
0.903255
0.923736
0.93483
0.93911
0.939928
0.939789
-0.206721
-0.194957
-0.151307
-0.0803633
0.00574436
0.100405
0.201745
0.309496
0.423265
0.542486
0.660403
0.757744
0.827386
0.8765
0.909839
0.930502
0.941007
0.944658
0.945193
0.945003
-0.229575
-0.217582
-0.173119
-0.10112
-0.0138662
0.0820882
0.184905
0.294435
0.410363
0.532331
0.653857
0.755369
0.828933
0.881323
0.916706
0.937689
0.947218
0.949812
0.949922
0.949695
-0.251855
-0.239529
-0.194293
-0.121356
-0.033091
0.0639969
0.168117
0.279173
0.396978
0.521367
0.646149
0.751733
0.829438
0.885643
0.923921
0.945843
0.954164
0.954939
0.954157
0.953872
-0.273375
-0.260757
-0.214806
-0.141014
-0.0518424
0.0462206
0.151469
0.263831
0.383219
0.509666
0.637317
0.746743
0.828706
0.889121
0.931234
0.955439
0.96325
0.961519
0.958525
0.957672
-0.294233
-0.281289
-0.234596
-0.160033
-0.0700801
0.0288302
0.135048
0.248493
0.369194
0.497367
0.627436
0.74031
0.826545
0.891332
0.937902
0.966166
0.975838
0.973002
0.966223
0.956408
-0.314315
-0.301121
-0.253764
-0.178587
-0.0880368
0.0115249
0.118496
0.232729
0.354425
0.483934
0.61595
0.731803
0.822427
0.891813
0.94295
0.976661
0.991465
0.989977
0.979283
0.975927
-0.33358
-0.320338
-0.272308
-0.196611
-0.105687
-0.0056676
0.101849
0.216521
0.338883
0.46925
0.602698
0.720798
0.815698
0.889768
0.944143
0.981601
0.999609
1.00284
0.969333
0.929688
-0.351794
-0.338801
-0.290177
-0.213974
-0.123008
-0.0227637
0.0851184
0.200005
0.322643
0.453367
0.587633
0.707033
0.805398
0.884546
0.939516
0.971117
0.989439
0.97562
0.924283
0.868445
-0.371682
-0.35526
-0.307104
-0.230179
-0.139799
-0.0395078
0.0679668
0.183236
0.305804
0.436402
0.570706
0.690334
0.789932
0.876783
0.9277
0.959678
0.944136
0.904265
0.842066
0.782903
-0.361806
-0.337869
-0.286217
-0.204671
-0.108835
-0.00502391
0.107826
0.226412
0.352347
0.486941
0.615091
0.7216
0.814158
0.901712
0.934648
0.875471
0.83477
0.778481
0.714783
0.67397
-0.376256
-0.368535
-0.327984
-0.256217
-0.16599
-0.0661551
0.0415796
0.156541
0.278512
0.408057
0.540806
0.658913
0.754456
0.841403
0.903963
0.894971
0.797243
0.726061
0.672059
0.600709
-0.398397
-0.38772
-0.343756
-0.270732
-0.180023
-0.0805998
0.025987
0.139986
0.261035
0.389198
0.52014
0.636428
0.728075
0.802359
0.827936
0.754017
0.636452
0.560168
0.499547
0.426802
-0.422559
-0.410668
-0.363635
-0.289603
-0.198955
-0.0994299
0.00720627
0.120977
0.24116
0.367846
0.495909
0.607916
0.691484
0.746154
0.726774
0.606807
0.478981
0.387699
0.313783
0.207691
-0.446573
-0.434612
-0.385787
-0.310606
-0.219852
-0.120317
-0.0137648
0.0994659
0.218553
0.34334
0.467927
0.574576
0.649792
0.68026
0.622565
0.458877
0.306592
0.186439
0.0870433
-0.0500673
-0.470519
-0.458569
-0.408603
-0.332405
-0.241272
-0.141765
-0.0355658
0.0768459
0.194574
0.317075
0.437716
0.538326
0.604077
0.601441
0.491591
0.311703
0.130258
-0.0305581
-0.167795
-0.413826
-0.494812
-0.482984
-0.432322
-0.35544
-0.26396
-0.164432
-0.0586033
0.052959
0.169195
0.289144
0.405473
0.499094
0.552515
0.518858
0.363545
0.172594
-0.0252369
-0.199258
-0.365134
-0.626994
-0.520045
-0.50833
-0.457308
-0.379979
-0.288245
-0.188697
-0.0832036
0.027525
0.142198
0.259381
0.37116
0.456944
0.49452
0.438008
0.245435
0.0491207
-0.146272
-0.312655
-0.396392
-0.445261
-0.54691
-0.535248
-0.483932
-0.40635
-0.314564
-0.215171
-0.110182
-0.000531356
0.112228
0.226101
0.332664
0.409494
0.428227
0.329524
0.134958
-0.0588121
-0.231253
-0.34056
-0.375377
-0.381421
-0.575597
-0.563927
-0.512304
-0.434563
-0.342867
-0.243817
-0.139566
-0.0312776
0.079173
0.189159
0.289648
0.357102
0.347378
0.219317
0.0319114
-0.148546
-0.292784
-0.343559
-0.352827
-0.355209
-0.606256
-0.594485
-0.542485
-0.464627
-0.373147
-0.274635
-0.171365
-0.0647703
0.042978
0.148565
0.242049
0.299449
0.265965
0.11494
-0.0599443
-0.227555
-0.320097
-0.341979
-0.342032
-0.3421
-0.638759
-0.626858
-0.574437
-0.496505
-0.405362
-0.307579
-0.20557
-0.10101
0.00364109
0.104323
0.190184
0.234677
0.191817
0.019347
-0.141152
-0.281947
-0.331576
-0.333952
-0.334817
-0.33459
-0.67273
-0.660732
-0.607927
-0.530024
-0.439366
-0.342529
-0.242076
-0.139931
-0.0387993
0.0566169
0.134199
0.166666
0.108418
-0.0649494
-0.213309
-0.308062
-0.329199
-0.329957
-0.330609
-0.330409
-0.707701
-0.695641
-0.642561
-0.564823
-0.474839
-0.379212
-0.280626
-0.181324
-0.0841668
0.00581201
0.0744545
0.0946666
0.0147425
-0.140034
-0.272267
-0.315615
-0.326319
-0.326642
-0.326212
-0.326056
-0.742903
-0.730875
-0.677681
-0.600311
-0.511264
-0.417171
-0.320817
-0.224789
-0.132145
-0.0477899
0.0127191
0.0142376
-0.072498
-0.203773
-0.308224
-0.345284
-0.335111
-0.327099
-0.322499
-0.321613
-0.777213
-0.765317
-0.712305
-0.635616
-0.547875
-0.455724
-0.362026
-0.269654
-0.182145
-0.103857
-0.0488334
-0.0643714
-0.156433
-0.260331
-0.330717
-0.34327
-0.341096
-0.336578
-0.332917
-0.32985
-0.808676
-0.797239
-0.745074
-0.66957
-0.58363
-0.493914
-0.403407
-0.315027
-0.233196
-0.161571
-0.111021
-0.137645
-0.243234
-0.311912
-0.353503
-0.360222
-0.360839
-0.359093
-0.357999
-0.356566
-0.835775
-0.825055
-0.774314
-0.700631
-0.617171
-0.530484
-0.443791
-0.359855
-0.283875
-0.219715
-0.175229
-0.207417
-0.331149
-0.385449
-0.373733
-0.400475
-0.407223
-0.410014
-0.41079
-0.410025
-0.855852
-0.846083
-0.797824
-0.726911
-0.64684
-0.563936
-0.48163
-0.402865
-0.332578
-0.27654
-0.238485
-0.273059
-0.422606
-0.523907
-0.521154
-0.514646
-0.511733
-0.51543
-0.514596
-0.510181
-0.866638
-0.857836
-0.813165
-0.746355
-0.670747
-0.592574
-0.515189
-0.44222
-0.377752
-0.329819
-0.298496
-0.33538
-0.50622
-0.70296
-0.733263
-0.668043
-0.649359
-0.641694
-0.631123
-0.622542
-0.864447
-0.856868
-0.818288
-0.75687
-0.686956
-0.614547
-0.542879
-0.475502
-0.417515
-0.377087
-0.35313
-0.399645
-0.515519
-0.676621
-0.693211
-0.672617
-0.694653
-0.676925
-0.661232
-0.655425
-0.846892
-0.841688
-0.810989
-0.756766
-0.69386
-0.628232
-0.563008
-0.500993
-0.448604
-0.414194
-0.411682
-0.442821
-0.454839
-0.381624
-0.367066
-0.449333
-0.579767
-0.607535
-0.608438
-0.608505
-0.814397
-0.810701
-0.789205
-0.745083
-0.690709
-0.632849
-0.573866
-0.517764
-0.46842
-0.437258
-0.440417
-0.46585
-0.454675
-0.354824
-0.332177
-0.515683
-0.60706
-0.600152
-0.576335
-0.577002
-0.771397
-0.769079
-0.756289
-0.72376
-0.678609
-0.62834
-0.575673
-0.523388
-0.476951
-0.444271
-0.445188
-0.503613
-0.616771
-0.801004
-1.06441
-1.28379
-1.33798
-1.19107
-1.01064
-0.913107
-0.725787
-0.72449
-0.717974
-0.697078
-0.661116
-0.616704
-0.56886
-0.518328
-0.471123
-0.436334
-0.419553
-0.486086
-0.704722
-1.12776
-1.36557
-1.53166
-1.62067
-1.59757
-1.50903
-1.42659
-0.686801
-0.68609
-0.683078
-0.669939
-0.641782
-0.602155
-0.555551
-0.504698
-0.449707
-0.398226
-0.367997
-0.350017
-0.463915
-0.724799
-1.053
-1.16468
-1.04295
-0.830265
-0.651338
-0.525077
-0.657133
-0.656283
-0.654776
-0.648635
-0.626549
-0.589055
-0.540093
-0.483205
-0.41809
-0.341637
-0.256391
-0.143435
-0.056146
0.052025
0.271946
0.538473
0.865787
1.13395
1.30455
1.38963
-0.634808
-0.634349
-0.633694
-0.631482
-0.616201
-0.579949
-0.52607
-0.459849
-0.383243
-0.283928
-0.16664
-0.0121419
0.239844
0.563972
0.999565
1.48178
1.88816
2.19227
2.36687
2.44035
-0.620601
-0.620328
-0.619772
-0.618945
-0.609703
-0.575342
-0.517521
-0.44124
-0.350079
-0.24668
-0.107187
0.0276168
0.236424
0.571651
1.08153
1.6447
2.10371
2.40694
2.56606
2.62667
-0.61245
-0.61182
-0.609844
-0.608957
-0.606068
-0.577294
-0.514811
-0.430597
-0.3287
-0.221974
-0.0946151
0.0376316
0.175675
0.481422
0.93372
1.39814
1.77314
2.02336
2.15324
2.19705
-0.620366
-0.618655
-0.615431
-0.615161
-0.616322
-0.58966
-0.516938
-0.421193
-0.317234
-0.203383
-0.0941558
0.0310907
0.132239
0.324799
0.693132
1.04659
1.32394
1.50316
1.58926
1.61938
-0.647739
-0.646218
-0.648554
-0.655007
-0.654626
-0.61174
-0.51691
-0.406403
-0.300514
-0.192438
-0.088959
0.00671354
0.0944407
0.215898
0.466294
0.716839
0.911399
1.03135
1.08911
1.10819
-0.660592
-0.662968
-0.675178
-0.685843
-0.675045
-0.609412
-0.49435
-0.379359
-0.274785
-0.177598
-0.0865929
-0.018123
0.0365103
0.124747
0.306364
0.471844
0.596686
0.671889
0.707115
0.718152
-0.587764
-0.5925
-0.606446
-0.61604
-0.60027
-0.53034
-0.426572
-0.329412
-0.238854
-0.155718
-0.0867967
-0.0355633
-0.0164946
0.0402146
0.164362
0.28257
0.36422
0.412738
0.435227
0.442482
-0.404581
-0.409757
-0.419991
-0.427705
-0.416749
-0.3735
-0.315235
-0.252186
-0.189031
-0.12842
-0.076396
-0.0388639
-0.0208938
0.0129458
0.114552
0.191104
0.233118
0.256799
0.264346
0.266402
-0.188072
-0.191165
-0.197235
-0.205381
-0.209662
-0.202945
-0.187933
-0.16284
-0.131755
-0.0926701
-0.0530739
-0.028933
-0.00118015
0.0205785
0.081371
0.129079
0.150872
0.163097
0.169945
0.172049
-0.0236711
-0.0253282
-0.0291448
-0.0391437
-0.0552536
-0.0721951
-0.0838848
-0.0858365
-0.0783239
-0.0573354
-0.0291267
-0.00310679
0.0257127
0.0526127
0.0887543
0.109815
0.119367
0.126621
0.130643
0.131394
0.0624231
0.0614245
0.0584655
0.0484358
0.0290745
0.00468987
-0.0167393
-0.0310727
-0.0350998
-0.027515
-0.00590521
0.0214903
0.0538346
0.0827117
0.101605
0.111474
0.115263
0.119471
0.121967
0.122331
0.0925244
0.0918594
0.0895374
0.0813569
0.0649249
0.0431472
0.0217029
0.00426273
-0.00549954
-0.00473525
0.00965339
0.0341496
0.0662962
0.0865556
0.0934427
0.09953
0.106873
0.114045
0.117921
0.117723
0.0943158
0.0939221
0.0922966
0.0864748
0.0743621
0.0575477
0.0394502
0.0237243
0.0122739
0.00880845
0.0168031
0.0350191
0.061429
0.0751306
0.0741215
0.078473
0.0867328
0.0964472
0.10085
0.100586
0.0842531
0.0840469
0.0829832
0.0791287
0.0708666
0.0588018
0.0450071
0.0316329
0.0208347
0.0142266
0.0159606
0.0240599
0.0377046
0.0431041
0.039025
0.0466751
0.0578493
0.0674675
0.0717155
0.0710779
0.0703983
0.0702916
0.0696028
0.0671838
0.0617911
0.0536244
0.0435426
0.032985
0.0229603
0.0144326
0.00841973
0.0029288
-0.00188368
-0.0101144
-0.00927909
0.0025617
0.0162907
0.0247297
0.0277491
0.0274979
0.0565813
0.0565106
0.0560451
0.0545753
0.0512599
0.0459713
0.0389208
0.0308284
0.0219976
0.0114183
-0.000826862
-0.0206054
-0.0430023
-0.0631266
-0.0562456
-0.0394867
-0.0247888
-0.0181169
-0.0163493
-0.0164851
0.0447301
0.0446585
0.0443309
0.0434704
0.0415811
0.0382311
0.0335339
0.0273568
0.0198509
0.00935741
-0.00659868
-0.0342825
-0.0683834
-0.0880011
-0.0752902
-0.0585401
-0.0481457
-0.0448309
-0.0451447
-0.0448932
0.0354544
0.0353763
0.0351397
0.0346577
0.0336495
0.0317337
0.0287189
0.0243207
0.0187342
0.00972094
-0.00527624
-0.0310952
-0.0624281
-0.074835
-0.0611492
-0.0497214
-0.0461163
-0.0468902
-0.0480219
-0.0477532
0.0286427
0.0285683
0.0283939
0.0281285
0.0276476
0.0266691
0.0250456
0.0222647
0.0185631
0.0126274
0.00325949
-0.0115813
-0.0293808
-0.0314217
-0.0228827
-0.0194575
-0.0219109
-0.0246243
-0.0258495
-0.0258907
0.0237598
0.0236943
0.023584
0.0234385
0.0232537
0.0228659
0.0221313
0.0210849
0.0195207
0.0176484
0.0163541
0.0165531
0.016272
0.0208212
0.0225304
0.0185341
0.0130296
0.0102994
0.00973712
0.00947214
0.0199432
0.0198961
0.019848
0.019793
0.0197883
0.0198229
0.0197438
0.0200577
0.0205447
0.0226728
0.0285435
0.0438245
0.0605893
0.0700695
0.0670598
0.0571461
0.0501894
0.0485334
0.0483918
0.0475634
0.0163154
0.0162736
0.0162575
0.0162772
0.0164229
0.0167
0.0171266
0.0182469
0.0203208
0.0252899
0.0362371
0.0620293
0.09594
0.107487
0.0945116
0.0815942
0.0763725
0.0763792
0.0766735
0.075426
0.0125063
0.0124625
0.0124591
0.0124917
0.0126151
0.0129959
0.0137287
0.0149743
0.0175834
0.0234732
0.0362957
0.0628646
0.0957581
0.106406
0.0942267
0.0872933
0.0868333
0.0875387
0.0877342
0.0861875
0.00830326
0.00825469
0.00826415
0.00829923
0.00836518
0.00863569
0.0092958
0.0103117
0.012545
0.0171834
0.027352
0.0473836
0.0675392
0.0728118
0.0666368
0.0670578
0.0731403
0.0778288
0.0768745
0.0749065
0.00136867
0.00133343
0.00131593
0.00139929
0.00128074
0.00117281
0.00148284
0.00184415
0.00191049
0.00242136
0.00423064
0.00425144
0.00672932
0.00858048
0.012739
0.0145096
0.00935416
0.00875391
0.0104611
0.0382582
-0.596115
-0.157581
0.179231
0.399978
0.563993
0.691559
0.792429
0.877591
0.966615
1.01877
0.1176
0.284814
0.430728
0.562716
0.674588
0.767042
0.842918
0.902708
0.935356
0.942709
0.403644
0.495915
0.596525
0.68774
0.766449
0.832911
0.886596
0.926416
0.953607
0.973659
0.585567
0.651894
0.721974
0.78772
0.84509
0.893774
0.933733
0.965914
0.991466
1.01134
0.724684
0.77352
0.825109
0.874232
0.91785
0.955758
0.98836
1.01632
1.03914
1.05669
0.836003
0.877505
0.916424
0.954551
0.989917
1.02176
1.05001
1.07451
1.09419
1.11036
0.934748
0.967415
1.00107
1.03392
1.06512
1.09384
1.11953
1.14167
1.15906
1.17369
1.02354
1.05356
1.08583
1.11751
1.14749
1.17506
1.19952
1.22016
1.23574
1.24909
1.11229
1.14448
1.17858
1.21133
1.24183
1.2693
1.2931
1.3126
1.32683
1.33928
1.21307
1.24928
1.28694
1.32156
1.35269
1.37974
1.40243
1.4206
1.43398
1.4465
1.33828
1.37721
1.41691
1.45127
1.48082
1.50586
1.52677
1.54385
1.55729
1.57074
1.49721
1.53312
1.56834
1.59691
1.62113
1.64251
1.66175
1.67903
1.69398
1.70844
1.68537
1.70782
1.73153
1.75137
1.76967
1.78706
1.8036
1.82001
1.83622
1.85181
1.87797
1.88614
1.89998
1.91485
1.92931
1.94227
1.95392
1.96517
1.9769
1.99299
2.07355
2.07348
2.08352
2.08699
2.08798
2.09237
2.10289
2.11782
2.13215
2.14657
2.37071
2.31519
2.26068
2.22103
2.19879
2.19468
2.20821
2.24201
2.29986
2.38021
0.911057
0.858563
0.815676
0.78266
0.758908
0.741775
0.729316
0.720292
0.714044
0.710419
0.709949
0.712831
0.718334
0.726335
0.737264
0.752078
0.77239
0.800559
0.838587
0.887937
0.722161
0.731104
0.737855
0.738091
0.733377
0.726584
0.719827
0.714182
0.710203
0.708436
0.709575
0.713197
0.71856
0.725204
0.732427
0.738711
0.741452
0.737994
0.728903
0.722582
0.694857
0.69706
0.701914
0.706047
0.709579
0.711597
0.7114
0.709581
0.707317
0.705689
0.705639
0.707401
0.710095
0.71274
0.714204
0.71352
0.710762
0.707028
0.702623
0.697959
0.689699
0.690656
0.693147
0.695593
0.697463
0.699093
0.700448
0.701121
0.701085
0.700872
0.701175
0.70212
0.70304
0.703284
0.702615
0.70136
0.69985
0.697856
0.695359
0.69325
0.684425
0.684903
0.686346
0.688413
0.690315
0.69176
0.692881
0.69386
0.694662
0.695282
0.695862
0.696344
0.696476
0.696198
0.695614
0.694695
0.693255
0.691374
0.689664
0.688601
0.679426
0.679724
0.68064
0.682117
0.68378
0.685375
0.686726
0.687835
0.688812
0.68971
0.690459
0.690888
0.690945
0.690661
0.689994
0.688916
0.687557
0.686173
0.685074
0.684428
0.674578
0.67479
0.675473
0.676631
0.678
0.679445
0.680899
0.682239
0.683421
0.684486
0.685386
0.685918
0.686003
0.685652
0.684917
0.683954
0.682918
0.681891
0.681098
0.68064
0.66986
0.670021
0.670562
0.671529
0.67273
0.674042
0.675439
0.676873
0.678266
0.679559
0.680654
0.681304
0.681427
0.681117
0.680524
0.679783
0.678983
0.678196
0.677604
0.677259
0.665209
0.665336
0.665778
0.666613
0.667717
0.668963
0.67032
0.671785
0.673324
0.674857
0.676192
0.677011
0.677268
0.677127
0.676738
0.676202
0.675586
0.674989
0.674549
0.674281
0.660552
0.660655
0.661028
0.661772
0.662813
0.664022
0.66538
0.666896
0.668556
0.670295
0.671904
0.673005
0.673513
0.673607
0.673431
0.673093
0.672662
0.672231
0.67191
0.671698
0.655802
0.655886
0.656209
0.656895
0.657902
0.659108
0.660505
0.66211
0.663924
0.665914
0.667864
0.669311
0.670134
0.670503
0.670562
0.670426
0.67018
0.669899
0.669677
0.669507
0.650879
0.650948
0.651236
0.651889
0.652896
0.654148
0.655623
0.657357
0.659383
0.661681
0.664042
0.665929
0.667126
0.667812
0.668138
0.668218
0.668151
0.668011
0.667872
0.667735
0.645706
0.645763
0.646029
0.646674
0.647715
0.649052
0.650661
0.652601
0.654924
0.657637
0.660515
0.662912
0.664536
0.665569
0.666178
0.666494
0.666608
0.666605
0.66654
0.666428
0.640189
0.640235
0.640489
0.641151
0.642266
0.643735
0.645538
0.647757
0.650468
0.653704
0.657221
0.660241
0.662366
0.663796
0.664724
0.665302
0.665612
0.665736
0.665737
0.665647
0.634225
0.634262
0.634511
0.635211
0.636434
0.638085
0.640138
0.642702
0.645888
0.649764
0.654066
0.657842
0.660587
0.662509
0.663822
0.664698
0.665219
0.665489
0.665555
0.665484
0.627695
0.627723
0.627976
0.628733
0.630101
0.631985
0.634367
0.63737
0.641153
0.645818
0.651079
0.655785
0.659279
0.661792
0.663551
0.664764
0.665541
0.665966
0.666097
0.666043
0.620447
0.620466
0.620728
0.621557
0.623115
0.625304
0.628112
0.631702
0.636255
0.641905
0.648338
0.654175
0.658551
0.661733
0.66402
0.66563
0.666692
0.667286
0.667487
0.667447
0.612236
0.612252
0.61254
0.61347
0.615282
0.617868
0.621212
0.625523
0.631053
0.637972
0.64586
0.653009
0.658423
0.662417
0.665331
0.667418
0.668817
0.6696
0.669874
0.669847
0.602809
0.602815
0.603132
0.604199
0.606327
0.609404
0.61342
0.618635
0.62533
0.633736
0.643384
0.6522
0.658916
0.663904
0.667583
0.670252
0.672056
0.673065
0.673419
0.673402
0.5918
0.591797
0.592152
0.593407
0.595935
0.599646
0.604545
0.610946
0.619201
0.629543
0.641349
0.652088
0.660268
0.666394
0.670974
0.674314
0.676591
0.677851
0.67829
0.678282
0.578654
0.578644
0.579058
0.580563
0.583634
0.588194
0.594246
0.602173
0.61237
0.625091
0.639515
0.652561
0.6625
0.669979
0.675614
0.679762
0.682598
0.684145
0.684672
0.684666
0.562613
0.562595
0.563105
0.564969
0.568775
0.574472
0.582066
0.592004
0.604709
0.620374
0.637953
0.653721
0.665698
0.674735
0.681619
0.686715
0.690208
0.692077
0.692688
0.692673
0.542496
0.542474
0.543144
0.545576
0.550484
0.557839
0.567629
0.580337
0.596349
0.615733
0.637031
0.655855
0.670082
0.680867
0.689106
0.695264
0.69948
0.701676
0.702356
0.702322
0.516458
0.516433
0.51739
0.520793
0.527474
0.537359
0.550326
0.566826
0.587081
0.610948
0.636581
0.658886
0.675623
0.688318
0.698086
0.70541
0.710375
0.712877
0.713596
0.71353
0.48143
0.481419
0.483011
0.488312
0.49821
0.512181
0.529923
0.551675
0.577368
0.606613
0.637119
0.663147
0.682528
0.697231
0.708581
0.717121
0.72279
0.725516
0.726226
0.726118
0.431674
0.431876
0.435542
0.445251
0.461189
0.481897
0.506611
0.535267
0.567545
0.602913
0.638727
0.668695
0.690808
0.707546
0.720513
0.730255
0.736519
0.739338
0.739976
0.739814
0.359861
0.362167
0.372987
0.392011
0.417849
0.447998
0.481584
0.518384
0.558119
0.600262
0.641886
0.676166
0.701324
0.720407
0.735237
0.74624
0.75309
0.756038
0.756658
0.756501
0.283724
0.289143
0.308425
0.337538
0.373974
0.413933
0.45648
0.501597
0.549146
0.598701
0.647118
0.68684
0.716001
0.738195
0.755432
0.768096
0.775666
0.778691
0.779288
0.779227
0.217251
0.223631
0.249155
0.286956
0.332504
0.381444
0.432616
0.485883
0.54111
0.597871
0.652789
0.697634
0.730514
0.755566
0.775023
0.789096
0.797072
0.800185
0.800862
0.800856
0.162908
0.169839
0.199416
0.243328
0.295692
0.351941
0.410553
0.471196
0.533567
0.597155
0.658223
0.707839
0.744132
0.771682
0.792958
0.808296
0.817219
0.82072
0.82136
0.821408
0.117719
0.124977
0.157206
0.205763
0.263544
0.325743
0.390583
0.457634
0.526421
0.596292
0.663112
0.71715
0.756531
0.786374
0.809359
0.825857
0.835539
0.839415
0.840183
0.840296
0.0790774
0.0865215
0.12058
0.172746
0.23501
0.302238
0.37243
0.445077
0.519606
0.595201
0.667307
0.725437
0.767623
0.799513
0.823884
0.841257
0.851502
0.855798
0.856784
0.85693
0.0449744
0.0525353
0.0879668
0.143061
0.209083
0.280629
0.355522
0.433166
0.512899
0.593749
0.670743
0.732661
0.777424
0.810985
0.836342
0.854264
0.864972
0.869642
0.870873
0.871053
0.0139296
0.0216018
0.0581746
0.115726
0.184988
0.260287
0.339347
0.421519
0.506034
0.591792
0.673428
0.738914
0.786032
0.821004
0.847099
0.865425
0.87645
0.881401
0.882809
0.883013
-0.0149899
-0.00721245
0.0303378
0.0900336
0.162146
0.240741
0.323526
0.409821
0.49878
0.589205
0.675326
0.744282
0.793611
0.829844
0.856561
0.87522
0.886496
0.89164
0.893109
0.893273
-0.0425188
-0.0346152
0.00387947
0.0654929
0.14014
0.221674
0.307808
0.39787
0.490984
0.585877
0.676412
0.748815
0.80029
0.837719
0.865003
0.883953
0.895353
0.900575
0.902102
0.90226
-0.0690435
-0.0610046
-0.0216556
0.041744
0.118677
0.202857
0.292029
0.385545
0.482538
0.581735
0.676644
0.752528
0.80619
0.844849
0.872741
0.891971
0.903462
0.908681
0.910194
0.910371
-0.094859
-0.0866437
-0.0464582
0.0185793
0.0975789
0.184149
0.276078
0.372763
0.473388
0.576716
0.675979
0.755442
0.811414
0.851409
0.879995
0.899525
0.911087
0.916266
0.9177
0.91781
-0.12006
-0.111676
-0.0706816
-0.00413213
0.076753
0.165482
0.259905
0.359498
0.463504
0.570775
0.67436
0.75755
0.816032
0.85752
0.886891
0.906731
0.918309
0.923383
0.924711
0.924736
-0.144742
-0.136179
-0.0943799
-0.0264376
0.0561596
0.146827
0.243506
0.345745
0.452882
0.563889
0.671739
0.758816
0.820069
0.863274
0.893529
0.913664
0.92516
0.930024
0.931187
0.931139
-0.168951
-0.160188
-0.117578
-0.0483323
0.0357972
0.128203
0.22691
0.331541
0.441533
0.55604
0.668051
0.759164
0.823513
0.868746
0.900027
0.920414
0.931707
0.936234
0.937185
0.937074
-0.192653
-0.18367
-0.140253
-0.069797
0.0156943
0.109653
0.21016
0.316934
0.429514
0.547245
0.663245
0.758498
0.826291
0.873984
0.906537
0.927116
0.937973
0.941994
0.942691
0.94252
-0.215764
-0.206573
-0.162349
-0.0908028
-0.00409718
0.0912299
0.193336
0.302001
0.416888
0.537525
0.657284
0.756718
0.828287
0.87897
0.913242
0.934033
0.944111
0.94732
0.947676
0.947458
-0.238226
-0.228832
-0.183831
-0.111311
-0.0235208
0.073013
0.17651
0.286829
0.403731
0.526953
0.650152
0.753722
0.829338
0.883576
0.92029
0.941626
0.950556
0.952367
0.952134
0.951877
-0.260039
-0.250416
-0.204669
-0.131265
-0.0425221
0.0550795
0.159777
0.271515
0.390142
0.515603
0.641878
0.74942
0.829248
0.887525
0.927614
0.950469
0.958358
0.957907
0.956239
0.95583
-0.281098
-0.271261
-0.224826
-0.150614
-0.0610279
0.0374858
0.143223
0.256154
0.37623
0.503585
0.632502
0.743719
0.827824
0.890424
0.934728
0.960751
0.969113
0.966451
0.961723
0.958901
-0.301452
-0.291403
-0.244279
-0.169364
-0.0790718
0.0202079
0.126823
0.240708
0.361957
0.490854
0.621952
0.736384
0.824795
0.891853
0.940757
0.971645
0.983522
0.981486
0.973011
0.959888
-0.321082
-0.310903
-0.263147
-0.187697
-0.0969086
0.002919
0.110179
0.224684
0.34675
0.476747
0.609551
0.726638
0.819446
0.891169
0.944188
0.980215
0.997523
0.995846
0.986279
0.957027
-0.340058
-0.329804
-0.281366
-0.205417
-0.114364
-0.0142016
0.093515
0.208319
0.330866
0.461476
0.595411
0.71429
0.811095
0.8876
0.942646
0.978592
0.996905
0.996888
0.950355
0.899025
-0.360032
-0.347193
-0.298839
-0.222398
-0.131597
-0.031287
0.0766019
0.191632
0.314279
0.444989
0.579379
0.69904
0.798413
0.88083
0.934058
0.958157
0.971419
0.945956
0.888007
0.830492
-0.38422
-0.379979
-0.320407
-0.236417
-0.146147
-0.0459743
0.0597353
0.175257
0.297677
0.428061
0.562034
0.681344
0.780432
0.873466
0.901905
0.921553
0.903998
0.853728
0.789759
0.728654
-0.362884
-0.354971
-0.296013
-0.212546
-0.116819
-0.0131246
0.0975448
0.215927
0.341507
0.475513
0.603017
0.708615
0.798298
0.885914
0.899827
0.820646
0.754841
0.700426
0.638099
0.51423
-0.398546
-0.370619
-0.310093
-0.226068
-0.130397
-0.027083
0.0830845
0.200834
0.325528
0.458002
0.583212
0.685901
0.766264
0.828123
0.802502
0.688847
0.594085
0.530511
0.461511
0.325878
-0.425133
-0.391565
-0.329581
-0.245881
-0.150388
-0.0472554
0.0630109
0.180025
0.30345
0.433693
0.555571
0.653468
0.72414
0.749878
0.678923
0.539406
0.428452
0.352094
0.263176
0.0795816
-0.449677
-0.414573
-0.350898
-0.266722
-0.171224
-0.0681312
0.0418267
0.157966
0.27988
0.407479
0.525032
0.616374
0.673218
0.663981
0.540315
0.380578
0.242162
0.136446
0.0287502
-0.247735
-0.473814
-0.437922
-0.373075
-0.288249
-0.192601
-0.0896569
0.0197092
0.134816
0.254997
0.379583
0.492041
0.576424
0.614771
0.573802
0.402077
0.220195
0.0454254
-0.0961923
-0.274083
-0.634068
-0.497975
-0.461965
-0.396375
-0.311066
-0.215223
-0.112457
-0.00368278
0.110296
0.228522
0.349765
0.456595
0.532887
0.550922
0.457012
0.271261
0.0713932
-0.115782
-0.279673
-0.469582
-0.81449
-0.52329
-0.487133
-0.421105
-0.335457
-0.239467
-0.13685
-0.0286378
0.0841858
0.200308
0.317951
0.418891
0.484784
0.477178
0.340643
0.15251
-0.0516104
-0.235957
-0.366064
-0.42081
-0.460246
-0.550157
-0.513876
-0.447575
-0.36178
-0.265823
-0.163523
-0.0560584
0.0553191
0.168903
0.282251
0.376816
0.428919
0.398318
0.228472
0.0401729
-0.147865
-0.299701
-0.360298
-0.378962
-0.382242
-0.578875
-0.542372
-0.475838
-0.390016
-0.294267
-0.192477
-0.0860385
0.0235564
0.134163
0.242491
0.329981
0.365326
0.314766
0.123475
-0.0605237
-0.227914
-0.332665
-0.349797
-0.35471
-0.354892
-0.609587
-0.572705
-0.505926
-0.420147
-0.324763
-0.223718
-0.118588
-0.0111229
0.0960384
0.198695
0.277798
0.299694
0.211202
0.0282797
-0.148038
-0.287811
-0.335329
-0.342179
-0.342191
-0.341807
-0.642166
-0.604823
-0.537792
-0.452156
-0.357289
-0.257215
-0.153699
-0.0487417
0.0545435
0.150933
0.22063
0.226191
0.109841
-0.0595537
-0.219848
-0.319934
-0.333926
-0.33451
-0.33481
-0.33432
-0.676159
-0.638466
-0.571248
-0.485865
-0.391699
-0.29285
-0.191291
-0.0892605
0.00977246
0.0993963
0.159582
0.147511
0.0184817
-0.13959
-0.274047
-0.319012
-0.329878
-0.330367
-0.330581
-0.330235
-0.711189
-0.673199
-0.60591
-0.520942
-0.427706
-0.33037
-0.231129
-0.132489
-0.0380792
0.0447427
0.0934835
0.068972
-0.0669792
-0.208711
-0.310284
-0.327114
-0.326504
-0.326432
-0.326094
-0.326051
-0.746299
-0.708363
-0.641144
-0.556831
-0.464818
-0.369341
-0.272795
-0.17807
-0.0887285
-0.0122111
0.0231576
-0.00703039
-0.1443
-0.260983
-0.333962
-0.339494
-0.331023
-0.324118
-0.321861
-0.321373
-0.780346
-0.742886
-0.676027
-0.592717
-0.502316
-0.40913
-0.315659
-0.225338
-0.14166
-0.0711473
-0.0440791
-0.0937631
-0.213679
-0.304212
-0.336142
-0.343417
-0.338411
-0.334914
-0.331168
-0.328892
-0.811814
-0.775258
-0.709304
-0.627504
-0.539197
-0.448822
-0.358897
-0.273307
-0.195998
-0.131814
-0.108742
-0.183494
-0.283623
-0.337891
-0.361784
-0.360901
-0.359876
-0.35859
-0.357289
-0.3559
-0.83868
-0.803799
-0.739348
-0.659742
-0.574169
-0.487187
-0.40144
-0.320734
-0.250387
-0.193608
-0.174734
-0.266856
-0.369958
-0.383473
-0.389052
-0.405496
-0.408754
-0.41054
-0.410606
-0.40932
-0.858542
-0.826056
-0.764141
-0.687663
-0.60567
-0.522708
-0.441842
-0.36633
-0.303045
-0.254295
-0.23806
-0.344285
-0.48603
-0.52498
-0.516302
-0.512199
-0.513773
-0.515756
-0.512514
-0.508714
-0.868954
-0.839449
-0.781461
-0.709309
-0.631898
-0.553754
-0.478162
-0.408639
-0.351814
-0.311413
-0.299654
-0.408431
-0.607913
-0.74776
-0.696102
-0.653711
-0.645693
-0.637005
-0.625922
-0.621257
-0.867108
-0.841449
-0.789281
-0.72264
-0.650971
-0.57864
-0.508468
-0.445313
-0.394514
-0.364244
-0.35123
-0.458372
-0.588544
-0.726923
-0.664979
-0.688533
-0.688033
-0.667683
-0.65718
-0.655288
-0.848962
-0.829993
-0.785765
-0.72599
-0.661365
-0.595534
-0.531466
-0.473374
-0.428522
-0.408942
-0.40432
-0.476534
-0.412224
-0.385629
-0.381857
-0.526351
-0.603341
-0.607786
-0.608806
-0.607704
-0.816117
-0.803004
-0.769206
-0.718701
-0.662112
-0.603439
-0.545441
-0.4917
-0.450199
-0.43404
-0.446509
-0.474618
-0.414098
-0.31634
-0.416586
-0.581366
-0.612703
-0.586836
-0.573592
-0.579575
-0.772766
-0.764628
-0.742325
-0.702182
-0.653867
-0.602349
-0.549275
-0.499191
-0.458794
-0.436403
-0.469333
-0.549143
-0.702504
-0.919891
-1.18673
-1.34195
-1.2792
-1.09846
-0.943033
-0.912676
-0.726795
-0.722437
-0.709614
-0.680526
-0.639711
-0.593225
-0.543838
-0.494506
-0.449845
-0.427209
-0.440732
-0.559804
-0.90465
-1.28626
-1.44706
-1.59349
-1.62286
-1.5567
-1.46303
-1.40843
-0.687445
-0.685204
-0.678283
-0.657566
-0.623197
-0.579586
-0.530718
-0.476791
-0.424769
-0.381237
-0.346686
-0.396064
-0.566318
-0.907311
-1.12937
-1.13432
-0.933336
-0.736472
-0.579883
-0.496085
-0.656776
-0.65567
-0.653001
-0.639736
-0.609482
-0.565672
-0.512553
-0.452862
-0.380168
-0.29855
-0.207004
-0.0973632
-0.0121155
0.152073
0.391072
0.70172
1.01197
1.23261
1.35517
1.40871
-0.63465
-0.633983
-0.633246
-0.626276
-0.600491
-0.554932
-0.49462
-0.422742
-0.337455
-0.224703
-0.0989756
0.106999
0.389805
0.767438
1.24431
1.69584
2.05498
2.29656
2.41324
2.45315
-0.620516
-0.620052
-0.619554
-0.616577
-0.595797
-0.54907
-0.481475
-0.396925
-0.301597
-0.178144
-0.0406698
0.112229
0.38313
0.801539
1.3692
1.89213
2.27623
2.50155
2.60688
2.63442
-0.612286
-0.610954
-0.608985
-0.608922
-0.595992
-0.549686
-0.474636
-0.381836
-0.27548
-0.163414
-0.0240428
0.0964883
0.302798
0.695382
1.1717
1.59951
1.91511
2.10198
2.1831
2.20283
-0.619742
-0.617102
-0.614598
-0.616596
-0.608638
-0.55796
-0.470394
-0.370911
-0.260894
-0.148416
-0.0297513
0.0847774
0.200824
0.4972
0.878724
1.19508
1.42733
1.55599
1.6093
1.62329
-0.646777
-0.646651
-0.652008
-0.657109
-0.640515
-0.568711
-0.461905
-0.35301
-0.247962
-0.136743
-0.0421184
0.0528495
0.139127
0.329805
0.598095
0.82141
0.981615
1.0662
1.10272
1.10931
-0.660638
-0.668085
-0.681655
-0.684709
-0.65067
-0.554575
-0.435709
-0.326224
-0.225775
-0.129326
-0.0498171
0.00921902
0.0665209
0.212395
0.392597
0.540537
0.640228
0.693711
0.714724
0.71909
-0.588917
-0.598897
-0.612792
-0.612959
-0.572671
-0.479072
-0.377204
-0.283682
-0.19596
-0.118937
-0.0585279
-0.0222485
-0.00421462
0.0988687
0.227827
0.327551
0.392595
0.426618
0.440273
0.442587
-0.406448
-0.414518
-0.424877
-0.425677
-0.398793
-0.344931
-0.284559
-0.220143
-0.15878
-0.0993965
-0.0572386
-0.0232589
-0.0174714
0.0606371
0.158047
0.21556
0.246978
0.261902
0.265705
0.266377
-0.189382
-0.193758
-0.2013
-0.208482
-0.207601
-0.196477
-0.176548
-0.148011
-0.113259
-0.0711306
-0.0400225
-0.0132983
0.00872069
0.0501834
0.108669
0.141302
0.158068
0.167169
0.171534
0.171905
-0.0244876
-0.0266796
-0.033253
-0.0466801
-0.0639478
-0.0790382
-0.086027
-0.0833693
-0.0694198
-0.0432501
-0.0151332
0.0109673
0.0369859
0.0752473
0.10094
0.114753
0.123493
0.129093
0.131316
0.131161
0.0618983
0.0605062
0.0545644
0.0398176
0.0170281
-0.00661766
-0.0250181
-0.0342954
-0.0330786
-0.0175866
0.00678825
0.0367617
0.0676818
0.093415
0.108685
0.113062
0.117627
0.120898
0.122459
0.121786
0.0921972
0.0911483
0.0863962
0.0741058
0.0543949
0.0321221
0.0124021
-0.00182092
-0.00636638
0.000535282
0.0208999
0.0503621
0.079143
0.0888847
0.0961947
0.103351
0.110234
0.116709
0.118266
0.116919
0.0941393
0.0934259
0.0900766
0.0812005
0.0663268
0.048466
0.0311792
0.01732
0.00945851
0.0113159
0.0252056
0.047839
0.0720064
0.0731131
0.0760005
0.0820548
0.092175
0.0992252
0.101137
0.0997671
0.0841739
0.0837215
0.0815287
0.0755564
0.0651931
0.0520448
0.0381064
0.0259151
0.0169251
0.0138158
0.0198433
0.0297543
0.0431636
0.0391294
0.0416031
0.0519145
0.0634038
0.0703379
0.0719571
0.0702634
0.0703686
0.070076
0.0686912
0.0648803
0.0580276
0.0487116
0.0382774
0.0279637
0.0184878
0.0107141
0.00624178
-0.00041666
-0.00473878
-0.0119459
-0.00363577
0.00960228
0.0212586
0.0265891
0.0280434
0.0269304
0.0565687
0.0563545
0.0554812
0.0531945
0.0488147
0.0426678
0.0349305
0.0266862
0.0168439
0.00559257
-0.00932829
-0.0324741
-0.0549585
-0.063779
-0.0477918
-0.030938
-0.020469
-0.0167837
-0.016321
-0.0168304
0.044716
0.0445366
0.0439937
0.0426886
0.0400791
0.0360756
0.0305749
0.0239739
0.0148533
0.00243192
-0.0187127
-0.0519265
-0.0821541
-0.0842605
-0.0667987
-0.0519501
-0.0458923
-0.045024
-0.0450084
-0.0450415
0.0354323
0.0352803
0.03494
0.0342418
0.032823
0.030364
0.026702
0.0217566
0.0146553
0.00352089
-0.0168711
-0.0472216
-0.073353
-0.0682477
-0.0548313
-0.0470639
-0.0460844
-0.0476981
-0.0479115
-0.0478217
0.0286188
0.028492
0.0282745
0.0279316
0.0272435
0.0259419
0.023848
0.0204925
0.0158599
0.00870287
-0.00309252
-0.0213593
-0.0335823
-0.0266724
-0.0200088
-0.020582
-0.0233384
-0.0254972
-0.0258619
-0.0260172
0.0237337
0.0236446
0.0235147
0.0233567
0.0231062
0.022508
0.0217429
0.0201715
0.0187658
0.0168624
0.0162133
0.0162406
0.0177297
0.02332
0.0209003
0.0154056
0.011357
0.00984013
0.00966407
0.00928825
0.0199206
0.0198734
0.0198196
0.0197776
0.0198064
0.0197804
0.0198711
0.0201325
0.0215353
0.0246559
0.0349347
0.0531306
0.0673693
0.0717757
0.0621751
0.0526212
0.0489573
0.0484944
0.0480412
0.0472539
0.0162932
0.0162624
0.0162609
0.0163367
0.0165385
0.0169095
0.0175045
0.0191031
0.0225396
0.0294565
0.047245
0.0786691
0.106203
0.102293
0.0873239
0.0779345
0.0761235
0.0767582
0.0760907
0.0750454
0.0124823
0.0124551
0.0124737
0.0125148
0.0127426
0.0133423
0.0141891
0.01619
0.0199387
0.0287527
0.0475787
0.080335
0.104707
0.0996437
0.0898881
0.0869255
0.0868888
0.0881406
0.0869436
0.0857243
0.00827626
0.0082515
0.00828287
0.00831885
0.00853653
0.00888978
0.0097636
0.0112676
0.0142136
0.0215971
0.0361013
0.0589788
0.0719412
0.0696368
0.0653482
0.0698903
0.076153
0.077525
0.0758003
0.0743254
0.00367621
0.00362422
0.00363556
0.00369043
0.00376819
0.00382727
0.00410357
0.00470846
0.00563815
0.00730207
0.011897
0.0216258
0.0209143
0.020657
0.0250122
0.0292645
0.0371656
0.0400522
0.0394767
0.0377572
-0.354136
0.0285427
0.298896
0.485574
0.630964
0.743925
0.837033
0.919885
1.00525
0.995424
0.205248
0.35865
0.499294
0.621282
0.723139
0.806838
0.875228
0.92347
0.939196
0.952151
0.447603
0.546566
0.643741
0.728649
0.801216
0.861422
0.908264
0.941343
0.963964
0.982934
0.618192
0.686856
0.755826
0.817504
0.870525
0.914818
0.950686
0.979557
1.0015
1.02108
0.748452
0.799229
0.850279
0.896781
0.937497
0.972679
1.00289
1.02853
1.04766
1.06641
0.857445
0.896964
0.935724
0.972665
1.00629
1.03634
1.06277
1.08507
1.10206
1.11997
0.950375
0.984332
1.01764
1.0498
1.07983
1.10709
1.1311
1.15105
1.16595
1.18336
1.03763
1.06971
1.10182
1.13277
1.16162
1.18771
1.21038
1.22865
1.24185
1.25872
1.12727
1.16169
1.19516
1.22691
1.25598
1.28169
1.30343
1.32041
1.33237
1.34878
1.22978
1.26851
1.30463
1.3376
1.36675
1.39165
1.41209
1.42785
1.43954
1.45572
1.35612
1.39773
1.43473
1.46662
1.49388
1.51681
1.53577
1.55097
1.56345
1.57957
1.5133
1.55166
1.58334
1.60943
1.63212
1.65238
1.67064
1.68682
1.70088
1.71676
1.69528
1.72023
1.74179
1.76063
1.77849
1.79541
1.81178
1.82825
1.8439
1.85989
1.88095
1.89275
1.90739
1.92223
1.936
1.94821
1.95953
1.97092
1.98381
2.00452
2.06902
2.07905
2.086
2.08738
2.08947
2.09689
2.11005
2.12541
2.13849
2.16676
2.34549
2.28642
2.23878
2.20766
2.19454
2.19912
2.22236
2.26769
2.33822
2.41684
0.786354
0.778849
0.769926
0.757098
0.743688
0.732081
0.722852
0.715947
0.711331
0.709308
0.710518
0.714554
0.7208
0.729192
0.739856
0.752688
0.766383
0.77758
0.785362
0.791686
0.700331
0.70821
0.715352
0.720109
0.721353
0.71935
0.715592
0.711629
0.708536
0.707139
0.708173
0.711213
0.715368
0.71977
0.723143
0.723856
0.720928
0.714897
0.706894
0.700992
0.692302
0.695361
0.698445
0.700957
0.703321
0.705071
0.70554
0.704854
0.703804
0.703332
0.704114
0.705757
0.707325
0.707931
0.707081
0.70513
0.702852
0.700204
0.697008
0.694645
0.687026
0.688543
0.69077
0.692922
0.6945
0.69576
0.696851
0.697599
0.697972
0.698307
0.6989
0.699485
0.699613
0.699157
0.698328
0.697212
0.695549
0.693358
0.691521
0.690437
0.681905
0.682744
0.684223
0.686058
0.687788
0.68917
0.690262
0.691218
0.692074
0.692828
0.693394
0.693628
0.69351
0.693083
0.692298
0.691045
0.689455
0.687875
0.686832
0.686197
0.676987
0.677557
0.678622
0.680041
0.681571
0.683072
0.684411
0.685554
0.68657
0.687495
0.688162
0.688436
0.688318
0.687793
0.686881
0.685735
0.684525
0.683431
0.682734
0.68229
0.67221
0.672637
0.673487
0.674679
0.675994
0.677398
0.678826
0.680182
0.681418
0.682536
0.683347
0.683683
0.683547
0.683012
0.682226
0.681335
0.68042
0.679599
0.679085
0.67875
0.667535
0.66787
0.668571
0.669614
0.670827
0.672146
0.673558
0.675029
0.676483
0.677839
0.678834
0.67927
0.679219
0.678837
0.678262
0.677578
0.676869
0.676253
0.675868
0.675602
0.662891
0.663163
0.66376
0.664705
0.665857
0.667139
0.668558
0.670106
0.671735
0.673343
0.674581
0.675219
0.67537
0.675197
0.674826
0.674336
0.673805
0.673351
0.67306
0.672843
0.658198
0.658423
0.658948
0.659831
0.660947
0.662229
0.663692
0.665339
0.667146
0.669026
0.670582
0.671517
0.671939
0.672004
0.671842
0.67155
0.671189
0.670874
0.670655
0.670473
0.653371
0.653562
0.654037
0.654887
0.656002
0.657322
0.658863
0.66065
0.662676
0.664884
0.666835
0.668148
0.668892
0.669232
0.669302
0.669199
0.669006
0.668812
0.668654
0.668497
0.648333
0.648498
0.648945
0.649795
0.650951
0.652353
0.654025
0.656018
0.658354
0.66099
0.663419
0.665159
0.666266
0.666908
0.667224
0.667319
0.667292
0.667208
0.667098
0.66696
0.642998
0.643143
0.643581
0.64446
0.645696
0.647231
0.649105
0.651388
0.654118
0.657278
0.660297
0.66256
0.664083
0.665054
0.665639
0.665955
0.666093
0.666109
0.66604
0.665916
0.637271
0.637401
0.637844
0.638782
0.640143
0.641864
0.644001
0.646653
0.649896
0.653729
0.657458
0.660326
0.662341
0.663705
0.664598
0.665153
0.665463
0.665577
0.665547
0.665434
0.631044
0.631161
0.631623
0.632646
0.634173
0.636136
0.638602
0.641704
0.645553
0.650183
0.654795
0.658439
0.661068
0.662911
0.664161
0.665
0.665509
0.665725
0.66573
0.665624
0.624181
0.624276
0.624773
0.625912
0.62765
0.62993
0.63284
0.636535
0.641164
0.646795
0.652479
0.657029
0.660381
0.662769
0.664434
0.665596
0.666327
0.666652
0.666692
0.66659
0.616479
0.616582
0.617116
0.618409
0.620434
0.623125
0.626593
0.631044
0.636664
0.643537
0.65052
0.656162
0.66034
0.663376
0.665553
0.667088
0.668057
0.668498
0.668574
0.668474
0.607672
0.607773
0.608393
0.609893
0.612281
0.615484
0.619647
0.625027
0.63187
0.640285
0.648832
0.65578
0.660986
0.664812
0.667596
0.669591
0.670846
0.671421
0.671534
0.671431
0.597505
0.597609
0.598333
0.600083
0.602909
0.606759
0.611813
0.61837
0.626706
0.636974
0.647468
0.656026
0.662447
0.667214
0.670732
0.673262
0.674856
0.67558
0.67573
0.675623
0.585479
0.585596
0.586465
0.588554
0.591969
0.596686
0.602919
0.61103
0.62135
0.633982
0.646737
0.65709
0.66491
0.670767
0.675128
0.678291
0.680275
0.681163
0.681347
0.681231
0.570962
0.571114
0.572197
0.574732
0.578924
0.58478
0.592532
0.60259
0.615297
0.630744
0.646291
0.658865
0.668364
0.675516
0.680905
0.684825
0.687264
0.688331
0.688543
0.688411
0.552998
0.553221
0.554634
0.557819
0.563105
0.570553
0.580402
0.593102
0.608955
0.627892
0.646643
0.661664
0.673017
0.681643
0.688188
0.692969
0.695916
0.697163
0.697389
0.697234
0.530103
0.530469
0.532428
0.536635
0.543579
0.553351
0.566133
0.582333
0.60211
0.625225
0.647686
0.665504
0.67894
0.689191
0.697008
0.702746
0.706214
0.707626
0.70785
0.707665
0.49992
0.500582
0.503491
0.509479
0.519138
0.532464
0.549455
0.570338
0.595025
0.62305
0.649665
0.670511
0.686184
0.698187
0.707385
0.714109
0.718062
0.719588
0.719788
0.719571
0.45834
0.459711
0.464672
0.474213
0.488679
0.507569
0.530546
0.557506
0.588116
0.621715
0.652833
0.676861
0.694854
0.708658
0.719287
0.726957
0.731264
0.732806
0.732953
0.732708
0.397845
0.402058
0.412539
0.429251
0.451857
0.479067
0.510011
0.544379
0.581767
0.621446
0.657288
0.684576
0.704905
0.720473
0.732479
0.740956
0.745444
0.746844
0.746901
0.746652
0.325007
0.333251
0.352596
0.379781
0.412797
0.449369
0.488873
0.531194
0.57602
0.622702
0.664373
0.695954
0.719543
0.737634
0.751365
0.760859
0.765692
0.767183
0.767342
0.767243
0.25184
0.265817
0.293994
0.331508
0.37456
0.420417
0.468549
0.518923
0.571305
0.625124
0.672813
0.708884
0.735865
0.756688
0.772486
0.783074
0.788023
0.789257
0.789443
0.789453
0.191483
0.208764
0.242877
0.288151
0.339347
0.393357
0.449447
0.507472
0.567097
0.627757
0.681122
0.721364
0.751428
0.774593
0.792152
0.803446
0.808503
0.810197
0.810576
0.81065
0.141644
0.160987
0.199596
0.250651
0.308211
0.368916
0.431861
0.496748
0.563062
0.630132
0.688823
0.732904
0.765738
0.790957
0.809965
0.822364
0.828162
0.830217
0.830646
0.830741
0.0996707
0.120228
0.162205
0.21788
0.280691
0.347009
0.415824
0.486739
0.55911
0.632083
0.695723
0.743305
0.778667
0.805781
0.826112
0.839339
0.845763
0.848093
0.848571
0.848664
0.0631574
0.0845573
0.129166
0.188617
0.255847
0.327006
0.400971
0.477259
0.555118
0.633508
0.701697
0.752531
0.79012
0.818767
0.840025
0.853887
0.860943
0.863481
0.864001
0.864076
0.0304686
0.0524895
0.0992477
0.16186
0.23288
0.30826
0.386822
0.467991
0.550885
0.634326
0.70677
0.760618
0.800179
0.829965
0.85183
0.866147
0.873636
0.876403
0.876991
0.877054
0.000411332
0.022909
0.0714905
0.136865
0.211179
0.290279
0.372976
0.458619
0.546216
0.634463
0.711008
0.767689
0.809024
0.839766
0.862136
0.876788
0.884568
0.887504
0.888121
0.888155
-0.0279368
-0.00494256
0.0452714
0.113089
0.190301
0.272716
0.35915
0.448915
0.54096
0.633835
0.714419
0.77386
0.816851
0.848446
0.871237
0.886138
0.894093
0.897083
0.897706
0.897714
-0.0550601
-0.0315555
0.0200923
0.0901362
0.169943
0.255337
0.345166
0.438743
0.534996
0.632392
0.716996
0.779205
0.823831
0.856272
0.879463
0.894573
0.902586
0.905611
0.906174
0.906117
-0.0813203
-0.0573071
-0.00430793
0.0677468
0.149895
0.237984
0.330912
0.428012
0.52825
0.630073
0.718727
0.783783
0.83012
0.863485
0.887124
0.902421
0.910453
0.913414
0.913961
0.913875
-0.106929
-0.0823756
-0.0281157
0.0457684
0.13004
0.220566
0.316314
0.416679
0.520681
0.626812
0.719585
0.787644
0.835846
0.870249
0.894388
0.909861
0.917875
0.920737
0.921213
0.921094
-0.131972
-0.106857
-0.0514302
0.0241303
0.110322
0.203044
0.301358
0.404728
0.512266
0.622573
0.719524
0.790802
0.841087
0.876669
0.901352
0.91695
0.924853
0.927556
0.927936
0.927779
-0.156521
-0.130836
-0.0742708
0.00281813
0.0907274
0.185429
0.286062
0.392173
0.502996
0.61731
0.71848
0.793219
0.845892
0.88285
0.908115
0.923756
0.93145
0.933911
0.934163
0.933972
-0.180514
-0.1543
-0.096624
-0.018159
0.0712838
0.167751
0.270463
0.379054
0.492888
0.610995
0.716368
0.794826
0.850272
0.888903
0.914806
0.93035
0.937636
0.939766
0.939896
0.939683
-0.203972
-0.177196
-0.118463
-0.0387695
0.0520371
0.150068
0.254627
0.365432
0.481994
0.603613
0.713118
0.795512
0.854172
0.894931
0.921631
0.936874
0.943466
0.945126
0.94512
0.944896
-0.226789
-0.199475
-0.139753
-0.0589767
0.033043
0.132458
0.238636
0.351387
0.470372
0.595177
0.708658
0.795146
0.857466
0.900977
0.928884
0.94367
0.949087
0.949988
0.949809
0.949599
-0.24897
-0.221073
-0.160465
-0.0787148
0.0143758
0.114992
0.222582
0.33702
0.458101
0.585739
0.702937
0.793593
0.859939
0.906924
0.936879
0.951438
0.955074
0.954518
0.953952
0.953839
-0.270419
-0.241983
-0.180547
-0.0979289
-0.00390492
0.0977555
0.206547
0.32241
0.445293
0.575379
0.695926
0.790707
0.861325
0.912408
0.945641
0.961152
0.963033
0.959826
0.957809
0.957923
-0.29117
-0.262176
-0.199941
-0.11656
-0.021723
0.0808375
0.190656
0.307692
0.432073
0.564202
0.687628
0.786346
0.861342
0.916816
0.954482
0.973184
0.975418
0.969806
0.962265
0.948217
-0.311185
-0.281702
-0.218796
-0.134824
-0.0393906
0.0638895
0.174473
0.292379
0.41789
0.551657
0.677448
0.779889
0.85957
0.919507
0.96212
0.986405
0.992337
0.985648
0.973468
0.98373
-0.330463
-0.30057
-0.23707
-0.152668
-0.0568614
0.0469583
0.158001
0.27649
0.402723
0.537633
0.665171
0.770691
0.855335
0.919248
0.964849
0.992938
1.00363
0.995087
0.94435
0.933942
-0.349518
-0.318936
-0.254507
-0.169783
-0.0737416
0.0304213
0.141419
0.260301
0.386876
0.522354
0.650889
0.758203
0.848009
0.915218
0.957533
0.983747
0.987045
0.953883
0.893438
0.856842
-0.371576
-0.338468
-0.270651
-0.185617
-0.0892876
0.0146805
0.125146
0.244094
0.370568
0.505946
0.634683
0.742152
0.836106
0.906657
0.952048
0.94749
0.928769
0.873273
0.809952
0.771655
0.052525
0.168029
0.290312
0.420413
0.553708
0.672119
0.769381
0.660091
-0.386722
-0.377421
-0.335478
-0.263245
-0.172712
-0.0732029
0.0337852
0.148113
0.269609
0.398474
0.530471
0.648051
0.742015
0.824715
0.87165
0.830298
0.713121
0.642611
0.5858
-0.410343
-0.398734
-0.35315
-0.27965
-0.188956
-0.0894786
0.0170806
0.130955
0.251592
0.379053
0.508651
0.623022
0.710983
0.776244
0.775788
0.680586
0.559307
0.476479
0.407078
-0.434432
-0.42251
-0.374525
-0.299988
-0.209335
-0.109807
-0.00315944
0.110403
0.230073
0.355868
0.482252
0.591697
0.671058
0.713922
0.678944
0.532893
0.394603
0.290452
0.205515
-0.458381
-0.446431
-0.397037
-0.321369
-0.230446
-0.13093
-0.0245365
0.0883077
0.206731
0.330419
0.453099
0.556853
0.627714
0.64315
0.557543
0.384876
0.218314
0.0759737
-0.0434542
-0.482402
-0.47054
-0.420232
-0.343723
-0.252433
-0.152914
-0.0469173
0.0650599
0.182052
0.303293
0.421799
0.519019
0.579451
0.558713
0.426722
0.239968
0.0475414
-0.117576
-0.277276
-0.507002
-0.495295
-0.444511
-0.367455
-0.275843
-0.176283
-0.0706128
0.0405521
0.156049
0.274688
0.38883
0.478743
0.52435
0.481414
0.303691
0.109923
-0.0899396
-0.267433
-0.402568
-0.527024
-0.533
-0.521389
-0.470274
-0.392904
-0.301151
-0.201653
-0.0963894
0.0138377
0.127599
0.243203
0.35248
0.434027
0.46288
0.386161
0.189246
-0.0075247
-0.193549
-0.334304
-0.383616
-0.404731
-0.56069
-0.549126
-0.497738
-0.420189
-0.328459
-0.229224
-0.124561
-0.015556
0.096097
0.208102
0.311759
0.384054
0.388872
0.27348
0.0822215
-0.104993
-0.267097
-0.340495
-0.363252
-0.366033
-0.5903
-0.578698
-0.526988
-0.449315
-0.35775
-0.258953
-0.155153
-0.0476776
0.0614763
0.169336
0.266429
0.329347
0.305921
0.166513
-0.0154356
-0.190315
-0.31016
-0.348678
-0.346954
-0.347844
-0.621805
-0.610124
-0.558044
-0.480281
-0.389009
-0.290835
-0.188165
-0.0825385
0.0237131
0.126913
0.216662
0.268087
0.228123
0.0654141
-0.101972
-0.259528
-0.324417
-0.336919
-0.337796
-0.337586
-0.654976
-0.643184
-0.590774
-0.512996
-0.422139
-0.324807
-0.223534
-0.120129
-0.0171889
0.0808953
0.162748
0.201085
0.152585
-0.023359
-0.179939
-0.296736
-0.336511
-0.332481
-0.332677
-0.332262
-0.689296
-0.677453
-0.624882
-0.54719
-0.456927
-0.360669
-0.261102
-0.160323
-0.0611127
0.0315947
0.104814
0.13178
0.0620547
-0.104253
-0.24637
-0.313394
-0.326685
-0.32809
-0.328273
-0.328104
-0.72425
-0.712379
-0.659849
-0.582399
-0.492952
-0.398055
-0.300534
-0.202817
-0.107839
-0.020635
0.0437546
0.0551802
-0.0294234
-0.173855
-0.293041
-0.328872
-0.329599
-0.326269
-0.323891
-0.323446
-0.758843
-0.746998
-0.694841
-0.617893
-0.529578
-0.436412
-0.341321
-0.247076
-0.156924
-0.0755215
-0.0179386
-0.0257463
-0.113886
-0.234407
-0.320148
-0.350789
-0.33839
-0.329826
-0.32505
-0.322843
-0.791345
-0.779852
-0.728677
-0.652681
-0.565905
-0.474921
-0.382738
-0.29231
-0.207603
-0.132547
-0.0794865
-0.101744
-0.199309
-0.288214
-0.342259
-0.34495
-0.348551
-0.346715
-0.343965
-0.341318
-0.820605
-0.809501
-0.759822
-0.685408
-0.600737
-0.512473
-0.42379
-0.337543
-0.258655
-0.19066
-0.142664
-0.173208
-0.287035
-0.344973
-0.360705
-0.379528
-0.378828
-0.377308
-0.378138
-0.377975
-0.843887
-0.83348
-0.786328
-0.714355
-0.632563
-0.547681
-0.463117
-0.381646
-0.308525
-0.2484
-0.206876
-0.240488
-0.37612
-0.446558
-0.428821
-0.44381
-0.452354
-0.457286
-0.4571
-0.455
-0.859068
-0.849703
-0.8059
-0.737534
-0.659604
-0.578945
-0.499023
-0.423123
-0.355646
-0.303692
-0.26869
-0.304083
-0.469851
-0.620881
-0.63608
-0.596841
-0.579376
-0.580362
-0.577235
-0.571207
-0.863494
-0.855596
-0.816195
-0.752866
-0.679913
-0.604486
-0.529814
-0.459761
-0.398435
-0.354367
-0.326301
-0.367689
-0.522201
-0.73668
-0.760612
-0.701621
-0.694815
-0.676364
-0.659532
-0.651594
-0.85526
-0.848738
-0.815036
-0.75825
-0.691712
-0.62248
-0.553946
-0.489245
-0.434366
-0.397119
-0.380648
-0.424034
-0.489083
-0.538908
-0.553159
-0.584752
-0.649087
-0.645014
-0.640639
-0.639506
-0.830463
-0.825784
-0.799697
-0.752076
-0.693689
-0.631699
-0.569589
-0.510495
-0.45994
-0.427787
-0.424915
-0.450568
-0.441412
-0.329974
-0.260921
-0.378698
-0.516359
-0.566796
-0.57545
-0.579152
-0.792352
-0.789381
-0.771618
-0.734547
-0.685754
-0.631659
-0.575908
-0.521873
-0.474302
-0.442174
-0.447183
-0.479658
-0.518592
-0.517213
-0.65663
-0.865284
-0.960533
-0.84295
-0.702748
-0.669705
-0.747117
-0.745322
-0.735802
-0.709253
-0.67025
-0.623273
-0.573204
-0.522268
-0.475377
-0.44366
-0.436483
-0.508038
-0.699371
-1.06923
-1.32708
-1.52392
-1.59181
-1.49942
-1.33166
-1.21024
-0.704372
-0.703233
-0.698777
-0.682252
-0.651087
-0.609563
-0.562688
-0.512392
-0.462974
-0.419688
-0.398517
-0.440032
-0.612169
-0.965309
-1.30557
-1.4586
-1.49461
-1.43315
-1.31564
-1.19812
-0.671015
-0.670332
-0.667859
-0.658462
-0.633472
-0.595161
-0.547864
-0.494593
-0.433976
-0.372368
-0.31342
-0.235198
-0.273939
-0.37077
-0.428055
-0.316163
-0.0401197
0.227294
0.407592
0.499511
-0.644562
-0.643952
-0.643003
-0.639326
-0.620787
-0.583926
-0.532564
-0.471398
-0.401172
-0.310814
-0.209774
-0.0720808
0.129763
0.369184
0.736294
1.12294
1.47346
1.74846
1.92399
2.00456
-0.627049
-0.626705
-0.626216
-0.624846
-0.612547
-0.576891
-0.521108
-0.44954
-0.365815
-0.262846
-0.130079
0.0175259
0.262763
0.606177
1.09204
1.63756
2.09107
2.40791
2.57528
2.64295
-0.615398
-0.615057
-0.614019
-0.613368
-0.607191
-0.57532
-0.515431
-0.43516
-0.337471
-0.233741
-0.0969834
0.0330975
0.20196
0.530787
1.01842
1.55048
1.97712
2.25532
2.40281
2.45496
-0.613577
-0.612404
-0.609298
-0.607904
-0.607825
-0.581895
-0.51558
-0.426319
-0.322666
-0.211392
-0.0950598
0.0379285
0.153752
0.410304
0.824859
1.22475
1.54708
1.76257
1.87043
1.90694
-0.632534
-0.630599
-0.629052
-0.632146
-0.633964
-0.600802
-0.518023
-0.414722
-0.310248
-0.19766
-0.0915453
0.0191923
0.112878
0.255577
0.563718
0.873353
1.10973
1.25761
1.32686
1.35123
-0.660291
-0.660125
-0.668269
-0.677054
-0.671457
-0.61694
-0.510143
-0.39507
-0.28849
-0.186086
-0.0872669
-0.00551676
0.0694133
0.178366
0.390037
0.584998
0.7397
0.834568
0.880833
0.895582
-0.638691
-0.64313
-0.65722
-0.667792
-0.653528
-0.581739
-0.4667
-0.357914
-0.258614
-0.167165
-0.0869125
-0.0286443
0.00472019
0.0729677
0.221944
0.368334
0.471811
0.532823
0.561326
0.570367
-0.506401
-0.512042
-0.524565
-0.533
-0.517878
-0.458209
-0.375305
-0.293668
-0.215454
-0.143165
-0.0838249
-0.0388056
-0.0241143
0.022817
0.136353
0.226692
0.286487
0.320214
0.335952
0.340227
-0.294232
-0.298363
-0.306253
-0.313756
-0.310153
-0.285814
-0.250749
-0.207482
-0.16062
-0.111206
-0.0652955
-0.0361225
-0.0120119
0.0126399
0.0930364
0.158344
0.188426
0.205462
0.211428
0.213196
-0.0961295
-0.0983671
-0.103092
-0.112284
-0.1232
-0.130751
-0.131448
-0.121643
-0.104003
-0.0744184
-0.0411374
-0.016962
0.0111431
0.032833
0.0807903
0.112602
0.127172
0.137237
0.142476
0.144111
0.0283247
0.027074
0.0237933
0.0135226
-0.00539629
-0.0278122
-0.046031
-0.0557735
-0.0551398
-0.0416509
-0.0169983
0.0102997
0.0410734
0.0715573
0.0983545
0.112927
0.118423
0.123183
0.125843
0.126243
0.0825004
0.081684
0.0790353
0.0697778
0.0515038
0.027756
0.00552714
-0.0112275
-0.0186298
-0.015113
0.00291779
0.0295596
0.0621334
0.0870996
0.09892
0.105576
0.110514
0.1164
0.119845
0.120014
0.0956679
0.095149
0.0931861
0.0862092
0.0719106
0.0525482
0.0326076
0.0157857
0.00469132
0.00327888
0.0142261
0.0359486
0.0658985
0.082948
0.0857672
0.0904123
0.0991425
0.107678
0.111829
0.111418
0.0901222
0.0898359
0.0885178
0.0837457
0.073672
0.0593355
0.0433496
0.0287431
0.0175358
0.0122401
0.0174337
0.0309749
0.0521624
0.0615275
0.0579594
0.0641417
0.0736073
0.0832802
0.0876164
0.0872154
0.077496
0.0773512
0.0764988
0.0734305
0.066724
0.05672
0.0449063
0.0329169
0.0224872
0.0149542
0.0127344
0.0145448
0.0193714
0.0190925
0.017307
0.0259096
0.0384862
0.0476506
0.0514062
0.0508584
0.0633371
0.0632544
0.0626935
0.0608066
0.0565336
0.0499446
0.04142
0.0321585
0.0226814
0.013023
0.00359915
-0.00934068
-0.0237559
-0.039878
-0.0357026
-0.0208577
-0.00583722
0.00215495
0.00452861
0.00430002
0.050354
0.0502823
0.0498962
0.0487631
0.046233
0.0420079
0.0362615
0.0291255
0.0209474
0.0101425
-0.00441056
-0.0295212
-0.0585424
-0.0792775
-0.0693001
-0.0521172
-0.0389413
-0.0342878
-0.0334463
-0.0333483
0.0397639
0.0396906
0.0394123
0.0387598
0.0373559
0.034786
0.03099
0.0257307
0.0192654
0.00917693
-0.00695566
-0.0349386
-0.069427
-0.086632
-0.0725759
-0.0577839
-0.0505199
-0.0491412
-0.0499024
-0.0496278
0.0317769
0.0317014
0.0314983
0.031135
0.0304194
0.0290315
0.0267498
0.0231886
0.0184575
0.0108188
-0.0018181
-0.0229779
-0.0484264
-0.0553139
-0.0438101
-0.0361243
-0.0361278
-0.0382717
-0.0395864
-0.0394384
0.0260004
0.0259256
0.0257786
0.0255777
0.0252793
0.0246277
0.0234871
0.0215594
0.0189175
0.0149708
0.00949969
0.00209351
-0.00714222
-0.00544727
-0.000822248
-0.00120719
-0.00536576
-0.00827914
-0.00908593
-0.00921336
0.0217579
0.0216998
0.0216192
0.0215342
0.02147
0.021316
0.0209264
0.0206289
0.0201414
0.020328
0.022845
0.0307797
0.0389936
0.0464799
0.0456344
0.0386782
0.0320445
0.029501
0.029197
0.0287238
0.0181337
0.0180952
0.0180809
0.0180874
0.01815
0.0183071
0.0184852
0.0192823
0.0207102
0.0244179
0.0332034
0.0545592
0.0813319
0.0923155
0.0833432
0.0719443
0.0657235
0.0647253
0.06462
0.0634821
0.0144542
0.0144172
0.0144227
0.0144435
0.0145571
0.0149375
0.0155645
0.016837
0.0192831
0.0250009
0.0373548
0.0651456
0.100339
0.112732
0.0981139
0.0867129
0.0833451
0.0840441
0.0843946
0.0829984
0.0104737
0.0104361
0.0104383
0.010456
0.0105506
0.0108784
0.0116341
0.0127876
0.0153384
0.020846
0.0329042
0.0567261
0.0848479
0.0916571
0.0835956
0.0798692
0.0833885
0.0861018
0.0856679
0.0836995
0.00605625
0.0060074
0.00602378
0.00608683
0.00612059
0.00631176
0.00675632
0.00761516
0.00934413
0.0125677
0.0203279
0.0353514
0.0438223
0.0470297
0.0475868
0.049311
0.0559124
0.0622036
0.0613602
0.0593063
0.00364699
0.00362026
0.00366708
0.00370836
0.00379529
0.00389459
0.00444455
0.00508365
0.00620376
0.00925096
0.0157346
0.0248319
0.0195011
0.0231495
0.0265821
0.0330379
0.0395017
0.040181
0.0388691
0.0106772
-0.126465
0.144646
0.321067
0.486763
0.621507
0.730383
0.818913
0.893993
0.941458
0.931308
0.279739
0.400066
0.520595
0.629447
0.722738
0.801104
0.865145
0.912727
0.941058
0.957393
0.501206
0.579534
0.663069
0.740234
0.807009
0.863541
0.909358
0.944484
0.971177
0.991451
0.65835
0.715858
0.77541
0.832221
0.881894
0.924421
0.960222
0.990128
1.01478
1.03298
0.782883
0.827042
0.871684
0.914918
0.953793
0.988183
1.01838
1.04449
1.06557
1.0824
0.886875
0.923789
0.959069
0.99409
1.02696
1.05692
1.08373
1.1069
1.12537
1.14061
0.979621
1.01024
1.04279
1.07488
1.1052
1.13311
1.15809
1.17938
1.19581
1.20967
1.06718
1.09781
1.13057
1.16275
1.19291
1.22035
1.24449
1.26456
1.27942
1.2921
1.16033
1.19444
1.23022
1.26408
1.29506
1.32245
1.34581
1.36468
1.3784
1.39064
1.27181
1.30978
1.34886
1.38402
1.41485
1.44114
1.46299
1.4805
1.49374
1.50656
1.41323
1.4517
1.49028
1.52258
1.54991
1.57327
1.59333
1.61036
1.6244
1.63823
1.5889
1.61899
1.64906
1.67327
1.69431
1.71367
1.73188
1.74922
1.7651
1.77998
1.78268
1.79712
1.81476
1.83155
1.84808
1.86352
1.87769
1.89175
1.90662
1.92279
1.97172
1.97602
1.98895
2.00115
2.01115
2.02046
2.03065
2.04131
2.05066
2.06288
2.20122
2.18762
2.17881
2.16377
2.15269
2.15216
2.16419
2.18799
2.21982
2.25559
2.5754
2.4169
2.31139
2.25256
2.22351
2.21695
2.23212
2.27334
2.35258
2.4977
-0.365544
-0.361993
-0.319819
-0.245861
-0.155611
-0.0555061
0.859402
0.917944
0.917312
0.855468
0.792818
0.729574
0.527465
0.332563
0.108171
-0.180958
-0.527537
)
;

boundaryField
{
    wall-4
    {
        type            zeroGradient;
    }
    pressure-outlet-7
    {
        type            fixedValue;
        value           uniform 0;
    }
    velocity-inlet-6
    {
        type            zeroGradient;
    }
    velocity-inlet-5
    {
        type            zeroGradient;
    }
    frontAndBackPlanes
    {
        type            empty;
    }
}


// ************************************************************************* //
