/*--------------------------------*- C++ -*----------------------------------*\
  =========                 |
  \\      /  F ield         | OpenFOAM: The Open Source CFD Toolbox
   \\    /   O peration     | Website:  https://openfoam.org
    \\  /    A nd           | Version:  6
     \\/     M anipulation  |
\*---------------------------------------------------------------------------*/
FoamFile
{
    version     2.0;
    format      ascii;
    class       volVectorField;
    location    "40";
    object      U;
}
// * * * * * * * * * * * * * * * * * * * * * * * * * * * * * * * * * * * * * //

dimensions      [0 1 -1 0 0 0 0];

internalField   nonuniform List<vector> 
2200
(
(0.87763 -0.0201806 0)
(1.00471 -0.0399885 0)
(1.00283 -0.0342612 0)
(1.00032 -0.0232121 0)
(0.99991 -0.0155148 0)
(1.00009 -0.0101394 0)
(1.00009 -0.00648352 0)
(1.00009 -0.00400271 0)
(1.00013 -0.00216812 0)
(1.00011 -0.000643725 0)
(1.00012 0.000822382 0)
(1.00013 0.00237474 0)
(1.00012 0.0042373 0)
(1.00009 0.00669435 0)
(1.00005 0.0103322 0)
(0.999895 0.0156831 0)
(1.00035 0.0233107 0)
(1.00298 0.034247 0)
(1.0047 0.0400385 0)
(0.877631 0.0201953 0)
(0.700785 -0.026594 0)
(0.993593 -0.0586285 0)
(1.0297 -0.0597408 0)
(1.02174 -0.0488504 0)
(1.01384 -0.0361296 0)
(1.00821 -0.0250898 0)
(1.00495 -0.0167301 0)
(1.00312 -0.010611 0)
(1.00207 -0.00587506 0)
(1.00167 -0.00157401 0)
(1.00159 0.00270027 0)
(1.00204 0.0068547 0)
(1.00303 0.0113731 0)
(1.00484 0.0173607 0)
(1.00815 0.0256689 0)
(1.01366 0.0365672 0)
(1.0215 0.0492694 0)
(1.02933 0.0601884 0)
(0.993471 0.0587414 0)
(0.700549 0.0266289 0)
(0.530455 -0.0214056 0)
(0.966265 -0.0552487 0)
(1.05274 -0.0605516 0)
(1.04843 -0.0532275 0)
(1.03229 -0.0415175 0)
(1.0212 -0.031707 0)
(1.01371 -0.0229338 0)
(1.00916 -0.0153007 0)
(1.0064 -0.0085919 0)
(1.00502 -0.00241866 0)
(1.00493 0.00367692 0)
(1.00621 0.00981997 0)
(1.00887 0.0164872 0)
(1.01343 0.024044 0)
(1.02087 0.0326502 0)
(1.03192 0.0423469 0)
(1.04808 0.0538637 0)
(1.05257 0.0607393 0)
(0.965581 0.0555562 0)
(0.529444 0.021516 0)
(0.393112 -0.0132618 0)
(0.909792 -0.0453782 0)
(1.05577 -0.0513929 0)
(1.06645 -0.047328 0)
(1.05108 -0.0389991 0)
(1.03579 -0.0312448 0)
(1.02485 -0.0241995 0)
(1.01716 -0.0171784 0)
(1.01236 -0.0100835 0)
(1.00997 -0.0027192 0)
(1.00987 0.00497472 0)
(1.01207 0.0122602 0)
(1.01675 0.0192125 0)
(1.02427 0.0259764 0)
(1.03498 0.0326371 0)
(1.05031 0.0401591 0)
(1.06552 0.0480965 0)
(1.05443 0.0519404 0)
(0.908076 0.0457715 0)
(0.39097 0.0134008 0)
(0.309172 -0.00619191 0)
(0.846336 -0.0330623 0)
(1.04818 -0.0429009 0)
(1.07723 -0.0392015 0)
(1.06526 -0.0331603 0)
(1.04863 -0.0271557 0)
(1.03572 -0.0218655 0)
(1.02603 -0.0162366 0)
(1.01941 -0.00987185 0)
(1.01564 -0.00256378 0)
(1.01542 0.00535923 0)
(1.01886 0.0125354 0)
(1.02508 0.0186247 0)
(1.03462 0.0239406 0)
(1.04758 0.0291319 0)
(1.06405 0.034793 0)
(1.07585 0.0404944 0)
(1.0461 0.04377 0)
(0.843009 0.0335223 0)
(0.305867 0.00633544 0)
(0.265286 -0.00192561 0)
(0.788768 -0.0218914 0)
(1.03212 -0.033764 0)
(1.08156 -0.0321345 0)
(1.07507 -0.0275685 0)
(1.05865 -0.0225153 0)
(1.04536 -0.018563 0)
(1.0351 -0.0140913 0)
(1.02784 -0.00839958 0)
(1.02346 -0.00164705 0)
(1.02322 0.00553419 0)
(1.02706 0.0120978 0)
(1.03396 0.0175418 0)
(1.04383 0.0217594 0)
(1.05672 0.0251201 0)
(1.07302 0.0297824 0)
(1.07895 0.0337445 0)
(1.02858 0.0349715 0)
(0.783625 0.0224816 0)
(0.26094 0.00211915 0)
(0.240923 -0.000374283 0)
(0.738313 -0.0140551 0)
(1.01254 -0.0267663 0)
(1.0823 -0.0266627 0)
(1.0813 -0.023313 0)
(1.06651 -0.0190874 0)
(1.05348 -0.0157558 0)
(1.04311 -0.0121117 0)
(1.03547 -0.00713908 0)
(1.03104 -0.000818342 0)
(1.03058 0.00585567 0)
(1.03415 0.0119789 0)
(1.04122 0.0164953 0)
(1.05112 0.0195422 0)
(1.06404 0.0224797 0)
(1.07848 0.0260821 0)
(1.07908 0.0289865 0)
(1.00751 0.0283064 0)
(0.730711 0.0147986 0)
(0.235195 0.000632198 0)
(0.225948 -7.33812e-05 0)
(0.695179 -0.00931029 0)
(0.991839 -0.0219059 0)
(1.0805 -0.0232166 0)
(1.08533 -0.0204845 0)
(1.07236 -0.016665 0)
(1.05985 -0.0131041 0)
(1.04971 -0.00957539 0)
(1.04186 -0.00532567 0)
(1.03728 0.000181401 0)
(1.03667 0.00616895 0)
(1.04015 0.0113625 0)
(1.04719 0.0149725 0)
(1.05672 0.0178982 0)
(1.06875 0.0208349 0)
(1.08114 0.0240301 0)
(1.07499 0.0258499 0)
(0.983818 0.0237428 0)
(0.684414 0.0102445 0)
(0.218581 0.000393642 0)
(0.21606 -8.53593e-05 0)
(0.659563 -0.00646989 0)
(0.971389 -0.0184319 0)
(1.0778 -0.0205865 0)
(1.0885 -0.0182067 0)
(1.07705 -0.0148215 0)
(1.06506 -0.011258 0)
(1.05581 -0.00758678 0)
(1.04831 -0.00385431 0)
(1.04345 0.00109923 0)
(1.04258 0.00678093 0)
(1.04602 0.0113505 0)
(1.05236 0.0144866 0)
(1.06079 0.0173632 0)
(1.07232 0.0200801 0)
(1.08308 0.0225511 0)
(1.07118 0.0240888 0)
(0.96095 0.0207713 0)
(0.645209 0.00765324 0)
(0.206693 0.000477652 0)
(0.208687 -0.000108784 0)
(0.630612 -0.00478558 0)
(0.952152 -0.0157209 0)
(1.07467 -0.0187168 0)
(1.09183 -0.0166992 0)
(1.0817 -0.0135249 0)
(1.06951 -0.0102251 0)
(1.06066 -0.00640876 0)
(1.05337 -0.00224955 0)
(1.04792 0.00245776 0)
(1.04699 0.00762171 0)
(1.05046 0.011726 0)
(1.05622 0.0150795 0)
(1.06404 0.0179182 0)
(1.07564 0.020232 0)
(1.08437 0.0223608 0)
(1.06435 0.0230782 0)
(0.93688 0.0186316 0)
(0.611338 0.00626234 0)
(0.196765 0.000601928 0)
(0.202712 -2.32789e-05 0)
(0.607324 -0.00349897 0)
(0.934705 -0.0134962 0)
(1.07162 -0.0168857 0)
(1.09485 -0.0151014 0)
(1.08623 -0.0122465 0)
(1.07358 -0.00935905 0)
(1.064 -0.00535244 0)
(1.05648 -0.000431587 0)
(1.05072 0.00410439 0)
(1.04923 0.00823691 0)
(1.05251 0.012233 0)
(1.05828 0.0160459 0)
(1.06658 0.0188343 0)
(1.07813 0.0205457 0)
(1.08526 0.0220685 0)
(1.0591 0.022246 0)
(0.91511 0.0170011 0)
(0.582617 0.00542071 0)
(0.187713 0.000633789 0)
(0.197677 9.10149e-05 0)
(0.588128 -0.00240292 0)
(0.917823 -0.0111092 0)
(1.06798 -0.015068 0)
(1.09801 -0.0136418 0)
(1.09051 -0.0106354 0)
(1.07732 -0.00729294 0)
(1.06693 -0.003386 0)
(1.05941 0.00153908 0)
(1.05426 0.00593353 0)
(1.05273 0.00952452 0)
(1.05492 0.0131459 0)
(1.05987 0.0168514 0)
(1.06846 0.0192988 0)
(1.08045 0.0210177 0)
(1.08509 0.0219749 0)
(1.04986 0.0214485 0)
(0.891035 0.0154929 0)
(0.556146 0.00477845 0)
(0.178791 0.000623412 0)
(0.194139 0.000256398 0)
(0.573825 -0.00124254 0)
(0.904336 -0.00843392 0)
(1.06502 -0.0121595 0)
(1.10048 -0.0108798 0)
(1.09446 -0.00809089 0)
(1.08128 -0.00492091 0)
(1.07048 -0.00152106 0)
(1.06282 0.0030217 0)
(1.05744 0.00753222 0)
(1.05506 0.0111454 0)
(1.05655 0.0148402 0)
(1.06151 0.0180468 0)
(1.07017 0.0196392 0)
(1.08152 0.0211321 0)
(1.0845 0.0215718 0)
(1.04276 0.0204955 0)
(0.870217 0.0141329 0)
(0.533743 0.00418305 0)
(0.1707 0.000613264 0)
(0.192138 0.000386442 0)
(0.563377 -0.000226102 0)
(0.891498 -0.00607029 0)
(1.06177 -0.00943034 0)
(1.10371 -0.0079642 0)
(1.09889 -0.00495865 0)
(1.08545 -0.00185095 0)
(1.07424 0.00108555 0)
(1.06573 0.00517127 0)
(1.05939 0.00973873 0)
(1.05673 0.0133692 0)
(1.05806 0.0168924 0)
(1.06256 0.0192657 0)
(1.07133 0.0202162 0)
(1.08238 0.020742 0)
(1.08286 0.0213651 0)
(1.03091 0.0197979 0)
(0.846172 0.0128476 0)
(0.511918 0.00382553 0)
(0.162702 0.000679546 0)
(0.191859 0.00048977 0)
(0.55653 0.000491021 0)
(0.882897 -0.0034777 0)
(1.0604 -0.00623006 0)
(1.10699 -0.00430962 0)
(1.10373 -0.00124353 0)
(1.09056 0.00168008 0)
(1.07897 0.00436509 0)
(1.06932 0.00848625 0)
(1.06206 0.012815 0)
(1.05863 0.0158585 0)
(1.05979 0.018718 0)
(1.06514 0.0205763 0)
(1.07347 0.0209091 0)
(1.08295 0.0213285 0)
(1.0809 0.021089 0)
(1.02232 0.0189921 0)
(0.826862 0.0119759 0)
(0.494003 0.00380617 0)
(0.155578 0.000760382 0)
(0.19279 0.000458374 0)
(0.55479 0.00154833 0)
(0.876772 -0.00163613 0)
(1.05963 -0.00364498 0)
(1.11152 -0.00132943 0)
(1.1097 0.00218016 0)
(1.09663 0.00529019 0)
(1.08463 0.00870345 0)
(1.07411 0.0126349 0)
(1.06616 0.0161673 0)
(1.06187 0.018681 0)
(1.06197 0.0209438 0)
(1.06618 0.0221695 0)
(1.07404 0.0225472 0)
(1.08268 0.022547 0)
(1.07709 0.0220789 0)
(1.00882 0.0191427 0)
(0.803226 0.0117053 0)
(0.474488 0.00397739 0)
(0.147678 0.000851787 0)
(0.195393 0.000667676 0)
(0.555852 0.00214536 0)
(0.873719 0.00113384 0)
(1.0608 -0.000217827 0)
(1.11611 0.00217504 0)
(1.11523 0.00548787 0)
(1.1021 0.00929224 0)
(1.09003 0.0131461 0)
(1.07943 0.0170955 0)
(1.07128 0.0205241 0)
(1.06573 0.0230403 0)
(1.06418 0.0244717 0)
(1.06759 0.0253666 0)
(1.07454 0.0253017 0)
(1.08172 0.0244918 0)
(1.0735 0.0227021 0)
(0.997821 0.0192439 0)
(0.784025 0.0116283 0)
(0.458067 0.00418416 0)
(0.140271 0.000954871 0)
(0.199609 0.00108383 0)
(0.559587 0.00309279 0)
(0.874952 0.00389806 0)
(1.06238 0.00302606 0)
(1.12075 0.00563066 0)
(1.12079 0.00971886 0)
(1.10716 0.0134544 0)
(1.09449 0.0177204 0)
(1.08324 0.0218306 0)
(1.07365 0.0253913 0)
(1.06628 0.0281799 0)
(1.06344 0.02931 0)
(1.06536 0.0293028 0)
(1.07213 0.0286069 0)
(1.07849 0.0268984 0)
(1.06645 0.0244602 0)
(0.981245 0.020001 0)
(0.759546 0.011681 0)
(0.438601 0.00443688 0)
(0.131637 0.00107747 0)
(0.207161 0.00158838 0)
(0.568924 0.00470462 0)
(0.880417 0.00675722 0)
(1.06722 0.00782885 0)
(1.12635 0.0112384 0)
(1.12666 0.0149715 0)
(1.11236 0.0192031 0)
(1.09832 0.0236088 0)
(1.08582 0.0279015 0)
(1.07472 0.031895 0)
(1.06676 0.0349455 0)
(1.0633 0.0353397 0)
(1.06477 0.0343002 0)
(1.07064 0.0323795 0)
(1.07501 0.0297312 0)
(1.05909 0.0261264 0)
(0.96663 0.0207106 0)
(0.73911 0.0120716 0)
(0.421548 0.00495302 0)
(0.123451 0.00124974 0)
(0.216114 0.00194443 0)
(0.581676 0.00621864 0)
(0.889931 0.00991205 0)
(1.074 0.0126311 0)
(1.13295 0.0167422 0)
(1.13404 0.0220846 0)
(1.11887 0.0268018 0)
(1.10363 0.0316169 0)
(1.08922 0.0359533 0)
(1.07523 0.0395804 0)
(1.06438 0.0416075 0)
(1.05932 0.0412619 0)
(1.05943 0.0397153 0)
(1.06493 0.0369756 0)
(1.06844 0.0333911 0)
(1.04834 0.0288091 0)
(0.946831 0.0221649 0)
(0.712688 0.0129423 0)
(0.400127 0.00562893 0)
(0.113536 0.00143213 0)
(0.230059 0.00246742 0)
(0.603718 0.00860338 0)
(0.907588 0.014772 0)
(1.08526 0.0192889 0)
(1.14195 0.0248023 0)
(1.14284 0.0300053 0)
(1.12729 0.0356074 0)
(1.11077 0.0412123 0)
(1.09463 0.0460457 0)
(1.07862 0.0497867 0)
(1.06613 0.0514341 0)
(1.05961 0.050342 0)
(1.0583 0.0469789 0)
(1.06203 0.0426711 0)
(1.06231 0.0379699 0)
(1.03715 0.0319418 0)
(0.928038 0.0242089 0)
(0.68942 0.0144587 0)
(0.379924 0.00660309 0)
(0.10362 0.00165141 0)
(0.246939 0.00310032 0)
(0.630426 0.00999553 0)
(0.93061 0.0186947 0)
(1.10028 0.025558 0)
(1.15333 0.0315927 0)
(1.1542 0.0392099 0)
(1.13695 0.046051 0)
(1.11887 0.0528189 0)
(1.10055 0.0582499 0)
(1.08109 0.0617522 0)
(1.06427 0.0623026 0)
(1.05396 0.0596892 0)
(1.05036 0.0553017 0)
(1.05279 0.0497465 0)
(1.05273 0.0439569 0)
(1.02249 0.0364497 0)
(0.903427 0.0271303 0)
(0.658383 0.0165661 0)
(0.353243 0.00758098 0)
(0.0913281 0.00183583 0)
(0.269771 0.00438736 0)
(0.66487 0.0141241 0)
(0.959449 0.024559 0)
(1.11949 0.0336498 0)
(1.16748 0.0423705 0)
(1.16636 0.0508937 0)
(1.14707 0.0592292 0)
(1.12625 0.0669652 0)
(1.10447 0.0732369 0)
(1.08183 0.0772204 0)
(1.06286 0.077293 0)
(1.05164 0.0734604 0)
(1.04735 0.0668301 0)
(1.04801 0.0593162 0)
(1.04268 0.0516408 0)
(1.00553 0.0422055 0)
(0.878024 0.0314355 0)
(0.628422 0.0195151 0)
(0.326214 0.00885636 0)
(0.078741 0.00206741 0)
(0.301595 0.0053916 0)
(0.712008 0.0170535 0)
(0.998907 0.0318454 0)
(1.14508 0.0444858 0)
(1.18514 0.054074 0)
(1.18175 0.0660406 0)
(1.1585 0.0762925 0)
(1.13408 0.0854409 0)
(1.10807 0.0921499 0)
(1.08072 0.0951796 0)
(1.05683 0.0930505 0)
(1.04134 0.0866001 0)
(1.03375 0.0781325 0)
(1.03313 0.0688914 0)
(1.02847 0.0600646 0)
(0.98503 0.049157 0)
(0.845407 0.0362303 0)
(0.587348 0.0225501 0)
(0.290144 0.00980653 0)
(0.0632214 0.00221219 0)
(0.337395 0.00877448 0)
(0.769268 0.025645 0)
(1.04597 0.0438592 0)
(1.17619 0.0599052 0)
(1.20787 0.0735064 0)
(1.19906 0.0875712 0)
(1.1711 0.0995711 0)
(1.14158 0.109387 0)
(1.11021 0.115799 0)
(1.07826 0.117451 0)
(1.05159 0.11299 0)
(1.03547 0.103875 0)
(1.0286 0.0929356 0)
(1.02613 0.0818685 0)
(1.01329 0.0702851 0)
(0.960263 0.0566525 0)
(0.810145 0.0420598 0)
(0.546243 0.0257701 0)
(0.254951 0.0110552 0)
(0.0483984 0.00233187 0)
(0.416213 0.0137178 0)
(0.853639 0.035602 0)
(1.10916 0.060698 0)
(1.21535 0.0830495 0)
(1.23405 0.0982963 7.04568e-34)
(1.21872 0.116841 -3.14032e-34)
(1.18407 0.130207 0)
(1.14912 0.14001 0)
(1.11249 0.144945 0)
(1.07552 0.143449 0)
(1.04378 0.134601 0)
(1.02303 0.121797 0)
(1.01122 0.108046 0)
(1.00605 0.0943086 0)
(0.993547 0.0813241 0)
(0.931745 0.0662191 0)
(0.764933 0.0479792 0)
(0.490054 0.0286937 0)
(0.206808 0.0109681 0)
(0.0302761 0.00210624 0)
(0.481922 0.028365 5.49011e-20)
(0.951482 0.0561462 -4.14036e-20)
(1.17649 0.0903164 0)
(1.25476 0.116875 3.09694e-20)
(1.26272 0.135649 -2.50988e-20)
(1.23674 0.15619 3.31334e-34)
(1.19502 0.169495 0)
(1.1538 0.178273 1.74765e-20)
(1.1111 0.180857 -5.74095e-20)
(1.06923 0.17567 1.16923e-20)
(1.03448 0.163155 0)
(1.012 0.146715 -2.94748e-20)
(1.00153 0.130799 -3.51837e-20)
(0.994113 0.115851 6.14662e-20)
(0.967531 0.0994072 -4.8519e-20)
(0.887253 0.0780857 0)
(0.701982 0.0559195 -1.74828e-20)
(0.41783 0.0312549 0)
(0.154107 0.0119973 -9.6299e-20)
(0.0130159 0.00172973 1.13562e-19)
(0.516481 0.0534767 -7.10358e-21)
(1.01257 0.093761 1.29283e-19)
(1.22517 0.131989 -9.37493e-21)
(1.28823 0.160486 -7.96737e-20)
(1.28706 0.182562 -5.28515e-20)
(1.25164 0.20374 8.58488e-20)
(1.20262 0.216539 0)
(1.15467 0.224002 0)
(1.10592 0.22367 9.17326e-20)
(1.05818 0.214651 0)
(1.01731 0.197903 1.07012e-19)
(0.990196 0.179428 3.16243e-20)
(0.971727 0.161102 3.79065e-22)
(0.957377 0.141866 -6.72561e-20)
(0.929758 0.12051 0)
(0.841919 0.0977625 0)
(0.647124 0.0681563 -2.86279e-19)
(0.372006 0.0416922 7.17772e-19)
(0.135192 0.0147064 -4.25766e-19)
(0.00629008 0.00132814 -5.02005e-19)
(0.526096 0.0760148 -8.25349e-20)
(1.04747 0.140968 3.04731e-20)
(1.26027 0.186083 1.53378e-20)
(1.31459 0.214768 1.38779e-19)
(1.3057 0.237017 1.37549e-20)
(1.26217 0.2571 -2.24975e-19)
(1.20667 0.268133 7.62401e-20)
(1.15302 0.272404 0)
(1.09983 0.267966 -1.9477e-19)
(1.04849 0.254886 1.71935e-19)
(1.00497 0.235421 -2.88814e-19)
(0.973125 0.214594 1.35177e-19)
(0.953199 0.195371 -8.70749e-20)
(0.936043 0.174229 1.96333e-19)
(0.898865 0.150726 0)
(0.805059 0.1175 -7.16076e-20)
(0.616893 0.0854399 0)
(0.362607 0.0504455 3.96161e-19)
(0.135985 0.0213201 -9.39811e-19)
(0.00900264 0.00203346 5.88719e-19)
(0.525065 0.102859 2.51602e-19)
(1.06941 0.193387 -1.08883e-19)
(1.28382 0.245481 -2.14154e-20)
(1.33254 0.275826 0)
(1.31765 0.297485 -1.01277e-19)
(1.26808 0.314891 1.24607e-19)
(1.20757 0.322497 -8.22645e-20)
(1.14925 0.322677 0)
(1.0912 0.314329 1.38572e-19)
(1.03317 0.297085 -1.2095e-19)
(0.98215 0.273497 2.50448e-19)
(0.947779 0.249388 0)
(0.922869 0.228029 -1.85126e-19)
(0.900311 0.205592 1.04468e-19)
(0.864 0.177148 2.62616e-19)
(0.77587 0.146393 -2.31084e-19)
(0.599036 0.107318 3.6881e-19)
(0.359959 0.0670811 -8.16668e-19)
(0.14661 0.0298998 5.15886e-19)
(0.0169024 0.00393758 -6.45469e-19)
(0.513527 0.130582 -1.02007e-19)
(1.07678 0.243934 7.37414e-20)
(1.29655 0.305483 -6.99544e-20)
(1.34256 0.338666 1.32985e-19)
(1.32348 0.359699 -1.21284e-19)
(1.26923 0.374448 4.02123e-20)
(1.20472 0.378386 3.49939e-21)
(1.14251 0.37399 -1.59451e-19)
(1.08065 0.360851 -1.45848e-19)
(1.02062 0.339324 -2.59851e-19)
(0.969758 0.312135 -5.38336e-19)
(0.929172 0.286291 -1.6518e-19)
(0.900101 0.263452 2.28712e-21)
(0.87731 0.239631 -3.56699e-19)
(0.836787 0.211332 -6.09627e-21)
(0.747605 0.172163 3.35974e-19)
(0.583139 0.130729 -1.01503e-19)
(0.362998 0.0844528 -5.89877e-20)
(0.160684 0.0402608 0)
(0.0259477 0.00710568 1.37087e-18)
(0.498203 0.154911 0)
(1.07494 0.29268 -1.20995e-20)
(1.30122 0.36516 -1.4965e-20)
(1.34547 0.40196 -1.24049e-20)
(1.32317 0.422634 1.19373e-19)
(1.26584 0.434433 -9.2481e-20)
(1.1989 0.434232 9.04311e-20)
(1.13422 0.424993 2.61342e-19)
(1.0697 0.407446 -8.08841e-20)
(1.0052 0.382291 1.29317e-19)
(0.945409 0.350801 2.8928e-19)
(0.900546 0.320989 3.59664e-19)
(0.871067 0.295176 -2.15901e-19)
(0.842631 0.269751 3.8581e-19)
(0.803909 0.238604 -3.0524e-19)
(0.725353 0.203341 0)
(0.574478 0.155115 -7.69451e-19)
(0.368793 0.103509 1.03571e-18)
(0.173784 0.052211 7.73112e-20)
(0.0341165 0.0110504 -1.44606e-18)
(0.482794 0.177166 -6.59748e-21)
(1.06693 0.338992 5.43213e-20)
(1.29982 0.422 1.09735e-19)
(1.34333 0.462546 -1.28468e-19)
(1.31873 0.483288 9.60514e-20)
(1.25918 0.492984 -9.1073e-20)
(1.19057 0.489172 1.80633e-19)
(1.12372 0.475478 -7.95302e-20)
(1.05628 0.453628 -3.27428e-19)
(0.988073 0.423957 1.83588e-22)
(0.927806 0.390213 -3.13698e-19)
(0.880709 0.357843 -3.862e-19)
(0.846819 0.32874 2.37517e-19)
(0.820706 0.301083 -1.38735e-19)
(0.780746 0.272789 3.3087e-19)
(0.702726 0.227762 0)
(0.562472 0.179644 -4.76123e-19)
(0.371553 0.122391 7.03121e-19)
(0.183584 0.0645017 1.3334e-18)
(0.0403096 0.0152045 -1.56873e-18)
(0.469271 0.197811 2.56134e-20)
(1.05673 0.383791 -2.15023e-20)
(1.29454 0.477327 -8.38968e-20)
(1.33717 0.521525 1.33493e-19)
(1.31051 0.542254 1.14159e-20)
(1.24924 0.549607 -1.80026e-19)
(1.17946 0.542425 -1.0387e-19)
(1.1111 0.524594 -9.98862e-20)
(1.04167 0.498558 -1.83331e-19)
(0.97137 0.465469 2.95674e-19)
(0.90581 0.428088 3.1812e-19)
(0.855971 0.390326 6.13047e-19)
(0.82266 0.357935 0)
(0.790363 0.330348 5.95037e-21)
(0.753183 0.296612 -9.05148e-19)
(0.684965 0.258219 2.10899e-19)
(0.555664 0.203044 1.02632e-18)
(0.374399 0.142141 -3.02534e-19)
(0.190585 0.076874 6.31943e-19)
(0.044582 0.0191223 -5.2682e-20)
(0.457519 0.217241 8.01921e-21)
(1.04517 0.42653 7.82259e-21)
(1.28631 0.530031 -4.66076e-20)
(1.32824 0.577362 1.67563e-19)
(1.3 0.597926 -2.13677e-19)
(1.2375 0.603525 1.80574e-19)
(1.16705 0.593543 1.07661e-19)
(1.09771 0.572153 3.00075e-19)
(1.02635 0.542714 3.70648e-19)
(0.952361 0.505861 -3.38844e-19)
(0.883709 0.464372 0)
(0.834715 0.424513 -2.30108e-19)
(0.800685 0.389013 2.64186e-19)
(0.771332 0.359569 3.31015e-19)
(0.733044 0.328935 -1.91335e-19)
(0.662845 0.280089 -4.6647e-19)
(0.539119 0.226052 -1.39329e-19)
(0.367585 0.159129 -1.48293e-21)
(0.18934 0.0868299 0)
(0.0457943 0.0216662 0)
(0.448569 0.235846 -3.77654e-20)
(1.03349 0.467582 0)
(1.27599 0.580643 -3.37384e-20)
(1.31698 0.631027 6.77559e-22)
(1.28728 0.651426 2.38373e-19)
(1.22377 0.654965 -6.12098e-20)
(1.15284 0.642074 1.09548e-19)
(1.08279 0.6177 -2.03763e-19)
(1.0094 0.585126 2.80916e-19)
(0.933166 0.54522 -1.09405e-19)
(0.863263 0.499912 1.81541e-19)
(0.812761 0.45514 7.28662e-19)
(0.775578 0.417289 1.37974e-20)
(0.742367 0.386711 -3.45162e-19)
(0.70562 0.350117 6.37212e-19)
(0.644016 0.309344 4.32797e-21)
(0.527389 0.24693 1.49062e-19)
(0.360846 0.174415 -7.11692e-19)
(0.184028 0.0937372 7.30068e-19)
(0.0448874 0.0228523 -8.63166e-19)
(0.442014 0.25397 5.96953e-23)
(1.02206 0.506955 0)
(1.26439 0.628804 0)
(1.30431 0.681541 -1.60277e-20)
(1.27336 0.701498 -7.4115e-20)
(1.20917 0.703307 8.73824e-20)
(1.1382 0.688001 -2.07489e-19)
(1.06741 0.661074 0)
(0.992851 0.625943 -4.13477e-19)
(0.914262 0.582758 4.89542e-19)
(0.842055 0.532584 5.14803e-19)
(0.790084 0.484632 -2.67063e-19)
(0.753803 0.444547 -3.21051e-19)
(0.72241 0.411888 7.51953e-19)
(0.685911 0.379786 -2.26249e-19)
(0.621047 0.326578 -2.70181e-19)
(0.507392 0.266609 -1.61846e-19)
(0.349096 0.186485 -7.66722e-19)
(0.176678 0.097428 1.11057e-19)
(0.0418586 0.0233927 9.31108e-19)
(0.437032 0.272927 -2.39448e-20)
(1.01103 0.544596 -2.51994e-20)
(1.25187 0.674717 2.2773e-20)
(1.29048 0.729836 2.04071e-22)
(1.25848 0.749428 -6.55736e-20)
(1.19387 0.749216 1.4996e-19)
(1.12282 0.731423 0)
(1.05131 0.702156 1.21906e-19)
(0.974864 0.665291 -9.61242e-20)
(0.893048 0.619962 8.15592e-19)
(0.818251 0.566877 -1.17616e-19)
(0.766979 0.513355 1.32712e-19)
(0.727552 0.470195 0)
(0.69211 0.436547 -4.06706e-19)
(0.658339 0.39519 4.91385e-19)
(0.600465 0.351684 0)
(0.492987 0.281077 -3.49316e-19)
(0.334229 0.196264 1.02644e-18)
(0.166191 0.0992461 1.20987e-19)
(0.0374638 0.0228846 -1.14551e-18)
(0.433382 0.291354 -6.62204e-20)
(1.00077 0.580755 8.32677e-20)
(1.23909 0.718301 0)
(1.27627 0.775135 -1.64621e-20)
(1.24331 0.794119 0)
(1.1783 0.792159 -1.86029e-19)
(1.10734 0.772304 0)
(1.03547 0.741162 0)
(0.957911 0.702309 -1.25039e-19)
(0.874689 0.654046 -7.74727e-19)
(0.799479 0.596716 -9.49184e-19)
(0.745553 0.539452 1.54039e-19)
(0.701914 0.494678 5.54047e-19)
(0.672057 0.457062 4.46832e-19)
(0.637202 0.421145 -1.57642e-18)
(0.576916 0.362208 -6.33389e-19)
(0.468799 0.294475 3.70597e-19)
(0.316566 0.201149 0)
(0.154429 0.0991249 1.04131e-18)
(0.032487 0.0215637 -1.23374e-18)
(0.43092 0.308881 8.42776e-20)
(0.991026 0.615065 -1.01152e-19)
(1.22608 0.759524 0)
(1.26159 0.818199 -1.08658e-20)
(1.22775 0.836791 1.30539e-20)
(1.16266 0.832898 0)
(1.09202 0.810845 6.34277e-20)
(1.01965 0.778041 8.28089e-20)
(0.940254 0.738185 -2.36893e-19)
(0.853866 0.689229 1.03212e-19)
(0.773832 0.629337 0)
(0.716877 0.566368 6.39571e-19)
(0.675042 0.517512 5.53804e-21)
(0.64098 0.477278 2.40959e-19)
(0.608328 0.429869 2.8592e-19)
(0.554164 0.38176 0)
(0.451534 0.301377 -6.0746e-19)
(0.298519 0.204148 1.19272e-18)
(0.141594 0.0973987 -1.26411e-18)
(0.0277347 0.0197415 2.65709e-18)
(0.429545 0.325383 0)
(0.982307 0.648061 0)
(1.21336 0.798707 -4.74281e-20)
(1.24709 0.858541 0)
(1.21245 0.876438 0)
(1.14726 0.870844 -1.65498e-19)
(1.07695 0.847064 6.51612e-20)
(1.00441 0.812895 1.76475e-20)
(0.9241 0.771852 -5.47124e-20)
(0.836191 0.720357 0)
(0.755966 0.656117 -1.43564e-19)
(0.694726 0.590799 -5.21266e-19)
(0.646882 0.539083 -6.25706e-19)
(0.618349 0.49236 -2.50866e-19)
(0.587055 0.451178 3.09968e-19)
(0.529957 0.384775 -7.30974e-19)
(0.424901 0.308779 1.30686e-18)
(0.277566 0.203364 3.85037e-21)
(0.128341 0.0938765 -1.21337e-18)
(0.0234835 0.0176824 -1.79288e-19)
(0.428914 0.340996 0)
(0.97414 0.679274 -8.61612e-20)
(1.20079 0.835653 6.01819e-20)
(1.23259 0.896822 0)
(1.19721 0.914277 0)
(1.13217 0.906839 3.37291e-19)
(1.06236 0.881095 0)
(0.989545 0.845787 0)
(0.90789 0.804394 -5.17151e-19)
(0.817079 0.753361 1.40567e-19)
(0.730445 0.687706 -1.27426e-18)
(0.664658 0.618072 0)
(0.618637 0.560023 -6.78647e-19)
(0.585591 0.509714 1.04397e-20)
(0.555334 0.452386 -9.95609e-19)
(0.504977 0.398063 3.93448e-19)
(0.407507 0.307263 2.36689e-21)
(0.259746 0.199849 -1.38295e-18)
(0.115982 0.0889637 6.54147e-19)
(0.0202513 0.0153409 1.91809e-19)
(0.428801 0.355852 0)
(0.966854 0.709282 -1.28738e-19)
(1.18873 0.870813 6.50532e-20)
(1.21858 0.932675 5.71949e-20)
(1.18251 0.949361 -2.66184e-20)
(1.11761 0.940305 3.64894e-20)
(1.04835 0.913105 -4.34545e-20)
(0.97559 0.876807 5.11688e-19)
(0.892889 0.834798 5.53207e-19)
(0.800439 0.781939 1.07202e-18)
(0.71476 0.713915 1.05886e-18)
(0.644651 0.642653 1.85272e-19)
(0.59019 0.580495 9.75775e-19)
(0.558746 0.520222 6.00377e-19)
(0.529847 0.468553 7.14235e-19)
(0.479867 0.390203 -4.31192e-19)
(0.381645 0.30666 -5.056e-19)
(0.244011 0.192134 5.95088e-19)
(0.1101 0.0805554 -3.51716e-19)
(0.0194723 0.0129124 6.20144e-19)
(0.428921 0.370087 1.89301e-19)
(0.959946 0.737595 2.01164e-19)
(1.17691 0.903872 4.01561e-20)
(1.20472 0.96663 1.67861e-20)
(1.16808 0.98281 5.18506e-20)
(1.10359 0.972054 -9.41798e-20)
(1.03506 0.943164 4.2762e-20)
(0.962076 0.906053 -2.13791e-20)
(0.878259 0.86395 -6.41828e-19)
(0.78352 0.812171 -1.16248e-18)
(0.691066 0.744673 7.34865e-20)
(0.614605 0.669861 0)
(0.560981 0.6027 0)
(0.522462 0.538038 -3.13111e-19)
(0.490171 0.461117 -1.1688e-18)
(0.448583 0.393058 9.28531e-19)
(0.36703 0.289719 5.52837e-19)
(0.238086 0.175161 0)
(0.118038 0.0710176 1.12613e-18)
(0.0280574 0.0119074 -6.67715e-19)
(0.429159 0.383688 -9.92824e-20)
(0.953647 0.764705 8.95423e-20)
(1.16561 0.935329 -9.83405e-20)
(1.19148 0.998398 -6.76676e-20)
(1.15435 1.01372 2.21941e-21)
(1.09031 1.00148 -2.9163e-20)
(1.02249 0.971436 0)
(0.949465 0.933576 -6.4271e-19)
(0.864418 0.891214 7.97534e-20)
(0.768193 0.838343 0)
(0.677568 0.769907 0)
(0.598214 0.69607 1.17107e-19)
(0.532957 0.626247 1.56932e-19)
(0.490355 0.54823 -3.37377e-19)
(0.458203 0.476401 8.39853e-19)
(0.410569 0.367254 -1.01182e-18)
(0.338143 0.268452 -1.18157e-18)
(0.249969 0.145022 1.04424e-18)
(0.172131 0.0570978 -4.05352e-19)
(0.088704 0.0247476 2.356e-19)
(0.429297 0.396517 1.30054e-19)
(0.947537 0.790136 0)
(1.15453 0.964759 0)
(1.17846 1.0284 -1.62225e-20)
(1.141 1.04317 1.31352e-20)
(1.07769 1.02939 -2.14192e-20)
(1.01066 0.997982 1.83401e-19)
(0.93732 0.959551 6.61671e-19)
(0.851331 0.917098 1.16429e-18)
(0.753582 0.865371 -8.66602e-20)
(0.655895 0.798001 1.78305e-19)
(0.569192 0.72288 -1.04476e-18)
(0.503626 0.650629 -1.03703e-18)
(0.45231 0.573648 -1.80454e-19)
(0.40546 0.466811 0)
(0.367233 0.368292 -7.62162e-21)
(0.308014 0.21141 6.47338e-19)
(0.237523 0.0715632 -1.11477e-18)
(0.184281 -0.0507823 8.57942e-19)
(0.070972 -0.0364978 7.32846e-19)
(0.42939 0.408953 -2.89155e-19)
(0.94155 0.814241 -1.3154e-19)
(1.14376 0.992733 8.37275e-21)
(1.16601 1.05663 4.69239e-20)
(1.12833 1.07057 0)
(1.06566 1.05554 -1.27014e-19)
(0.999254 1.02334 -2.59264e-19)
(0.925583 0.984463 3.48344e-22)
(0.838014 0.941934 -6.10766e-19)
(0.738505 0.889575 -8.49493e-20)
(0.642778 0.822449 7.89001e-20)
(0.55423 0.7516 9.1747e-19)
(0.475974 0.679899 1.01265e-18)
(0.415945 0.587598 1.75089e-19)
(0.368381 0.497495 8.93058e-19)
(0.293681 0.333529 0)
(0.189678 0.199457 0)
(0.0387917 0.255711 7.40965e-19)
(-0.0394159 0.704556 -1.83209e-20)
(0.00206369 1.66947 -8.34393e-19)
(0.429308 0.420836 1.60824e-19)
(0.935769 0.837066 3.63456e-19)
(1.13313 1.01909 -4.88923e-19)
(1.15368 1.08358 2.27312e-19)
(1.116 1.09722 1.72546e-21)
(1.05422 1.08112 -8.60519e-20)
(0.988432 1.04813 0)
(0.914119 1.00916 -5.53326e-19)
(0.825547 0.96683 0)
(0.724946 0.915774 1.20563e-18)
(0.621738 0.850029 -9.50577e-20)
(0.524247 0.778928 1.06584e-19)
(0.445808 0.707651 1.15245e-18)
(0.375838 0.630872 -3.77947e-19)
(0.280585 0.496012 -4.55863e-19)
(0.20616 0.400195 0)
(0.0907217 0.574201 0)
(0.0266998 1.42756 0)
(0.0577412 2.50198 -4.30539e-19)
(0.0720893 2.9236 -2.59464e-19)
(0.429023 0.432083 0)
(0.930137 0.858719 0)
(1.12292 1.04426 1.80091e-19)
(1.14203 1.10896 -1.82283e-19)
(1.10444 1.12204 6.35552e-20)
(1.04349 1.10524 8.85514e-20)
(0.978146 1.07208 3.23911e-20)
(0.903194 1.0332 -2.52191e-20)
(0.812907 0.991254 8.55316e-20)
(0.70993 0.940025 -1.38373e-18)
(0.608214 0.875882 1.73133e-19)
(0.510158 0.812284 9.12807e-19)
(0.419629 0.746683 -1.14892e-18)
(0.333432 0.647828 -1.25443e-18)
(0.256821 0.568584 4.23175e-19)
(0.164373 0.742524 0)
(0.0916331 1.67171 5.93009e-19)
(0.101946 2.71882 6.69334e-19)
(0.107128 3.08354 -7.55306e-19)
(0.0949695 3.20849 8.27175e-19)
(0.42839 0.442916 0)
(0.924718 0.879127 3.32051e-19)
(1.11292 1.06783 -4.46292e-20)
(1.13057 1.13305 2.68956e-19)
(1.09331 1.14606 -6.67116e-20)
(1.03337 1.12874 0)
(0.968394 1.09539 0)
(0.892548 1.05687 0)
(0.801279 1.01551 4.89095e-19)
(0.697744 0.965887 6.46273e-20)
(0.589408 0.903376 0)
(0.482604 0.840093 -9.08567e-19)
(0.392801 0.774994 0)
(0.29493 0.702531 8.94527e-19)
(0.207752 0.794201 -6.02555e-19)
(0.151863 1.55691 -4.82421e-19)
(0.145453 2.71732 -1.14245e-18)
(0.160501 3.12547 -6.16396e-19)
(0.138266 3.25301 -8.80813e-19)
(0.121258 3.2882 7.79174e-19)
(0.426956 0.452488 -1.18418e-19)
(0.919365 0.898288 1.69431e-20)
(1.1034 1.09043 -5.03658e-20)
(1.11987 1.1558 -2.04633e-19)
(1.08301 1.16839 0)
(1.02394 1.15084 0)
(0.959088 1.11786 0)
(0.8824 1.07994 3.80803e-20)
(0.789664 1.03943 -6.17574e-19)
(0.683909 0.990224 0)
(0.57704 0.930449 0)
(0.472778 0.876316 0)
(0.365436 0.814798 0)
(0.302103 0.810194 6.54344e-19)
(0.249481 1.27166 1.60729e-18)
(0.207422 2.49087 4.78078e-19)
(0.215399 3.09937 9.80618e-19)
(0.203516 3.27389 -7.55065e-19)
(0.165446 3.32731 2.71805e-19)
(0.145753 3.33817 0)
(0.424852 0.46108 1.22792e-19)
(0.913353 0.915992 -7.46287e-19)
(1.0937 1.11184 -2.00058e-19)
(1.10926 1.17803 -4.24112e-20)
(1.07305 1.19071 1.58092e-20)
(1.01483 1.17295 -2.27536e-20)
(0.949962 1.14016 -7.54734e-21)
(0.872346 1.10297 -4.35709e-19)
(0.779008 1.06354 0)
(0.673536 1.01664 -8.07811e-20)
(0.561264 0.958945 7.34827e-20)
(0.449647 0.905054 0)
(0.366193 0.867004 0)
(0.299948 1.04703 -8.15383e-19)
(0.244092 1.96377 1.03614e-19)
(0.235345 2.98706 -3.66385e-19)
(0.25999 3.2801 7.81571e-19)
(0.240744 3.36211 5.96712e-19)
(0.186327 3.38226 -9.03848e-19)
(0.166644 3.39093 4.55675e-19)
(0.422108 0.469072 2.44516e-19)
(0.906663 0.933757 7.31935e-19)
(1.08375 1.13418 2.38373e-19)
(1.0989 1.20099 0)
(1.06332 1.21312 0)
(1.00566 1.19505 1.91623e-20)
(0.940563 1.1627 9.74724e-20)
(0.862226 1.12639 3.89209e-19)
(0.768069 1.08819 2.47073e-20)
(0.660906 1.04203 1.04339e-18)
(0.551693 0.987386 -1.21452e-18)
(0.442222 0.941704 0)
(0.371454 0.959372 0)
(0.321548 1.40949 -5.52025e-19)
(0.297441 2.61619 -6.73697e-19)
(0.331011 3.2115 0)
(0.349161 3.35049 -8.74494e-19)
(0.275772 3.40171 -1.38714e-20)
(0.207097 3.43397 6.00525e-19)
(0.181957 3.45115 -2.56795e-19)
(0.418686 0.477777 -4.67442e-19)
(0.899227 0.952122 -3.52401e-19)
(1.07304 1.15701 0)
(1.08778 1.22507 0)
(1.05297 1.23726 0)
(0.995813 1.21861 0)
(0.930499 1.18623 -1.12041e-19)
(0.851614 1.15062 3.45121e-19)
(0.757555 1.1137 0)
(0.651911 1.07041 -9.50596e-19)
(0.539128 1.01879 2.17755e-18)
(0.437222 0.983671 8.7963e-20)
(0.38231 1.09741 1.13515e-19)
(0.350318 1.89796 8.93616e-19)
(0.348431 2.97387 -4.92016e-19)
(0.382468 3.31602 0)
(0.357286 3.41552 2.58926e-19)
(0.27466 3.48732 7.4088e-20)
(0.223425 3.52937 4.79107e-20)
(0.18981 3.52453 1.02218e-19)
(0.414939 0.487364 2.22464e-19)
(0.891367 0.971649 -3.635e-19)
(1.06199 1.18148 0)
(1.07649 1.25027 -6.22309e-20)
(1.04216 1.26172 2.11385e-19)
(0.985283 1.24236 0)
(0.919755 1.21013 0)
(0.840608 1.17539 -5.99221e-19)
(0.746571 1.13975 -6.14787e-20)
(0.640193 1.09709 9.31013e-19)
(0.528858 1.04726 -1.03697e-18)
(0.447982 1.03745 5.88621e-19)
(0.407228 1.32614 0)
(0.388273 2.33838 -4.72714e-19)
(0.413052 3.19072 3.07125e-19)
(0.45723 3.4119 2.1353e-19)
(0.431761 3.48887 0)
(0.371591 3.54032 1.7397e-20)
(0.321432 3.55505 -2.20684e-19)
(0.239866 3.4919 -3.65599e-20)
(0.4109 0.497781 -4.44162e-19)
(0.882919 0.992116 5.22157e-19)
(1.05004 1.20611 3.62088e-19)
(1.0639 1.27613 -8.89872e-20)
(1.03017 1.28779 -3.27156e-19)
(0.973744 1.26768 0)
(0.908266 1.23514 -4.12995e-21)
(0.829234 1.20089 2.18177e-19)
(0.736135 1.16655 3.38919e-20)
(0.632608 1.1273 -8.04202e-19)
(0.521108 1.08431 -5.52161e-20)
(0.454301 1.11058 -6.65181e-19)
(0.433068 1.57036 6.91476e-19)
(0.43899 2.70556 1.56161e-19)
(0.48713 3.33087 -2.87418e-19)
(0.521449 3.45835 1.84564e-19)
(0.468959 3.49776 0)
(0.405633 3.48726 0)
(0.288947 3.40604 -4.599e-19)
(0.0145236 3.08879 8.32419e-19)
(0.406498 0.50861 2.12685e-19)
(0.873914 1.01386 5.18533e-19)
(1.03765 1.2327 -3.71683e-19)
(1.05097 1.30311 3.26799e-19)
(1.01744 1.31378 3.51864e-19)
(0.961418 1.29279 0)
(0.896196 1.26019 1.44911e-20)
(0.81758 1.22665 1.81894e-19)
(0.725487 1.19344 0)
(0.622076 1.15439 0)
(0.521819 1.11658 0)
(0.469905 1.20219 0)
(0.472529 1.84844 -7.76864e-19)
(0.498635 2.99349 -1.89008e-19)
(0.558122 3.41275 0)
(0.573799 3.47909 -4.85984e-20)
(0.548972 3.48002 0)
(0.551961 3.33295 1.41046e-19)
(0.507754 2.98947 -1.40365e-18)
(0.15732 2.38817 1.4062e-18)
(0.401397 0.51981 -4.34138e-19)
(0.863918 1.03649 -3.32603e-19)
(1.02394 1.25917 -2.50953e-19)
(1.03625 1.33055 -3.05644e-19)
(1.00327 1.3415 -1.73591e-19)
(0.947943 1.31974 0)
(0.883328 1.28668 7.40233e-21)
(0.805636 1.25328 -4.87732e-20)
(0.715399 1.22111 -2.4731e-19)
(0.613103 1.18475 0)
(0.522895 1.16194 5.23809e-20)
(0.488635 1.31808 -5.9677e-20)
(0.511085 2.13689 0)
(0.560464 3.17964 2.49959e-19)
(0.62414 3.44996 0)
(0.631212 3.47686 -9.73858e-20)
(0.622407 3.3757 2.92919e-19)
(0.587457 2.95419 -1.39185e-19)
(0.29951 1.84759 3.01014e-19)
(-0.290189 0.213533 -8.38036e-19)
(0.395527 0.530928 -1.47733e-20)
(0.852674 1.06026 -1.72307e-19)
(1.00931 1.28828 3.45751e-19)
(1.02094 1.35998 -1.97226e-20)
(0.988011 1.36964 -5.70337e-20)
(0.933318 1.34689 0)
(0.869519 1.31377 5.90899e-20)
(0.792983 1.28109 -9.69572e-20)
(0.704597 1.24993 4.40864e-19)
(0.602563 1.21435 -5.27408e-19)
(0.531338 1.20242 -6.23568e-19)
(0.515695 1.45598 0)
(0.562201 2.44841 3.68247e-19)
(0.628944 3.2958 -3.12849e-20)
(0.685334 3.44709 7.54507e-20)
(0.685521 3.425 0)
(0.624554 3.14984 -1.63365e-19)
(0.426954 2.23085 2.68362e-19)
(-0.0997386 0.163291 -3.20026e-19)
(-0.346094 -0.542892 -3.22258e-19)
(0.38837 0.54181 4.11373e-19)
(0.840006 1.08493 -1.69778e-19)
(0.992887 1.31699 2.47536e-19)
(1.0033 1.3897 1.90862e-19)
(0.971042 1.39999 1.16034e-19)
(0.9174 1.37667 2.20087e-19)
(0.854803 1.34313 -1.36729e-19)
(0.780054 1.31054 2.54e-20)
(0.694532 1.2803 -3.21113e-19)
(0.596831 1.249 4.01063e-20)
(0.537149 1.26222 1.09783e-19)
(0.54601 1.63023 -3.79505e-19)
(0.61241 2.70317 7.18467e-20)
(0.692082 3.35294 -1.27676e-19)
(0.733651 3.42086 -3.62524e-20)
(0.693314 3.30713 1.32174e-19)
(0.543173 2.69739 -3.42152e-19)
(0.19303 1.0157 2.19521e-19)
(-0.100362 -0.227976 0)
(-0.122328 -0.226499 -4.39343e-19)
(0.379306 0.552885 0)
(0.82534 1.11009 -6.47599e-19)
(0.975179 1.34871 2.22242e-20)
(0.984995 1.42205 -3.12698e-19)
(0.952799 1.43073 0)
(0.900146 1.40631 -1.62908e-19)
(0.839055 1.37271 1.4425e-19)
(0.766368 1.34086 -2.37612e-20)
(0.683255 1.31155 2.23318e-19)
(0.593219 1.28321 3.72595e-19)
(0.547738 1.32251 4.72961e-19)
(0.581596 1.80397 5.47156e-20)
(0.671254 2.9405 -2.54458e-19)
(0.749264 3.36878 6.0177e-20)
(0.768731 3.37703 -8.892e-20)
(0.675134 3.06753 2.02756e-19)
(0.428038 2.01562 1.67775e-19)
(0.0231702 0.0869879 -1.98813e-19)
(-0.151777 -0.294815 0)
(-0.112616 -0.188421 0)
(0.368016 0.562591 -4.0172e-19)
(0.808737 1.13581 6.43972e-19)
(0.955149 1.37915 0)
(0.963764 1.45368 0)
(0.932616 1.46349 0)
(0.881579 1.43873 0)
(0.822414 1.40468 -7.78718e-20)
(0.752423 1.37274 -1.60748e-20)
(0.67173 1.34369 -3.83334e-20)
(0.591449 1.32231 3.69488e-20)
(0.560853 1.39968 -3.64364e-19)
(0.621182 2.0272 2.59816e-19)
(0.724249 3.08608 0)
(0.795218 3.35681 3.95356e-20)
(0.786181 3.28091 2.17044e-19)
(0.613001 2.72598 -8.46502e-20)
(0.224981 1.07842 1.63226e-19)
(-0.102856 -0.262273 1.04284e-19)
(-0.15837 -0.292454 -4.40853e-19)
(-0.0838608 -0.147539 -5.20387e-19)
(0.354198 0.570523 2.05828e-19)
(0.78893 1.16044 3.04682e-19)
(0.933309 1.4126 -6.67795e-21)
(0.94172 1.4886 1.68779e-19)
(0.910821 1.49641 0)
(0.861256 1.47039 3.20074e-19)
(0.804424 1.43614 -6.54112e-20)
(0.737571 1.40478 1.85679e-20)
(0.659017 1.3765 -3.9066e-20)
(0.592373 1.36063 2.53052e-20)
(0.578723 1.48534 2.45874e-19)
(0.664761 2.24592 -1.02387e-19)
(0.776389 3.17372 -6.27471e-20)
(0.834675 3.33766 2.79184e-20)
(0.782312 3.14552 -1.28671e-19)
(0.512415 2.21808 3.39104e-19)
(0.0750881 0.193944 -1.97597e-19)
(-0.179392 -0.304788 2.46924e-19)
(-0.160882 -0.272355 -7.39618e-19)
(-0.070891 -0.123133 5.2619e-19)
(0.337731 0.576324 -1.92529e-19)
(0.766266 1.18472 0)
(0.908496 1.44341 -2.26078e-19)
(0.915992 1.52104 -3.26394e-19)
(0.886798 1.53072 0)
(0.83962 1.50469 -2.50203e-19)
(0.785559 1.46995 0)
(0.722335 1.438 -1.22478e-19)
(0.647742 1.40995 -1.83767e-20)
(0.592215 1.40343 5.08929e-20)
(0.597144 1.58093 -9.18512e-20)
(0.708178 2.45135 6.42635e-20)
(0.820769 3.22374 5.16327e-20)
(0.864493 3.2894 6.99042e-20)
(0.757245 2.91933 -1.13128e-19)
(0.395716 1.6213 -1.05707e-19)
(-0.049988 -0.187768 2.65385e-19)
(-0.201415 -0.309925 -3.1173e-19)
(-0.171052 -0.268168 -1.84127e-21)
(-0.0762232 -0.121215 -5.39452e-20)
(0.317567 0.577949 3.86448e-19)
(0.738618 1.20482 -2.95395e-19)
(0.881183 1.4766 2.40831e-19)
(0.889353 1.55744 1.57618e-19)
(0.860809 1.56477 2.94309e-20)
(0.815662 1.53741 1.58999e-19)
(0.764807 1.50221 0)
(0.70595 1.47057 -4.09832e-20)
(0.635845 1.44389 0)
(0.595123 1.44483 -4.75997e-20)
(0.620757 1.68545 9.48798e-20)
(0.753645 2.62976 3.5466e-21)
(0.85983 3.22887 4.56363e-20)
(0.881796 3.22635 9.64726e-20)
(0.718417 2.67729 -4.71998e-20)
(0.279114 1.10655 1.11713e-19)
(-0.0607117 -0.247585 -3.54711e-19)
(-0.161611 -0.347271 -2.05556e-19)
(-0.14834 -0.275653 -7.40726e-20)
(-0.0725346 -0.123489 3.75917e-19)
(0.293451 0.574236 5.30319e-21)
(0.707668 1.22394 1.52368e-19)
(0.849735 1.50431 0)
(0.858187 1.58875 3.00038e-19)
(0.832322 1.59908 -4.28075e-19)
(0.790477 1.57233 1.61554e-19)
(0.743233 1.53679 -1.0881e-19)
(0.688288 1.50354 1.04034e-19)
(0.625832 1.47708 -9.61214e-20)
(0.595767 1.48914 3.15677e-21)
(0.642958 1.78291 -2.56812e-20)
(0.795113 2.76888 -4.68345e-20)
(0.887883 3.23415 3.24557e-20)
(0.890371 3.15121 -1.48777e-19)
(0.658088 2.36947 -1.30785e-19)
(0.172548 0.432042 2.35951e-19)
(-0.0498253 -0.233506 -1.9371e-19)
(-0.111129 -0.336793 1.14852e-19)
(-0.0719733 -0.259053 1.24005e-21)
(-0.0336259 -0.0947157 -3.29135e-19)
(0.264282 0.561787 7.26086e-19)
(0.669494 1.23317 -1.53367e-19)
(0.815064 1.53295 -4.18354e-19)
(0.826242 1.62407 3.3984e-19)
(0.801724 1.63237 -1.88722e-19)
(0.762457 1.60467 3.14172e-19)
(0.71909 1.5685 1.69618e-19)
(0.668993 1.53504 0)
(0.615959 1.50934 1.11319e-19)
(0.598829 1.53026 -1.68521e-20)
(0.669793 1.88382 -3.48578e-21)
(0.832913 2.87658 9.45205e-20)
(0.911567 3.22853 2.08636e-20)
(0.881991 3.0524 5.55428e-21)
(0.591715 2.07361 -1.72057e-19)
(0.0681105 -0.00395493 -7.59442e-20)
(-0.171719 -0.301988 2.10297e-19)
(-0.1231 -0.312893 1.10211e-19)
(-0.0413045 -0.197319 3.26808e-20)
(0.013939 -0.0237544 3.0961e-19)
(0.230013 0.538864 0)
(0.627393 1.23881 1.42435e-19)
(0.775413 1.55256 -1.90658e-19)
(0.788922 1.6504 3.31153e-19)
(0.768487 1.6642 -4.14398e-19)
(0.733429 1.63824 1.73565e-19)
(0.694176 1.6026 0)
(0.648223 1.56677 0)
(0.604953 1.53983 0)
(0.601337 1.56909 3.30627e-20)
(0.694269 1.96965 -3.09422e-20)
(0.86269 2.93999 5.33041e-20)
(0.926737 3.2276 1.46559e-19)
(0.871385 2.97027 9.36238e-20)
(0.514845 1.74541 -1.72416e-19)
(-0.153573 -0.102026 1.27158e-19)
(-0.246068 -0.292155 1.14672e-20)
(-0.225572 -0.333466 -2.61328e-19)
(-0.061546 -0.157941 3.62236e-20)
(0.0388546 0.0631487 0)
(0.189968 0.500372 6.72345e-19)
(0.575346 1.22461 -1.33191e-19)
(0.73203 1.5698 5.35416e-21)
(0.751398 1.6804 0)
(0.733104 1.6934 -2.0028e-19)
(0.701555 1.66787 1.89367e-20)
(0.666436 1.63204 0)
(0.626277 1.59688 5.34399e-20)
(0.591826 1.56894 -4.21727e-20)
(0.604188 1.60006 0)
(0.721295 2.03826 0)
(0.893234 2.99505 -1.00735e-19)
(0.943629 3.22845 -1.85821e-19)
(0.844707 2.87265 -2.68307e-20)
(0.380626 1.42438 -7.70322e-20)
(-0.230939 -0.0851076 7.34199e-20)
(-0.371672 -0.393198 0)
(-0.349444 -0.463148 -1.73327e-19)
(-0.19232 -0.322266 -2.92212e-19)
(0.00503894 0.0484347 7.02939e-19)
(0.144136 0.44261 5.56625e-19)
(0.519246 1.20236 -1.28448e-19)
(0.682596 1.57178 1.83165e-19)
(0.707505 1.69625 -4.53859e-19)
(0.694935 1.71862 0)
(0.66928 1.6967 0)
(0.638251 1.66316 0)
(0.602382 1.6275 5.68426e-20)
(0.576165 1.59633 -4.4852e-20)
(0.603707 1.62525 0)
(0.742825 2.07239 0)
(0.918701 3.00599 2.30843e-19)
(0.965021 3.2356 -1.26193e-19)
(0.846904 2.8457 1.12598e-19)
(0.383148 1.32806 3.13749e-19)
(-0.222982 -0.0140594 0)
(-0.42103 -0.481867 -8.76944e-20)
(-0.457906 -0.701662 -6.91647e-20)
(-0.382835 -0.716965 7.68037e-19)
(-0.0908773 -0.195727 -9.17232e-19)
(0.0942791 0.360173 -5.17452e-19)
(0.449372 1.14253 1.35644e-19)
(0.62872 1.56591 3.83677e-19)
(0.663732 1.71444 2.62391e-19)
(0.654219 1.7384 -2.12648e-19)
(0.634603 1.71945 -1.42643e-19)
(0.607987 1.68614 9.92399e-20)
(0.577279 1.65403 0)
(0.555755 1.62365 0)
(0.598323 1.64273 0)
(0.764938 2.07352 -8.51711e-20)
(0.961963 3.01405 -2.27273e-19)
(1.01852 3.24155 1.31398e-19)
(0.918598 2.87117 -7.12027e-20)
(0.480095 1.44839 2.93954e-20)
(0.0244817 0.340965 0)
(-0.265179 -0.431552 1.8823e-19)
(-0.430197 -0.868875 -8.44863e-19)
(-0.409278 -1.02237 1.89259e-18)
(-0.20992 -0.629946 -1.05076e-18)
(0.0414512 0.24874 5.49535e-19)
(0.376104 1.06931 -4.51443e-19)
(0.5653 1.5325 0)
(0.611604 1.7108 1.29979e-19)
(0.610904 1.75215 9.43901e-20)
(0.599644 1.73864 2.00779e-19)
(0.577915 1.70821 -9.27643e-20)
(0.550689 1.67772 0)
(0.532906 1.64824 0)
(0.580747 1.65733 -1.54673e-19)
(0.77084 2.03567 1.27971e-22)
(0.996086 2.95086 1.06461e-19)
(1.08027 3.21563 7.06418e-20)
(0.989718 2.93127 2.9811e-19)
(0.616593 1.63359 -6.29233e-19)
(0.177502 0.411207 7.86012e-19)
(-0.062354 -0.358998 -5.64005e-19)
(-0.267561 -0.866043 0)
(-0.350604 -1.20303 -2.93517e-20)
(-0.239186 -0.929628 1.12934e-18)
(0.00785748 0.153031 5.65461e-19)
(0.281622 0.930376 0)
(0.495396 1.48076 0)
(0.559177 1.70459 0)
(0.564763 1.75683 7.95041e-20)
(0.56087 1.74978 -1.97569e-19)
(0.546363 1.71831 -8.92981e-20)
(0.524149 1.6909 0)
(0.505672 1.66652 0)
(0.552047 1.67198 9.20866e-20)
(0.754634 1.96579 2.92031e-20)
(1.01972 2.87947 -4.97171e-20)
(1.1537 3.13677 7.15535e-21)
(1.14527 2.94908 8.92449e-20)
(0.899314 2.15139 -2.52768e-19)
(0.439377 0.783767 2.40599e-19)
(0.178854 -0.0174215 -2.76926e-19)
(-0.0677244 -0.597676 0)
(-0.20285 -1.22224 2.77541e-20)
(-0.231247 -1.13129 4.29172e-19)
(-0.0032462 0.0817486 -5.30657e-19)
(0.187848 0.770332 1.82937e-19)
(0.410671 1.37051 2.80891e-19)
(0.49801 1.6623 -1.55713e-20)
(0.516922 1.75438 -1.71712e-19)
(0.519829 1.75542 -1.10979e-19)
(0.513365 1.72874 2.5004e-19)
(0.497285 1.69537 -5.94003e-21)
(0.477951 1.66893 0)
(0.503414 1.6736 2.9427e-20)
(0.692083 1.87571 -1.17592e-21)
(0.973599 2.67769 2.26592e-20)
(1.163 3.01432 0)
(1.18253 2.88074 -3.85076e-20)
(1.12407 2.43486 0)
(0.856339 1.54388 -4.09329e-20)
(0.533453 0.711205 1.68007e-20)
(0.228814 -0.124627 0)
(-0.0117333 -0.750105 0)
(-0.113881 -1.08321 -3.6925e-21)
(-0.00309733 0.0102519 4.27319e-19)
(0.0692773 0.445034 -1.60305e-19)
(0.328211 1.22074 1.26039e-19)
(0.438396 1.60208 -1.98768e-19)
(0.465224 1.73404 7.79841e-20)
(0.471491 1.75012 -2.64553e-20)
(0.472498 1.72904 1.67043e-20)
(0.462592 1.69096 -3.32384e-20)
(0.446271 1.65542 -2.16393e-20)
(0.451795 1.65421 -1.56843e-20)
(0.574492 1.77905 7.4198e-21)
(0.850535 2.48472 0)
(1.10255 2.853 1.73546e-20)
(1.13018 2.80083 0)
(1.0944 2.55181 0)
(0.98178 2.02986 0)
(0.710234 1.28394 3.46322e-19)
(0.460925 0.610078 -8.22636e-19)
(0.172413 -0.145381 -7.86528e-22)
(-0.0396135 -0.623283 6.15098e-19)
(-0.000310109 -0.0519464 7.51885e-20)
(0.00744272 0.157475 7.05293e-20)
(0.214858 0.926115 -5.7464e-20)
(0.366432 1.47597 -4.35841e-20)
(0.411474 1.70034 3.52308e-20)
(0.420852 1.74269 2.46925e-20)
(0.42323 1.73033 1.71446e-20)
(0.419869 1.68289 0)
(0.401681 1.63119 -8.96933e-21)
(0.392107 1.61223 -4.54109e-21)
(0.438316 1.68027 6.84047e-21)
(0.577358 2.14667 0)
(0.875347 2.70969 1.40216e-20)
(0.947024 2.71239 -3.44526e-20)
(0.935255 2.58918 0)
(0.875934 2.29384 0)
(0.700054 1.77105 -2.66853e-20)
(0.470916 1.16434 0)
(0.155535 0.391343 -2.14534e-20)
(-0.00979353 -0.179441 0)
(-0.000781015 -0.0823428 0)
(-0.00286563 0.00148512 0)
(0.0883152 0.52178 0)
(0.275152 1.25594 0)
(0.346144 1.61309 -8.73556e-34)
(0.359135 1.71927 6.49854e-34)
(0.360682 1.71907 0)
(0.363087 1.67803 0)
(0.347002 1.60812 0)
(0.327711 1.56703 0)
(0.332597 1.60423 0)
(0.365578 1.92107 0)
(0.638216 2.56301 0)
(0.714826 2.67609 0)
(0.689006 2.63021 0)
(0.653808 2.45206 0)
(0.560285 2.06806 0)
(0.411496 1.54174 0)
(0.175597 0.937987 0)
(0.0253276 0.389056 0)
(0.000699956 -0.0935822 0)
(0.00312781 -0.088956 0)
(0.00790301 0.188134 0)
(0.183034 0.997772 0)
(0.277863 1.50848 0)
(0.294528 1.68704 0)
(0.291239 1.70505 0)
(0.294254 1.67352 0)
(0.287148 1.59087 0)
(0.263029 1.53488 0)
(0.249883 1.56282 0)
(0.234072 1.81179 0)
(0.469006 2.44794 0)
(0.530253 2.68367 0)
(0.497912 2.68572 0)
(0.458526 2.594 0)
(0.402746 2.3324 0)
(0.311553 1.8761 0)
(0.131498 1.35092 0)
(0.0121022 0.78123 0)
(0.00669493 -0.11878 0)
(0.0176232 -0.150821 0)
(-0.00451617 0.0503837 0)
(0.109419 0.784677 0)
(0.211235 1.39682 0)
(0.225324 1.64657 0)
(0.216201 1.68742 0)
(0.219286 1.66417 0)
(0.220857 1.58164 0)
(0.201457 1.5232 0)
(0.181003 1.55047 0)
(0.12758 1.77494 0)
(0.329328 2.38297 0)
(0.399056 2.70243 0)
(0.340932 2.76245 0)
(0.299145 2.72669 0)
(0.256072 2.55114 0)
(0.204229 2.17884 0)
(0.0774869 1.71918 0)
(-0.00208857 1.09843 0)
(0.00886034 -0.171865 0)
(0.0184513 -0.210668 0)
(-0.00530725 0.0271478 0)
(0.049201 0.704856 0)
(0.133435 1.33276 0)
(0.144747 1.60949 0)
(0.134954 1.6678 0)
(0.143957 1.65264 0)
(0.156964 1.57839 0)
(0.147519 1.52485 0)
(0.130212 1.55617 0)
(0.053148 1.75953 0)
(0.21787 2.3518 0)
(0.299702 2.72765 0)
(0.239371 2.83396 0)
(0.190689 2.83543 0)
(0.15783 2.71908 0)
(0.12695 2.40802 0)
(0.0314062 1.9924 0)
(-0.0116707 1.3224 0)
(0.00617251 -0.222585 0)
(0.00800632 -0.241379 0)
(-0.0221076 0.0615078 0)
(-0.00674991 0.691565 0)
(0.0575374 1.29151 0)
(0.0619771 1.57752 0)
(0.0554792 1.64542 0)
(0.0724226 1.63928 0)
(0.102351 1.57271 0)
(0.106949 1.52382 0)
(0.0881081 1.56947 0)
(0.00366354 1.76641 0)
(0.137072 2.34628 0)
(0.224368 2.76189 0)
(0.169077 2.89757 0)
(0.121303 2.91945 0)
(0.0954952 2.83493 0)
(0.0772686 2.56367 0)
(0.00837994 2.15174 0)
(-0.0210107 1.33375 0)
(0.00262807 -0.245658 0)
(-0.0107025 -0.219985 0)
(-0.0482227 0.148064 0)
(-0.0531851 0.735321 0)
(-0.0121027 1.27446 0)
(-0.0125623 1.53978 0)
(-0.0146622 1.61483 0)
(0.00978492 1.62297 0)
(0.0538275 1.56557 0)
(0.0782876 1.51834 0)
(0.0666159 1.57514 0)
(-0.033791 1.79484 0)
(0.0811961 2.3559 0)
(0.170064 2.79231 0)
(0.117516 2.94648 0)
(0.0730311 2.98037 0)
(0.0545034 2.9107 0)
(0.0409825 2.65932 0)
(-0.0162366 2.2338 0)
(-0.0250726 1.29793 0)
(-0.00385919 -0.231575 0)
(-0.0274648 -0.147045 0)
(-0.0721246 0.248704 0)
(-0.0924422 0.801579 0)
(-0.0715584 1.26324 0)
(-0.0723845 1.49385 0)
(-0.0639547 1.57564 0)
(-0.035788 1.60228 0)
(0.00777721 1.56182 0)
(0.0466445 1.51405 0)
(0.05944 1.5655 0)
(-0.0477867 1.79112 0)
(0.0442032 2.36833 0)
(0.122535 2.81234 0)
(0.0709177 2.97579 0)
(0.028505 3.01433 0)
(0.0141151 2.9486 0)
(0.00526244 2.69762 0)
(-0.0417781 2.23412 0)
(-0.0280557 1.20586 0)
(-0.00799174 -0.17711 0)
(-0.038286 -0.0462328 0)
(-0.0859904 0.348265 0)
(-0.114351 0.858047 0)
(-0.10843 1.24808 0)
(-0.102253 1.45006 0)
(-0.0831352 1.5377 0)
(-0.0568336 1.57442 0)
(-0.0260884 1.55117 0)
(0.0141104 1.51328 0)
(0.0490158 1.55352 0)
(-0.0465773 1.77944 0)
(0.0202755 2.35602 0)
(0.0818441 2.8146 0)
(0.029319 2.9899 0)
(-0.00890616 3.03617 0)
(-0.0181334 2.97109 0)
(-0.0238277 2.71071 0)
(-0.0550571 2.20796 0)
(-0.0301283 1.07164 0)
(-0.00910177 -0.0994775 0)
(-0.0403458 0.0705852 0)
(-0.0876155 0.445803 0)
(-0.117411 0.902573 0)
(-0.120013 1.23004 0)
(-0.1104 1.4097 0)
(-0.0830247 1.49828 0)
(-0.0607747 1.53781 0)
(-0.0401727 1.52414 0)
(-0.0106822 1.50601 0)
(0.0332267 1.54517 0)
(-0.0529538 1.75634 0)
(0.00409017 2.33369 0)
(0.0544405 2.80609 0)
(0.0012912 2.99356 0)
(-0.0355933 3.04564 0)
(-0.0425972 2.97936 0)
(-0.0411209 2.71204 0)
(-0.0602817 2.16062 0)
(-0.0247275 0.941126 0)
(-0.00777891 -0.018311 0)
(-0.0350425 0.183652 0)
(-0.0779333 0.531054 0)
(-0.105078 0.938902 0)
(-0.112566 1.22076 0)
(-0.103101 1.38018 0)
(-0.0754779 1.46173 0)
(-0.0602475 1.49733 0)
(-0.0429615 1.48458 0)
(-0.0234354 1.48016 0)
(0.0155259 1.5372 0)
(-0.0702786 1.74527 0)
(-0.010822 2.32257 0)
(0.034481 2.80099 0)
(-0.0158878 2.99575 0)
(-0.0474446 3.05046 0)
(-0.0494805 2.9851 0)
(-0.047245 2.69989 0)
(-0.0538505 2.0967 0)
(-0.0134657 0.828438 0)
(-0.00563246 0.0544935 0)
(-0.0273196 0.290902 0)
(-0.0648115 0.616126 0)
(-0.0895249 0.979784 0)
(-0.0999316 1.22301 0)
(-0.0932169 1.36232 0)
(-0.0696469 1.43395 0)
(-0.0607766 1.46493 0)
(-0.050575 1.45386 0)
(-0.030011 1.45452 0)
(0.00368772 1.52969 0)
(-0.0843481 1.751 0)
(-0.0244335 2.32989 0)
(0.0207563 2.80525 0)
(-0.0262706 3.00319 0)
(-0.0512501 3.06017 0)
(-0.0475637 2.98775 0)
(-0.0426886 2.68807 0)
(-0.0438277 2.03784 0)
(-0.00570826 0.742616 0)
(-0.00334964 0.108796 0)
(-0.0184924 0.375139 0)
(-0.0488066 0.684158 0)
(-0.0704749 1.01396 0)
(-0.079609 1.23314 0)
(-0.0783229 1.35893 0)
(-0.0608529 1.42337 0)
(-0.0572447 1.44956 0)
(-0.053552 1.44428 0)
(-0.0341838 1.44711 0)
(0.00440173 1.52594 0)
(-0.0899602 1.76779 0)
(-0.0347792 2.34484 0)
(0.0105734 2.81908 0)
(-0.0293135 3.01358 0)
(-0.0490777 3.06583 0)
(-0.0430214 2.98703 0)
(-0.0352787 2.66866 0)
(-0.0354665 1.97847 0)
(-0.00504651 0.676771 0)
(-0.00177813 0.146449 0)
(-0.011493 0.442445 0)
(-0.0348338 0.745584 0)
(-0.0552994 1.04941 0)
(-0.0620359 1.24743 0)
(-0.0643126 1.36125 0)
(-0.051936 1.42054 0)
(-0.0483358 1.4442 0)
(-0.0514933 1.44334 0)
(-0.0372979 1.44848 0)
(0.0103619 1.52347 0)
(-0.0836578 1.78544 0)
(-0.0408172 2.36241 0)
(0.0013669 2.83587 0)
(-0.0341935 3.02672 0)
(-0.0484178 3.07414 0)
(-0.0437007 2.98484 0)
(-0.0359069 2.64744 0)
(-0.0316968 1.91535 0)
(-0.00675416 0.622209 0)
(-0.000829994 0.16859 0)
(-0.00652184 0.486924 0)
(-0.0228553 0.788435 0)
(-0.0395844 1.07593 0)
(-0.0460404 1.26059 0)
(-0.0496627 1.36642 0)
(-0.0435719 1.42063 0)
(-0.0390169 1.43913 0)
(-0.0456264 1.43971 0)
(-0.0407087 1.44648 0)
(0.0128512 1.52201 0)
(-0.0726262 1.78718 0)
(-0.040107 2.37604 0)
(-0.00439738 2.85015 0)
(-0.0440313 3.03633 0)
(-0.0539781 3.07936 0)
(-0.043639 2.97859 0)
(-0.0378192 2.61663 0)
(-0.0314876 1.84815 0)
(-0.00537365 0.573293 0)
(-0.000476094 0.182556 0)
(-0.00408987 0.5207 0)
(-0.015833 0.825108 0)
(-0.0296894 1.10127 0)
(-0.0355351 1.2737 0)
(-0.0388471 1.37019 0)
(-0.0384625 1.41818 0)
(-0.0321518 1.43371 0)
(-0.0360134 1.42987 0)
(-0.0428477 1.44196 0)
(0.0126211 1.52215 0)
(-0.0615807 1.78355 0)
(-0.0378369 2.38032 0)
(-0.01177 2.854 0)
(-0.0503438 3.03857 0)
(-0.0578765 3.07709 0)
(-0.0462608 2.97008 0)
(-0.0382044 2.59227 0)
(-0.0289833 1.78628 0)
(-0.00198595 0.531776 0)
(-0.000255691 0.190225 0)
(-0.00269521 0.541555 0)
(-0.011083 0.848666 0)
(-0.0202034 1.1167 0)
(-0.0251545 1.28417 0)
(-0.0281403 1.37455 0)
(-0.0318238 1.41779 0)
(-0.0279108 1.43201 0)
(-0.0289878 1.42449 0)
(-0.0442032 1.44002 0)
(0.011472 1.52199 0)
(-0.0578238 1.78609 0)
(-0.0381634 2.3861 0)
(-0.0192456 2.8554 0)
(-0.0545615 3.03556 0)
(-0.0579046 3.07146 0)
(-0.0488775 2.95093 0)
(-0.0393651 2.53904 0)
(-0.0229049 1.70001 0)
(-0.00152127 0.493792 0)
(-0.000181625 0.196226 0)
(-0.00193331 0.559689 0)
(-0.00901817 0.870806 0)
(-0.0164105 1.13001 0)
(-0.0191572 1.29348 0)
(-0.022026 1.37843 0)
(-0.0280127 1.41812 0)
(-0.0264804 1.4325 0)
(-0.0248778 1.42391 0)
(-0.0447735 1.43979 0)
(0.00879857 1.5211 0)
(-0.0573042 1.79293 0)
(-0.0447674 2.39488 0)
(-0.0284568 2.8599 0)
(-0.0576863 3.03498 0)
(-0.0558049 3.06514 0)
(-0.0436513 2.93755 0)
(-0.0333544 2.5114 0)
(-0.0192344 1.64192 0)
(-0.00224235 0.468611 0)
(-0.000165192 0.199707 0)
(-0.00138863 0.570984 0)
(-0.00699122 0.885992 0)
(-0.0127585 1.13758 0)
(-0.0139638 1.30152 0)
(-0.0166688 1.38479 0)
(-0.0244725 1.42218 0)
(-0.0264966 1.43374 0)
(-0.0232443 1.4261 0)
(-0.0457673 1.43908 0)
(0.00418831 1.52306 0)
(-0.0606243 1.80948 0)
(-0.050571 2.40913 0)
(-0.0343605 2.8677 0)
(-0.0590779 3.03541 0)
(-0.0545354 3.06052 0)
(-0.0381773 2.91499 0)
(-0.0320136 2.45759 0)
(-0.018424 1.56274 0)
(-0.00224488 0.442642 0)
(-0.000248302 0.203627 0)
(-0.00119309 0.582816 0)
(-0.00593024 0.901831 0)
(-0.0121281 1.14536 0)
(-0.0126412 1.30752 0)
(-0.0144557 1.39045 0)
(-0.0223064 1.42574 0)
(-0.028447 1.43564 0)
(-0.0245488 1.42791 0)
(-0.047645 1.43891 0)
(-0.00556071 1.52743 0)
(-0.0576795 1.81903 0)
(-0.0541664 2.41924 0)
(-0.0420801 2.87393 0)
(-0.0601669 3.03431 0)
(-0.0543849 3.05537 0)
(-0.0418003 2.90086 0)
(-0.0281581 2.42497 0)
(-0.0180204 1.51149 0)
(-0.00227904 0.429097 0)
(-0.000402378 0.206456 0)
(-0.00145691 0.590555 0)
(-0.00488005 0.914039 0)
(-0.0108392 1.15267 0)
(-0.0123918 1.31327 0)
(-0.0135007 1.39608 0)
(-0.0195808 1.43078 0)
(-0.0308404 1.44094 0)
(-0.0302898 1.43324 0)
(-0.0510023 1.44207 0)
(-0.0191175 1.53479 0)
(-0.0561147 1.82551 0)
(-0.057887 2.42838 0)
(-0.0457974 2.87831 0)
(-0.0626235 3.03163 0)
(-0.054305 3.04441 0)
(-0.0430083 2.86997 0)
(-0.0366264 2.36011 0)
(-0.0156601 1.42435 0)
(-0.00319492 0.408049 0)
(-0.000532272 0.210816 0)
(-0.00182135 0.599825 0)
(-0.00478279 0.926256 0)
(-0.0104827 1.16082 0)
(-0.0117968 1.31597 0)
(-0.0132456 1.39994 0)
(-0.0160101 1.43563 0)
(-0.0284403 1.44586 0)
(-0.0324796 1.4392 0)
(-0.0519645 1.44636 0)
(-0.0283796 1.53845 0)
(-0.0485521 1.82754 0)
(-0.0615673 2.4329 0)
(-0.0511171 2.87991 0)
(-0.0663179 3.02584 0)
(-0.0580119 3.03323 0)
(-0.0424941 2.85062 0)
(-0.0350199 2.32617 0)
(-0.0167402 1.37948 0)
(-0.00324592 0.396292 0)
(-0.000660823 0.215069 0)
(-0.00243538 0.607899 0)
(-0.00466336 0.937758 0)
(-0.010017 1.17028 0)
(-0.0132479 1.31944 0)
(-0.014025 1.4026 0)
(-0.0160283 1.43969 0)
(-0.027423 1.44992 0)
(-0.0360028 1.44474 0)
(-0.0519114 1.456 0)
(-0.0320192 1.54112 0)
(-0.0463984 1.83492 0)
(-0.064781 2.44317 0)
(-0.053158 2.88605 0)
(-0.0694048 3.02389 0)
(-0.0631444 3.02596 0)
(-0.0496877 2.81992 0)
(-0.0354377 2.2556 0)
(-0.0220185 1.2904 0)
(-0.000534506 0.375382 0)
(-0.000879914 0.220557 0)
(-0.00253404 0.615414 0)
(-0.00535153 0.947003 0)
(-0.00860845 1.17954 0)
(-0.0111781 1.32296 0)
(-0.0122061 1.40463 0)
(-0.0117775 1.44547 0)
(-0.022047 1.46049 0)
(-0.0372961 1.46015 0)
(-0.0486213 1.45865 0)
(-0.030256 1.54055 0)
(-0.040308 1.84099 0)
(-0.0668089 2.45132 0)
(-0.0574367 2.89188 0)
(-0.0740344 3.02632 0)
(-0.0654617 3.02101 0)
(-0.0512145 2.80012 0)
(-0.0374517 2.21194 0)
(-0.0190654 1.23464 0)
(0.00204171 0.368503 0)
(-0.00123853 0.226932 0)
(-0.00300341 0.625065 0)
(-0.00505649 0.955051 0)
(-0.00885655 1.18711 0)
(-0.010275 1.32483 0)
(-0.0111625 1.40393 0)
(-0.00900462 1.44533 0)
(-0.0144462 1.46082 0)
(-0.0291839 1.46434 0)
(-0.0412606 1.46436 0)
(-0.0280364 1.54428 0)
(-0.0393939 1.84898 0)
(-0.06253 2.46825 0)
(-0.0574237 2.90288 0)
(-0.0772928 3.02394 0)
(-0.0670178 3.00923 0)
(-0.0515438 2.75768 0)
(-0.0472688 2.12331 0)
(-0.0144565 1.11964 0)
(0.0038048 0.360123 0)
(-0.0011354 0.23177 0)
(-0.0044057 0.631701 0)
(-0.00595193 0.964175 0)
(-0.0071755 1.19209 0)
(-0.00751033 1.32626 0)
(-0.00691239 1.40444 0)
(-0.00286505 1.44817 0)
(-0.00336799 1.47022 0)
(-0.0187726 1.48201 0)
(-0.030963 1.47179 0)
(-0.0198814 1.54583 0)
(-0.0362733 1.85202 0)
(-0.0713264 2.48197 0)
(-0.0680943 2.90765 0)
(-0.0871479 3.02313 0)
(-0.0817174 3.00196 0)
(-0.0742397 2.73345 0)
(-0.0580539 2.06959 0)
(-0.00992935 1.06417 0)
(0.000934665 0.353141 0)
(-0.00072765 0.242335 0)
(-0.00313841 0.645836 0)
(-0.00459243 0.96695 0)
(-0.00430645 1.18929 0)
(-0.00239385 1.31884 0)
(0.00307604 1.39047 0)
(0.0118258 1.43353 0)
(0.0231483 1.45928 0)
(0.0230953 1.48127 0)
(0.0203891 1.49378 0)
(0.00548623 1.57396 0)
(-0.0300932 1.87374 0)
(-0.0726227 2.52304 0)
(-0.0773972 2.93275 0)
(-0.0919359 3.03458 0)
(-0.0883309 2.99084 0)
(-0.0796831 2.66742 0)
(-0.0549694 1.9305 0)
(-0.0129067 0.944842 0)
(-0.00420983 0.312572 0)
(-0.400805 1.39928 6.56103e-23)
(0.251395 3.16759 5.92226e-20)
(0.149788 3.39777 -3.11847e-20)
(0.145205 3.4108 0)
(0.147807 3.36098 0)
(0.13249 3.32127 -4.08446e-19)
(0.115494 3.2973 4.48808e-19)
(0.094087 3.26156 -4.42594e-19)
(0.079716 3.19577 7.65402e-21)
(0.0355723 2.51965 5.48032e-19)
(-0.191816 2.15807 -1.34049e-23)
(0.0872475 3.24908 1.41082e-19)
(0.065339 3.40516 0)
(0.0587699 3.36425 0)
(0.0640598 3.32397 1.21311e-20)
(0.0611715 3.28972 8.30786e-19)
(0.0537988 3.26532 -4.54211e-19)
(0.0424726 3.24246 -6.67387e-21)
(0.0367741 3.09876 6.68165e-21)
(-0.0146257 2.10353 0)
(-0.105565 2.01203 2.22466e-19)
(0.0449842 3.12815 -2.06567e-19)
(0.046216 3.31261 0)
(0.0439946 3.3109 3.84533e-19)
(0.0396523 3.2897 -1.16371e-21)
(0.0369324 3.27212 -4.29128e-19)
(0.0335305 3.26294 -5.05547e-19)
(0.0343025 3.24808 -1.15589e-22)
(0.0272397 3.12402 6.79529e-21)
(-0.034563 2.20274 0)
(-0.105248 1.98168 -7.55211e-20)
(-0.00558465 3.10906 0)
(0.00710827 3.28891 -2.05768e-19)
(0.00917737 3.29245 -1.72761e-19)
(0.0127038 3.27214 1.46856e-20)
(0.0178852 3.25523 -2.67309e-19)
(0.0262027 3.24396 2.37577e-19)
(0.0293125 3.23563 -8.45097e-21)
(0.0248368 3.12496 1.16009e-20)
(-0.0231191 2.23832 2.93649e-19)
(-0.0902663 2.00844 -1.6393e-19)
(-0.0207212 3.08555 0)
(0.00138379 3.25238 4.31435e-19)
(0.00714558 3.25612 -2.36487e-19)
(0.0114366 3.24337 -5.72504e-22)
(0.0155642 3.23583 -6.66678e-22)
(0.0204365 3.23248 -1.58206e-20)
(0.0297688 3.22062 -3.00822e-19)
(0.0221105 3.11877 8.92954e-21)
(-0.0311409 2.29701 -6.1375e-19)
(-0.0841429 2.05717 0)
(-0.0360368 3.08006 -2.20301e-19)
(-0.022188 3.23775 1.43683e-20)
(-0.013587 3.24035 -1.6042e-20)
(-0.00312625 3.22819 1.63611e-20)
(0.00684403 3.21653 2.69261e-19)
(0.0181411 3.20837 2.80917e-19)
(0.0235168 3.20345 5.92377e-19)
(0.020565 3.11786 3.30514e-19)
(-0.0188108 2.34502 -1.51599e-20)
(-0.0707666 2.13717 0)
(-0.0426497 3.0822 2.30905e-19)
(-0.019714 3.20944 -2.49708e-19)
(-0.00750787 3.21087 -1.71871e-20)
(0.00188594 3.20012 3.54783e-20)
(0.00880546 3.19504 3.67527e-22)
(0.0151399 3.19347 -1.90031e-20)
(0.0248736 3.18648 -3.1006e-19)
(0.0206177 3.11595 -3.21982e-19)
(-0.0216885 2.40954 -1.59992e-20)
(-0.064219 2.20958 2.7306e-19)
(-0.0448581 3.08272 -1.25209e-20)
(-0.0320341 3.1945 8.63967e-21)
(-0.02148 3.19325 0)
(-0.00908986 3.18385 0)
(0.0020902 3.17476 0)
(0.013964 3.16859 0)
(0.0206652 3.16772 3.45201e-19)
(0.0209856 3.10948 -3.56683e-19)
(-0.00973994 2.45753 3.49988e-19)
(-0.0531889 2.30413 2.47677e-20)
(-0.0449085 3.08516 2.81081e-19)
(-0.0263707 3.16796 0)
(-0.0128328 3.16475 -1.94606e-20)
(-0.00208253 3.15557 1.99105e-20)
(0.00578217 3.15225 0)
(0.0128534 3.15228 -1.07927e-20)
(0.0231329 3.14939 -3.35037e-19)
(0.0220843 3.10522 3.57955e-19)
(-0.0108378 2.5238 0)
(-0.0508483 2.3924 1.56982e-20)
(-0.0461936 3.08544 -4.31317e-19)
(-0.0351563 3.15141 0)
(-0.0233874 3.14604 0)
(-0.0109313 3.13815 2.13393e-20)
(0.000442634 3.13091 -1.80004e-19)
(0.0124238 3.1265 -2.25243e-20)
(0.0201242 3.1286 1.91767e-19)
(0.0230592 3.09431 0)
(-0.000492219 2.575 0)
(-0.0411976 2.49002 -4.68731e-19)
(-0.0463679 3.08459 1.57909e-19)
(-0.0295253 3.12391 0)
(-0.0144108 3.11647 0)
(-0.00309585 3.10853 0)
(0.00528539 3.10649 3.70515e-19)
(0.0127676 3.10787 0)
(0.0232014 3.10813 -2.04601e-19)
(0.0244794 3.08665 1.2652e-20)
(-0.00101309 2.64322 2.13684e-19)
(-0.0367542 2.57539 1.67412e-19)
(-0.0437386 3.07218 -1.62135e-20)
(-0.0363543 3.1031 1.93885e-19)
(-0.0244769 3.09561 1.88382e-19)
(-0.0116785 3.08882 0)
(0.000495799 3.08304 -1.90279e-19)
(0.0129163 3.08022 0)
(0.0213372 3.08466 0)
(0.0259318 3.07067 0)
(0.00762261 2.69765 -2.14676e-19)
(-0.0287319 2.67398 -1.77654e-19)
(-0.0419903 3.06368 1.82745e-19)
(-0.0298674 3.07222 -1.8261e-19)
(-0.0154247 3.06341 -2.87809e-19)
(-0.00375566 3.05734 0)
(0.0058629 3.05669 2.57794e-20)
(0.0144422 3.05932 -1.31584e-20)
(0.0251653 3.06198 9.81319e-20)
(0.0278113 3.05833 1.22175e-19)
(0.00722558 2.76727 -1.25459e-19)
(-0.0257197 2.75871 1.82273e-19)
(-0.0391426 3.04073 -1.75597e-19)
(-0.0342828 3.04742 1.2403e-20)
(-0.0235913 3.04139 7.31518e-20)
(-0.0113622 3.03723 -1.05531e-19)
(0.00101983 3.03349 0)
(0.0139466 3.03189 1.13292e-19)
(0.0232783 3.03703 4.93594e-21)
(0.0290187 3.03678 -2.36214e-19)
(0.0139429 2.82413 -5.78559e-21)
(-0.0191777 2.85382 -5.14675e-20)
(-0.0345511 3.0236 1.2657e-20)
(-0.0244131 3.01779 -6.56856e-20)
(-0.0122386 3.01492 2.68992e-20)
(-0.00306871 3.01408 1.29106e-19)
(0.00551292 3.01326 -5.50277e-20)
(0.0129205 3.01464 -5.41922e-20)
(0.0230115 3.01623 -5.6537e-20)
(0.0275293 3.02018 1.21163e-19)
(0.0117747 2.89357 5.94012e-20)
(-0.0125378 2.93704 4.13655e-20)
(-0.020615 2.99842 1.84077e-20)
(-0.0156838 3.00117 3.62641e-20)
(-0.0101712 3.00153 -7.41873e-20)
(-0.00441384 3.00256 2.51479e-20)
(0.000448637 3.00223 5.09952e-20)
(0.00601119 3.00067 -5.29988e-20)
(0.00988997 2.99937 -5.56256e-20)
(0.0163225 2.99887 7.44958e-21)
(0.0106832 2.95092 5.25535e-20)
)
;

boundaryField
{
    wall-4
    {
        type            noSlip;
    }
    pressure-outlet-7
    {
        type            zeroGradient;
    }
    velocity-inlet-6
    {
        type            fixedValue;
        value           uniform (0 3 0);
    }
    velocity-inlet-5
    {
        type            fixedValue;
        value           uniform (1 0 0);
    }
    frontAndBackPlanes
    {
        type            empty;
    }
}


// ************************************************************************* //
