/*--------------------------------*- C++ -*----------------------------------*\
  =========                 |
  \\      /  F ield         | OpenFOAM: The Open Source CFD Toolbox
   \\    /   O peration     | Website:  https://openfoam.org
    \\  /    A nd           | Version:  6
     \\/     M anipulation  |
\*---------------------------------------------------------------------------*/
FoamFile
{
    version     2.0;
    format      ascii;
    class       volScalarField;
    location    "27.7";
    object      p;
}
// * * * * * * * * * * * * * * * * * * * * * * * * * * * * * * * * * * * * * //

dimensions      [0 2 -2 0 0 0 0];

internalField   nonuniform List<scalar> 
8800
(
0.948519
0.8992
0.861226
0.833143
0.812959
0.798332
0.787678
0.780064
0.775082
0.772873
0.774051
0.778223
0.784882
0.794205
0.806872
0.824145
0.847989
0.881064
0.923987
0.976495
0.783029
0.789371
0.798513
0.80205
0.799426
0.793312
0.786334
0.780031
0.775139
0.772147
0.771738
0.774171
0.778649
0.784658
0.791668
0.798636
0.803468
0.803309
0.796612
0.787701
0.756586
0.762818
0.76731
0.771169
0.774098
0.775019
0.773884
0.771687
0.76958
0.768563
0.769392
0.771672
0.774407
0.776553
0.776979
0.775119
0.771701
0.767648
0.762843
0.759122
0.752349
0.755112
0.75771
0.759854
0.761569
0.763105
0.76416
0.764422
0.764161
0.764063
0.764643
0.76559
0.766172
0.765876
0.764785
0.763346
0.761611
0.759259
0.756819
0.755251
0.747378
0.748802
0.75064
0.752714
0.754408
0.755664
0.7567
0.757585
0.758237
0.75874
0.759198
0.759432
0.75925
0.75872
0.757919
0.756694
0.754947
0.752981
0.751592
0.75079
0.742509
0.743411
0.744658
0.746278
0.747955
0.749446
0.750651
0.751652
0.75254
0.753298
0.753782
0.753887
0.75366
0.753102
0.752139
0.75081
0.749333
0.74798
0.747118
0.746597
0.737756
0.738409
0.739379
0.740706
0.742146
0.743636
0.745055
0.746308
0.747411
0.748343
0.748918
0.749032
0.748725
0.748029
0.747025
0.745894
0.744743
0.74372
0.743094
0.742718
0.733154
0.733656
0.734461
0.735632
0.736955
0.738374
0.739858
0.741306
0.742604
0.74372
0.744438
0.74462
0.744298
0.743602
0.742724
0.74177
0.740811
0.739992
0.739509
0.739221
0.728648
0.729041
0.729729
0.730798
0.732062
0.733434
0.734908
0.736452
0.737968
0.739329
0.740223
0.740476
0.740238
0.739697
0.738986
0.738184
0.737371
0.736704
0.736328
0.736104
0.724198
0.724507
0.725114
0.726128
0.727364
0.728706
0.73016
0.73173
0.733379
0.734952
0.736093
0.736578
0.736575
0.736265
0.735752
0.735105
0.734403
0.733859
0.733566
0.733391
0.719771
0.720015
0.720558
0.721523
0.722739
0.724113
0.725639
0.727301
0.729088
0.730933
0.732372
0.733172
0.73345
0.733342
0.732982
0.732483
0.731924
0.731488
0.731265
0.731128
0.715336
0.715527
0.716036
0.717018
0.718295
0.719767
0.72145
0.723346
0.725399
0.727545
0.7294
0.73056
0.731065
0.731113
0.730892
0.730494
0.730021
0.72966
0.729491
0.729385
0.710839
0.710976
0.711448
0.712423
0.713718
0.715221
0.716944
0.718972
0.721368
0.724003
0.726303
0.727818
0.728707
0.729142
0.729213
0.72902
0.728691
0.728429
0.728321
0.728244
0.706301
0.70639
0.70683
0.707802
0.709144
0.71075
0.712664
0.71493
0.717584
0.720666
0.723608
0.725791
0.727168
0.727933
0.728264
0.728304
0.728132
0.727987
0.727941
0.72789
0.701709
0.701757
0.702155
0.703091
0.704458
0.706163
0.708266
0.710907
0.714153
0.717967
0.721612
0.724347
0.726194
0.727366
0.728056
0.728397
0.728502
0.728524
0.728534
0.728494
0.696643
0.696695
0.697064
0.697944
0.699307
0.701104
0.703426
0.706397
0.710154
0.714746
0.719359
0.722982
0.725569
0.727358
0.728551
0.729286
0.729705
0.729916
0.729977
0.729936
0.690749
0.690794
0.691166
0.69209
0.693583
0.695625
0.698346
0.701935
0.706543
0.71221
0.717926
0.722475
0.725786
0.728143
0.729828
0.73096
0.731681
0.732054
0.732152
0.732103
0.683693
0.683737
0.684171
0.685188
0.6869
0.689286
0.692511
0.696808
0.702408
0.70939
0.716514
0.722262
0.72652
0.729607
0.73183
0.733386
0.734408
0.734931
0.735063
0.735007
0.675151
0.675204
0.675728
0.676952
0.679006
0.681908
0.685864
0.691182
0.698107
0.706752
0.715585
0.722729
0.72803
0.731912
0.734735
0.736741
0.738061
0.738714
0.738874
0.738808
0.664716
0.664776
0.665436
0.666976
0.669533
0.67315
0.678096
0.68474
0.693386
0.704121
0.715041
0.723839
0.73038
0.735175
0.73868
0.74119
0.742821
0.7436
0.743794
0.743717
0.651875
0.651948
0.652789
0.654764
0.658028
0.662638
0.668941
0.677355
0.688207
0.701544
0.714977
0.725732
0.733691
0.739552
0.743884
0.746963
0.748931
0.749853
0.750086
0.749996
0.635893
0.635972
0.637059
0.639666
0.643962
0.649976
0.658139
0.668901
0.682571
0.699113
0.715545
0.728592
0.738244
0.745344
0.750588
0.754286
0.756622
0.757722
0.758003
0.757898
0.615832
0.61593
0.617377
0.62087
0.62663
0.634645
0.64536
0.659244
0.676495
0.696922
0.716863
0.732557
0.744154
0.752693
0.758975
0.763408
0.766171
0.767486
0.767814
0.767684
0.590021
0.590175
0.592242
0.597139
0.605097
0.616045
0.63036
0.648381
0.67012
0.695169
0.71913
0.737796
0.751574
0.761752
0.769231
0.774498
0.777785
0.779341
0.779704
0.779542
0.555509
0.555832
0.559179
0.566649
0.57824
0.593623
0.613007
0.636447
0.66369
0.694108
0.72255
0.744464
0.760619
0.772589
0.78142
0.787676
0.791587
0.793396
0.793778
0.793572
0.506589
0.50787
0.514593
0.527366
0.545224
0.567334
0.593647
0.623906
0.657631
0.694054
0.727321
0.75266
0.7713
0.785163
0.795479
0.802891
0.807534
0.809607
0.80998
0.809716
0.434587
0.442437
0.457827
0.480266
0.507521
0.538559
0.573287
0.611363
0.652308
0.695353
0.733952
0.763132
0.784624
0.800754
0.812966
0.821915
0.827611
0.830226
0.83076
0.830569
0.358145
0.374831
0.399788
0.43253
0.469526
0.50966
0.552895
0.599044
0.647693
0.698204
0.743274
0.777423
0.802762
0.821965
0.8368
0.847949
0.855157
0.858456
0.859321
0.859308
0.29333
0.313697
0.346447
0.387797
0.433458
0.482122
0.533584
0.587608
0.643763
0.701408
0.752516
0.791156
0.819895
0.841804
0.858728
0.871504
0.879997
0.883992
0.884749
0.884815
0.240797
0.263367
0.301228
0.348704
0.401092
0.456865
0.51557
0.576754
0.639864
0.704181
0.760791
0.803386
0.834924
0.858902
0.877383
0.891371
0.900927
0.90534
0.90627
0.906436
0.1973
0.221104
0.262622
0.314851
0.372621
0.434211
0.499036
0.5665
0.635871
0.70623
0.767795
0.813803
0.847654
0.873226
0.8929
0.907731
0.917905
0.922777
0.924016
0.92422
0.160044
0.184594
0.22881
0.284912
0.347179
0.413721
0.483818
0.556791
0.631757
0.707571
0.77358
0.822563
0.858331
0.885152
0.905633
0.921033
0.931506
0.936771
0.938236
0.938447
0.127067
0.152137
0.198461
0.257762
0.323881
0.394724
0.46948
0.5474
0.627445
0.70826
0.778348
0.830021
0.867431
0.89522
0.916234
0.931935
0.942529
0.947983
0.949553
0.949711
0.0969616
0.122474
0.170559
0.232608
0.302037
0.376647
0.455592
0.538017
0.622769
0.708301
0.782283
0.836487
0.875401
0.904003
0.925393
0.941228
0.951878
0.957389
0.959042
0.959184
0.0688215
0.0947511
0.144366
0.20882
0.281166
0.359115
0.441824
0.528382
0.61755
0.707619
0.785407
0.842149
0.882539
0.911948
0.933722
0.949705
0.960359
0.965858
0.967573
0.96771
0.0419405
0.068327
0.119343
0.185965
0.260885
0.341821
0.427943
0.518305
0.611627
0.70609
0.787709
0.847053
0.889046
0.919373
0.941618
0.957786
0.968463
0.973868
0.975561
0.975723
0.0160453
0.0428859
0.0951847
0.163739
0.240969
0.324593
0.413803
0.507663
0.604898
0.703644
0.789163
0.851322
0.895131
0.926534
0.949366
0.965807
0.976551
0.981886
0.983464
0.983563
-0.00922028
0.0181739
0.0716468
0.141954
0.221264
0.307303
0.399318
0.496397
0.597306
0.700231
0.7898
0.855026
0.900859
0.933529
0.957101
0.973916
0.984762
0.99002
0.99145
0.991466
-0.0339223
-0.00597319
0.0486045
0.120511
0.201682
0.289898
0.384453
0.484482
0.588833
0.695835
0.78954
0.858056
0.90622
0.940391
0.964862
0.982136
0.993084
0.998224
0.99951
0.999427
-0.0581302
-0.0296174
0.0260127
0.0993778
0.182215
0.27238
0.369215
0.471923
0.579471
0.690372
0.788238
0.860344
0.911177
0.947128
0.972657
0.990449
1.00146
1.00642
1.00752
1.00735
-0.0818936
-0.0527864
0.00387895
0.0785517
0.162868
0.254774
0.353644
0.458758
0.569215
0.683787
0.785826
0.86177
0.915649
0.953719
0.980494
0.998833
1.00985
1.01451
1.0154
1.01516
-0.105224
-0.0754513
-0.017805
0.0580556
0.143696
0.237136
0.337802
0.445037
0.558106
0.676085
0.782219
0.862161
0.919489
0.960133
0.988427
1.0073
1.01813
1.02237
1.02301
1.02271
-0.127947
-0.0975593
-0.0389851
0.0379368
0.124756
0.219547
0.321764
0.430856
0.546226
0.667297
0.777319
0.861357
0.922489
0.966279
0.996565
1.01601
1.02633
1.02987
1.0302
1.02985
-0.150018
-0.119049
-0.0596108
0.0182648
0.10612
0.202078
0.305635
0.416309
0.533668
0.657448
0.771084
0.859192
0.924388
0.971944
1.00503
1.02536
1.03471
1.03695
1.03679
1.03645
-0.17148
-0.139875
-0.0796448
-0.000912976
0.0878592
0.184822
0.289516
0.401508
0.520533
0.64662
0.763489
0.855535
0.924886
0.976714
1.01371
1.03603
1.04431
1.04412
1.04272
1.04248
-0.192171
-0.160004
-0.099027
-0.0195237
0.0700415
0.167871
0.273506
0.386569
0.506948
0.634938
0.754546
0.850268
0.923695
0.979971
1.022
1.04837
1.05725
1.05417
1.04914
1.04669
-0.212175
-0.17944
-0.11776
-0.0375948
0.052636
0.151177
0.25755
0.37143
0.49284
0.622331
0.744111
0.843138
0.920502
0.980974
1.02856
1.06138
1.07466
1.07241
1.06038
1.05669
-0.231406
-0.198253
-0.135979
-0.0553186
0.0353445
0.134393
0.241222
0.355582
0.477628
0.608111
0.731452
0.83326
0.914602
0.978563
1.03064
1.07059
1.08933
1.0844
1.06934
1.06015
-0.249731
-0.216404
-0.153517
-0.0724832
0.0184058
0.117826
0.224745
0.339366
0.46164
0.592582
0.716759
0.820252
0.905573
0.971823
1.0234
1.0632
1.08545
1.06824
1.00747
0.979055
-0.267043
-0.234622
-0.169957
-0.0885686
0.00246179
0.101953
0.208379
0.323048
0.445158
0.575937
0.700162
0.803776
0.892747
0.960765
1.00365
1.03388
1.0393
0.995511
0.931742
0.892112
-0.310829
-0.251952
-0.185258
-0.104225
-0.0132314
0.0858904
0.192249
0.306517
0.427999
0.557883
0.68134
0.783596
0.873037
0.94633
0.967728
0.97198
0.942955
0.886988
0.818771
0.781044
-0.285295
-0.267113
-0.208075
-0.127648
-0.0368548
0.0618866
0.167392
0.280664
0.400678
0.528253
0.648891
0.747614
0.828196
0.902675
0.900706
0.80564
0.720663
0.662359
0.599598
0.633274
-0.316657
-0.285053
-0.225282
-0.145152
-0.0545525
0.0437571
0.149256
0.261674
0.380351
0.505656
0.623029
0.717746
0.789109
0.828752
0.786665
0.655587
0.55015
0.479367
0.397213
0.450637
-0.340931
-0.306879
-0.24529
-0.164945
-0.0744544
0.0237137
0.12897
0.240398
0.357434
0.479937
0.593095
0.682202
0.74184
0.747019
0.646463
0.490782
0.361749
0.27055
0.172409
0.212148
-0.364469
-0.329321
-0.266346
-0.185361
-0.0947541
0.00326155
0.107929
0.21822
0.333412
0.452774
0.560885
0.643505
0.68675
0.657919
0.501231
0.319135
0.154542
0.015668
-0.112906
-0.0876931
-0.387628
-0.352093
-0.288239
-0.206684
-0.115887
-0.0180828
0.0858706
0.194902
0.307998
0.423883
0.526263
0.6013
0.624599
0.555827
0.358245
0.151345
-0.046678
-0.210745
-0.430633
-0.512846
-0.411072
-0.375631
-0.31127
-0.229284
-0.138282
-0.0406413
0.0626698
0.170426
0.281332
0.393559
0.48987
0.555757
0.557922
0.433563
0.227435
0.00446785
-0.203565
-0.378851
-0.515115
-0.658284
-0.435799
-0.400371
-0.335759
-0.253524
-0.16244
-0.065052
0.0375278
0.14384
0.252229
0.360306
0.450042
0.504964
0.479501
0.313721
0.104879
-0.115074
-0.304612
-0.412561
-0.442171
-0.457214
-0.461957
-0.426564
-0.361802
-0.279474
-0.188475
-0.0914962
0.0101243
0.114695
0.22012
0.323374
0.406166
0.446356
0.395494
0.197954
-0.00788772
-0.208723
-0.355272
-0.39832
-0.409274
-0.409723
-0.489813
-0.454309
-0.389409
-0.30708
-0.216298
-0.119937
-0.0195132
0.0830012
0.184982
0.282739
0.357977
0.380104
0.303371
0.0888716
-0.109007
-0.284834
-0.372867
-0.390201
-0.390596
-0.390293
-0.519307
-0.48361
-0.418556
-0.336292
-0.245866
-0.150306
-0.0513331
0.0488191
0.146881
0.238536
0.305068
0.311857
0.192075
-0.0126866
-0.201021
-0.34029
-0.377644
-0.378972
-0.380617
-0.380324
-0.550165
-0.514259
-0.449084
-0.366973
-0.277026
-0.182469
-0.0852336
0.0122668
0.105973
0.190921
0.248028
0.233704
0.0815928
-0.110706
-0.278566
-0.359945
-0.374417
-0.375676
-0.376203
-0.376093
-0.581771
-0.545863
-0.480687
-0.398838
-0.309517
-0.21616
-0.120964
-0.02644
0.0626954
0.140086
0.188097
0.151868
-0.0263703
-0.206847
-0.33758
-0.380858
-0.382565
-0.377245
-0.374398
-0.373839
-0.613652
-0.577851
-0.512862
-0.431412
-0.342913
-0.250926
-0.158079
-0.0669605
0.0176973
0.0867482
0.12469
0.0698357
-0.134489
-0.316116
-0.394571
-0.391934
-0.390992
-0.383488
-0.37606
-0.37362
-0.644679
-0.609343
-0.544842
-0.464008
-0.37659
-0.286172
-0.195848
-0.108718
-0.0284146
0.0326132
0.0577445
-0.00659513
-0.233311
-0.450044
-0.504211
-0.471748
-0.44645
-0.43146
-0.418734
-0.411693
-0.673781
-0.639201
-0.575628
-0.495712
-0.409677
-0.321125
-0.233258
-0.150617
-0.0753024
-0.0199301
-0.00824785
-0.0811509
-0.300897
-0.570536
-0.696198
-0.637667
-0.527897
-0.48437
-0.474857
-0.471519
-0.699349
-0.666049
-0.603932
-0.52535
-0.441008
-0.354771
-0.269243
-0.190808
-0.122386
-0.0692358
-0.0688071
-0.155676
-0.311841
-0.56397
-0.666485
-0.655662
-0.663073
-0.646939
-0.62673
-0.615582
-0.719363
-0.688045
-0.628198
-0.551494
-0.469201
-0.385648
-0.302869
-0.227113
-0.166974
-0.116452
-0.118278
-0.227265
-0.279307
-0.298725
-0.453155
-0.620855
-0.800633
-0.801114
-0.776418
-0.769255
-0.732192
-0.70349
-0.646661
-0.572599
-0.492785
-0.411896
-0.332801
-0.258401
-0.203241
-0.165318
-0.152767
-0.293228
-0.33221
-0.0393173
-0.0216621
-0.456785
-0.732134
-0.760147
-0.767686
-0.77118
-0.735473
-0.710417
-0.657676
-0.58701
-0.510206
-0.431947
-0.356322
-0.28464
-0.227981
-0.206848
-0.185819
-0.388364
-0.664229
-0.691071
-0.904812
-1.16114
-1.10921
-0.923337
-0.852889
-0.868375
-0.728217
-0.70724
-0.659634
-0.593286
-0.519988
-0.444675
-0.370971
-0.302921
-0.245033
-0.218297
-0.237905
-0.530646
-1.20444
-1.93353
-2.312
-2.41993
-2.22963
-1.87317
-1.56743
-1.48163
-0.707889
-0.691674
-0.651176
-0.590561
-0.521234
-0.448829
-0.376432
-0.308469
-0.251107
-0.215358
-0.239531
-0.559804
-1.26086
-2.21498
-2.58063
-2.62176
-2.47712
-2.26908
-2.04238
-1.89141
-0.676903
-0.665606
-0.63289
-0.579115
-0.514052
-0.443835
-0.372125
-0.301925
-0.235823
-0.19988
-0.176752
-0.330877
-0.722734
-1.19627
-1.55333
-1.55047
-1.38233
-1.13976
-0.957094
-0.83545
-0.639037
-0.632214
-0.607993
-0.561245
-0.499749
-0.431737
-0.357031
-0.283968
-0.207429
-0.12741
-0.0770754
0.00755271
0.0563424
0.24629
0.505297
0.851949
1.20011
1.41882
1.53252
1.58003
-0.599866
-0.596127
-0.580382
-0.540671
-0.482314
-0.413123
-0.338521
-0.252235
-0.169234
-0.0585582
0.053773
0.207153
0.556365
1.10716
1.77014
2.36292
2.78443
3.0272
3.12638
3.15065
-0.564391
-0.562373
-0.553304
-0.521146
-0.465591
-0.395209
-0.314515
-0.22745
-0.123916
-0.0143881
0.120289
0.240929
0.535899
1.08854
1.65643
2.18391
2.56956
2.80177
2.90825
2.93689
-0.529988
-0.529
-0.52574
-0.503679
-0.452118
-0.378975
-0.295889
-0.204538
-0.105699
0.00776666
0.126557
0.239679
0.373702
0.764251
1.24571
1.64321
1.92984
2.10556
2.18962
2.21769
-0.507284
-0.506741
-0.506346
-0.489304
-0.43764
-0.361902
-0.277773
-0.188571
-0.0936475
0.0115223
0.114544
0.215037
0.292625
0.499415
0.842844
1.14631
1.36765
1.49845
1.55658
1.57277
-0.486063
-0.488611
-0.490587
-0.472511
-0.41558
-0.336416
-0.254078
-0.171295
-0.0844459
0.0100132
0.0986273
0.180299
0.250012
0.378848
0.599898
0.804689
0.949867
1.03554
1.07451
1.08239
-0.42426
-0.42889
-0.431487
-0.413388
-0.360584
-0.290903
-0.219374
-0.147337
-0.0741502
0.0061061
0.08137
0.146073
0.207148
0.286966
0.43098
0.561725
0.650707
0.703195
0.725058
0.729002
-0.303405
-0.306846
-0.308585
-0.297138
-0.263979
-0.219667
-0.170117
-0.11752
-0.0593253
0.00329672
0.0613393
0.106521
0.149367
0.19114
0.285013
0.371608
0.432585
0.468711
0.484467
0.48587
-0.17162
-0.172689
-0.173795
-0.171226
-0.161059
-0.143591
-0.117907
-0.0852283
-0.0434307
0.00316485
0.042589
0.0669289
0.0913865
0.111955
0.179884
0.241804
0.284476
0.308305
0.317281
0.317016
-0.0797802
-0.079952
-0.0813009
-0.0846901
-0.0873078
-0.0848138
-0.0746319
-0.0562295
-0.0289342
0.00435713
0.026659
0.0324833
0.0410498
0.0538274
0.103394
0.150692
0.183144
0.201585
0.208443
0.20761
-0.0332418
-0.0334972
-0.0351867
-0.0392944
-0.044386
-0.0470145
-0.0442095
-0.0341949
-0.0157602
0.00882037
0.0195551
0.0188742
0.0116448
0.0205531
0.0693497
0.103225
0.124313
0.134889
0.138259
0.137868
-0.0149006
-0.0152629
-0.0167448
-0.0201228
-0.0241934
-0.0269018
-0.0261524
-0.0192318
-0.00516735
0.0172951
0.0271039
0.0263021
0.022024
0.0333158
0.0698154
0.0933351
0.107786
0.113966
0.116433
0.115693
-0.0112268
-0.011424
-0.01229
-0.0145177
-0.0170996
-0.0184739
-0.016984
-0.0102258
0.0039021
0.0263731
0.0420914
0.048526
0.056514
0.0764924
0.0971827
0.108534
0.117042
0.122307
0.123929
0.122888
-0.0177801
-0.0176379
-0.0177122
-0.0186371
-0.019703
-0.019459
-0.0163333
-0.00777332
0.00921307
0.0336319
0.0576303
0.0755832
0.095902
0.119465
0.128841
0.134539
0.138496
0.141645
0.143976
0.143322
-0.0350455
-0.0345797
-0.0339715
-0.0336703
-0.0330273
-0.0306532
-0.0248661
-0.0129694
0.00945474
0.0403897
0.0683075
0.0939863
0.118651
0.139259
0.147308
0.156667
0.167898
0.177563
0.181155
0.178446
-0.0644465
-0.0636105
-0.0624077
-0.061059
-0.05874
-0.0540298
-0.0451504
-0.0291619
0.000631993
0.0410682
0.0717166
0.101022
0.131572
0.145824
0.15182
0.162657
0.170098
0.176543
0.179562
0.178901
-0.106609
-0.105604
-0.10405
-0.101893
-0.098328
-0.0919697
-0.0809334
-0.0615545
-0.0255321
0.0262088
0.061496
0.0976687
0.130418
0.13542
0.145601
0.163867
0.183887
0.188734
0.19052
0.188763
-0.16331
-0.162094
-0.16031
-0.157823
-0.154003
-0.147847
-0.137659
-0.119118
-0.0814353
-0.023033
0.0211177
0.0715157
0.0907037
0.0934209
0.123639
0.159813
0.182951
0.199603
0.199213
0.198281
-0.234925
-0.23372
-0.232235
-0.230399
-0.228205
-0.225692
-0.22223
-0.21366
-0.187384
-0.14011
-0.0790701
0.0108281
0.0528296
0.0641048
0.110939
0.171932
0.207303
0.220749
0.220446
0.220909
-0.319075
-0.318312
-0.317941
-0.31828
-0.320628
-0.327011
-0.339651
-0.357746
-0.369774
-0.36312
-0.265151
-0.112304
-0.0291395
0.0107133
0.093642
0.178321
0.248264
0.268259
0.26226
0.261782
-0.407555
-0.407781
-0.409487
-0.413854
-0.424238
-0.445824
-0.48654
-0.555745
-0.646044
-0.720984
-0.578423
-0.32342
-0.151411
-0.0732365
0.0611226
0.18015
0.257539
0.277205
0.272348
0.268629
-0.485174
-0.486811
-0.491259
-0.501009
-0.52192
-0.563317
-0.64188
-0.785381
-1.00023
-1.16558
-0.982828
-0.595487
-0.357133
-0.205571
-0.028625
0.109373
0.175379
0.17636
0.17245
0.168806
-0.532139
-0.535211
-0.542189
-0.556977
-0.587742
-0.647664
-0.762557
-0.977815
-1.30988
-1.54588
-1.30471
-0.853265
-0.561648
-0.35431
-0.143363
-0.035342
-0.0077997
-0.000969811
0.00116137
0.000165327
-0.530997
-0.534691
-0.542876
-0.560475
-0.596349
-0.665896
-0.799959
-1.0547
-1.44089
-1.7141
-1.45736
-1.01972
-0.742644
-0.499793
-0.264148
-0.172379
-0.164868
-0.167462
-0.170507
-0.173472
-0.475387
-0.478989
-0.486635
-0.502915
-0.537008
-0.603106
-0.730993
-0.974479
-1.33085
-1.58253
-1.37724
-1.05047
-0.877745
-0.703159
-0.419941
-0.369781
-0.369416
-0.377497
-0.38529
-0.391452
-0.374596
-0.377204
-0.382712
-0.394937
-0.421098
-0.472472
-0.572069
-0.762823
-1.03412
-1.18891
-1.07355
-0.920568
-0.955308
-1.12292
-1.01683
-0.831256
-0.745026
-0.707946
-0.692508
-0.69053
-0.250221
-0.251485
-0.254256
-0.261224
-0.277062
-0.309065
-0.372023
-0.495212
-0.682394
-0.765391
-0.699236
-0.688648
-0.891565
-1.49045
-1.63125
-1.29199
-1.05567
-0.941836
-0.889187
-0.870502
-0.126687
-0.126879
-0.127779
-0.130395
-0.13706
-0.151265
-0.180318
-0.240444
-0.348041
-0.40868
-0.379283
-0.383213
-0.51506
-0.813329
-1.07458
-0.926358
-0.775118
-0.696099
-0.657899
-0.642989
-0.0209069
-0.0206436
-0.0192673
-0.0178541
-0.0175495
-0.0185799
-0.0210472
-0.025946
-0.0364291
-0.0640649
-0.0727475
-0.09665
-0.0883212
-0.142099
-0.189604
-0.179781
-0.149697
-0.133886
-0.130125
-0.128059
0.0558597
0.25979
0.449585
0.609746
0.740609
0.846675
0.93656
1.00955
1.02958
1.02559
0.374619
0.507209
0.631525
0.740231
0.832779
0.910148
0.971555
1.01333
1.03567
1.05185
0.592183
0.680015
0.766889
0.843863
0.910039
0.965165
1.00862
1.04146
1.06557
1.08471
0.750082
0.811606
0.874148
0.930693
0.979682
1.02124
1.05585
1.08448
1.10598
1.12493
0.872595
0.919296
0.966429
1.0098
1.04829
1.08212
1.1115
1.13621
1.15495
1.17308
0.977058
1.01437
1.05136
1.087
1.11968
1.14911
1.17498
1.19661
1.2129
1.23045
1.06812
1.10151
1.13495
1.1672
1.19718
1.22435
1.24813
1.26757
1.28184
1.29893
1.15708
1.1904
1.22361
1.25548
1.28486
1.31117
1.33374
1.35161
1.36425
1.38085
1.25269
1.28947
1.32471
1.35761
1.38718
1.41289
1.43432
1.45085
1.46264
1.47884
1.36639
1.40713
1.44449
1.47781
1.50658
1.53082
1.55065
1.56609
1.5781
1.59421
1.50808
1.54945
1.58491
1.61472
1.64011
1.66187
1.6805
1.69608
1.70927
1.72525
1.68003
1.71275
1.73968
1.76207
1.78225
1.80106
1.81888
1.8357
1.85066
1.8664
1.86665
1.884
1.9012
1.91794
1.93408
1.94886
1.9628
1.97732
1.99258
2.0099
2.05011
2.06015
2.0734
2.08441
2.09383
2.10352
2.11417
2.12438
2.13369
2.15937
2.26816
2.26247
2.24952
2.23526
2.22898
2.23473
2.25288
2.28142
2.31519
2.35153
2.57094
2.43496
2.3555
2.31307
2.29577
2.29973
2.32718
2.38505
2.49272
2.67113
0.852214
0.845909
0.838174
0.82705
0.813466
0.800797
0.790368
0.782306
0.776521
0.773092
0.772599
0.775277
0.780376
0.787634
0.797112
0.808889
0.822414
0.835317
0.844289
0.85182
0.761306
0.767223
0.775292
0.781415
0.78447
0.78394
0.780825
0.776783
0.773112
0.770718
0.770437
0.772524
0.776149
0.780492
0.784511
0.786696
0.785578
0.780909
0.773829
0.765981
0.754597
0.756969
0.760234
0.763002
0.765444
0.767617
0.768771
0.768576
0.767557
0.766624
0.766674
0.767924
0.769559
0.770665
0.770488
0.768941
0.766722
0.764312
0.761295
0.758263
0.749868
0.750956
0.752871
0.755205
0.757069
0.758452
0.759641
0.760583
0.76108
0.761289
0.761657
0.762228
0.762551
0.762288
0.761537
0.760517
0.759109
0.757078
0.754928
0.753437
0.744929
0.745562
0.746692
0.74845
0.750289
0.751863
0.753071
0.75406
0.754932
0.75568
0.756252
0.756544
0.756478
0.756109
0.75544
0.754353
0.752828
0.751137
0.749744
0.748929
0.740113
0.74055
0.741344
0.74266
0.744187
0.745743
0.747185
0.748405
0.749455
0.750366
0.751067
0.751397
0.751318
0.750869
0.750031
0.748876
0.747587
0.74633
0.745355
0.744809
0.735443
0.735766
0.736386
0.737479
0.738797
0.740206
0.741675
0.743096
0.744374
0.745495
0.746359
0.746748
0.746649
0.74612
0.745266
0.744266
0.743235
0.742229
0.74148
0.741076
0.730891
0.731138
0.731646
0.732603
0.733826
0.735176
0.736616
0.73813
0.739615
0.740956
0.742006
0.742515
0.742444
0.741942
0.741207
0.740361
0.739473
0.73864
0.738044
0.737734
0.726421
0.72661
0.727034
0.727894
0.72906
0.730367
0.731774
0.733281
0.734856
0.736393
0.737667
0.73836
0.738459
0.738168
0.737631
0.736951
0.736203
0.73551
0.735036
0.734796
0.721984
0.722127
0.722486
0.723279
0.724408
0.725694
0.727097
0.728631
0.730311
0.732066
0.733609
0.734554
0.734896
0.734842
0.734519
0.734013
0.733411
0.732835
0.732462
0.732279
0.717556
0.717661
0.717973
0.718733
0.719867
0.721205
0.722726
0.724423
0.72624
0.728164
0.730026
0.73138
0.732079
0.732242
0.732046
0.731651
0.731159
0.730687
0.730396
0.730257
0.713095
0.713167
0.713444
0.714193
0.71536
0.716754
0.718336
0.720179
0.722327
0.724688
0.726988
0.728679
0.729604
0.730011
0.730067
0.729859
0.72949
0.729107
0.728886
0.728788
0.708575
0.708613
0.708851
0.709572
0.71074
0.712165
0.713816
0.715757
0.718034
0.72069
0.7235
0.72579
0.727294
0.72817
0.728556
0.728608
0.728439
0.728195
0.728062
0.728006
0.704028
0.704031
0.704241
0.704938
0.706129
0.707649
0.709477
0.711714
0.714437
0.717648
0.721097
0.724018
0.725976
0.727203
0.727888
0.728213
0.728255
0.72818
0.728143
0.728119
0.699267
0.699271
0.699446
0.700086
0.70123
0.702769
0.704706
0.707173
0.710286
0.714132
0.718403
0.722112
0.724791
0.726602
0.727744
0.728475
0.728903
0.729092
0.729173
0.729167
0.693826
0.693813
0.694
0.694624
0.695786
0.697426
0.699605
0.70248
0.706177
0.710806
0.71607
0.720793
0.72426
0.726728
0.728457
0.729615
0.730373
0.730806
0.730986
0.730989
0.68739
0.687369
0.68758
0.688248
0.68953
0.691396
0.693939
0.697352
0.701835
0.707532
0.714063
0.719948
0.724351
0.727542
0.729835
0.731468
0.732578
0.733244
0.733511
0.73352
0.679636
0.679609
0.679859
0.68065
0.682128
0.684322
0.687374
0.691505
0.696983
0.703969
0.712058
0.719422
0.724966
0.729042
0.731996
0.734131
0.735616
0.736509
0.736852
0.736865
0.670194
0.670157
0.670479
0.671465
0.673271
0.675979
0.67976
0.684903
0.691714
0.700414
0.71043
0.71952
0.726376
0.731428
0.735106
0.737793
0.739672
0.74077
0.74118
0.7412
0.65861
0.658561
0.658978
0.660236
0.662515
0.665922
0.670695
0.677179
0.685725
0.696565
0.708965
0.720157
0.728567
0.734752
0.739279
0.74261
0.744938
0.746263
0.74675
0.746776
0.644267
0.644204
0.644758
0.646397
0.64935
0.653756
0.659905
0.668191
0.67902
0.692575
0.707878
0.721548
0.731763
0.739284
0.744818
0.748891
0.751669
0.753226
0.75381
0.753846
0.626324
0.626244
0.626999
0.629169
0.63309
0.63893
0.647006
0.657735
0.671516
0.688447
0.707225
0.723794
0.736126
0.745208
0.7519
0.756758
0.760088
0.761941
0.762642
0.762682
0.603541
0.603466
0.60457
0.607539
0.612843
0.620767
0.631561
0.645621
0.663223
0.684314
0.707192
0.727086
0.741821
0.752687
0.760693
0.766502
0.770435
0.772643
0.773468
0.773503
0.57369
0.573674
0.575427
0.579767
0.587299
0.598416
0.613158
0.631763
0.654275
0.68039
0.707983
0.731591
0.748983
0.76183
0.771314
0.778201
0.782876
0.785494
0.786439
0.786459
0.532708
0.532915
0.536097
0.543299
0.554921
0.571185
0.591709
0.616404
0.645008
0.676997
0.709854
0.737486
0.757722
0.772688
0.783787
0.791906
0.79746
0.800527
0.801564
0.801553
0.472946
0.474376
0.482059
0.495695
0.514895
0.539261
0.567815
0.600194
0.635976
0.674534
0.713036
0.744863
0.768017
0.785157
0.79795
0.807415
0.813964
0.817488
0.818579
0.81853
0.400857
0.403788
0.418656
0.44231
0.471901
0.505748
0.543058
0.583642
0.627193
0.673123
0.71836
0.755598
0.782802
0.803116
0.818487
0.829984
0.83803
0.842478
0.843813
0.843886
0.327369
0.334844
0.357093
0.390468
0.429916
0.47301
0.519053
0.567897
0.619272
0.672682
0.724805
0.767585
0.798916
0.822499
0.840572
0.854448
0.864172
0.868982
0.870726
0.871133
0.268465
0.277516
0.304468
0.344646
0.391711
0.442611
0.49649
0.553038
0.611838
0.672325
0.730892
0.778714
0.813641
0.839936
0.860097
0.875498
0.886294
0.892168
0.894661
0.89521
0.220299
0.230031
0.260388
0.305521
0.35833
0.415454
0.475889
0.539139
0.604628
0.671637
0.736078
0.78837
0.826365
0.854785
0.876539
0.893174
0.905006
0.911686
0.914504
0.915121
0.179885
0.18985
0.222486
0.271496
0.328998
0.39126
0.457209
0.526243
0.597645
0.670509
0.740266
0.7965
0.837061
0.867217
0.890141
0.907641
0.920183
0.927487
0.930555
0.931204
0.144641
0.154715
0.189046
0.24119
0.302599
0.369268
0.44
0.514117
0.590804
0.66896
0.743537
0.803322
0.846106
0.877654
0.901435
0.919478
0.932396
0.940041
0.943262
0.943939
0.113006
0.123124
0.158805
0.213554
0.278267
0.348734
0.423693
0.502395
0.583898
0.666944
0.746024
0.809119
0.853926
0.886648
0.911066
0.929402
0.942479
0.950278
0.953506
0.954206
0.083822
0.0939866
0.130771
0.187782
0.255368
0.329159
0.407879
0.490732
0.576689
0.664349
0.747769
0.814057
0.860824
0.894641
0.919611
0.938181
0.951341
0.959233
0.96245
0.963064
0.0562529
0.0664836
0.104277
0.163283
0.233423
0.310156
0.392242
0.478878
0.568972
0.661032
0.748694
0.818212
0.866957
0.901929
0.927513
0.946368
0.959626
0.967505
0.970735
0.971228
0.0298106
0.0401457
0.0788827
0.139689
0.21209
0.291452
0.376581
0.466667
0.560602
0.656865
0.748735
0.821581
0.872482
0.908772
0.935094
0.954313
0.967712
0.975561
0.978735
0.979215
0.0041614
0.0146675
0.0542969
0.116733
0.191163
0.272891
0.360763
0.453993
0.551503
0.651781
0.747856
0.82424
0.87755
0.915341
0.94255
0.96225
0.975862
0.983711
0.986765
0.987212
-0.0209153
-0.0101629
0.0303179
0.0942502
0.170513
0.254357
0.344712
0.440814
0.541633
0.645751
0.746055
0.826173
0.882121
0.921662
0.949944
0.970254
0.984137
0.991984
0.994895
0.995267
-0.0454577
-0.0344453
0.00683706
0.0721687
0.15008
0.235828
0.328413
0.427118
0.530988
0.638745
0.743229
0.827242
0.886157
0.927739
0.957303
0.978334
0.992511
1.0003
1.00304
1.00331
-0.06953
-0.0582404
-0.0161483
0.0504802
0.12986
0.217307
0.311885
0.412927
0.51958
0.630726
0.739267
0.827358
0.889577
0.933548
0.964629
0.986484
1.00095
1.00864
1.01113
1.01127
-0.0931063
-0.0815356
-0.0386404
0.0291741
0.109872
0.198831
0.295181
0.398297
0.507437
0.621684
0.734139
0.826402
0.892234
0.939013
0.971934
0.994722
1.00939
1.01682
1.01901
1.01903
-0.116218
-0.104305
-0.0606096
0.00828572
0.0901637
0.180461
0.278366
0.3833
0.494634
0.611673
0.727811
0.824225
0.893946
0.944012
0.979242
1.00314
1.01786
1.02478
1.02655
1.02644
-0.138622
-0.126485
-0.0820042
-0.0121278
0.0708042
0.162284
0.261519
0.368027
0.481266
0.600766
0.720251
0.820722
0.894499
0.948326
0.986542
1.01198
1.02655
1.03249
1.03359
1.03334
-0.160464
-0.148004
-0.102773
-0.0320199
0.0518421
0.144352
0.244745
0.352576
0.467434
0.589052
0.711479
0.815796
0.893677
0.951623
0.993657
1.02156
1.03613
1.04031
1.04008
1.0396
-0.181552
-0.168811
-0.122893
-0.0513331
0.0333669
0.12676
0.22814
0.337075
0.453253
0.576617
0.701562
0.80938
0.891281
0.953482
1.00008
1.03197
1.04781
1.0499
1.04672
1.04523
-0.201977
-0.188929
-0.142301
-0.0700049
0.0154246
0.109583
0.211791
0.321612
0.438844
0.563619
0.690601
0.801423
0.887157
0.953453
1.0049
1.04241
1.0623
1.06478
1.05792
1.04701
-0.221625
-0.208351
-0.16109
-0.0882012
-0.00220719
0.0925238
0.195343
0.305758
0.423722
0.5495
0.678002
0.791245
0.880688
0.950902
1.0068
1.05088
1.07794
1.08429
1.07598
1.07045
-0.240437
-0.227152
-0.179255
-0.105849
-0.0194997
0.0756035
0.178838
0.289506
0.407873
0.534162
0.663637
0.778478
0.8713
0.945118
1.00337
1.05138
1.08251
1.09379
1.06291
1.02197
-0.258222
-0.245181
-0.196759
-0.122825
-0.0364307
0.0588049
0.162297
0.272994
0.391383
0.517681
0.647495
0.762956
0.858159
0.935751
0.993099
1.03359
1.06483
1.05834
1.00659
0.94782
-0.277676
-0.261326
-0.213257
-0.138745
-0.0528624
0.0423917
0.145403
0.25628
0.374356
0.500188
0.629555
0.744602
0.839895
0.923859
0.975344
1.01939
1.00606
0.973226
0.91178
0.850218
-0.267226
-0.243284
-0.193279
-0.11482
-0.024085
0.0750417
0.183264
0.297243
0.418292
0.547529
0.670355
0.771859
0.859429
0.944589
0.984462
0.926466
0.890551
0.837351
0.772919
0.731279
-0.281307
-0.273589
-0.233672
-0.164245
-0.0785248
0.016418
0.119501
0.229821
0.346948
0.471239
0.598342
0.711027
0.801218
0.884113
0.947684
0.945145
0.84908
0.778514
0.725035
0.65127
-0.302931
-0.292328
-0.248996
-0.178296
-0.0921753
0.00231252
0.104172
0.213412
0.329396
0.45199
0.576817
0.68713
0.773146
0.84279
0.86846
0.800346
0.679975
0.602344
0.540782
0.465002
-0.326667
-0.314823
-0.268334
-0.196605
-0.110473
-0.0159676
0.085825
0.194676
0.309573
0.430389
0.551931
0.657655
0.736585
0.786463
0.764972
0.644123
0.51159
0.417458
0.34148
0.230085
-0.349974
-0.33808
-0.289815
-0.216934
-0.130651
-0.0361777
0.0654416
0.173594
0.287183
0.405824
0.523526
0.623786
0.694037
0.721358
0.659662
0.487632
0.327228
0.201131
0.0970226
-0.0448803
-0.373078
-0.361219
-0.311857
-0.237996
-0.151315
-0.0568772
0.044326
0.151517
0.263549
0.37965
0.493066
0.587133
0.647513
0.643041
0.526109
0.331772
0.138382
-0.0337931
-0.180459
-0.445797
-0.396393
-0.384693
-0.334698
-0.260182
-0.173129
-0.078675
0.0220975
0.128307
0.23866
0.351977
0.460756
0.547687
0.595977
0.556478
0.392498
0.183974
-0.0317522
-0.221641
-0.403581
-0.702802
-0.420465
-0.408927
-0.358659
-0.283716
-0.196379
-0.101908
-0.00153149
0.103719
0.212324
0.322662
0.426583
0.505529
0.538528
0.474451
0.267515
0.0529019
-0.164467
-0.347616
-0.442837
-0.496666
-0.445947
-0.434514
-0.384062
-0.308892
-0.221459
-0.127129
-0.0273054
0.0767585
0.183265
0.290086
0.388592
0.458403
0.473747
0.367606
0.150763
-0.0627209
-0.257069
-0.379425
-0.419266
-0.426631
-0.473004
-0.461613
-0.410984
-0.335686
-0.248287
-0.154264
-0.0552045
0.0474175
0.151433
0.25417
0.346553
0.406358
0.394764
0.250484
0.0417227
-0.158281
-0.323278
-0.384835
-0.396036
-0.398451
-0.501742
-0.49033
-0.439455
-0.364069
-0.276811
-0.183268
-0.0851864
0.0157101
0.116862
0.214974
0.300347
0.350148
0.308085
0.137961
-0.0593134
-0.244159
-0.358227
-0.383268
-0.384619
-0.384868
-0.531996
-0.520543
-0.469403
-0.393963
-0.306942
-0.21403
-0.117174
-0.0182859
0.0796712
0.172542
0.25034
0.287531
0.22348
0.0290005
-0.15263
-0.311952
-0.365502
-0.374073
-0.377162
-0.377946
-0.563364
-0.551915
-0.50056
-0.42515
-0.338487
-0.246364
-0.150983
-0.054421
0.0400797
0.127093
0.196869
0.220219
0.136236
-0.0736255
-0.238846
-0.350475
-0.378364
-0.376661
-0.375783
-0.375322
-0.595369
-0.583951
-0.532503
-0.457244
-0.371084
-0.279925
-0.186243
-0.0923962
-0.00155584
0.0792693
0.140213
0.152
0.0341117
-0.179386
-0.322912
-0.374802
-0.390078
-0.382937
-0.373848
-0.372279
-0.627237
-0.615928
-0.564581
-0.489638
-0.404186
-0.314207
-0.222398
-0.131686
-0.0448521
0.0302604
0.0807561
0.0794106
-0.0671639
-0.291444
-0.427129
-0.42113
-0.410467
-0.405958
-0.397599
-0.38884
-0.657796
-0.646764
-0.595869
-0.5215
-0.437016
-0.348516
-0.258681
-0.17135
-0.0893032
-0.0187331
0.0209986
0.00482019
-0.149495
-0.398161
-0.58797
-0.600573
-0.519072
-0.469016
-0.4502
-0.441964
-0.685616
-0.675103
-0.625159
-0.551745
-0.468545
-0.381889
-0.294234
-0.210011
-0.133822
-0.067332
-0.035206
-0.068598
-0.207858
-0.449824
-0.682954
-0.694006
-0.61971
-0.554726
-0.53526
-0.528598
-0.709215
-0.699384
-0.650962
-0.578995
-0.49751
-0.413007
-0.328052
-0.246227
-0.175909
-0.116187
-0.0848027
-0.136081
-0.250018
-0.358972
-0.581618
-0.605386
-0.720517
-0.764499
-0.73752
-0.714243
-0.726459
-0.71749
-0.671457
-0.601674
-0.52247
-0.440307
-0.358602
-0.279118
-0.212035
-0.163926
-0.127477
-0.18561
-0.308118
-0.18862
-0.101161
-0.349465
-0.68994
-0.794671
-0.781674
-0.778438
-0.735694
-0.727571
-0.68477
-0.61812
-0.541831
-0.462288
-0.383616
-0.307844
-0.240645
-0.201155
-0.173342
-0.219276
-0.434849
-0.348636
-0.140819
-0.428642
-0.718589
-0.772837
-0.760049
-0.777262
-0.733963
-0.726959
-0.689532
-0.626741
-0.553948
-0.477566
-0.401281
-0.329321
-0.263196
-0.219624
-0.220105
-0.296483
-0.692452
-1.16997
-1.52195
-1.82006
-1.80282
-1.55707
-1.21573
-1.09674
-0.719862
-0.714927
-0.684137
-0.626423
-0.557567
-0.484772
-0.410845
-0.340083
-0.27662
-0.228705
-0.221781
-0.36273
-0.89495
-1.84808
-2.45857
-2.66377
-2.6087
-2.38019
-2.07603
-1.85594
-0.693809
-0.690217
-0.666993
-0.616698
-0.552588
-0.483181
-0.411237
-0.340286
-0.274083
-0.226299
-0.206208
-0.291807
-0.738713
-1.41044
-2.13254
-2.32118
-2.23551
-2.05169
-1.857
-1.70963
-0.658743
-0.656439
-0.640755
-0.59911
-0.539891
-0.473614
-0.401998
-0.32986
-0.258917
-0.188635
-0.157199
-0.100504
-0.252888
-0.396958
-0.495436
-0.472514
-0.266062
0.0102549
0.194354
0.319474
-0.61938
-0.618113
-0.60847
-0.576449
-0.522824
-0.457471
-0.386853
-0.307403
-0.230816
-0.141817
-0.04792
0.0446362
0.244426
0.553729
1.04415
1.58762
2.06372
2.37726
2.56024
2.65152
-0.581427
-0.580785
-0.575925
-0.552059
-0.504125
-0.439531
-0.365539
-0.285341
-0.190384
-0.0970633
0.0349526
0.156604
0.376866
0.875882
1.5173
2.14587
2.64396
2.9712
3.14355
3.21063
-0.547006
-0.546136
-0.544173
-0.529942
-0.488432
-0.424269
-0.347117
-0.260003
-0.166888
-0.0566396
0.0605012
0.188428
0.307744
0.6756
1.1933
1.68917
2.08528
2.34696
2.48754
2.54406
-0.517349
-0.516243
-0.515605
-0.508744
-0.474309
-0.410057
-0.329779
-0.242427
-0.148731
-0.0453138
0.0659779
0.177415
0.272234
0.435936
0.820642
1.2167
1.51758
1.72176
1.83259
1.87623
-0.499159
-0.498741
-0.500575
-0.495925
-0.4605
-0.3911
-0.308866
-0.223983
-0.135246
-0.0393414
0.0591788
0.153177
0.23511
0.328336
0.562651
0.837537
1.05808
1.20224
1.27637
1.30353
-0.462604
-0.464521
-0.469162
-0.464628
-0.426733
-0.356243
-0.277513
-0.199282
-0.120717
-0.0365559
0.0507002
0.126964
0.199161
0.270498
0.420032
0.602109
0.739189
0.827971
0.872156
0.888913
-0.36833
-0.371343
-0.376107
-0.372024
-0.341459
-0.287271
-0.227041
-0.165063
-0.100096
-0.0322506
0.0384023
0.0999984
0.154509
0.19992
0.29186
0.409395
0.497997
0.556944
0.588433
0.596542
-0.23385
-0.235685
-0.237809
-0.236161
-0.222383
-0.196427
-0.162599
-0.122868
-0.0769764
-0.0243232
0.0278923
0.0695629
0.104287
0.128738
0.186734
0.26831
0.330165
0.370323
0.389147
0.39377
-0.118958
-0.119642
-0.120292
-0.121806
-0.121804
-0.116607
-0.10413
-0.0833273
-0.0543446
-0.0158642
0.0196123
0.0420494
0.0575756
0.0677133
0.105987
0.164775
0.210302
0.239571
0.253198
0.256648
-0.0515517
-0.0519007
-0.052484
-0.055352
-0.060155
-0.0635572
-0.061592
-0.0521412
-0.0344518
-0.00813059
0.0170693
0.0240035
0.0226637
0.0202526
0.057005
0.105547
0.137636
0.157616
0.166029
0.167545
-0.0213915
-0.0217481
-0.0224781
-0.0252653
-0.0297962
-0.0341691
-0.0353926
-0.0309173
-0.0196474
0.000586023
0.0222074
0.0233841
0.016978
0.00825369
0.0426784
0.0799779
0.104531
0.119097
0.124609
0.125281
-0.0115113
-0.011834
-0.0124139
-0.0144814
-0.0177669
-0.0207524
-0.0215218
-0.0179952
-0.00809078
0.00970856
0.0305794
0.0357429
0.0363118
0.0417584
0.0691183
0.0907918
0.102407
0.108974
0.11193
0.113029
-0.0131326
-0.0132759
-0.0133835
-0.0144144
-0.0163208
-0.0177331
-0.0170938
-0.012526
-0.00143907
0.0176633
0.0420226
0.0556504
0.0694885
0.0884715
0.109854
0.119546
0.126992
0.132129
0.134551
0.134717
-0.0249732
-0.0248875
-0.0244768
-0.0244723
-0.0248958
-0.0245576
-0.0219391
-0.0151943
-0.00100801
0.023479
0.0530031
0.0741224
0.0988731
0.123625
0.136744
0.141427
0.148929
0.156891
0.163637
0.163463
-0.0481858
-0.0478571
-0.0470341
-0.0461852
-0.0451725
-0.0428084
-0.0375958
-0.0275522
-0.00834012
0.0236544
0.0600917
0.0838325
0.11331
0.134919
0.14855
0.157269
0.166135
0.174616
0.178421
0.17882
-0.083958
-0.083455
-0.0823238
-0.0807163
-0.0784494
-0.0742779
-0.0666553
-0.0533102
-0.0290462
0.011542
0.0558362
0.0832846
0.117879
0.140505
0.145907
0.15675
0.173675
0.18365
0.191389
0.189633
-0.133354
-0.132606
-0.131181
-0.129168
-0.126167
-0.121131
-0.112603
-0.0979627
-0.0702458
-0.0223721
0.0282277
0.0654484
0.103059
0.108324
0.120611
0.147408
0.169241
0.183881
0.186668
0.187017
-0.197655
-0.196725
-0.195241
-0.193258
-0.190502
-0.186519
-0.180464
-0.169934
-0.146336
-0.0985311
-0.0468726
0.0157264
0.0725218
0.0766202
0.0970553
0.143475
0.185098
0.205941
0.214053
0.211461
-0.276203
-0.275251
-0.274214
-0.273171
-0.272399
-0.272711
-0.274885
-0.27854
-0.275902
-0.252068
-0.207141
-0.100357
-0.00095362
0.0232279
0.0671726
0.138728
0.200144
0.234567
0.237222
0.236757
-0.363935
-0.363275
-0.363382
-0.364536
-0.368185
-0.377271
-0.395756
-0.428556
-0.474929
-0.516517
-0.486811
-0.307247
-0.123517
-0.0566349
0.0274668
0.14058
0.231143
0.286386
0.284027
0.279005
-0.44908
-0.449088
-0.451007
-0.455594
-0.466077
-0.488303
-0.531379
-0.610603
-0.740951
-0.898409
-0.896085
-0.613165
-0.333611
-0.194926
-0.0582616
0.0915928
0.205254
0.238811
0.23778
0.23258
-0.513602
-0.514519
-0.518477
-0.526946
-0.545155
-0.582034
-0.652972
-0.787695
-1.02038
-1.31152
-1.31854
-0.95078
-0.566892
-0.377236
-0.174374
-0.0131374
0.0709427
0.0863743
0.0895322
0.0883021
-0.537665
-0.539399
-0.54501
-0.556378
-0.580327
-0.628053
-0.719726
-0.896171
-1.20927
-1.57698
-1.59894
-1.17145
-0.786938
-0.546582
-0.303056
-0.142302
-0.0926135
-0.0856232
-0.0841757
-0.084895
-0.509081
-0.511221
-0.516832
-0.52866
-0.553969
-0.603994
-0.700176
-0.887122
-1.21878
-1.59086
-1.64645
-1.22475
-0.921466
-0.70609
-0.442191
-0.265655
-0.250263
-0.256303
-0.263711
-0.269869
-0.428724
-0.430679
-0.435294
-0.445236
-0.466528
-0.509408
-0.592274
-0.75316
-1.03802
-1.32982
-1.37864
-1.10389
-0.949104
-0.901897
-0.768444
-0.577344
-0.540378
-0.530526
-0.530029
-0.53332
-0.313085
-0.314425
-0.317164
-0.323357
-0.337759
-0.367488
-0.425725
-0.540052
-0.747071
-0.939474
-0.947543
-0.838466
-0.853984
-1.16781
-1.49418
-1.26288
-1.02468
-0.900838
-0.845049
-0.821382
-0.186545
-0.187177
-0.188112
-0.190656
-0.197781
-0.213573
-0.245469
-0.310219
-0.436301
-0.563835
-0.556783
-0.495512
-0.595809
-0.955193
-1.45477
-1.3616
-1.08755
-0.92664
-0.85031
-0.816144
-0.0209171
-0.020017
-0.0185385
-0.0174999
-0.017905
-0.0195967
-0.0231069
-0.0300183
-0.0482847
-0.0764324
-0.074048
-0.0844408
-0.113243
-0.173392
-0.194739
-0.164334
-0.139588
-0.131218
-0.129357
-0.401521
-0.63072
-0.149405
0.204986
0.438763
0.614568
0.752668
0.86336
0.95841
1.05523
1.10848
0.136254
0.316494
0.473737
0.61567
0.736175
0.836482
0.919442
0.985157
1.0218
1.03049
0.446411
0.545193
0.652995
0.750761
0.83536
0.907063
0.96522
1.00852
1.03798
1.05876
0.642304
0.712743
0.78704
0.856879
0.91808
0.970134
1.01286
1.04712
1.07406
1.09452
0.78938
0.84045
0.895009
0.946867
0.993001
1.03308
1.06742
1.09666
1.12035
1.13845
0.905785
0.947895
0.989083
1.02926
1.06629
1.09952
1.12889
1.15426
1.17457
1.19105
1.00717
1.04096
1.07581
1.1099
1.1422
1.17181
1.19823
1.22095
1.23877
1.25362
1.09818
1.12881
1.16188
1.19431
1.22497
1.25312
1.27806
1.29908
1.31496
1.32848
1.18829
1.22082
1.2554
1.28862
1.31954
1.34739
1.37151
1.39127
1.40571
1.41827
1.28988
1.32626
1.3642
1.39914
1.43054
1.45784
1.48075
1.4991
1.51261
1.5252
1.41555
1.45459
1.49446
1.52904
1.55878
1.58398
1.60503
1.62222
1.63574
1.64924
1.57476
1.61086
1.64615
1.67483
1.69916
1.72064
1.73996
1.75731
1.77232
1.7868
1.76317
1.7857
1.80948
1.82938
1.84774
1.86519
1.88178
1.89823
1.91447
1.93008
1.95591
1.96411
1.97798
1.99289
2.00738
2.02037
2.03205
2.04333
2.05508
2.07119
2.15159
2.15153
2.16158
2.16506
2.16603
2.17044
2.181
2.19595
2.2103
2.22473
2.44878
2.39328
2.33877
2.29912
2.27688
2.27281
2.28634
2.32014
2.37801
2.45836
0.974306
0.921812
0.878924
0.845907
0.822151
0.805012
0.79254
0.783497
0.777227
0.77357
0.773037
0.775838
0.78127
0.789215
0.800104
0.814892
0.835186
0.86334
0.90136
0.950704
0.785411
0.794354
0.801105
0.801341
0.796625
0.789826
0.78306
0.777398
0.773392
0.771573
0.772637
0.776173
0.781469
0.788065
0.795247
0.801501
0.80422
0.800747
0.791648
0.785324
0.758114
0.760317
0.765173
0.769309
0.772843
0.774865
0.774666
0.77284
0.77055
0.768865
0.768739
0.770426
0.773049
0.775625
0.77703
0.7763
0.773507
0.769748
0.765323
0.76065
0.752965
0.753922
0.756418
0.758867
0.760741
0.762372
0.76373
0.764395
0.764317
0.764041
0.764263
0.765119
0.765967
0.766137
0.765396
0.764086
0.762534
0.760508
0.757988
0.755869
0.747703
0.748181
0.749631
0.751714
0.753629
0.755082
0.756202
0.75717
0.757944
0.758494
0.758977
0.759358
0.75939
0.759017
0.758355
0.757368
0.755868
0.753937
0.752191
0.751119
0.74273
0.743028
0.743955
0.745449
0.747132
0.748739
0.750085
0.751172
0.752111
0.752944
0.75358
0.753878
0.753811
0.753424
0.752669
0.751504
0.750068
0.74862
0.747479
0.746824
0.737918
0.738129
0.738825
0.740015
0.741418
0.742894
0.744368
0.745706
0.746881
0.747903
0.748683
0.74903
0.748925
0.74842
0.747551
0.746463
0.745318
0.744201
0.743351
0.742886
0.733277
0.733436
0.733995
0.735014
0.736281
0.737656
0.739114
0.740599
0.74198
0.743191
0.744138
0.744593
0.744513
0.743981
0.743174
0.74225
0.741288
0.740372
0.739705
0.739352
0.728741
0.728864
0.729326
0.730228
0.731414
0.732737
0.734162
0.735679
0.737225
0.738683
0.739846
0.740419
0.740404
0.739992
0.739355
0.738591
0.737772
0.737009
0.736478
0.736207
0.724268
0.724362
0.724752
0.72558
0.726732
0.728024
0.72942
0.730934
0.732554
0.734192
0.73559
0.73641
0.736621
0.736449
0.736027
0.735438
0.734746
0.734103
0.733682
0.733473
0.719823
0.719895
0.720228
0.720996
0.722113
0.723409
0.724861
0.726456
0.728183
0.73002
0.731719
0.732846
0.733365
0.733433
0.733184
0.732742
0.7322
0.731681
0.731353
0.731193
0.715371
0.715425
0.71572
0.716476
0.717633
0.719009
0.720582
0.722377
0.724359
0.726469
0.72853
0.730069
0.730882
0.73113
0.731027
0.730708
0.730256
0.729815
0.729556
0.729437
0.710858
0.710893
0.711148
0.71188
0.713044
0.714448
0.716053
0.717915
0.72013
0.722671
0.725221
0.727153
0.728323
0.728977
0.729213
0.729141
0.728862
0.728539
0.72836
0.728284
0.706304
0.706323
0.706545
0.707254
0.708439
0.709915
0.711667
0.713752
0.716212
0.719079
0.722177
0.724813
0.726569
0.727607
0.72815
0.728319
0.728228
0.728045
0.727956
0.72792
0.701704
0.701706
0.701894
0.702556
0.70373
0.705269
0.707159
0.709516
0.712453
0.716005
0.719851
0.7231
0.725365
0.726858
0.727747
0.728271
0.728471
0.728513
0.728532
0.728519
0.696628
0.696637
0.696824
0.697435
0.698571
0.70015
0.702192
0.704824
0.708174
0.712354
0.717093
0.721315
0.724395
0.726543
0.728025
0.728966
0.729528
0.72983
0.729962
0.729963
0.690729
0.690733
0.690927
0.69155
0.692771
0.694531
0.696891
0.700025
0.704105
0.709256
0.715117
0.720375
0.724268
0.727066
0.729056
0.730459
0.731366
0.731906
0.732129
0.732135
0.683666
0.683669
0.683893
0.68459
0.685964
0.688001
0.690781
0.69451
0.699445
0.705733
0.713
0.719598
0.724558
0.728188
0.730813
0.732683
0.73396
0.734726
0.735032
0.735045
0.675117
0.67512
0.675391
0.676237
0.677878
0.680344
0.683736
0.688336
0.694437
0.702228
0.711228
0.719415
0.725583
0.730129
0.733435
0.73583
0.737484
0.738464
0.738836
0.738853
0.664671
0.664673
0.665012
0.666079
0.668129
0.671199
0.675434
0.681189
0.688803
0.698512
0.70966
0.719755
0.727362
0.732965
0.737064
0.740044
0.742118
0.743302
0.743745
0.74377
0.651816
0.651817
0.652246
0.653617
0.656232
0.660152
0.665553
0.672863
0.682475
0.694591
0.708372
0.720753
0.730021
0.736842
0.741888
0.745573
0.748082
0.749501
0.750027
0.750058
0.635812
0.635808
0.636353
0.638149
0.641607
0.646733
0.653765
0.663174
0.675375
0.690525
0.70749
0.722554
0.73379
0.742069
0.748165
0.752607
0.755626
0.757298
0.757932
0.757971
0.615721
0.615716
0.616436
0.618833
0.623484
0.630326
0.639641
0.651898
0.667465
0.686371
0.707121
0.7253
0.738801
0.748754
0.756094
0.761405
0.764987
0.766981
0.767734
0.767772
0.589868
0.589866
0.590898
0.594302
0.60075
0.61018
0.62276
0.638916
0.658825
0.682311
0.70747
0.729176
0.745211
0.757052
0.765793
0.772123
0.776373
0.778748
0.779622
0.779648
0.555286
0.555306
0.557031
0.562375
0.571962
0.585459
0.602819
0.624254
0.649659
0.678607
0.708769
0.734357
0.753155
0.767055
0.777354
0.784851
0.78991
0.792717
0.793702
0.7937
0.506293
0.506551
0.510461
0.520279
0.535735
0.555773
0.580006
0.60835
0.640427
0.675631
0.711274
0.740991
0.762685
0.778745
0.790713
0.799534
0.805551
0.808846
0.809924
0.809871
0.435352
0.437817
0.449116
0.468334
0.493441
0.52261
0.55554
0.591999
0.631597
0.67372
0.71539
0.749695
0.774675
0.793257
0.807295
0.817842
0.825163
0.829255
0.830653
0.830686
0.360397
0.366044
0.386154
0.415473
0.450693
0.489266
0.530978
0.575713
0.623188
0.672878
0.721607
0.761676
0.791007
0.813011
0.829861
0.842855
0.852058
0.857219
0.859078
0.859345
0.295694
0.302272
0.328692
0.36644
0.410315
0.457519
0.507614
0.560406
0.615572
0.672573
0.727971
0.773339
0.806543
0.831578
0.850816
0.865639
0.876288
0.882548
0.884564
0.884796
0.243221
0.250362
0.28071
0.32421
0.374528
0.428692
0.485992
0.546011
0.608242
0.672073
0.733645
0.783766
0.820289
0.847711
0.868756
0.884921
0.896735
0.903759
0.905991
0.906389
0.199714
0.207159
0.240049
0.287899
0.343309
0.403096
0.466381
0.532618
0.601152
0.671155
0.738327
0.792646
0.831971
0.861308
0.883714
0.900898
0.913432
0.920973
0.923628
0.924165
0.162454
0.170059
0.204673
0.255933
0.31556
0.380092
0.448503
0.520145
0.594251
0.669821
0.74203
0.800084
0.84179
0.872677
0.89608
0.913954
0.926894
0.93476
0.937779
0.9384
0.129466
0.13717
0.173087
0.227083
0.290275
0.358902
0.431801
0.508265
0.587405
0.668043
0.744896
0.806355
0.850173
0.882325
0.906458
0.924718
0.937869
0.945862
0.949081
0.949689
0.0993451
0.107144
0.144138
0.200473
0.266721
0.338892
0.41578
0.496604
0.580373
0.665751
0.747018
0.811708
0.857492
0.89077
0.91547
0.93396
0.947198
0.95523
0.958537
0.959178
0.0712226
0.0791132
0.117043
0.175404
0.244343
0.319641
0.400083
0.484867
0.572929
0.662812
0.748356
0.816256
0.863997
0.898375
0.923647
0.942383
0.955693
0.963693
0.967037
0.967718
0.044404
0.0524092
0.0911872
0.151403
0.22273
0.300807
0.384448
0.472848
0.564895
0.659078
0.748849
0.820009
0.869803
0.905408
0.93135
0.950397
0.963803
0.971753
0.975018
0.975727
0.0185348
0.026677
0.0662656
0.128158
0.201615
0.282189
0.36872
0.460413
0.556165
0.654457
0.748425
0.823009
0.875087
0.912106
0.938852
0.958312
0.971878
0.979819
0.982975
0.983592
-0.00666319
0.00166084
0.0420392
0.105454
0.180833
0.263646
0.352788
0.447486
0.546681
0.6489
0.74709
0.825323
0.879915
0.918546
0.94627
0.966272
0.980064
0.988006
0.991037
0.991521
-0.0312876
-0.0227928
0.018357
0.0831745
0.160291
0.245112
0.336608
0.434046
0.536421
0.642385
0.744792
0.826835
0.884225
0.924745
0.953644
0.97431
0.988373
0.996282
0.999165
0.999522
-0.0554285
-0.0467552
-0.00484357
0.0612872
0.139963
0.226581
0.320189
0.420095
0.525394
0.634876
0.741405
0.827437
0.887962
0.930694
0.960985
0.982423
0.996766
1.00458
1.00725
1.00748
-0.0791278
-0.0702504
-0.0275507
0.039785
0.119852
0.208075
0.303565
0.405679
0.513606
0.626336
0.736859
0.827032
0.891025
0.936341
0.968295
0.990609
1.00521
1.01282
1.01521
1.01531
-0.102347
-0.0932505
-0.0497682
0.01868
0.0999911
0.189643
0.28679
0.39085
0.501118
0.616805
0.731136
0.825481
0.89323
0.941595
0.975598
0.998916
1.01365
1.0209
1.02292
1.02288
-0.124998
-0.115698
-0.0714395
-0.00198086
0.080446
0.171352
0.269951
0.375696
0.488022
0.606337
0.724192
0.822654
0.89439
0.946282
0.982908
1.0075
1.02218
1.02871
1.03021
1.03003
-0.147016
-0.137521
-0.0925115
-0.0221448
0.061279
0.153284
0.253127
0.360323
0.474407
0.595013
0.716018
0.818448
0.894283
0.950135
0.990153
1.01667
1.03119
1.03637
1.03695
1.03661
-0.168397
-0.158682
-0.112951
-0.0417544
0.042547
0.135522
0.236422
0.344835
0.460383
0.582918
0.706668
0.812784
0.892695
0.952768
0.997009
1.0267
1.04165
1.04473
1.04329
1.0425
-0.189027
-0.179109
-0.132723
-0.0607581
0.0243265
0.118126
0.219927
0.329331
0.446068
0.570181
0.696205
0.805603
0.889451
0.953735
1.00277
1.03731
1.05478
1.05651
1.05142
1.04755
-0.208954
-0.198839
-0.151797
-0.0791561
0.00659085
0.101076
0.203613
0.313777
0.431426
0.556761
0.684565
0.796681
0.884284
0.95256
1.00635
1.04715
1.07035
1.07496
1.06722
1.05272
-0.228155
-0.217928
-0.170287
-0.0971214
-0.0109044
0.0840474
0.18709
0.297685
0.415887
0.54198
0.671043
0.785203
0.876406
0.948453
1.00589
1.05254
1.08284
1.08886
1.0827
1.05253
-0.246697
-0.236402
-0.188134
-0.114455
-0.027987
0.0672087
0.17059
0.281299
0.399723
0.526081
0.655805
0.77108
0.865285
0.940896
0.999097
1.04514
1.07723
1.08476
1.03884
0.985089
-0.266232
-0.253383
-0.205257
-0.131067
-0.0448225
0.0504379
0.153898
0.264642
0.382917
0.509031
0.638727
0.754113
0.849737
0.929956
0.985146
1.01681
1.04022
1.02202
0.963872
0.903661
-0.289956
-0.285845
-0.225141
-0.144889
-0.0591913
0.036023
0.137306
0.248332
0.366144
0.491596
0.620398
0.734838
0.829108
0.918401
0.950333
0.960358
0.961011
0.916694
0.853571
0.790295
-0.268033
-0.260131
-0.20233
-0.122592
-0.0318638
0.0671097
0.173189
0.286858
0.407415
0.535868
0.657779
0.758091
0.842547
0.926741
0.949768
0.871775
0.806421
0.753516
0.690097
0.559594
-0.303097
-0.275421
-0.216129
-0.135829
-0.0450996
0.0533974
0.158876
0.271735
0.391137
0.517659
0.636775
0.733696
0.809704
0.867427
0.845132
0.733731
0.636756
0.57235
0.501362
0.357563
-0.329201
-0.295848
-0.235117
-0.154954
-0.0644289
0.0337792
0.139212
0.25115
0.369034
0.492972
0.608354
0.700431
0.766231
0.789247
0.718699
0.574107
0.459353
0.380874
0.288771
0.0941866
-0.353037
-0.318185
-0.255766
-0.175095
-0.0845598
0.0135431
0.118546
0.229423
0.34556
0.466529
0.577248
0.663162
0.715162
0.703059
0.573939
0.405169
0.25935
0.148953
0.035412
-0.256972
-0.376336
-0.340745
-0.277199
-0.195877
-0.105178
-0.00725849
0.0970504
0.206723
0.320898
0.438556
0.543872
0.622813
0.656342
0.610986
0.429031
0.234059
0.0484601
-0.105622
-0.292346
-0.70171
-0.399514
-0.363884
-0.29965
-0.217833
-0.126923
-0.02921
0.0744077
0.182793
0.2948
0.408856
0.508213
0.578788
0.59227
0.494965
0.290972
0.0742636
-0.130884
-0.309102
-0.521327
-0.92563
-0.423635
-0.387992
-0.32338
-0.241203
-0.150127
-0.052592
0.0503686
0.157444
0.267143
0.377371
0.470427
0.530931
0.519858
0.372943
0.165118
-0.0585474
-0.26298
-0.407873
-0.469182
-0.513914
-0.449092
-0.413466
-0.348657
-0.26631
-0.17523
-0.0780278
0.0241047
0.129587
0.236544
0.34229
0.428586
0.476589
0.437872
0.255302
0.0469675
-0.164026
-0.332694
-0.402315
-0.423812
-0.427564
-0.476157
-0.440453
-0.375502
-0.293102
-0.202174
-0.105476
-0.00442258
0.0991532
0.20292
0.303492
0.382589
0.413687
0.352166
0.142495
-0.0597448
-0.248216
-0.37181
-0.393473
-0.397901
-0.398143
-0.504925
-0.469017
-0.403914
-0.32152
-0.230878
-0.134894
-0.0351649
0.0662035
0.166284
0.261048
0.332017
0.346556
0.248816
0.0371532
-0.155339
-0.315909
-0.37348
-0.384398
-0.384928
-0.384536
-0.535234
-0.499065
-0.433805
-0.3515
-0.261266
-0.166186
-0.0680447
0.0308176
0.126742
0.215119
0.276804
0.273995
0.135849
-0.0622756
-0.239878
-0.356615
-0.372425
-0.375873
-0.377842
-0.377823
-0.56659
-0.53032
-0.464946
-0.382826
-0.293134
-0.199157
-0.102904
-0.00684994
0.0845779
0.165857
0.218145
0.193075
0.0276186
-0.157678
-0.308791
-0.363991
-0.377584
-0.376157
-0.375514
-0.375207
-0.598582
-0.562293
-0.496928
-0.415127
-0.326144
-0.233453
-0.139403
-0.0465136
0.0403482
0.113639
0.156692
0.110538
-0.0811114
-0.257464
-0.363024
-0.391737
-0.38763
-0.377401
-0.372569
-0.372069
-0.630241
-0.59433
-0.529123
-0.447824
-0.359773
-0.268545
-0.176961
-0.0877482
-0.00527335
0.0596081
0.0911007
0.030732
-0.186327
-0.377575
-0.435282
-0.411086
-0.409089
-0.402521
-0.392514
-0.386706
-0.660731
-0.625426
-0.560649
-0.480116
-0.393283
-0.303754
-0.21469
-0.12976
-0.0518012
0.0059768
0.0239909
-0.0438083
-0.272826
-0.515763
-0.605401
-0.560159
-0.488751
-0.457213
-0.44527
-0.44002
-0.688484
-0.654292
-0.590369
-0.510958
-0.425655
-0.338205
-0.251515
-0.171096
-0.0989324
-0.0450688
-0.0399397
-0.118547
-0.315264
-0.58866
-0.710121
-0.664737
-0.580271
-0.54091
-0.531861
-0.525511
-0.71184
-0.679363
-0.616846
-0.539047
-0.455597
-0.370687
-0.286429
-0.209605
-0.145332
-0.0929137
-0.0957458
-0.192609
-0.293818
-0.4733
-0.595593
-0.655761
-0.759721
-0.753373
-0.723068
-0.711187
-0.728876
-0.698662
-0.638405
-0.562872
-0.481667
-0.399491
-0.318447
-0.243423
-0.186596
-0.14059
-0.137717
-0.259431
-0.281517
-0.116049
-0.186542
-0.533168
-0.77766
-0.787043
-0.779204
-0.778577
-0.737723
-0.710241
-0.653304
-0.58081
-0.502362
-0.422792
-0.34561
-0.272211
-0.216879
-0.189038
-0.16815
-0.334827
-0.449427
-0.201459
-0.248612
-0.597217
-0.771194
-0.759887
-0.769838
-0.779542
-0.736394
-0.712317
-0.660118
-0.591193
-0.516125
-0.439322
-0.364835
-0.29526
-0.237132
-0.216496
-0.216432
-0.462871
-0.946226
-1.34378
-1.70415
-1.84502
-1.71256
-1.37247
-1.1241
-1.10113
-0.721722
-0.703458
-0.657577
-0.592879
-0.521634
-0.447924
-0.374918
-0.307202
-0.250925
-0.217034
-0.24932
-0.570789
-1.32897
-2.26523
-2.58897
-2.66729
-2.50744
-2.23399
-1.94302
-1.82125
-0.695315
-0.682069
-0.644498
-0.585709
-0.518554
-0.447378
-0.375704
-0.306645
-0.245529
-0.211821
-0.216681
-0.47522
-1.03951
-1.82464
-2.27763
-2.29755
-2.15098
-1.95264
-1.76909
-1.68661
-0.659902
-0.651211
-0.622983
-0.570968
-0.507294
-0.438754
-0.365342
-0.295176
-0.22222
-0.171158
-0.124928
-0.162442
-0.336268
-0.446898
-0.51757
-0.38435
-0.125879
0.115059
0.263521
0.354853
-0.620241
-0.615257
-0.59561
-0.551643
-0.4912
-0.422795
-0.348606
-0.267878
-0.191154
-0.0869171
-0.0157471
0.143003
0.371756
0.778181
1.31663
1.84174
2.24257
2.48046
2.61719
2.66871
-0.582019
-0.579607
-0.56708
-0.530651
-0.473438
-0.403848
-0.326436
-0.239698
-0.144055
-0.0353954
0.10019
0.229585
0.598799
1.18829
1.84025
2.41628
2.82869
3.07475
3.1873
3.22112
-0.546588
-0.545605
-0.539819
-0.512497
-0.458716
-0.386936
-0.304597
-0.215187
-0.112636
-0.000150085
0.126764
0.242531
0.440614
0.930031
1.44889
1.90308
2.2335
2.43051
2.5238
2.55409
-0.516848
-0.515821
-0.51418
-0.495675
-0.44511
-0.371048
-0.287194
-0.196045
-0.0994642
0.0109882
0.121709
0.230024
0.326878
0.608858
1.02976
1.37855
1.63237
1.78807
1.86074
1.88293
-0.498741
-0.499516
-0.500336
-0.483132
-0.428718
-0.350725
-0.266914
-0.180616
-0.0887788
0.0111485
0.106711
0.197718
0.269122
0.429708
0.702899
0.95697
1.13984
1.24716
1.29435
1.30677
-0.463058
-0.466898
-0.469355
-0.450789
-0.393886
-0.31717
-0.238588
-0.160199
-0.0797798
0.0080759
0.0903952
0.163513
0.230466
0.333286
0.513719
0.677161
0.789796
0.854649
0.88329
0.8902
-0.369376
-0.373873
-0.376207
-0.360585
-0.316005
-0.257585
-0.196109
-0.13302
-0.0672514
0.00446756
0.0713457
0.126802
0.180336
0.237944
0.352396
0.457695
0.531145
0.575951
0.594869
0.596481
-0.23468
-0.236793
-0.237933
-0.231136
-0.210379
-0.180526
-0.143424
-0.101301
-0.0511683
0.0029345
0.0518457
0.0866133
0.117962
0.149327
0.229043
0.302152
0.352886
0.382263
0.392638
0.392998
-0.119406
-0.11984
-0.121008
-0.122279
-0.119999
-0.11146
-0.0948165
-0.0700562
-0.0361028
0.00353059
0.0339002
0.0481104
0.0659882
0.0795083
0.136329
0.189618
0.226977
0.248118
0.256114
0.255752
-0.0518219
-0.051998
-0.0536102
-0.0576606
-0.0623096
-0.0633852
-0.0576683
-0.0441956
-0.0220384
0.00613804
0.0216857
0.0226445
0.0212509
0.0337924
0.0826469
0.123246
0.149367
0.162813
0.167491
0.166782
-0.0216114
-0.0219441
-0.0235829
-0.0274146
-0.0321628
-0.0351623
-0.0339359
-0.0259827
-0.0102296
0.0126602
0.0215149
0.0204789
0.0125742
0.0200323
0.0642948
0.0933798
0.113158
0.122757
0.125444
0.124558
-0.0116942
-0.01201
-0.013228
-0.0160618
-0.0193774
-0.0214678
-0.0205031
-0.0139289
-0.000289076
0.0214498
0.0342845
0.0355733
0.0374657
0.0538437
0.0813949
0.0976851
0.106252
0.110597
0.112895
0.112665
-0.013242
-0.0132761
-0.0137459
-0.015327
-0.0171746
-0.0177883
-0.0155965
-0.00818548
0.00725536
0.0303234
0.0504829
0.062545
0.0766233
0.0991373
0.115261
0.123368
0.130185
0.133522
0.135076
0.133765
-0.0249926
-0.0246811
-0.0243908
-0.0246828
-0.0249112
-0.0236685
-0.0193307
-0.00923351
0.0101009
0.0371503
0.0636438
0.0863361
0.111305
0.131249
0.138606
0.144902
0.152757
0.160924
0.164215
0.162622
-0.0481084
-0.0474723
-0.0465963
-0.0457516
-0.0442457
-0.0406791
-0.0333251
-0.0194414
0.00660537
0.0419761
0.0711528
0.0985925
0.124674
0.144079
0.151763
0.162065
0.170777
0.176845
0.17946
0.177934
-0.0837932
-0.0829699
-0.0815589
-0.0797256
-0.0766913
-0.0710063
-0.0608218
-0.0428589
-0.00964753
0.0364506
0.0690238
0.101792
0.135798
0.143683
0.150122
0.164818
0.17887
0.18912
0.191037
0.188598
-0.133081
-0.131966
-0.130254
-0.127844
-0.12398
-0.117402
-0.106252
-0.0865008
-0.0486912
0.00764714
0.0467234
0.087269
0.109746
0.112827
0.133216
0.161124
0.177088
0.185209
0.187041
0.187092
-0.197289
-0.196039
-0.194321
-0.192006
-0.1887
-0.183822
-0.176052
-0.160955
-0.126588
-0.0706141
-0.0196682
0.0478675
0.0769159
0.0827562
0.119018
0.16542
0.199618
0.213173
0.212507
0.211237
-0.275781
-0.274733
-0.273688
-0.272719
-0.272372
-0.273547
-0.276745
-0.278853
-0.267323
-0.235969
-0.159278
-0.0421536
0.0167608
0.0373393
0.103286
0.171964
0.217991
0.238569
0.235896
0.237471
-0.363561
-0.363225
-0.363782
-0.365911
-0.371855
-0.385068
-0.410216
-0.450526
-0.496403
-0.525626
-0.404241
-0.205328
-0.082014
-0.0227472
0.0837825
0.192525
0.269961
0.288221
0.281232
0.277974
-0.448901
-0.449801
-0.452846
-0.459819
-0.475309
-0.506497
-0.565387
-0.669713
-0.818823
-0.937671
-0.778115
-0.457306
-0.247376
-0.134952
0.0178848
0.150251
0.232642
0.239458
0.234997
0.231211
-0.513729
-0.516103
-0.521929
-0.534403
-0.560595
-0.611924
-0.709874
-0.892058
-1.16914
-1.37726
-1.16412
-0.729296
-0.464459
-0.279838
-0.0836723
0.0385788
0.0799202
0.0887382
0.0892795
0.0873138
-0.5381
-0.541686
-0.549706
-0.566263
-0.600372
-0.666623
-0.793982
-1.03379
-1.40399
-1.66194
-1.40454
-0.955074
-0.651497
-0.427984
-0.196065
-0.0983297
-0.0869174
-0.0846814
-0.0842406
-0.0856923
-0.509762
-0.513546
-0.521625
-0.539126
-0.574981
-0.644433
-0.778864
-1.03431
-1.41588
-1.69023
-1.44903
-1.05225
-0.818819
-0.589665
-0.337302
-0.252754
-0.252526
-0.260091
-0.266969
-0.271942
-0.429417
-0.432583
-0.439346
-0.453919
-0.484502
-0.544212
-0.659809
-0.88065
-1.19799
-1.40384
-1.24844
-1.00337
-0.924498
-0.86116
-0.63396
-0.554282
-0.533525
-0.529732
-0.531101
-0.535582
-0.313633
-0.315537
-0.31961
-0.32918
-0.350154
-0.391879
-0.473512
-0.631993
-0.860365
-0.971591
-0.877439
-0.831052
-0.954066
-1.40847
-1.42597
-1.12654
-0.950186
-0.867427
-0.829942
-0.81856
-0.186883
-0.187509
-0.189046
-0.193451
-0.204293
-0.226831
-0.272188
-0.364812
-0.512702
-0.576311
-0.530935
-0.509896
-0.745105
-1.23448
-1.47749
-1.21365
-0.992662
-0.881095
-0.82918
-0.810251
-0.0712738
-0.0714624
-0.0711402
-0.0711832
-0.0729234
-0.0777396
-0.0883234
-0.111188
-0.161137
-0.220954
-0.232923
-0.248666
-0.244758
-0.35474
-0.558109
-0.58686
-0.502182
-0.443253
-0.415074
-0.398618
-0.362786
0.0470181
0.331185
0.530344
0.686803
0.809945
0.912904
1.00515
1.09496
1.08337
0.230627
0.39617
0.547487
0.678678
0.788744
0.87993
0.954902
1.00821
1.02671
1.03929
0.493392
0.599477
0.703573
0.794699
0.872833
0.937917
0.988768
1.02474
1.04893
1.06774
0.676851
0.749815
0.822972
0.888625
0.945269
0.992643
1.03094
1.06154
1.08458
1.10411
0.813943
0.867679
0.921572
0.970709
1.01379
1.05093
1.08265
1.10935
1.12927
1.14809
0.927151
0.968446
1.00947
1.04825
1.08339
1.11469
1.14211
1.16517
1.18265
1.20063
1.02339
1.05845
1.09301
1.12636
1.15738
1.18545
1.21011
1.23057
1.24581
1.26328
1.11253
1.14536
1.17825
1.20992
1.2394
1.26603
1.28912
1.30774
1.32117
1.3381
1.20341
1.23827
1.27223
1.30442
1.33389
1.35995
1.38198
1.39919
1.41132
1.42777
1.30666
1.34561
1.38205
1.41532
1.44473
1.46986
1.4905
1.50643
1.51821
1.53443
1.43343
1.47518
1.51239
1.54449
1.57192
1.595
1.61409
1.62939
1.64193
1.65808
1.59089
1.62943
1.66121
1.68741
1.71021
1.73055
1.74889
1.76513
1.77923
1.79513
1.77311
1.79816
1.81977
1.83867
1.85659
1.87356
1.88997
1.90648
1.92215
1.93816
1.9589
1.97073
1.98541
2.00028
2.01409
2.02632
2.03768
2.04909
2.062
2.08273
2.14706
2.15711
2.16407
2.16544
2.16753
2.17498
2.18818
2.20355
2.21665
2.24493
2.42356
2.36451
2.31687
2.28574
2.27265
2.27725
2.30049
2.34582
2.41637
2.49499
0.849602
0.842096
0.833173
0.820344
0.806931
0.795318
0.786078
0.779156
0.774514
0.77244
0.773576
0.777529
0.783708
0.792054
0.802681
0.815486
0.829161
0.840345
0.848118
0.854438
0.763582
0.771462
0.778605
0.783361
0.784604
0.782599
0.778835
0.774852
0.771719
0.770267
0.771218
0.774181
0.778275
0.782621
0.78595
0.78663
0.783679
0.777631
0.769611
0.763707
0.755559
0.75862
0.761709
0.764227
0.766596
0.768351
0.768819
0.768114
0.767027
0.766487
0.767188
0.768746
0.770237
0.770775
0.769866
0.76787
0.765555
0.762877
0.759666
0.757301
0.750295
0.751813
0.754048
0.756209
0.757796
0.759061
0.760154
0.760885
0.761193
0.761439
0.76194
0.762454
0.7625
0.761959
0.761061
0.759887
0.758176
0.75595
0.754093
0.753008
0.745194
0.746035
0.747526
0.749376
0.751118
0.752502
0.753581
0.754508
0.755321
0.755995
0.756448
0.756555
0.756331
0.75582
0.754961
0.75364
0.751989
0.750361
0.749293
0.74866
0.740302
0.740874
0.741961
0.743408
0.744965
0.746484
0.747818
0.748944
0.749926
0.750757
0.751289
0.751408
0.751143
0.750503
0.749485
0.748241
0.746943
0.745781
0.745054
0.744614
0.735584
0.736013
0.73689
0.738127
0.739488
0.740935
0.742396
0.74375
0.744953
0.745983
0.74662
0.746759
0.746438
0.745725
0.744778
0.743752
0.742714
0.741804
0.741256
0.740928
0.730999
0.731335
0.732079
0.733195
0.734487
0.735882
0.737365
0.738882
0.740304
0.74154
0.742345
0.742548
0.742237
0.741596
0.740796
0.739918
0.739038
0.738299
0.737872
0.737618
0.726503
0.72677
0.727414
0.728451
0.729699
0.731055
0.732513
0.734061
0.735635
0.737093
0.738104
0.738472
0.738355
0.737925
0.737305
0.73658
0.73584
0.735237
0.734903
0.734704
0.722045
0.722259
0.72283
0.723814
0.725033
0.726378
0.727844
0.729451
0.731187
0.732904
0.734175
0.734788
0.73491
0.734711
0.734286
0.733724
0.733105
0.732618
0.732361
0.732206
0.717599
0.717771
0.718295
0.719266
0.720512
0.72194
0.723553
0.725316
0.727183
0.729147
0.730792
0.731808
0.73222
0.732179
0.731867
0.731415
0.730908
0.730515
0.73032
0.730198
0.713122
0.71326
0.713755
0.71474
0.716032
0.717516
0.719219
0.721213
0.72349
0.725891
0.727948
0.729222
0.729863
0.730076
0.729994
0.729688
0.729286
0.728973
0.728834
0.728742
0.708587
0.708687
0.709145
0.710115
0.711424
0.712956
0.714746
0.716845
0.719311
0.722141
0.724757
0.726629
0.727801
0.728421
0.728615
0.728546
0.728312
0.728111
0.728035
0.727971
0.704022
0.704094
0.704519
0.705485
0.706853
0.708516
0.710536
0.713015
0.715975
0.719412
0.72268
0.725108
0.72667
0.7276
0.728101
0.728256
0.728221
0.728154
0.728136
0.728093
0.699258
0.69932
0.699697
0.700605
0.701953
0.703679
0.705863
0.708637
0.712116
0.716297
0.720403
0.723571
0.725791
0.727244
0.728142
0.728725
0.729017
0.729144
0.729181
0.729142
0.693808
0.693872
0.694244
0.695143
0.696546
0.698437
0.700945
0.704217
0.708369
0.71346
0.718597
0.722667
0.725601
0.727676
0.729087
0.73004
0.730627
0.730925
0.731004
0.73096
0.687366
0.687433
0.687841
0.688817
0.690388
0.692569
0.695523
0.699443
0.704526
0.710822
0.717201
0.722317
0.72608
0.728782
0.730725
0.732078
0.732967
0.733422
0.733538
0.733486
0.679606
0.679685
0.680176
0.681301
0.683131
0.685727
0.689289
0.694058
0.700272
0.708036
0.715978
0.722399
0.727165
0.730636
0.733153
0.734947
0.73614
0.73674
0.736886
0.736824
0.670154
0.670256
0.670875
0.672261
0.674505
0.677718
0.682137
0.688081
0.695818
0.705449
0.715272
0.723205
0.729094
0.733414
0.736562
0.738826
0.740321
0.741046
0.741223
0.741153
0.658557
0.658689
0.659489
0.661241
0.664069
0.668116
0.673698
0.681167
0.690847
0.702812
0.714934
0.724668
0.73191
0.737182
0.741069
0.743903
0.745726
0.74659
0.746802
0.746721
0.644198
0.644375
0.645426
0.647701
0.65136
0.656586
0.663752
0.673262
0.685444
0.700308
0.715178
0.727037
0.735811
0.742256
0.747035
0.750426
0.7526
0.753616
0.753875
0.75378
0.626232
0.62648
0.627886
0.630898
0.635762
0.642658
0.652
0.664221
0.679579
0.697973
0.716094
0.730422
0.741013
0.748798
0.754537
0.758615
0.761189
0.76241
0.762718
0.762604
0.603425
0.603826
0.605799
0.609871
0.61647
0.625783
0.638147
0.653956
0.67333
0.695975
0.717866
0.735007
0.747664
0.756992
0.763842
0.768698
0.771745
0.773199
0.77355
0.773411
0.573552
0.574277
0.577242
0.583101
0.59241
0.605311
0.621953
0.642514
0.666882
0.694532
0.720681
0.740942
0.755885
0.766931
0.775048
0.780808
0.784434
0.786139
0.786522
0.786349
0.532578
0.534063
0.539174
0.548529
0.5625
0.580899
0.603518
0.630205
0.660576
0.693932
0.724755
0.748369
0.765757
0.77865
0.78818
0.795001
0.7993
0.801249
0.801637
0.801424
0.472997
0.477447
0.488187
0.504578
0.526501
0.552999
0.583503
0.617636
0.654893
0.69449
0.730246
0.757322
0.777209
0.792015
0.803052
0.811067
0.816104
0.81827
0.818631
0.818392
0.401216
0.40984
0.429638
0.456417
0.488327
0.523917
0.56288
0.604993
0.649811
0.696618
0.7385
0.770216
0.793672
0.811327
0.824681
0.834442
0.840725
0.843451
0.8439
0.843848
0.329427
0.344175
0.372789
0.409554
0.451005
0.495588
0.543042
0.593191
0.645651
0.699792
0.747942
0.784397
0.811503
0.83211
0.847991
0.859899
0.867155
0.870102
0.871029
0.871165
0.270938
0.28889
0.323359
0.367497
0.416668
0.469095
0.524338
0.582067
0.64178
0.702838
0.756777
0.797466
0.827667
0.850669
0.868334
0.881547
0.889782
0.89376
0.895068
0.895265
0.222863
0.242829
0.28161
0.33117
0.386337
0.445171
0.507068
0.571505
0.637848
0.705263
0.764421
0.808797
0.841548
0.866356
0.88544
0.899743
0.90897
0.913476
0.914973
0.915176
0.182424
0.203508
0.245509
0.299421
0.359514
0.423682
0.491242
0.56155
0.633795
0.706959
0.7708
0.818338
0.853198
0.879428
0.899508
0.914536
0.924509
0.929452
0.931051
0.931248
0.147139
0.16899
0.213494
0.270996
0.335255
0.404033
0.476528
0.552041
0.629605
0.707967
0.776054
0.826405
0.863019
0.890349
0.911095
0.926589
0.936884
0.942113
0.943788
0.943964
0.115458
0.137873
0.184442
0.244937
0.312761
0.385554
0.462468
0.542694
0.625137
0.708339
0.780395
0.833346
0.871511
0.899716
0.920904
0.936602
0.947046
0.952366
0.954046
0.954223
0.0862518
0.109117
0.157435
0.220538
0.291465
0.367801
0.448678
0.533217
0.620214
0.708038
0.783922
0.839397
0.879045
0.908038
0.929594
0.945433
0.955951
0.961338
0.962942
0.963053
0.0586517
0.081996
0.131833
0.197266
0.270933
0.350421
0.434881
0.523385
0.614662
0.706946
0.786648
0.84467
0.885839
0.915686
0.937671
0.953686
0.964228
0.96963
0.971177
0.971171
0.0322033
0.0560227
0.107243
0.174759
0.250862
0.333181
0.420887
0.513039
0.608349
0.704967
0.788523
0.849241
0.892113
0.922958
0.94547
0.961724
0.972321
0.977645
0.979172
0.979143
0.00657814
0.0308951
0.0833942
0.152778
0.231072
0.315937
0.406588
0.502093
0.601195
0.702044
0.789567
0.853236
0.898027
0.930034
0.953209
0.969795
0.980496
0.985733
0.987182
0.987121
-0.0184347
0.00641195
0.0600959
0.131174
0.211438
0.298598
0.391916
0.490506
0.593165
0.698147
0.78978
0.856616
0.903572
0.936961
0.960957
0.977973
0.988803
0.99394
0.995257
0.995166
-0.0429198
-0.0175369
0.0372643
0.10989
0.191916
0.281134
0.376862
0.478268
0.584254
0.693231
0.789012
0.859288
0.908738
0.943763
0.968737
0.98625
0.997187
1.00217
1.00333
1.00319
-0.066945
-0.0410016
0.0149016
0.0889133
0.172508
0.263571
0.361455
0.465404
0.574445
0.687208
0.787164
0.86116
0.91347
0.95043
0.976552
0.994605
1.00561
1.01038
1.01135
1.01113
-0.0904428
-0.0639714
-0.0070159
0.0682478
0.153244
0.245942
0.34574
0.451954
0.56375
0.680065
0.784166
0.862092
0.917646
0.956939
0.984428
1.00303
1.01396
1.0184
1.01914
1.01887
-0.11343
-0.0864072
-0.0284574
0.047937
0.134181
0.228318
0.329791
0.437988
0.552248
0.671821
0.779925
0.861908
0.921098
0.963239
0.992449
1.01158
1.0222
1.02611
1.02659
1.02627
-0.135798
-0.108249
-0.0493647
0.0280327
0.115384
0.210781
0.313696
0.42361
0.540021
0.662493
0.774364
0.860445
0.923585
0.969184
1.00074
1.02054
1.03043
1.0334
1.03352
1.03317
-0.157541
-0.129428
-0.0697014
0.0086038
0.0969284
0.193411
0.297562
0.408932
0.527157
0.652142
0.76745
0.857552
0.924822
0.974469
1.00935
1.03046
1.03921
1.04039
1.03978
1.03948
-0.17856
-0.149927
-0.0894159
-0.0102931
0.0788799
0.176296
0.281476
0.39404
0.513778
0.640873
0.759176
0.853101
0.924509
0.978574
1.01797
1.04198
1.05019
1.0484
1.0456
1.04536
-0.198885
-0.169723
-0.108447
-0.0285949
0.0613187
0.159529
0.265566
0.379076
0.500022
0.628811
0.749579
0.846993
0.92238
0.980801
1.02558
1.05482
1.06538
1.06203
1.05341
1.03854
-0.21847
-0.188855
-0.126936
-0.0465117
0.0439449
0.142762
0.249398
0.363551
0.485331
0.615377
0.738024
0.838541
0.917896
0.980274
1.03047
1.06697
1.0836
1.08156
1.06884
1.07682
-0.237321
-0.20733
-0.144841
-0.0639814
0.0267984
0.126044
0.232987
0.347495
0.469696
0.600481
0.724342
0.827163
0.91048
0.975762
1.02851
1.06945
1.09138
1.08795
1.03762
1.02458
-0.255937
-0.225277
-0.161904
-0.0806976
0.0102389
0.109746
0.216507
0.331184
0.45343
0.584364
0.70867
0.812428
0.899675
0.966818
1.01483
1.05276
1.06736
1.03714
0.974387
0.935768
-0.27756
-0.244169
-0.177646
-0.0960937
-0.0050539
0.0942595
0.200361
0.314893
0.436752
0.567171
0.691125
0.794223
0.88418
0.953908
0.998579
1.00601
0.994702
0.943471
0.878571
0.838963
0.130189
0.241114
0.358667
0.483667
0.611554
0.724815
0.816893
0.715289
-0.291467
-0.282211
-0.240954
-0.171036
-0.0850731
0.00953156
0.111836
0.221471
0.338012
0.461464
0.587573
0.699425
0.787892
0.86599
0.913394
0.879367
0.761266
0.69014
0.633008
-0.314705
-0.303144
-0.258137
-0.186956
-0.100817
-0.00631821
0.0954554
0.204493
0.319954
0.441692
0.564965
0.673165
0.755893
0.816163
0.816067
0.722221
0.597562
0.512723
0.441518
-0.338211
-0.326345
-0.278906
-0.206663
-0.120496
-0.0260134
0.0757405
0.184301
0.298578
0.41836
0.53804
0.641115
0.715961
0.75467
0.715332
0.566031
0.421295
0.312987
0.225258
-0.361373
-0.349502
-0.300692
-0.227341
-0.140877
-0.046428
0.0549995
0.162692
0.275518
0.392929
0.508553
0.605857
0.671592
0.684686
0.594155
0.409361
0.232734
0.0819847
-0.0457812
-0.384492
-0.372738
-0.323064
-0.248909
-0.162057
-0.0676095
0.0333617
0.140051
0.251252
0.365974
0.477091
0.567712
0.622485
0.598862
0.458318
0.255656
0.048453
-0.131532
-0.303077
-0.408029
-0.396471
-0.346399
-0.271718
-0.184519
-0.0900344
0.010548
0.116297
0.225818
0.337716
0.444154
0.527277
0.568243
0.516406
0.329216
0.117433
-0.10239
-0.297892
-0.447116
-0.589901
-0.432753
-0.421347
-0.371043
-0.296071
-0.208692
-0.114267
-0.0141471
0.090545
0.198145
0.306799
0.408098
0.482716
0.507299
0.424356
0.208003
-0.00789945
-0.215665
-0.371879
-0.428291
-0.452313
-0.458934
-0.447631
-0.397176
-0.322054
-0.234649
-0.140462
-0.0409808
0.0623936
0.167701
0.272555
0.368114
0.433152
0.436304
0.308395
0.0954545
-0.112464
-0.294151
-0.382186
-0.406378
-0.409986
-0.486762
-0.475485
-0.424852
-0.349636
-0.26233
-0.168535
-0.069929
0.0318583
0.134493
0.234996
0.323986
0.379022
0.351342
0.19404
-0.00991355
-0.203129
-0.343516
-0.391406
-0.390062
-0.390694
-0.516184
-0.504895
-0.454065
-0.378775
-0.291676
-0.198428
-0.100933
-0.000998838
0.0985962
0.194178
0.275822
0.320106
0.265285
0.0825783
-0.107274
-0.283359
-0.361264
-0.377606
-0.380076
-0.380592
-0.546935
-0.535604
-0.484637
-0.409337
-0.32254
-0.230011
-0.133858
-0.0360849
0.0601654
0.150189
0.224074
0.25431
0.181447
-0.0218183
-0.198475
-0.332654
-0.377112
-0.374788
-0.376094
-0.376185
-0.578478
-0.567171
-0.516235
-0.441017
-0.354665
-0.263012
-0.16845
-0.0731883
0.0195087
0.103439
0.168988
0.186588
0.0866368
-0.125499
-0.28157
-0.367686
-0.383458
-0.380001
-0.375322
-0.374025
-0.610245
-0.599
-0.548333
-0.473328
-0.387594
-0.297003
-0.20424
-0.111908
-0.023014
0.0548553
0.110861
0.116543
-0.0178983
-0.234539
-0.372381
-0.386885
-0.392583
-0.387493
-0.37924
-0.374549
-0.641195
-0.630161
-0.580116
-0.505551
-0.42067
-0.331401
-0.240558
-0.151528
-0.0669695
0.00572362
0.0508425
0.0424044
-0.110993
-0.348043
-0.503626
-0.4934
-0.457385
-0.438098
-0.424873
-0.414253
-0.670234
-0.65951
-0.610502
-0.536751
-0.452989
-0.365383
-0.276585
-0.190877
-0.111643
-0.0430767
-0.00754968
-0.0321327
-0.18159
-0.436291
-0.662442
-0.6864
-0.576084
-0.498879
-0.478009
-0.47297
-0.695851
-0.685596
-0.638155
-0.565694
-0.4834
-0.397815
-0.311412
-0.228473
-0.155323
-0.0917229
-0.0607497
-0.1037
-0.228332
-0.427861
-0.660581
-0.654205
-0.658628
-0.657345
-0.636979
-0.618704
-0.715944
-0.706416
-0.661386
-0.590891
-0.510545
-0.427226
-0.343838
-0.263102
-0.194825
-0.140512
-0.106449
-0.163973
-0.275653
-0.262662
-0.390654
-0.514634
-0.733722
-0.8125
-0.786551
-0.770899
-0.72896
-0.720418
-0.678383
-0.610707
-0.532922
-0.452041
-0.371919
-0.294098
-0.227198
-0.18461
-0.148354
-0.200809
-0.359497
-0.200769
0.0734663
-0.229647
-0.639781
-0.756663
-0.763954
-0.770249
-0.732656
-0.725464
-0.687397
-0.623516
-0.548874
-0.470847
-0.39339
-0.319749
-0.252695
-0.212302
-0.201904
-0.245447
-0.548181
-0.6967
-0.750573
-1.07117
-1.1605
-1.01398
-0.872917
-0.859649
-0.726159
-0.720101
-0.686863
-0.6278
-0.556929
-0.482249
-0.407105
-0.335959
-0.271811
-0.224634
-0.222539
-0.340261
-0.820827
-1.62217
-2.14298
-2.4087
-2.35904
-2.05651
-1.70127
-1.49381
-0.706275
-0.701786
-0.67486
-0.622475
-0.556364
-0.485045
-0.412267
-0.341471
-0.276781
-0.230714
-0.217668
-0.345926
-0.868169
-1.74901
-2.46915
-2.62629
-2.5652
-2.37419
-2.15469
-1.94566
-0.675645
-0.672671
-0.652565
-0.607959
-0.547323
-0.479421
-0.407481
-0.336862
-0.267757
-0.211729
-0.186929
-0.202385
-0.520384
-0.945637
-1.42306
-1.58094
-1.48615
-1.25507
-1.04261
-0.882596
-0.638008
-0.636257
-0.623434
-0.586888
-0.531813
-0.466098
-0.395397
-0.318828
-0.24808
-0.163107
-0.107458
-0.0235787
0.0205038
0.136012
0.372944
0.670019
1.03518
1.32793
1.48442
1.56318
-0.599066
-0.598074
-0.591118
-0.563465
-0.513309
-0.448551
-0.376229
-0.297048
-0.208799
-0.122561
0.00340089
0.109989
0.35745
0.808859
1.43803
2.08436
2.59752
2.9256
3.09084
3.143
-0.563826
-0.563221
-0.559877
-0.540749
-0.495725
-0.431555
-0.355895
-0.271934
-0.177343
-0.0714737
0.0510839
0.181025
0.344419
0.807167
1.37118
1.93439
2.39594
2.70386
2.86748
2.92865
-0.530397
-0.529481
-0.528295
-0.518529
-0.481298
-0.417348
-0.338571
-0.250569
-0.157229
-0.049652
0.0656847
0.186001
0.287896
0.544229
1.0093
1.45851
1.80057
2.03048
2.15677
2.20852
-0.507835
-0.506799
-0.507067
-0.501749
-0.467796
-0.40155
-0.320133
-0.233903
-0.141622
-0.0417734
0.0628987
0.165945
0.253764
0.368054
0.668999
1.00386
1.26839
1.4436
1.53427
1.56816
-0.48611
-0.486867
-0.490436
-0.486024
-0.448697
-0.376993
-0.294985
-0.212524
-0.128627
-0.0378965
0.0553666
0.139888
0.217315
0.298677
0.485953
0.709249
0.884684
0.999664
1.05958
1.08113
-0.423493
-0.42612
-0.431356
-0.426731
-0.390794
-0.326288
-0.25499
-0.183571
-0.111047
-0.034712
0.0447705
0.114068
0.178501
0.238943
0.355192
0.502141
0.610841
0.681302
0.71682
0.728708
-0.302378
-0.304964
-0.308498
-0.305548
-0.28292
-0.242514
-0.195329
-0.144372
-0.0885955
-0.0288071
0.0327819
0.0847811
0.128374
0.162179
0.235241
0.331716
0.404938
0.453906
0.478518
0.486281
-0.170997
-0.172156
-0.173331
-0.173533
-0.166918
-0.153366
-0.131576
-0.102171
-0.0654875
-0.0197769
0.0233409
0.0551355
0.0809056
0.0971436
0.143682
0.21308
0.265529
0.298523
0.314302
0.318009
-0.0794486
-0.0798775
-0.0803685
-0.0826712
-0.0865669
-0.086834
-0.0807979
-0.0665916
-0.043843
-0.0121407
0.0174812
0.0312579
0.0367031
0.0417463
0.0771457
0.128955
0.16857
0.194192
0.20607
0.208569
-0.0330038
-0.0333461
-0.0340259
-0.0369753
-0.0418738
-0.0463107
-0.0465929
-0.0402881
-0.026459
-0.00387203
0.0185896
0.0211662
0.016177
0.00775927
0.0442428
0.088452
0.115215
0.130707
0.13721
0.138335
-0.0146958
-0.0150537
-0.0157581
-0.0182395
-0.0221804
-0.0259553
-0.0272038
-0.0235659
-0.0135645
0.00512465
0.0262763
0.0286005
0.0240826
0.0212081
0.0530756
0.0825513
0.101488
0.111787
0.115451
0.11642
-0.0110763
-0.0113234
-0.0116915
-0.0132616
-0.015872
-0.0180647
-0.0181789
-0.0142811
-0.00383015
0.0140374
0.0359813
0.0451803
0.0523126
0.0652029
0.0887196
0.103676
0.112927
0.120252
0.123483
0.123606
-0.0177155
-0.017744
-0.017583
-0.0180782
-0.0192484
-0.0198303
-0.0182932
-0.0127862
-0.000510705
0.0206685
0.0478047
0.0655985
0.0856403
0.110307
0.126272
0.131647
0.136746
0.140042
0.14315
0.143853
-0.035071
-0.0348743
-0.0342477
-0.0337931
-0.0334815
-0.0321425
-0.0282723
-0.0199798
-0.00333344
0.0248233
0.0573591
0.0802792
0.107236
0.129878
0.144066
0.152259
0.16211
0.173002
0.180515
0.179882
-0.0645599
-0.0641343
-0.0630044
-0.0617815
-0.0601121
-0.0567758
-0.0502617
-0.0384627
-0.016729
0.0195097
0.0600156
0.0849645
0.117769
0.140195
0.149598
0.156947
0.167091
0.173794
0.178387
0.17927
-0.106823
-0.106189
-0.104889
-0.103078
-0.10037
-0.0955997
-0.0872352
-0.0728182
-0.0463451
-0.00173214
0.0460618
0.077302
0.113397
0.131475
0.137574
0.155712
0.173824
0.186486
0.19104
0.189558
-0.16363
-0.162779
-0.161273
-0.159183
-0.156134
-0.151306
-0.143454
-0.129921
-0.102803
-0.0532849
-0.00111988
0.0464469
0.0907319
0.0888238
0.104335
0.140423
0.176396
0.19265
0.199455
0.198364
-0.235328
-0.234356
-0.233017
-0.231364
-0.229332
-0.227001
-0.22418
-0.21917
-0.20327
-0.163161
-0.114341
-0.0323317
0.0421707
0.0546937
0.0879392
0.14107
0.189188
0.218618
0.222415
0.220571
-0.31949
-0.318638
-0.318077
-0.317959
-0.319065
-0.323161
-0.332381
-0.348469
-0.366181
-0.369069
-0.329652
-0.190874
-0.0550661
-0.0137285
0.0442125
0.143866
0.217198
0.261261
0.263729
0.261841
-0.40785
-0.407479
-0.408423
-0.411161
-0.417977
-0.433189
-0.46309
-0.517075
-0.600994
-0.69434
-0.67963
-0.449646
-0.216875
-0.113915
-0.00700973
0.12097
0.229712
0.277804
0.275378
0.26977
-0.485207
-0.485658
-0.488607
-0.495149
-0.509539
-0.539199
-0.59637
-0.703417
-0.885929
-1.11551
-1.11372
-0.78667
-0.455023
-0.287824
-0.110893
0.0445812
0.144997
0.175414
0.174603
0.170338
-0.531839
-0.533236
-0.53808
-0.548159
-0.569631
-0.612773
-0.695659
-0.854559
-1.13215
-1.47027
-1.48308
-1.08365
-0.675675
-0.46407
-0.238389
-0.0686394
-0.00892077
-0.00278662
0.000602891
0.000828916
-0.530379
-0.532409
-0.537981
-0.550013
-0.575297
-0.625405
-0.721706
-0.908329
-1.24009
-1.61975
-1.65787
-1.21651
-0.876169
-0.631286
-0.369163
-0.197617
-0.168912
-0.166398
-0.168961
-0.172154
-0.474674
-0.476804
-0.482081
-0.493183
-0.517011
-0.564609
-0.656234
-0.83382
-1.14878
-1.48919
-1.55104
-1.18764
-0.943244
-0.79244
-0.560585
-0.381643
-0.366289
-0.373131
-0.381534
-0.388844
-0.373954
-0.37566
-0.3794
-0.387597
-0.405695
-0.442504
-0.513884
-0.652604
-0.898994
-1.13784
-1.16556
-0.986801
-0.917501
-1.04574
-1.11276
-0.901949
-0.780758
-0.72265
-0.698484
-0.690177
-0.249769
-0.250773
-0.252575
-0.256917
-0.267658
-0.290317
-0.335148
-0.42349
-0.587217
-0.746744
-0.747749
-0.660059
-0.74664
-1.15306
-1.67313
-1.46408
-1.15599
-0.98799
-0.910589
-0.876019
-0.126457
-0.126792
-0.127216
-0.12872
-0.133037
-0.142863
-0.163171
-0.204774
-0.289826
-0.396666
-0.396423
-0.369125
-0.429857
-0.640842
-1.0074
-1.01854
-0.84138
-0.728445
-0.673601
-0.647899
-0.0714623
-0.0712689
-0.0710879
-0.0717851
-0.0748321
-0.0820679
-0.0975647
-0.131844
-0.193801
-0.228984
-0.228426
-0.242508
-0.286847
-0.447975
-0.60814
-0.545373
-0.467381
-0.426618
-0.406865
-0.128648
-0.126528
0.163909
0.355233
0.533052
0.67797
0.796103
0.893262
0.976142
1.02871
1.02032
0.312286
0.44132
0.571012
0.687991
0.78847
0.873308
0.943032
0.99511
1.02645
1.04373
0.551573
0.63546
0.724412
0.806764
0.878294
0.93902
0.988354
1.02619
1.05461
1.0755
0.719507
0.780391
0.843307
0.903364
0.95613
1.00136
1.03936
1.07088
1.09646
1.11541
0.850493
0.895695
0.943103
0.988729
1.02964
1.06577
1.09736
1.12451
1.14636
1.16358
0.957855
0.995956
1.03285
1.06951
1.10374
1.13481
1.16252
1.18641
1.2054
1.22089
1.05331
1.08474
1.11827
1.15133
1.18251
1.21114
1.23671
1.25848
1.27526
1.2893
1.14257
1.17367
1.20705
1.23983
1.27052
1.29843
1.32297
1.34335
1.35845
1.37127
1.23678
1.27114
1.30729
1.34154
1.37285
1.40054
1.42417
1.44326
1.45714
1.46947
1.34887
1.38697
1.42627
1.46171
1.49277
1.51926
1.54128
1.55893
1.57228
1.58516
1.49064
1.52923
1.56797
1.60043
1.62791
1.6514
1.67157
1.68869
1.70279
1.71666
1.66656
1.6968
1.72696
1.75124
1.77237
1.7918
1.81008
1.82747
1.84339
1.85829
1.86056
1.87504
1.89273
1.90958
1.92616
1.94164
1.95585
1.96993
1.98483
2.00102
2.04969
2.05402
2.06698
2.0792
2.08921
2.09854
2.10877
2.11946
2.12883
2.14106
2.27928
2.26569
2.25689
2.24184
2.23076
2.23026
2.24231
2.26612
2.29797
2.33375
2.65344
2.49492
2.38942
2.33065
2.30165
2.29509
2.31025
2.35149
2.43073
2.57585
-0.270937
-0.267439
-0.225618
-0.154173
-0.068491
0.02675
0.902589
0.964186
0.967839
0.908989
0.849872
0.787148
0.572877
0.36441
0.122535
-0.188861
-0.58023
)
;

boundaryField
{
    wall-4
    {
        type            zeroGradient;
    }
    pressure-outlet-7
    {
        type            fixedValue;
        value           uniform 0;
    }
    velocity-inlet-6
    {
        type            zeroGradient;
    }
    velocity-inlet-5
    {
        type            zeroGradient;
    }
    frontAndBackPlanes
    {
        type            empty;
    }
}


// ************************************************************************* //
