/*--------------------------------*- C++ -*----------------------------------*\
  =========                 |
  \\      /  F ield         | OpenFOAM: The Open Source CFD Toolbox
   \\    /   O peration     | Website:  https://openfoam.org
    \\  /    A nd           | Version:  6
     \\/     M anipulation  |
\*---------------------------------------------------------------------------*/
FoamFile
{
    version     2.0;
    format      ascii;
    class       volScalarField;
    location    "63";
    object      p;
}
// * * * * * * * * * * * * * * * * * * * * * * * * * * * * * * * * * * * * * //

dimensions      [0 2 -2 0 0 0 0];

internalField   nonuniform List<scalar> 
8800
(
0.905201
0.855884
0.817916
0.789842
0.769674
0.755078
0.744465
0.736905
0.731992
0.729887
0.731218
0.735529
0.742299
0.751704
0.764429
0.781742
0.805614
0.838708
0.881644
0.934157
0.7397
0.746044
0.755191
0.758736
0.756121
0.750024
0.743071
0.736811
0.731984
0.729082
0.728811
0.731402
0.736016
0.742124
0.74921
0.756234
0.761106
0.760978
0.7543
0.745399
0.713227
0.719461
0.723957
0.727822
0.730762
0.7317
0.730595
0.728451
0.726439
0.725561
0.726551
0.728969
0.73183
0.734082
0.73459
0.732793
0.729421
0.725404
0.72062
0.716904
0.708944
0.711708
0.714309
0.71646
0.718188
0.719743
0.720828
0.721155
0.721008
0.721064
0.721823
0.722927
0.723641
0.72347
0.722481
0.721116
0.71944
0.717133
0.714719
0.713153
0.703911
0.705335
0.707169
0.709242
0.710943
0.71222
0.713298
0.714249
0.715021
0.715709
0.716368
0.716786
0.716779
0.716392
0.715708
0.714581
0.712916
0.711016
0.709661
0.708858
0.698951
0.699853
0.701094
0.702711
0.704391
0.705906
0.707166
0.708256
0.709277
0.710239
0.710966
0.711308
0.711282
0.710887
0.710066
0.708864
0.707492
0.706219
0.705395
0.704871
0.694081
0.694736
0.69569
0.696997
0.698428
0.699925
0.701382
0.702709
0.703922
0.705063
0.705946
0.706385
0.706361
0.705893
0.70509
0.704132
0.703127
0.702215
0.701632
0.701248
0.689298
0.689802
0.690581
0.691708
0.692991
0.694385
0.695862
0.697361
0.698816
0.700197
0.701274
0.701818
0.701847
0.701488
0.700898
0.70019
0.699438
0.698766
0.698336
0.698037
0.68455
0.684951
0.685603
0.686609
0.687819
0.689158
0.690627
0.692218
0.693884
0.695543
0.696866
0.697595
0.697811
0.697678
0.697325
0.696836
0.696287
0.695808
0.695489
0.695247
0.679756
0.680083
0.680648
0.681575
0.682737
0.684063
0.685566
0.687256
0.689115
0.691067
0.692715
0.693743
0.69424
0.694367
0.69425
0.693984
0.693631
0.693312
0.693078
0.692875
0.67483
0.675101
0.675606
0.676487
0.677633
0.678985
0.680564
0.682395
0.684484
0.686778
0.688833
0.690248
0.691085
0.691507
0.691645
0.691605
0.691447
0.691271
0.691105
0.690929
0.669683
0.669912
0.670379
0.671243
0.672412
0.673833
0.675531
0.677558
0.679944
0.682663
0.685217
0.687095
0.688329
0.689089
0.689512
0.68971
0.689749
0.689702
0.689591
0.689435
0.664224
0.66442
0.664867
0.665745
0.666979
0.668513
0.670384
0.672676
0.675446
0.678695
0.681853
0.684282
0.685978
0.687124
0.687868
0.688318
0.688569
0.688645
0.68858
0.688438
0.658352
0.65852
0.658967
0.659887
0.661224
0.662923
0.665035
0.667673
0.670926
0.67483
0.678722
0.681809
0.684052
0.685642
0.686753
0.687505
0.687967
0.68816
0.688136
0.688002
0.651946
0.652092
0.652552
0.653543
0.65503
0.656955
0.659387
0.662469
0.66633
0.671038
0.675818
0.679692
0.68258
0.684692
0.68622
0.687303
0.688003
0.688321
0.688334
0.688204
0.644868
0.644991
0.645479
0.646573
0.64826
0.650482
0.653324
0.656966
0.66158
0.667273
0.673126
0.677941
0.681593
0.684321
0.68634
0.687804
0.688773
0.689218
0.689264
0.689135
0.63693
0.637034
0.637568
0.638799
0.640747
0.64335
0.646711
0.651055
0.6566
0.663492
0.67064
0.67658
0.681136
0.684588
0.687197
0.689106
0.690372
0.690951
0.691029
0.690896
0.627905
0.628009
0.628592
0.629996
0.632283
0.635368
0.639385
0.644608
0.651306
0.659664
0.668365
0.675639
0.681263
0.685566
0.688871
0.691299
0.692906
0.693627
0.693734
0.693594
0.617478
0.617568
0.618244
0.619882
0.622604
0.626306
0.631156
0.637484
0.645614
0.655759
0.666321
0.675168
0.682043
0.687349
0.691447
0.694492
0.696479
0.697349
0.697481
0.697331
0.605277
0.605353
0.606131
0.608082
0.611366
0.615865
0.621781
0.629513
0.639432
0.651761
0.664537
0.675218
0.683542
0.690015
0.695041
0.698788
0.701191
0.70221
0.702361
0.702198
0.590746
0.590815
0.591738
0.594102
0.598122
0.60367
0.610976
0.620503
0.632656
0.647641
0.663039
0.675845
0.685832
0.693634
0.699733
0.704269
0.707116
0.708275
0.708435
0.708255
0.573112
0.573174
0.574311
0.577261
0.582288
0.589248
0.598402
0.610265
0.625233
0.643438
0.6619
0.67713
0.688985
0.698291
0.705567
0.710985
0.714279
0.715555
0.715712
0.715511
0.551217
0.551283
0.552763
0.556588
0.563064
0.572013
0.5837
0.598652
0.617176
0.639249
0.661229
0.67916
0.693073
0.704031
0.712597
0.71893
0.72264
0.723989
0.724123
0.723902
0.523282
0.523378
0.525453
0.530691
0.539408
0.551287
0.566554
0.585629
0.608615
0.63526
0.661184
0.682036
0.698152
0.71086
0.720797
0.72803
0.732061
0.733413
0.733502
0.733261
0.486261
0.48648
0.489769
0.497613
0.510105
0.526491
0.546872
0.571365
0.599799
0.631697
0.661932
0.685874
0.704274
0.718776
0.730094
0.738101
0.742289
0.743548
0.743569
0.743312
0.434323
0.435407
0.441939
0.455164
0.474247
0.497599
0.525048
0.55638
0.59121
0.628925
0.663719
0.690809
0.711479
0.727691
0.740287
0.748854
0.752945
0.754006
0.753948
0.753682
0.359025
0.366412
0.381387
0.404477
0.433408
0.466088
0.502137
0.541301
0.583212
0.627252
0.666938
0.697395
0.720522
0.7386
0.75235
0.76121
0.765053
0.765896
0.765785
0.76555
0.278953
0.29509
0.319409
0.353127
0.392418
0.434592
0.479305
0.526478
0.575845
0.626858
0.672315
0.706933
0.733055
0.753321
0.768288
0.777115
0.780425
0.781007
0.780921
0.780776
0.210363
0.230082
0.262208
0.305094
0.35362
0.404727
0.457866
0.512909
0.569581
0.627343
0.678244
0.716718
0.745586
0.767703
0.783443
0.791961
0.794789
0.795265
0.795235
0.795143
0.154235
0.176171
0.213672
0.263128
0.318889
0.377504
0.438123
0.500441
0.564008
0.628173
0.684235
0.726313
0.757684
0.781436
0.797915
0.806498
0.809186
0.809639
0.809639
0.809576
0.107722
0.13098
0.172377
0.226977
0.288538
0.353355
0.420366
0.489111
0.558961
0.629135
0.690148
0.735705
0.769475
0.794886
0.812251
0.821107
0.823913
0.824345
0.824364
0.824323
0.0682044
0.0922568
0.136535
0.19532
0.26177
0.331874
0.404421
0.478889
0.554511
0.630311
0.69603
0.744955
0.781086
0.808123
0.826502
0.835858
0.838831
0.83929
0.839323
0.839302
0.0336534
0.0582409
0.104777
0.167031
0.237665
0.312398
0.38989
0.469544
0.550469
0.631538
0.701741
0.753917
0.792372
0.821007
0.840394
0.850342
0.853567
0.854076
0.85412
0.854112
0.00257677
0.0276082
0.0760092
0.141223
0.215491
0.294297
0.376229
0.460623
0.546495
0.632611
0.707121
0.76243
0.803088
0.833293
0.853639
0.864119
0.867637
0.868238
0.868286
0.868282
-0.0260363
-0.000593254
0.0494025
0.117194
0.194649
0.277063
0.363011
0.451794
0.542355
0.633288
0.711994
0.770305
0.813078
0.844712
0.865964
0.876971
0.880744
0.881454
0.881484
0.881474
-0.0529882
-0.0270974
0.024333
0.0944375
0.17471
0.260352
0.349951
0.442795
0.537765
0.63335
0.716184
0.777468
0.822263
0.855259
0.877287
0.888686
0.892662
0.893428
0.893441
0.893417
-0.0786698
-0.052344
0.000413802
0.0725777
0.155365
0.243906
0.336817
0.433406
0.532551
0.63268
0.719617
0.783874
0.830645
0.864879
0.88755
0.89921
0.903302
0.90409
0.904076
0.904031
-0.103509
-0.0766658
-0.02268
0.0513477
0.136387
0.227533
0.323461
0.423515
0.526609
0.631156
0.722227
0.789519
0.838273
0.873649
0.896813
0.908609
0.912697
0.913479
0.913434
0.913368
-0.12764
-0.100272
-0.0451247
0.0305864
0.117641
0.211134
0.309808
0.413052
0.51985
0.628698
0.723967
0.794426
0.845236
0.881707
0.905216
0.916976
0.921009
0.921751
0.921686
0.921599
-0.151185
-0.123266
-0.0670338
0.0102091
0.099069
0.194663
0.295815
0.401973
0.512232
0.625246
0.724782
0.798618
0.851639
0.889207
0.912935
0.924516
0.92838
0.929042
0.928949
0.928845
-0.174241
-0.145752
-0.0884524
-0.00981876
0.0806392
0.178112
0.281486
0.390292
0.503751
0.620753
0.724609
0.802094
0.857596
0.896342
0.920151
0.931353
0.934925
0.935468
0.935334
0.935215
-0.196859
-0.167723
-0.109393
-0.029498
0.062378
0.161505
0.266862
0.378041
0.494422
0.615186
0.723386
0.804813
0.863194
0.903319
0.927079
0.937646
0.940737
0.941092
0.940924
0.940799
-0.218894
-0.189145
-0.129834
-0.0488138
0.0443156
0.144903
0.251996
0.365285
0.484292
0.608554
0.721041
0.806693
0.868445
0.910361
0.934071
0.943661
0.945958
0.946013
0.945809
0.945691
-0.240317
-0.209981
-0.149758
-0.0677281
0.0265028
0.12836
0.236973
0.352095
0.473433
0.60087
0.717512
0.807613
0.873277
0.917617
0.941595
0.949952
0.950911
0.950339
0.95007
0.950008
-0.261183
-0.230202
-0.169142
-0.086209
0.00899863
0.111958
0.221879
0.338568
0.461929
0.592185
0.712733
0.807441
0.877506
0.925036
0.9501
0.957474
0.956496
0.954471
0.953823
0.954022
-0.281337
-0.24978
-0.187931
-0.104192
-0.00813912
0.0957803
0.206809
0.324811
0.449889
0.582587
0.706665
0.806011
0.880866
0.932266
0.959626
0.967322
0.964758
0.960182
0.957284
0.956061
-0.300872
-0.268717
-0.206129
-0.121708
-0.0249448
0.0797874
0.191712
0.310766
0.437243
0.572011
0.699152
0.80307
0.883105
0.938793
0.969567
0.979778
0.977875
0.97082
0.961182
0.961422
-0.319702
-0.287082
-0.223871
-0.138954
-0.0417125
0.0636479
0.176172
0.29595
0.423447
0.55983
0.689535
0.797853
0.883769
0.944002
0.978344
0.992704
0.992263
0.98132
0.962949
0.960785
-0.337692
-0.304835
-0.240989
-0.155739
-0.0581779
0.0476639
0.160397
0.280683
0.408791
0.54628
0.677857
0.789679
0.882026
0.946707
0.981843
0.996594
0.998382
0.973379
0.915482
0.890382
-0.354719
-0.322835
-0.257082
-0.171613
-0.0735756
0.0323155
0.144667
0.26524
0.393554
0.531531
0.664181
0.777949
0.876825
0.945996
0.975307
0.984851
0.972152
0.920964
0.858958
0.821138
-0.397859
-0.340344
-0.271897
-0.187437
-0.088655
0.01665
0.12912
0.249497
0.377534
0.515231
0.64811
0.762024
0.864284
0.938753
0.956547
0.944185
0.897167
0.832247
0.763338
0.725458
-0.373058
-0.354872
-0.29448
-0.209391
-0.111935
-0.00687515
0.104883
0.224577
0.351653
0.487884
0.619297
0.731149
0.825019
0.906743
0.8909
0.782828
0.69245
0.629651
0.565666
0.592675
-0.404121
-0.372587
-0.311358
-0.226759
-0.129647
-0.0247633
0.0871472
0.206162
0.332182
0.466606
0.595384
0.703678
0.786991
0.832822
0.781933
0.642817
0.534006
0.460655
0.378583
0.424153
-0.42827
-0.394287
-0.331286
-0.246607
-0.149561
-0.0447056
0.0670719
0.185274
0.309905
0.441898
0.566836
0.66917
0.74076
0.748772
0.642942
0.48806
0.359204
0.26693
0.171503
0.203047
-0.451811
-0.416738
-0.352326
-0.266969
-0.169842
-0.0651094
0.0461461
0.163368
0.286377
0.415527
0.535598
0.629902
0.684388
0.659702
0.502255
0.325486
0.165784
0.0320868
-0.0921195
-0.0790803
-0.475102
-0.439606
-0.374253
-0.288281
-0.191003
-0.0864856
0.0241072
0.140196
0.261292
0.38717
0.501527
0.587728
0.621483
0.551894
0.363938
0.167066
-0.0198988
-0.17368
-0.379164
-0.458132
-0.498826
-0.463351
-0.397427
-0.311007
-0.213553
-0.109206
0.000786943
0.115704
0.234753
0.357078
0.465296
0.542086
0.550559
0.429353
0.237886
0.028947
-0.163138
-0.325033
-0.448989
-0.567665
-0.524067
-0.488465
-0.42221
-0.335534
-0.238034
-0.133959
-0.0246651
0.0888981
0.205546
0.323751
0.42539
0.48948
0.470691
0.3131
0.12005
-0.0829451
-0.258333
-0.355768
-0.382017
-0.395508
-0.550953
-0.515241
-0.448738
-0.361961
-0.2646
-0.160971
-0.0526278
0.0592617
0.173047
0.286388
0.380953
0.427532
0.389659
0.201553
0.0104139
-0.172467
-0.305024
-0.342977
-0.351876
-0.352168
-0.579765
-0.543806
-0.477051
-0.390277
-0.293201
-0.190255
-0.0831304
0.0267332
0.137179
0.244942
0.331411
0.361985
0.293001
0.0997899
-0.085229
-0.244254
-0.318856
-0.332802
-0.33378
-0.333621
-0.610517
-0.574193
-0.507166
-0.420481
-0.323858
-0.221805
-0.116188
-0.00871193
0.0979464
0.199511
0.276603
0.292796
0.185756
0.0078356
-0.16721
-0.293469
-0.322609
-0.322999
-0.323351
-0.322884
-0.642951
-0.606233
-0.538984
-0.452493
-0.356486
-0.255572
-0.151778
-0.0470608
0.0553992
0.150223
0.217768
0.215095
0.0906253
-0.0766985
-0.23149
-0.303571
-0.318783
-0.316754
-0.316404
-0.315941
-0.676502
-0.639577
-0.572237
-0.486079
-0.390895
-0.291399
-0.189752
-0.0882004
0.00975513
0.0974548
0.155298
0.136619
0.00265655
-0.150641
-0.272829
-0.310533
-0.310591
-0.311672
-0.311662
-0.311326
-0.710726
-0.673687
-0.606434
-0.520814
-0.426725
-0.328958
-0.229826
-0.131856
-0.0387148
0.0420948
0.087769
0.0625758
-0.0777064
-0.208539
-0.295212
-0.304386
-0.307194
-0.308273
-0.308273
-0.30817
-0.744659
-0.707664
-0.640819
-0.556044
-0.46341
-0.367762
-0.271532
-0.177537
-0.0896217
-0.0150121
0.0200639
-0.0120668
-0.147562
-0.253788
-0.299586
-0.3111
-0.307188
-0.305523
-0.304961
-0.304871
-0.776386
-0.740193
-0.67434
-0.590858
-0.500151
-0.407087
-0.314199
-0.224513
-0.142199
-0.0734935
-0.0426589
-0.0899792
-0.207149
-0.298145
-0.317291
-0.31484
-0.308142
-0.302585
-0.300923
-0.300474
-0.804861
-0.769739
-0.705563
-0.624027
-0.535859
-0.445969
-0.356948
-0.27187
-0.195249
-0.132782
-0.104068
-0.156885
-0.254294
-0.332288
-0.352258
-0.332548
-0.314153
-0.304893
-0.301874
-0.300611
-0.827298
-0.794148
-0.732689
-0.65399
-0.569188
-0.483187
-0.398668
-0.318549
-0.247571
-0.190835
-0.165736
-0.206675
-0.281767
-0.341132
-0.342931
-0.341951
-0.340395
-0.33523
-0.330174
-0.327542
-0.841546
-0.811217
-0.753586
-0.678941
-0.598567
-0.517317
-0.437989
-0.36336
-0.298047
-0.245126
-0.221865
-0.246359
-0.282988
-0.329613
-0.330301
-0.349334
-0.364297
-0.363548
-0.359551
-0.358525
-0.844841
-0.818479
-0.766072
-0.696969
-0.62229
-0.546893
-0.473364
-0.404925
-0.34521
-0.295901
-0.267004
-0.285824
-0.26886
-0.288081
-0.305783
-0.327287
-0.339115
-0.344334
-0.347162
-0.348577
-0.834875
-0.81341
-0.767965
-0.706257
-0.638786
-0.570486
-0.503454
-0.441497
-0.387552
-0.34496
-0.299546
-0.327471
-0.29176
-0.230975
-0.282936
-0.323367
-0.342926
-0.353417
-0.358228
-0.359469
-0.808903
-0.793116
-0.757243
-0.705487
-0.646978
-0.586866
-0.527428
-0.471353
-0.424296
-0.389288
-0.345991
-0.378465
-0.410787
-0.390112
-0.417186
-0.41816
-0.414538
-0.414497
-0.414504
-0.414865
-0.770356
-0.760275
-0.73491
-0.694804
-0.646754
-0.595665
-0.544366
-0.49442
-0.452815
-0.425333
-0.40828
-0.449734
-0.584122
-0.710134
-0.652955
-0.549346
-0.495193
-0.468659
-0.46024
-0.458226
-0.726339
-0.720652
-0.705927
-0.677254
-0.639957
-0.597891
-0.553553
-0.510519
-0.471594
-0.449387
-0.434222
-0.486796
-0.526249
-0.611603
-0.496529
-0.408606
-0.406882
-0.409931
-0.404456
-0.400058
-0.687047
-0.683664
-0.67668
-0.658192
-0.629773
-0.594825
-0.556825
-0.517222
-0.48069
-0.452333
-0.433886
-0.407459
-0.283517
-0.179513
-0.213983
-0.305612
-0.357639
-0.325038
-0.30042
-0.304124
-0.658532
-0.656583
-0.652977
-0.641793
-0.619855
-0.589932
-0.555326
-0.517312
-0.479047
-0.442563
-0.431349
-0.384169
-0.324459
-0.286366
-0.281619
-0.384722
-0.458525
-0.466445
-0.429399
-0.416945
-0.637022
-0.636298
-0.635052
-0.629428
-0.612978
-0.586205
-0.551948
-0.513304
-0.469225
-0.432309
-0.40591
-0.366085
-0.287608
-0.265911
-0.286439
-0.316508
-0.423216
-0.490774
-0.495254
-0.48426
-0.624297
-0.624047
-0.623411
-0.620708
-0.609075
-0.583857
-0.548126
-0.504802
-0.457142
-0.402854
-0.35236
-0.311456
-0.273833
-0.327608
-0.466363
-0.574124
-0.605997
-0.518851
-0.418489
-0.370843
-0.615602
-0.6154
-0.614875
-0.614036
-0.60698
-0.583505
-0.544958
-0.496524
-0.439596
-0.363924
-0.290443
-0.166514
-0.0925359
-0.0799304
-0.0960337
-0.0898594
0.0211953
0.242528
0.409104
0.477401
-0.61093
-0.610732
-0.610283
-0.610081
-0.606442
-0.585846
-0.543675
-0.488483
-0.418444
-0.335552
-0.226655
-0.0801882
0.132402
0.368095
0.653652
0.934221
1.21163
1.43553
1.55589
1.59495
-0.607504
-0.608304
-0.61027
-0.612609
-0.611517
-0.59035
-0.543707
-0.483318
-0.40995
-0.310833
-0.192517
-0.0678439
0.169243
0.481995
0.924103
1.33556
1.6565
1.86108
1.9459
1.96674
-0.600561
-0.602105
-0.605034
-0.60893
-0.608975
-0.587281
-0.543924
-0.489637
-0.410631
-0.299778
-0.181628
-0.0557259
0.132048
0.464889
0.863351
1.21953
1.49227
1.64512
1.70497
1.71796
-0.610518
-0.610516
-0.602965
-0.583266
-0.566829
-0.563599
-0.549832
-0.506567
-0.419432
-0.305113
-0.18894
-0.0775082
0.0568776
0.325095
0.647155
0.92332
1.13026
1.23557
1.27448
1.28198
-0.653813
-0.650574
-0.634115
-0.597771
-0.567832
-0.576093
-0.587699
-0.534654
-0.432302
-0.318075
-0.206566
-0.10751
-0.0127287
0.183544
0.421326
0.618046
0.757103
0.824868
0.849592
0.852612
-0.736319
-0.736583
-0.747836
-0.765298
-0.762789
-0.748827
-0.69911
-0.581172
-0.448147
-0.330983
-0.223735
-0.145322
-0.0662604
0.0710642
0.226572
0.355592
0.442698
0.485331
0.500591
0.50255
-0.872988
-0.890053
-0.936978
-0.979601
-0.984585
-0.94285
-0.821778
-0.629696
-0.466254
-0.340839
-0.242161
-0.174341
-0.126606
-0.0202906
0.0811686
0.150889
0.192631
0.210244
0.216058
0.216829
-0.952219
-0.973943
-1.01229
-1.04312
-1.04572
-0.998669
-0.841378
-0.626916
-0.46547
-0.338795
-0.246196
-0.196968
-0.152738
-0.0936288
-0.0366661
-0.0156565
-0.00413754
-0.00373572
-0.000186285
0.00121457
-0.862798
-0.882304
-0.914997
-0.94501
-0.950579
-0.895037
-0.72787
-0.556663
-0.421506
-0.307731
-0.246944
-0.202329
-0.178025
-0.124765
-0.0989897
-0.0958831
-0.11341
-0.114036
-0.10818
-0.103865
-0.589318
-0.608825
-0.644101
-0.68233
-0.697596
-0.648146
-0.539605
-0.432408
-0.326339
-0.261648
-0.220346
-0.196626
-0.187572
-0.141767
-0.112606
-0.0958421
-0.0977397
-0.0933527
-0.0895115
-0.0881797
-0.230631
-0.243289
-0.269139
-0.303703
-0.327816
-0.325717
-0.304747
-0.266652
-0.228056
-0.197249
-0.175082
-0.175418
-0.170584
-0.118824
-0.0814238
-0.0609464
-0.0432448
-0.0325803
-0.0291518
-0.0295877
0.0518097
0.0455211
0.02876
-0.00132055
-0.0419929
-0.0797187
-0.107555
-0.127231
-0.134136
-0.123441
-0.119879
-0.117141
-0.112197
-0.070757
-0.0347257
-0.0145106
0.00432529
0.0135242
0.0161128
0.0150677
0.191666
0.188427
0.176872
0.150957
0.108944
0.0561483
0.00627671
-0.0319587
-0.0542821
-0.0624262
-0.0588318
-0.0439038
-0.0265831
-0.0123728
0.00364358
0.0164444
0.0290429
0.0360548
0.0370848
0.0362104
0.226304
0.224324
0.216253
0.196456
0.162423
0.118539
0.0717627
0.030402
0.000958065
-0.0092625
-0.00406173
0.0192911
0.0406475
0.0429601
0.0424449
0.0430842
0.047724
0.051077
0.0517666
0.0505915
0.212384
0.211171
0.205842
0.192383
0.168375
0.13568
0.0989855
0.0644628
0.0383783
0.0281407
0.0365927
0.0627719
0.0806675
0.0740351
0.0658537
0.061937
0.0608439
0.0596796
0.0581519
0.0567436
0.182336
0.181662
0.178327
0.169662
0.153765
0.131189
0.104302
0.0778483
0.0567145
0.0492431
0.0597925
0.0827882
0.0974396
0.0848214
0.0701537
0.0616346
0.0572101
0.0531835
0.050882
0.0500049
0.14911
0.148875
0.146903
0.141518
0.131299
0.116219
0.0974282
0.0780817
0.0618947
0.0561134
0.0653597
0.0858019
0.0949111
0.0796676
0.0660334
0.0568494
0.0504016
0.0450378
0.0422261
0.0415629
0.117669
0.117505
0.11635
0.113041
0.106532
0.0965697
0.083609
0.0696508
0.0569502
0.0502924
0.0552402
0.070145
0.0749018
0.0587347
0.0466463
0.0418054
0.0384797
0.0350399
0.0334989
0.0329485
0.0890104
0.0889798
0.0883042
0.0863113
0.0821899
0.0755924
0.0665244
0.0558776
0.0447254
0.0349542
0.0290916
0.0293586
0.0278971
0.0171207
0.0138865
0.017152
0.0196629
0.0201889
0.0195098
0.0187816
0.0633962
0.0634082
0.063039
0.0619275
0.0594364
0.0551539
0.0488776
0.0405923
0.0299456
0.0154535
-0.0066171
-0.035636
-0.0552057
-0.0481879
-0.0322255
-0.0169421
-0.00926937
-0.00669011
-0.00612074
-0.00652992
0.0408246
0.0408422
0.040672
0.040124
0.0387673
0.0361929
0.0320479
0.0260986
0.0161793
-0.000901048
-0.0366192
-0.093973
-0.124411
-0.0970026
-0.063262
-0.0442482
-0.0366757
-0.0340282
-0.032698
-0.0324509
0.021143
0.0211773
0.0211446
0.0209676
0.0204001
0.0191659
0.0169101
0.0132808
0.00721941
-0.00675523
-0.0393961
-0.0977365
-0.11725
-0.0850517
-0.0566643
-0.0447947
-0.0423977
-0.0416939
-0.0401249
-0.0393743
0.00379185
0.0038297
0.00378679
0.00384471
0.00407232
0.00412028
0.00391071
0.00334177
0.00221602
0.00034001
-0.00535007
-0.019143
-0.03328
-0.025346
-0.0238103
-0.0202198
-0.0186372
-0.0161814
-0.0142548
-0.0127109
0.0535883
0.243203
0.417557
0.565407
0.684312
0.778682
0.857464
0.921496
0.937921
0.934243
0.345652
0.467717
0.582196
0.681788
0.765807
0.835285
0.890087
0.927155
0.946975
0.963546
0.543897
0.625365
0.70605
0.776901
0.837379
0.887553
0.927025
0.957089
0.979672
0.998906
0.690604
0.748326
0.806708
0.859021
0.904147
0.942551
0.974755
1.00174
1.02207
1.04096
0.808295
0.851544
0.89466
0.935104
0.971169
1.00303
1.0309
1.0545
1.07247
1.09051
0.90556
0.941445
0.976672
1.01048
1.04168
1.06989
1.09478
1.11566
1.13145
1.14893
0.994064
1.02613
1.05847
1.08969
1.11873
1.14513
1.16827
1.18722
1.20114
1.21816
1.08111
1.11374
1.14619
1.17742
1.20622
1.23202
1.25416
1.2717
1.28409
1.30062
1.17558
1.21203
1.2468
1.27926
1.30844
1.33381
1.35494
1.37123
1.38286
1.399
1.28867
1.32926
1.3663
1.39926
1.42776
1.45176
1.4714
1.48668
1.49858
1.51466
1.43001
1.47111
1.50639
1.536
1.56122
1.58283
1.60134
1.61683
1.62995
1.6459
1.6016
1.63403
1.6609
1.68323
1.70332
1.72204
1.73978
1.75655
1.77147
1.78719
1.78796
1.80523
1.82235
1.83903
1.85513
1.86986
1.88377
1.89825
1.91349
1.93079
1.97134
1.98132
1.99452
2.00551
2.01491
2.02457
2.03518
2.04536
2.05465
2.08031
2.18925
2.18354
2.1706
2.15634
2.15005
2.15576
2.1739
2.20242
2.23619
2.27251
2.49206
2.3561
2.2766
2.23408
2.21676
2.22074
2.24817
2.30604
2.4137
2.59211
0.808896
0.802593
0.794862
0.783746
0.770172
0.75752
0.747118
0.7391
0.733375
0.730036
0.729678
0.732508
0.737739
0.745096
0.754645
0.766474
0.780037
0.792966
0.801956
0.809497
0.717967
0.723886
0.731957
0.738088
0.741154
0.740639
0.737548
0.733546
0.72995
0.727659
0.72752
0.72977
0.733523
0.737969
0.742071
0.744317
0.743244
0.738608
0.731554
0.723721
0.711221
0.713593
0.716859
0.71963
0.722078
0.724263
0.725437
0.725284
0.72434
0.723526
0.723737
0.72515
0.726932
0.728162
0.728088
0.726622
0.724464
0.722103
0.719121
0.716103
0.706438
0.707526
0.709442
0.711777
0.713646
0.71504
0.716253
0.717239
0.717831
0.718203
0.718754
0.719498
0.719966
0.71985
0.719223
0.718301
0.716971
0.715003
0.712896
0.711418
0.701422
0.702055
0.703183
0.704938
0.706778
0.708367
0.709613
0.710669
0.711642
0.712534
0.713318
0.71384
0.713981
0.713777
0.713242
0.712269
0.710843
0.709234
0.707897
0.707095
0.696507
0.696946
0.697733
0.699035
0.700553
0.702111
0.703583
0.70487
0.706015
0.707095
0.708046
0.708651
0.708834
0.708602
0.707941
0.706944
0.705792
0.704649
0.703746
0.703213
0.691683
0.692011
0.692623
0.693689
0.694981
0.696375
0.697846
0.699311
0.700692
0.701985
0.70313
0.70388
0.704112
0.703872
0.703278
0.702497
0.701653
0.7008
0.700139
0.699748
0.686927
0.687182
0.687675
0.688583
0.689751
0.691054
0.692467
0.693984
0.695551
0.697102
0.698496
0.69942
0.699768
0.699675
0.699298
0.698755
0.698125
0.697499
0.697018
0.696718
0.682167
0.68237
0.68278
0.683578
0.684668
0.685923
0.687322
0.688883
0.690591
0.692388
0.694077
0.695264
0.69585
0.696003
0.695867
0.695551
0.695128
0.694694
0.694353
0.694118
0.677319
0.677482
0.677833
0.678559
0.679603
0.680839
0.682268
0.683913
0.685779
0.687834
0.689872
0.691424
0.69234
0.692787
0.692909
0.692825
0.692615
0.692357
0.692131
0.691943
0.672294
0.672426
0.672736
0.673417
0.674445
0.675707
0.677205
0.678979
0.681057
0.683429
0.685894
0.687898
0.689209
0.689997
0.69041
0.690575
0.690579
0.690489
0.690362
0.69021
0.667003
0.66711
0.667393
0.668055
0.669102
0.670433
0.672044
0.674001
0.676359
0.679136
0.682126
0.684671
0.686449
0.687631
0.688374
0.688811
0.689036
0.689117
0.689076
0.688952
0.661351
0.661436
0.661703
0.662372
0.663473
0.664915
0.666695
0.668903
0.671624
0.674908
0.678542
0.68174
0.684069
0.685706
0.686823
0.687577
0.68805
0.688291
0.688326
0.688223
0.655228
0.655294
0.655555
0.656252
0.657444
0.659044
0.661056
0.663597
0.666782
0.670698
0.67512
0.679101
0.682086
0.684257
0.685804
0.686912
0.687658
0.688073
0.688181
0.688095
0.648502
0.64855
0.648814
0.649562
0.650885
0.652699
0.65502
0.657987
0.661755
0.66645
0.671829
0.676755
0.680519
0.683323
0.685373
0.68688
0.687939
0.688543
0.688724
0.68865
0.64102
0.64105
0.641321
0.642143
0.643641
0.645735
0.648451
0.651958
0.656454
0.662109
0.668652
0.67471
0.6794
0.682948
0.685595
0.687578
0.688993
0.689797
0.69005
0.689986
0.632574
0.632591
0.632868
0.633792
0.63552
0.637972
0.641188
0.645373
0.650773
0.657605
0.665557
0.672972
0.678762
0.683188
0.686541
0.689093
0.690911
0.691939
0.692264
0.692207
0.622865
0.622859
0.623187
0.624254
0.62628
0.629189
0.63304
0.638081
0.644612
0.652893
0.662549
0.671577
0.678664
0.684121
0.688302
0.691517
0.693803
0.695075
0.695473
0.695419
0.611597
0.611568
0.611947
0.613206
0.615604
0.619101
0.623766
0.629892
0.637839
0.647909
0.659623
0.670558
0.679158
0.685824
0.690974
0.69495
0.697772
0.699306
0.699774
0.699718
0.598279
0.598228
0.598684
0.600194
0.603078
0.607345
0.613064
0.620586
0.630324
0.642602
0.65679
0.669963
0.680312
0.688364
0.694643
0.699497
0.702912
0.704718
0.705247
0.705183
0.582262
0.582189
0.582769
0.58463
0.588163
0.593452
0.600567
0.609904
0.621918
0.636924
0.654072
0.669846
0.68219
0.691819
0.699377
0.705218
0.709283
0.711354
0.711929
0.711852
0.562593
0.562503
0.563284
0.565656
0.570103
0.576813
0.585832
0.59759
0.612539
0.630911
0.651554
0.670299
0.684881
0.696263
0.705215
0.712162
0.716892
0.719201
0.719797
0.719698
0.537844
0.537753
0.53887
0.542031
0.547854
0.55664
0.568361
0.58342
0.602174
0.624681
0.649387
0.671436
0.688455
0.701738
0.712213
0.720306
0.725678
0.728155
0.728733
0.728605
0.505683
0.505638
0.507359
0.511883
0.520005
0.532028
0.547728
0.567333
0.590966
0.618437
0.64775
0.673395
0.692997
0.708275
0.720326
0.729575
0.735467
0.737998
0.73851
0.738348
0.461948
0.462102
0.465135
0.472485
0.484902
0.502239
0.523834
0.549574
0.579273
0.612512
0.6469
0.676337
0.698589
0.715875
0.729484
0.739784
0.745967
0.748377
0.748772
0.748575
0.398865
0.400187
0.407543
0.421393
0.441668
0.467449
0.497351
0.530882
0.567725
0.607378
0.647141
0.680435
0.705292
0.724493
0.739469
0.750542
0.7567
0.758766
0.758999
0.758789
0.323553
0.32615
0.340433
0.364264
0.395279
0.431086
0.470011
0.511803
0.556274
0.602984
0.648945
0.686959
0.715154
0.736805
0.753423
0.765077
0.771041
0.772867
0.77306
0.772949
0.24647
0.253372
0.27481
0.30864
0.350111
0.395702
0.443652
0.493773
0.54594
0.599775
0.652054
0.694901
0.726478
0.750596
0.768894
0.78092
0.786306
0.787652
0.787777
0.787737
0.183631
0.192384
0.218443
0.259356
0.309068
0.362973
0.419063
0.477008
0.536568
0.597278
0.655574
0.702924
0.737615
0.763895
0.783351
0.795552
0.80069
0.801927
0.802077
0.802092
0.132166
0.141634
0.171209
0.217399
0.273318
0.333888
0.396865
0.461728
0.52803
0.595143
0.659144
0.710812
0.748423
0.776756
0.797483
0.810138
0.81517
0.816408
0.816638
0.816691
0.0890896
0.0988646
0.130844
0.181163
0.242178
0.308294
0.377087
0.447949
0.5203
0.593352
0.662768
0.718587
0.759046
0.789374
0.811378
0.824599
0.829876
0.831321
0.831576
0.831652
0.0519359
0.0618469
0.0956303
0.149256
0.214533
0.285406
0.359285
0.435491
0.513352
0.59191
0.666412
0.72621
0.76946
0.801759
0.825122
0.839082
0.844785
0.84633
0.84659
0.846666
0.0190337
0.0289969
0.0642024
0.120568
0.189477
0.264489
0.34289
0.423923
0.506827
0.590527
0.669892
0.733517
0.779441
0.813668
0.838294
0.853087
0.859218
0.860907
0.861177
0.861236
-0.0108698
-0.000865596
0.0354998
0.0942273
0.166284
0.244923
0.327348
0.412777
0.500382
0.588979
0.673039
0.740332
0.788835
0.82486
0.850729
0.866236
0.872833
0.874657
0.874921
0.874961
-0.0387165
-0.0286522
0.00874381
0.0695659
0.144401
0.226243
0.312282
0.401749
0.493755
0.58701
0.675603
0.74651
0.797487
0.835231
0.862211
0.878385
0.885363
0.887297
0.887545
0.887557
-0.0650668
-0.0549352
-0.0165775
0.0461304
0.12342
0.208123
0.297428
0.390585
0.486686
0.584403
0.677459
0.751962
0.805369
0.844741
0.872734
0.889382
0.896611
0.898633
0.898869
0.898849
-0.0903827
-0.0801096
-0.0408503
0.0235711
0.103052
0.190317
0.28257
0.379104
0.479043
0.581042
0.678514
0.756634
0.81249
0.853418
0.882268
0.899297
0.906622
0.908649
0.908875
0.908825
-0.114948
-0.104459
-0.0643388
0.00165812
0.0831051
0.17266
0.267586
0.36722
0.470728
0.576827
0.678681
0.760509
0.818889
0.861358
0.890949
0.908184
0.91548
0.917465
0.917664
0.917596
-0.138864
-0.128133
-0.0871845
-0.0197465
0.0634675
0.15508
0.252415
0.354873
0.461681
0.571678
0.677892
0.763573
0.824634
0.868687
0.898921
0.916198
0.923373
0.925264
0.925415
0.925319
-0.162251
-0.151251
-0.1095
-0.0407019
0.0440905
0.137537
0.237031
0.342044
0.451891
0.56557
0.676082
0.765798
0.829786
0.875556
0.906383
0.923535
0.930434
0.932163
0.932254
0.932136
-0.185106
-0.173854
-0.1313
-0.0612348
0.0249654
0.120039
0.221459
0.328763
0.441374
0.558483
0.673196
0.767127
0.834387
0.882132
0.913527
0.930338
0.936777
0.938257
0.938261
0.93812
-0.207505
-0.195931
-0.152561
-0.0813369
0.00610996
0.102616
0.205737
0.315083
0.430172
0.550428
0.669193
0.767486
0.838414
0.888554
0.920629
0.936864
0.942529
0.943602
0.943504
0.943355
-0.229236
-0.217442
-0.173269
-0.100993
-0.0124328
0.0853362
0.189931
0.301069
0.418352
0.541453
0.664038
0.766784
0.841789
0.894897
0.928015
0.943548
0.948011
0.948354
0.948074
0.947936
-0.250452
-0.238335
-0.193394
-0.120179
-0.0306367
0.068237
0.174129
0.286799
0.405997
0.531631
0.65772
0.764913
0.84437
0.901091
0.935956
0.951058
0.953904
0.952851
0.95207
0.951989
-0.27097
-0.258571
-0.21292
-0.138846
-0.0484219
0.0514025
0.158413
0.272392
0.39321
0.521023
0.65026
0.761768
0.84597
0.906889
0.944444
0.960109
0.96159
0.958333
0.956012
0.95564
-0.290893
-0.278174
-0.23179
-0.156936
-0.0657513
0.0349016
0.142871
0.257929
0.380097
0.509761
0.641715
0.757227
0.846375
0.911895
0.952957
0.970802
0.972654
0.967712
0.961672
0.952884
-0.310103
-0.297138
-0.250092
-0.174616
-0.082848
0.0184525
0.127168
0.243008
0.366213
0.497349
0.631578
0.75073
0.845199
0.91586
0.960877
0.982487
0.987311
0.981949
0.97099
0.969644
-0.32856
-0.315539
-0.267821
-0.191828
-0.0996952
0.00209146
0.111332
0.227608
0.351523
0.483661
0.619665
0.741776
0.841683
0.917998
0.966265
0.991001
0.99818
0.995503
0.961535
0.922942
-0.34603
-0.333238
-0.284908
-0.208453
-0.116283
-0.0141881
0.0953676
0.211863
0.336096
0.468731
0.605896
0.730003
0.834673
0.917431
0.967164
0.987637
0.99466
0.974733
0.922388
0.867396
-0.36522
-0.349023
-0.301022
-0.22401
-0.132336
-0.0301445
0.0789248
0.195818
0.320022
0.452667
0.590204
0.715161
0.822311
0.91431
0.961946
0.983215
0.959121
0.912397
0.847239
0.787556
-0.354983
-0.331177
-0.279165
-0.197858
-0.0995122
0.00576017
0.120302
0.240495
0.368268
0.505604
0.638312
0.751989
0.852897
0.943197
0.967102
0.900544
0.852206
0.790544
0.72435
0.68216
-0.369073
-0.361408
-0.321036
-0.248832
-0.157134
-0.0558133
0.0535431
0.170118
0.293783
0.425537
0.561923
0.686072
0.790029
0.882828
0.944393
0.925355
0.818947
0.74218
0.684452
0.611248
-0.390611
-0.380018
-0.336241
-0.262687
-0.17045
-0.0696017
0.0386948
0.15429
0.277045
0.407488
0.542254
0.665
0.765257
0.845189
0.868951
0.784827
0.659552
0.577978
0.514046
0.439281
-0.414059
-0.402283
-0.35539
-0.280949
-0.188778
-0.0877316
0.0206247
0.135983
0.257875
0.386887
0.518872
0.637442
0.7289
0.789241
0.766595
0.637446
0.503036
0.406944
0.329776
0.221908
-0.437324
-0.425493
-0.376829
-0.301212
-0.209007
-0.107885
0.000344779
0.11514
0.235929
0.363052
0.491561
0.604545
0.686454
0.721536
0.658624
0.488266
0.330427
0.206015
0.10366
-0.0354893
-0.4605
-0.448699
-0.398913
-0.322221
-0.229674
-0.128571
-0.0207431
0.093194
0.212599
0.337407
0.461882
0.568272
0.641074
0.639621
0.524609
0.339142
0.153093
-0.0114601
-0.151421
-0.398412
-0.484013
-0.472345
-0.421875
-0.344452
-0.251578
-0.150456
-0.0430501
0.0699895
0.187856
0.310043
0.430027
0.528531
0.588293
0.554691
0.393639
0.197859
-0.00400005
-0.181303
-0.349615
-0.610911
-0.508457
-0.496908
-0.446082
-0.368178
-0.275063
-0.173928
-0.0669131
0.0452372
0.161476
0.280795
0.395972
0.485978
0.528383
0.471002
0.273385
0.0721478
-0.127066
-0.29665
-0.382479
-0.431565
-0.53452
-0.523029
-0.471909
-0.393716
-0.300557
-0.199588
-0.0931328
0.0178791
0.132127
0.248002
0.357675
0.438157
0.460117
0.359134
0.160845
-0.0377192
-0.214201
-0.326295
-0.361937
-0.367892
-0.56239
-0.550895
-0.499466
-0.421081
-0.328011
-0.227401
-0.121739
-0.0121516
0.0996984
0.211536
0.314828
0.385379
0.377344
0.246934
0.0557297
-0.129079
-0.277239
-0.329662
-0.339066
-0.341464
-0.592216
-0.580624
-0.528818
-0.450283
-0.357424
-0.257374
-0.152746
-0.0449113
0.0641431
0.17142
0.267386
0.327301
0.294751
0.141082
-0.0376324
-0.209387
-0.305375
-0.327808
-0.327904
-0.328024
-0.623872
-0.612154
-0.559927
-0.481297
-0.388767
-0.289469
-0.186151
-0.0803999
0.0254736
0.127663
0.21576
0.262302
0.220176
0.0449701
-0.119404
-0.265163
-0.31666
-0.319088
-0.319634
-0.319484
-0.656988
-0.645176
-0.592574
-0.513959
-0.421908
-0.323586
-0.221866
-0.118553
-0.0162526
0.0804727
0.160203
0.194617
0.136646
-0.038356
-0.190624
-0.291554
-0.314228
-0.3142
-0.313972
-0.31363
-0.691104
-0.679232
-0.626369
-0.547919
-0.456545
-0.359467
-0.25966
-0.159165
-0.0608461
0.0303016
0.101034
0.12417
0.0438473
-0.112121
-0.244719
-0.294141
-0.306959
-0.308966
-0.309924
-0.309902
-0.725452
-0.713617
-0.660663
-0.582599
-0.492187
-0.396683
-0.299162
-0.201868
-0.107965
-0.0224213
0.0399266
0.0470766
-0.0402577
-0.174284
-0.274768
-0.310802
-0.307375
-0.307249
-0.306994
-0.306874
-0.758941
-0.747235
-0.694493
-0.617158
-0.528107
-0.434596
-0.339785
-0.246078
-0.156974
-0.0773135
-0.0206991
-0.0266591
-0.115911
-0.23044
-0.298123
-0.310739
-0.309175
-0.305246
-0.303364
-0.302947
-0.789595
-0.778341
-0.7265
-0.650451
-0.563307
-0.472323
-0.380736
-0.291017
-0.206969
-0.133438
-0.0813508
-0.0917808
-0.181673
-0.278545
-0.330922
-0.329859
-0.316874
-0.305202
-0.300424
-0.299333
-0.815908
-0.805372
-0.75503
-0.680967
-0.596487
-0.508711
-0.420968
-0.335723
-0.256858
-0.189288
-0.143186
-0.148914
-0.229897
-0.309524
-0.347948
-0.346083
-0.328788
-0.319422
-0.313735
-0.310922
-0.835211
-0.825628
-0.777883
-0.706857
-0.626073
-0.542375
-0.459182
-0.379032
-0.305509
-0.243522
-0.201761
-0.201892
-0.256712
-0.315333
-0.33652
-0.341369
-0.356185
-0.358729
-0.352621
-0.347873
-0.845243
-0.836603
-0.792625
-0.726109
-0.650286
-0.571772
-0.49392
-0.419529
-0.351649
-0.295225
-0.252799
-0.252279
-0.272124
-0.292965
-0.31769
-0.329877
-0.349263
-0.354951
-0.354574
-0.354301
-0.842141
-0.834814
-0.79727
-0.736704
-0.667293
-0.595327
-0.523793
-0.455536
-0.393941
-0.343327
-0.298923
-0.293367
-0.297893
-0.25081
-0.267536
-0.303171
-0.326947
-0.338503
-0.345105
-0.347911
-0.823754
-0.818739
-0.789399
-0.737008
-0.675693
-0.611629
-0.547611
-0.485661
-0.430818
-0.385849
-0.348458
-0.334411
-0.350093
-0.297237
-0.294015
-0.340018
-0.363557
-0.375288
-0.38083
-0.382433
-0.790756
-0.787229
-0.76739
-0.726149
-0.674871
-0.620003
-0.564295
-0.509521
-0.460085
-0.422196
-0.399244
-0.392538
-0.457612
-0.514657
-0.544871
-0.522788
-0.478981
-0.455204
-0.447137
-0.44494
-0.74826
-0.746066
-0.734957
-0.70637
-0.665952
-0.620984
-0.573522
-0.526409
-0.481627
-0.44929
-0.430281
-0.451805
-0.531663
-0.717811
-0.742961
-0.57685
-0.499717
-0.470663
-0.454602
-0.447511
-0.705285
-0.704014
-0.698797
-0.682242
-0.652736
-0.616147
-0.576627
-0.534963
-0.495731
-0.46243
-0.446641
-0.44556
-0.425377
-0.357436
-0.26957
-0.250578
-0.298192
-0.330484
-0.337762
-0.33759
-0.671099
-0.670424
-0.667876
-0.65857
-0.638221
-0.609067
-0.574755
-0.537486
-0.498639
-0.463355
-0.443744
-0.407261
-0.342884
-0.264321
-0.274655
-0.330358
-0.407819
-0.415784
-0.373676
-0.348322
-0.646849
-0.64617
-0.644779
-0.64089
-0.626995
-0.603014
-0.571172
-0.535105
-0.495155
-0.456718
-0.423066
-0.412426
-0.336398
-0.284545
-0.236731
-0.305813
-0.373751
-0.460162
-0.475404
-0.459234
-0.630031
-0.629787
-0.629213
-0.627291
-0.619349
-0.599103
-0.56844
-0.530367
-0.488046
-0.438077
-0.400646
-0.380559
-0.300747
-0.28275
-0.341521
-0.38464
-0.471035
-0.532051
-0.521289
-0.493483
-0.619485
-0.619448
-0.619085
-0.618438
-0.614557
-0.597543
-0.566524
-0.525108
-0.474646
-0.417685
-0.356047
-0.273621
-0.222184
-0.231305
-0.32561
-0.477245
-0.506318
-0.377179
-0.191351
-0.0737174
-0.612726
-0.612647
-0.612183
-0.611587
-0.610221
-0.597864
-0.566431
-0.518846
-0.461126
-0.394108
-0.301855
-0.200108
-0.021675
0.115468
0.258423
0.406511
0.551613
0.781231
0.971936
1.07168
-0.609554
-0.609606
-0.609873
-0.610315
-0.609965
-0.60185
-0.567784
-0.514743
-0.452252
-0.36902
-0.265525
-0.148676
0.0297469
0.285246
0.630772
1.03261
1.39579
1.66779
1.82308
1.88019
-0.603637
-0.604553
-0.606827
-0.610993
-0.614963
-0.605896
-0.568354
-0.516105
-0.449736
-0.359278
-0.246323
-0.121505
0.0438307
0.31554
0.715393
1.13037
1.47939
1.72565
1.84452
1.88319
-0.600797
-0.60204
-0.602736
-0.599558
-0.594305
-0.586445
-0.562868
-0.525278
-0.459392
-0.361326
-0.24343
-0.122638
0.000453994
0.227349
0.586753
0.929256
1.21304
1.39645
1.47871
1.50313
-0.628342
-0.62845
-0.622437
-0.597691
-0.560297
-0.547788
-0.564818
-0.548033
-0.476967
-0.370588
-0.252331
-0.143453
-0.0418734
0.116215
0.396225
0.653237
0.863973
0.990871
1.04524
1.06061
-0.688753
-0.686092
-0.681289
-0.668327
-0.65092
-0.640223
-0.647222
-0.602682
-0.499047
-0.380313
-0.269068
-0.169668
-0.081435
0.0285091
0.22748
0.404712
0.543699
0.622759
0.657175
0.666724
-0.804296
-0.802985
-0.825226
-0.867615
-0.891966
-0.87611
-0.823167
-0.692082
-0.527341
-0.394762
-0.284333
-0.193113
-0.13431
-0.0446308
0.0903945
0.200384
0.28405
0.329213
0.348136
0.352847
-0.928695
-0.935571
-0.972266
-1.01748
-1.03993
-1.02124
-0.937417
-0.742484
-0.544604
-0.404713
-0.289185
-0.214134
-0.162199
-0.107007
-0.0205318
0.0453233
0.0760315
0.0919196
0.0960214
0.098975
-0.930001
-0.939356
-0.967888
-1.00109
-1.02011
-1.00164
-0.899335
-0.689642
-0.521407
-0.382947
-0.285495
-0.219413
-0.186132
-0.138283
-0.0886997
-0.0690134
-0.0702612
-0.0790217
-0.0754162
-0.0710984
-0.742398
-0.75373
-0.782473
-0.819814
-0.846232
-0.827994
-0.718848
-0.56766
-0.43791
-0.326461
-0.25885
-0.214308
-0.19564
-0.163656
-0.118889
-0.105088
-0.108993
-0.114754
-0.109313
-0.105678
-0.406319
-0.416062
-0.440522
-0.477164
-0.5089
-0.510386
-0.458713
-0.388745
-0.310822
-0.25052
-0.212172
-0.192403
-0.189644
-0.161366
-0.119887
-0.089571
-0.0773015
-0.0689973
-0.0637379
-0.0616967
-0.0703968
-0.0757817
-0.0903145
-0.117257
-0.152521
-0.177474
-0.191059
-0.194554
-0.187198
-0.16986
-0.153113
-0.148011
-0.154258
-0.116845
-0.0749604
-0.0447165
-0.0249826
-0.00859361
-0.00236396
-0.00211544
0.139849
0.137172
0.128958
0.108348
0.0724948
0.0234656
-0.0239392
-0.06062
-0.0849613
-0.0929284
-0.0907393
-0.0862942
-0.0770706
-0.0548716
-0.0266891
-0.00769897
0.010524
0.0228546
0.0271939
0.0273919
0.218826
0.217396
0.212209
0.19645
0.165407
0.120205
0.0691467
0.0222931
-0.0129422
-0.0316695
-0.0350814
-0.0209628
0.00116824
0.0123682
0.0220102
0.0269505
0.0351587
0.0421926
0.0454544
0.0449469
0.223105
0.222316
0.218876
0.2079
0.185201
0.150773
0.110203
0.0688214
0.0342996
0.0140321
0.0133317
0.0300819
0.0554918
0.0611831
0.0597276
0.0538183
0.0544863
0.0563144
0.0567426
0.0555112
0.198363
0.198013
0.195857
0.188721
0.173546
0.149668
0.119578
0.0877618
0.0599919
0.0431883
0.0433001
0.0609762
0.0875677
0.0870561
0.0751822
0.0665574
0.0622198
0.0593325
0.0567812
0.0550903
0.165711
0.165671
0.164392
0.159944
0.150229
0.134446
0.113571
0.0903446
0.0688744
0.055368
0.0572792
0.07543
0.0965294
0.0935187
0.0766888
0.0634859
0.055796
0.0513552
0.0470969
0.0456442
0.132989
0.133005
0.132336
0.129671
0.123586
0.113324
0.0991878
0.0828645
0.067053
0.0561074
0.0572663
0.0710571
0.0881376
0.0790751
0.0643123
0.0535774
0.0476007
0.0425295
0.0388956
0.0377251
0.102883
0.103007
0.102583
0.100994
0.0971772
0.0905145
0.0809613
0.0692584
0.0569819
0.046636
0.0429081
0.0479342
0.0578454
0.050725
0.0358583
0.0304007
0.0301151
0.0293755
0.0283226
0.0274792
0.0757267
0.075858
0.075643
0.0747551
0.0724523
0.0681925
0.0617221
0.0531945
0.0429891
0.031591
0.0187291
0.00392174
-0.00737652
-0.01435
-0.0112375
-0.00294701
0.00407375
0.00740779
0.00815009
0.0077241
0.0516745
0.0517932
0.0516989
0.0512322
0.049958
0.0473863
0.0431414
0.0369447
0.028434
0.015822
-0.00657656
-0.0466154
-0.0875771
-0.0904914
-0.065444
-0.0403322
-0.0274489
-0.0226208
-0.0208247
-0.020438
0.0306111
0.030705
0.0306596
0.0304545
0.0298742
0.0285227
0.0260469
0.0220849
0.0161431
0.00431136
-0.0202657
-0.072482
-0.127337
-0.11914
-0.0804532
-0.0556889
-0.0453001
-0.0421339
-0.040749
-0.0395337
0.00382295
0.00380627
0.00379216
0.00395655
0.00412878
0.00405586
0.00368973
0.00278928
0.0016726
-0.00197436
-0.0105049
-0.0297901
-0.0301412
-0.027294
-0.0206767
-0.019666
-0.0176469
-0.0151339
-0.0135202
-0.0312827
-0.580375
-0.145345
0.190587
0.410259
0.572444
0.697212
0.794705
0.875937
0.962505
1.01496
0.127608
0.293457
0.438277
0.568861
0.678892
0.76916
0.842816
0.900875
0.932614
0.939852
0.410011
0.501503
0.601081
0.69114
0.768481
0.833519
0.885941
0.924871
0.951545
0.971432
0.589596
0.655513
0.724933
0.789764
0.846035
0.893733
0.932939
0.964576
0.989797
1.00952
0.727785
0.776825
0.827259
0.875282
0.918051
0.955318
0.987465
1.01509
1.03768
1.05515
0.839195
0.878953
0.917129
0.9546
0.989568
1.02108
1.04907
1.07337
1.09291
1.10902
0.935294
0.967104
1.00078
1.03351
1.0645
1.09305
1.11858
1.1406
1.1579
1.17249
1.02335
1.0532
1.08531
1.11688
1.14677
1.17423
1.1986
1.21916
1.23468
1.248
1.11183
1.14396
1.17799
1.21065
1.24108
1.26848
1.29221
1.31165
1.32584
1.33826
1.21245
1.2487
1.28634
1.32087
1.35192
1.37892
1.40156
1.41968
1.43303
1.44553
1.3376
1.37658
1.41626
1.45055
1.48002
1.50502
1.5259
1.54295
1.55637
1.56981
1.49656
1.53231
1.56752
1.59612
1.62031
1.64167
1.66088
1.67815
1.69309
1.70754
1.68462
1.707
1.73068
1.75052
1.76883
1.78621
1.80274
1.81914
1.83534
1.85093
1.87716
1.88532
1.89914
1.914
1.92846
1.94141
1.95306
1.96431
1.97603
1.99212
2.07271
2.07264
2.08267
2.08615
2.08713
2.09153
2.10204
2.11696
2.13129
2.14571
2.36986
2.31434
2.25984
2.22019
2.19794
2.19383
2.20735
2.24115
2.299
2.37935
0.930987
0.878494
0.835611
0.8026
0.778858
0.76174
0.749305
0.74031
0.734099
0.730526
0.730126
0.733078
0.738635
0.746676
0.757635
0.772471
0.792798
0.820976
0.859011
0.908364
0.742082
0.751029
0.757787
0.758031
0.753327
0.746549
0.739816
0.734207
0.730277
0.728576
0.729788
0.733476
0.73889
0.745571
0.752819
0.759121
0.761875
0.758426
0.749342
0.743024
0.714755
0.716958
0.721818
0.725959
0.729502
0.731536
0.73136
0.729573
0.727354
0.725789
0.725816
0.727656
0.730412
0.733104
0.734602
0.733945
0.731206
0.727487
0.723091
0.718432
0.70956
0.710518
0.713015
0.715469
0.717352
0.719
0.72038
0.721088
0.721103
0.720961
0.721352
0.722383
0.723371
0.72367
0.723044
0.721822
0.720336
0.71836
0.715877
0.713772
0.704237
0.704715
0.706163
0.708242
0.710159
0.711625
0.712775
0.713797
0.714659
0.715364
0.716045
0.716623
0.716835
0.716621
0.716089
0.715209
0.713799
0.711942
0.710247
0.709189
0.699174
0.699472
0.700394
0.701883
0.703564
0.705184
0.706569
0.707726
0.708775
0.709771
0.71064
0.711184
0.711337
0.711132
0.710528
0.709497
0.708177
0.706823
0.705743
0.705102
0.694245
0.694457
0.695146
0.696316
0.697704
0.699176
0.70067
0.702067
0.703329
0.704504
0.705546
0.706223
0.706429
0.706175
0.705519
0.704618
0.703633
0.702647
0.701877
0.701423
0.689424
0.689586
0.690132
0.691113
0.692335
0.693678
0.695119
0.696617
0.6981
0.699521
0.700784
0.701613
0.701888
0.701703
0.701211
0.700552
0.699818
0.699082
0.698517
0.698176
0.684649
0.684776
0.685223
0.686071
0.687197
0.688475
0.689878
0.691412
0.693049
0.694725
0.69626
0.697303
0.697755
0.697777
0.697521
0.697092
0.696562
0.696032
0.695626
0.695362
0.679834
0.679937
0.680315
0.681073
0.682136
0.683381
0.684793
0.68639
0.688171
0.690091
0.691946
0.693304
0.694045
0.69434
0.694331
0.694129
0.69381
0.693463
0.693183
0.692973
0.674892
0.674976
0.675305
0.676004
0.677037
0.678285
0.679746
0.681449
0.683412
0.685616
0.687856
0.689623
0.690727
0.691338
0.691604
0.691639
0.691534
0.691359
0.691184
0.691016
0.669732
0.669802
0.670096
0.670764
0.671797
0.673094
0.674646
0.676503
0.678709
0.681271
0.683984
0.686247
0.687781
0.688758
0.689335
0.68963
0.689745
0.689734
0.68965
0.689513
0.664262
0.66432
0.664593
0.665253
0.666323
0.667711
0.669403
0.671475
0.674002
0.677018
0.680313
0.68317
0.68521
0.686609
0.687539
0.688123
0.688468
0.688626
0.688624
0.688511
0.658379
0.658427
0.658689
0.659366
0.660508
0.66203
0.663922
0.666284
0.669221
0.672803
0.676811
0.680383
0.683025
0.684916
0.686249
0.687173
0.687771
0.688094
0.688166
0.688073
0.651963
0.652003
0.652263
0.652978
0.65423
0.655939
0.658101
0.66084
0.664299
0.668583
0.67346
0.677892
0.681248
0.683721
0.685519
0.686816
0.687701
0.688207
0.688353
0.688274
0.644872
0.644902
0.645169
0.645944
0.647348
0.649305
0.651817
0.655036
0.659146
0.664296
0.670229
0.675695
0.679899
0.683059
0.685408
0.687137
0.688354
0.689056
0.689274
0.689206
0.636927
0.636947
0.637226
0.638087
0.63969
0.641967
0.644924
0.648749
0.65367
0.659881
0.667094
0.673802
0.679017
0.682983
0.685986
0.688232
0.689824
0.690739
0.69103
0.690971
0.62789
0.627911
0.628215
0.629176
0.631038
0.633726
0.637246
0.641831
0.647762
0.65528
0.664043
0.67223
0.678641
0.68356
0.68733
0.690185
0.692213
0.693364
0.693728
0.693674
0.61745
0.617461
0.617808
0.618919
0.621118
0.624332
0.62857
0.634117
0.641312
0.650438
0.661074
0.671018
0.678833
0.684871
0.689536
0.693094
0.695628
0.697034
0.69747
0.697417
0.605233
0.605237
0.605623
0.606932
0.609568
0.613463
0.618624
0.6254
0.634187
0.645302
0.658196
0.670207
0.679651
0.686983
0.6927
0.697069
0.70017
0.701845
0.702349
0.702291
0.590683
0.590681
0.591132
0.592705
0.595915
0.600706
0.607078
0.615439
0.626241
0.639809
0.655411
0.66984
0.68116
0.689971
0.696901
0.702191
0.705918
0.707866
0.708425
0.708357
0.573025
0.573016
0.57356
0.575518
0.579523
0.58553
0.593522
0.603974
0.617357
0.633957
0.652781
0.669996
0.683435
0.693918
0.702182
0.708514
0.712909
0.715113
0.715709
0.715623
0.551096
0.55108
0.551784
0.554333
0.559501
0.567239
0.577484
0.590753
0.607478
0.627812
0.650414
0.670775
0.686558
0.698875
0.708607
0.71606
0.721119
0.723534
0.724133
0.724022
0.523114
0.523092
0.524084
0.527621
0.534626
0.54497
0.558474
0.575619
0.596666
0.621548
0.64849
0.672306
0.690607
0.704877
0.716163
0.724784
0.73044
0.732974
0.733533
0.733388
0.486018
0.486005
0.487624
0.493068
0.503337
0.517832
0.536186
0.558636
0.585149
0.615408
0.647207
0.674732
0.695663
0.711951
0.724829
0.734552
0.740647
0.743161
0.743626
0.743443
0.434
0.434196
0.437871
0.447728
0.464108
0.485435
0.510854
0.540293
0.573443
0.60982
0.64687
0.678238
0.701815
0.720075
0.734447
0.745129
0.751393
0.753706
0.754033
0.753813
0.35973
0.362033
0.372845
0.39203
0.418442
0.449365
0.48377
0.521419
0.562026
0.605109
0.64781
0.683289
0.709708
0.730121
0.746035
0.757437
0.763649
0.765684
0.765882
0.76566
0.281297
0.28674
0.305993
0.33529
0.372404
0.413262
0.456719
0.502686
0.551016
0.601304
0.650454
0.690928
0.720861
0.743844
0.761521
0.773481
0.779285
0.78088
0.780987
0.780844
0.212731
0.219132
0.244596
0.282639
0.329032
0.379009
0.431157
0.485275
0.54119
0.598501
0.653825
0.698957
0.73213
0.757415
0.776434
0.788571
0.79385
0.795155
0.795268
0.795189
0.156642
0.16359
0.193127
0.237305
0.290632
0.34804
0.407706
0.469224
0.532243
0.596214
0.657394
0.706919
0.743089
0.77044
0.790638
0.803128
0.808317
0.809525
0.809655
0.809611
0.110131
0.117407
0.14962
0.198502
0.257321
0.32077
0.386751
0.454704
0.524098
0.594228
0.660973
0.71474
0.753784
0.783152
0.80462
0.817648
0.822996
0.824247
0.824366
0.824347
0.0706052
0.0780577
0.112096
0.164648
0.228048
0.296622
0.368021
0.441616
0.516782
0.592635
0.664629
0.722454
0.764322
0.795655
0.818435
0.832183
0.83788
0.839174
0.839319
0.839316
0.0360423
0.0435963
0.0789896
0.134522
0.201786
0.274794
0.35099
0.429666
0.510093
0.591255
0.668205
0.729938
0.774541
0.807822
0.831894
0.846415
0.852523
0.853942
0.854115
0.854117
0.00494369
0.0125923
0.049098
0.107138
0.177734
0.254616
0.335077
0.41835
0.503639
0.589813
0.671547
0.73702
0.784246
0.8194
0.844726
0.859975
0.866465
0.86808
0.868282
0.868284
-0.0236636
-0.0159264
0.0215291
0.081725
0.155247
0.235533
0.319805
0.407292
0.497135
0.588085
0.674426
0.743526
0.793278
0.830175
0.856654
0.872611
0.879461
0.881269
0.881492
0.881476
-0.0505655
-0.0427276
-0.00438031
0.0577283
0.133852
0.217164
0.30487
0.396222
0.490308
0.585814
0.676643
0.749351
0.801542
0.840118
0.867645
0.884158
0.891295
0.893231
0.893459
0.893424
-0.0762324
-0.0682728
-0.0290779
0.0347694
0.113204
0.199223
0.290032
0.384914
0.482962
0.582841
0.67811
0.754411
0.809039
0.849199
0.877654
0.894576
0.901889
0.903894
0.904107
0.904047
-0.101015
-0.0928915
-0.0528957
0.0125558
0.0930596
0.1815
0.27512
0.373236
0.474991
0.579063
0.678728
0.758688
0.815791
0.857491
0.886734
0.903933
0.911288
0.91329
0.913481
0.913392
-0.125076
-0.116794
-0.0760175
-0.00909161
0.0732737
0.163886
0.260043
0.361123
0.466314
0.574385
0.678423
0.762159
0.821854
0.865107
0.895037
0.912335
0.919627
0.921578
0.921743
0.921633
-0.148561
-0.140107
-0.0985505
-0.0302697
0.0537698
0.146322
0.244764
0.348533
0.456895
0.568757
0.677132
0.764806
0.827293
0.872185
0.902726
0.919979
0.92707
0.9289
0.929016
0.928888
-0.171563
-0.162917
-0.120564
-0.0510173
0.0345149
0.128798
0.229281
0.335474
0.44673
0.562155
0.674786
0.766588
0.832168
0.878887
0.909999
0.927019
0.933735
0.93537
0.935415
0.935264
-0.194079
-0.18522
-0.142076
-0.0713375
0.0155149
0.111333
0.213621
0.321981
0.435861
0.554585
0.671345
0.767442
0.836487
0.885371
0.917082
0.933641
0.939749
0.941058
0.941014
0.94085
-0.216043
-0.206984
-0.163045
-0.0912218
-0.00319287
0.0939649
0.197852
0.308118
0.424342
0.546062
0.666769
0.767285
0.840202
0.89175
0.924284
0.940173
0.945306
0.946079
0.945904
0.94574
-0.237414
-0.228157
-0.183448
-0.110652
-0.0215713
0.0767634
0.182036
0.293966
0.412242
0.536652
0.661029
0.76601
0.843203
0.898038
0.931924
0.947172
0.950866
0.950624
0.950161
0.950031
-0.258198
-0.248718
-0.203268
-0.129584
-0.0395795
0.0597975
0.166262
0.279617
0.399655
0.52642
0.654139
0.763515
0.845319
0.904076
0.940167
0.95538
0.957438
0.955353
0.953991
0.953876
-0.278292
-0.268603
-0.222471
-0.147973
-0.0571484
0.0431196
0.150615
0.265161
0.386685
0.515467
0.646118
0.759687
0.846351
0.909534
0.94877
0.965312
0.966683
0.962352
0.958518
0.956473
-0.297745
-0.287847
-0.241032
-0.165822
-0.074311
0.0267112
0.135074
0.250569
0.373304
0.503759
0.6369
0.754288
0.846055
0.914061
0.957088
0.976661
0.979735
0.974678
0.966487
0.955027
-0.316534
-0.306505
-0.259059
-0.18331
-0.0913157
0.0102653
0.119262
0.235373
0.358969
0.490664
0.62585
0.746591
0.843818
0.917238
0.96404
0.987466
0.993953
0.987888
0.977517
0.949526
-0.334727
-0.324616
-0.276483
-0.200252
-0.108005
-0.00603187
0.103389
0.219798
0.343918
0.47637
0.613031
0.736274
0.838753
0.918136
0.967372
0.991212
0.998207
0.991585
0.944976
0.894782
-0.353945
-0.341276
-0.29316
-0.216535
-0.12453
-0.0223114
0.0872135
0.20386
0.328121
0.46081
0.598264
0.722951
0.829319
0.916103
0.964886
0.978337
0.981647
0.949759
0.889859
0.832432
-0.377366
-0.373554
-0.314172
-0.230029
-0.138206
-0.0362232
0.0710306
0.188184
0.312262
0.444759
0.582132
0.707052
0.814204
0.913363
0.937275
0.950008
0.922575
0.865119
0.797711
0.735651
-0.35587
-0.348006
-0.288909
-0.204969
-0.107157
-0.00199283
0.110309
0.230312
0.357767
0.49459
0.626821
0.739716
0.838024
0.92922
0.93395
0.846649
0.773601
0.714372
0.649429
0.524787
-0.390741
-0.363063
-0.302331
-0.217411
-0.12017
-0.0152073
0.0966032
0.215972
0.342582
0.478005
0.608247
0.718637
0.8067
0.87175
0.839485
0.715435
0.614253
0.546437
0.474925
0.338167
-0.416578
-0.383302
-0.321141
-0.236608
-0.139536
-0.0346833
0.0772234
0.195848
0.321203
0.454453
0.581454
0.686992
0.765152
0.792546
0.713334
0.566585
0.449895
0.369516
0.278161
0.0933696
-0.440366
-0.405587
-0.341755
-0.256736
-0.159656
-0.0548448
0.0567173
0.17445
0.298295
0.428913
0.551529
0.649932
0.71369
0.704557
0.57291
0.406979
0.263749
0.154369
0.0443369
-0.233694
-0.463726
-0.4282
-0.36319
-0.277468
-0.180267
-0.0756314
0.0352922
0.151962
0.274049
0.401611
0.518911
0.609048
0.653612
0.610266
0.432336
0.245122
0.0663061
-0.0785847
-0.258547
-0.617535
-0.487104
-0.451485
-0.385723
-0.299475
-0.202097
-0.0976742
0.0126051
0.128101
0.248183
0.372294
0.483585
0.565265
0.587664
0.489313
0.299002
0.0945458
-0.0963049
-0.263029
-0.454544
-0.795953
-0.511629
-0.475875
-0.409668
-0.323048
-0.225535
-0.121301
-0.011641
0.102642
0.220543
0.340894
0.44586
0.516472
0.511289
0.370849
0.177936
-0.0303897
-0.218487
-0.351307
-0.407226
-0.44634
-0.537693
-0.501824
-0.435331
-0.348534
-0.25106
-0.147187
-0.0383321
0.0744372
0.189704
0.305566
0.403729
0.459406
0.43029
0.25637
0.0635705
-0.128861
-0.28424
-0.346707
-0.365466
-0.368708
-0.565593
-0.52951
-0.46277
-0.375913
-0.278652
-0.175334
-0.0675641
0.0433497
0.155528
0.266151
0.356803
0.394812
0.344464
0.149388
-0.0388903
-0.210504
-0.318523
-0.336031
-0.34096
-0.341153
-0.595471
-0.559019
-0.492016
-0.405175
-0.308281
-0.205755
-0.0993489
0.00936387
0.117971
0.222698
0.30451
0.32842
0.238674
0.052705
-0.127822
-0.271522
-0.320903
-0.327988
-0.328088
-0.32775
-0.627203
-0.590299
-0.523032
-0.43631
-0.339939
-0.238429
-0.133681
-0.0275373
0.0770599
0.175315
0.247407
0.254463
0.136681
-0.0353817
-0.200609
-0.304979
-0.319325
-0.319413
-0.319644
-0.319275
-0.660343
-0.623097
-0.555642
-0.469156
-0.373492
-0.273255
-0.170493
-0.0673096
0.0329311
0.124203
0.186806
0.175871
0.0457598
-0.114381
-0.254751
-0.30331
-0.314662
-0.314104
-0.313814
-0.313437
-0.694518
-0.656985
-0.589467
-0.503392
-0.408673
-0.310002
-0.209568
-0.109754
-0.0141653
0.0700088
0.121765
0.0986147
-0.0387676
-0.180687
-0.285251
-0.307487
-0.307818
-0.309675
-0.309968
-0.30981
-0.728787
-0.691313
-0.623885
-0.538484
-0.445016
-0.34826
-0.250534
-0.154503
-0.0639268
0.0136943
0.0530563
0.026293
-0.114033
-0.229954
-0.299449
-0.307843
-0.307348
-0.307117
-0.306908
-0.306877
-0.762008
-0.725022
-0.657996
-0.573651
-0.481847
-0.387432
-0.29282
-0.200938
-0.115793
-0.0441395
-0.0121576
-0.0515059
-0.178464
-0.274592
-0.302437
-0.311013
-0.307067
-0.30402
-0.303061
-0.302903
-0.792675
-0.756593
-0.69056
-0.607829
-0.518227
-0.426675
-0.33566
-0.24824
-0.168763
-0.103178
-0.0734431
-0.125664
-0.2321
-0.315949
-0.336768
-0.323782
-0.31025
-0.302007
-0.299721
-0.29897
-0.818759
-0.784369
-0.719971
-0.639614
-0.552932
-0.464895
-0.378051
-0.295409
-0.221584
-0.162184
-0.13561
-0.183664
-0.270202
-0.339056
-0.352119
-0.337416
-0.323335
-0.316163
-0.312074
-0.310028
-0.837855
-0.805885
-0.744231
-0.6673
-0.584495
-0.500757
-0.418757
-0.341316
-0.273147
-0.218532
-0.195334
-0.22703
-0.284781
-0.335558
-0.335762
-0.34911
-0.359394
-0.356088
-0.349617
-0.347254
-0.847515
-0.818548
-0.761138
-0.689
-0.61126
-0.532796
-0.456297
-0.384681
-0.322189
-0.270832
-0.24632
-0.266331
-0.275205
-0.312182
-0.32041
-0.340834
-0.353491
-0.355103
-0.354182
-0.354705
-0.844756
-0.819876
-0.768736
-0.702754
-0.631535
-0.559556
-0.489167
-0.42397
-0.367074
-0.320778
-0.284982
-0.305696
-0.271709
-0.249494
-0.285518
-0.31723
-0.333623
-0.342303
-0.346946
-0.348274
-0.825807
-0.807589
-0.765102
-0.707062
-0.643942
-0.579656
-0.516297
-0.457322
-0.406703
-0.368064
-0.326922
-0.352174
-0.330421
-0.272499
-0.320707
-0.35407
-0.370229
-0.378816
-0.381897
-0.382681
-0.792485
-0.780108
-0.748777
-0.70129
-0.647769
-0.592208
-0.53686
-0.483731
-0.439885
-0.408715
-0.384544
-0.414784
-0.499054
-0.525754
-0.543616
-0.499879
-0.464059
-0.449915
-0.445615
-0.444862
-0.74966
-0.742181
-0.722782
-0.687076
-0.643828
-0.597563
-0.549859
-0.503442
-0.463483
-0.439906
-0.426844
-0.483089
-0.613233
-0.774475
-0.659243
-0.525824
-0.482725
-0.461491
-0.450107
-0.44615
-0.706301
-0.702294
-0.692212
-0.668772
-0.635058
-0.59691
-0.555835
-0.515119
-0.477423
-0.45322
-0.435102
-0.457404
-0.383629
-0.31691
-0.243236
-0.272525
-0.316622
-0.337372
-0.337418
-0.337684
-0.671701
-0.669597
-0.664469
-0.649687
-0.624618
-0.592156
-0.556592
-0.517893
-0.481515
-0.448193
-0.433954
-0.385212
-0.294536
-0.260087
-0.294146
-0.375445
-0.422191
-0.396901
-0.354361
-0.350879
-0.646588
-0.645578
-0.643532
-0.635357
-0.616069
-0.58793
-0.553638
-0.51611
-0.474578
-0.438217
-0.425682
-0.378335
-0.306417
-0.25864
-0.264359
-0.333887
-0.422822
-0.477728
-0.465793
-0.458224
-0.629961
-0.629516
-0.628697
-0.624583
-0.610739
-0.584872
-0.550336
-0.509362
-0.463259
-0.420035
-0.3777
-0.353745
-0.277422
-0.309937
-0.367128
-0.418562
-0.513835
-0.532964
-0.505809
-0.488348
-0.619494
-0.619308
-0.618775
-0.617354
-0.607979
-0.583585
-0.546789
-0.50035
-0.449537
-0.382979
-0.32358
-0.233103
-0.22111
-0.262767
-0.409746
-0.508283
-0.463047
-0.280116
-0.120561
-0.0498529
-0.612719
-0.612471
-0.611825
-0.611448
-0.606237
-0.584431
-0.544003
-0.492444
-0.428261
-0.348646
-0.257229
-0.114942
0.056181
0.181195
0.33672
0.468753
0.662092
0.887084
1.03353
1.0901
-0.60956
-0.609708
-0.610096
-0.610422
-0.608177
-0.587933
-0.543132
-0.484665
-0.412436
-0.322522
-0.205193
-0.0730669
0.152189
0.439606
0.827069
1.22818
1.5427
1.76208
1.8609
1.88837
-0.604004
-0.605437
-0.608765
-0.613257
-0.613207
-0.590215
-0.543497
-0.484976
-0.409548
-0.302781
-0.184676
-0.0564802
0.165104
0.497877
0.928416
1.31463
1.61923
1.79866
1.87131
1.88779
-0.601422
-0.602555
-0.601766
-0.5967
-0.591715
-0.576267
-0.546088
-0.497214
-0.413884
-0.301165
-0.183326
-0.0654423
0.0932768
0.398379
0.764252
1.08076
1.31971
1.4477
1.49586
1.50595
-0.628589
-0.62699
-0.612758
-0.578849
-0.549197
-0.556975
-0.562957
-0.518628
-0.425984
-0.310861
-0.197599
-0.0910614
0.0195719
0.251422
0.52901
0.766503
0.939598
1.02493
1.05671
1.06061
-0.687567
-0.684154
-0.676662
-0.658502
-0.6443
-0.64347
-0.634456
-0.555465
-0.439326
-0.325099
-0.214503
-0.126303
-0.0380689
0.124577
0.320013
0.480855
0.590518
0.644322
0.663557
0.667498
-0.80209
-0.811235
-0.844541
-0.884119
-0.888677
-0.856908
-0.766315
-0.608522
-0.457984
-0.336207
-0.234335
-0.16162
-0.0995417
0.02379
0.148903
0.245316
0.311071
0.341365
0.351688
0.352461
-0.928839
-0.9508
-0.996377
-1.03247
-1.03595
-0.991935
-0.849751
-0.637391
-0.469647
-0.342941
-0.24518
-0.186158
-0.142146
-0.0625864
0.0175212
0.0642605
0.0858807
0.0942038
0.0980691
0.0988692
-0.932539
-0.951616
-0.984996
-1.01347
-1.01696
-0.965899
-0.797818
-0.598721
-0.450639
-0.326486
-0.247981
-0.202751
-0.165152
-0.111847
-0.0747645
-0.0694022
-0.0754282
-0.0778889
-0.0732865
-0.0700921
-0.745856
-0.76615
-0.801013
-0.83586
-0.844946
-0.786498
-0.641351
-0.501846
-0.377921
-0.285864
-0.237633
-0.199537
-0.185833
-0.135281
-0.111017
-0.102526
-0.114419
-0.11293
-0.106491
-0.105149
-0.409733
-0.426386
-0.457946
-0.495035
-0.514971
-0.489853
-0.424447
-0.350622
-0.27535
-0.232516
-0.198692
-0.190215
-0.183571
-0.13674
-0.103328
-0.0827034
-0.0724784
-0.0657143
-0.0624729
-0.061489
-0.0724827
-0.0815644
-0.102283
-0.134624
-0.167227
-0.184806
-0.194743
-0.190825
-0.181381
-0.1591
-0.148747
-0.150108
-0.146976
-0.0951912
-0.0558132
-0.0357792
-0.0153675
-0.00459161
-0.00153424
-0.00280306
0.138696
0.13424
0.120428
0.0923586
0.0492149
-0.00152971
-0.0431722
-0.0750112
-0.0905444
-0.0918549
-0.0893898
-0.0805681
-0.0698361
-0.0428287
-0.0160946
0.00182381
0.0175728
0.0257693
0.0276253
0.0268804
0.218178
0.215687
0.205995
0.182909
0.1442
0.0949881
0.0445217
0.00308847
-0.0244612
-0.0344488
-0.0307828
-0.0097136
0.0111376
0.0172464
0.0242348
0.030671
0.0392908
0.0444402
0.0454701
0.0443692
0.222777
0.221212
0.2146
0.198125
0.16923
0.130981
0.0891337
0.050517
0.0220828
0.0116486
0.0178554
0.0436095
0.0637607
0.0616827
0.056461
0.0536202
0.0554003
0.0566132
0.0562797
0.0550049
0.198249
0.197336
0.193099
0.182248
0.162603
0.135206
0.103559
0.0732716
0.0497207
0.0405673
0.0503305
0.0755234
0.0918844
0.0814292
0.0701281
0.0641889
0.0608971
0.0581765
0.0558972
0.0546341
0.165743
0.165281
0.16269
0.155831
0.143057
0.124586
0.102014
0.0791945
0.0606095
0.0543475
0.0647424
0.087426
0.0988834
0.0848994
0.0691682
0.059193
0.0536795
0.0486804
0.0460743
0.0454077
0.133038
0.132828
0.131338
0.12712
0.118977
0.106714
0.0911226
0.0748022
0.0605938
0.0546531
0.0629653
0.0807771
0.0871714
0.0708936
0.0579684
0.0501454
0.0449393
0.0402759
0.0380658
0.0374928
0.102974
0.102872
0.102
0.0994119
0.0942127
0.0860963
0.0752841
0.0631237
0.0513934
0.0436561
0.0443327
0.0532799
0.0564209
0.0425189
0.0322621
0.0303703
0.0300585
0.0290967
0.0278642
0.0271804
0.075813
0.075808
0.0753228
0.0738205
0.0705845
0.0652405
0.0576845
0.0483025
0.0374276
0.0251978
0.0114154
-0.00236338
-0.0115331
-0.0140235
-0.00813877
0.00103781
0.00608274
0.00803078
0.0080562
0.00739749
0.0517505
0.0517745
0.0515264
0.0507319
0.0488527
0.0455007
0.0402983
0.0330001
0.0228101
0.00630204
-0.0245844
-0.0703508
-0.0951151
-0.0788299
-0.0516857
-0.032577
-0.0245294
-0.0215179
-0.0204772
-0.0205884
0.0306716
0.0306959
0.0305883
0.030232
0.0293114
0.0274435
0.0242802
0.0194828
0.0111514
-0.00548455
-0.0427715
-0.104002
-0.131658
-0.100104
-0.0653799
-0.0491545
-0.0430667
-0.0415397
-0.0399939
-0.0394424
0.0122742
0.0123461
0.0123223
0.0123032
0.0121158
0.011707
0.0107693
0.00895882
0.0059436
0.000188758
-0.0142898
-0.0499731
-0.0875996
-0.0713738
-0.0496603
-0.0357211
-0.0318094
-0.0328323
-0.0326043
-0.0310033
-0.340606
0.0402752
0.309784
0.49508
0.638167
0.747948
0.837416
0.916655
1.00117
0.992404
0.214526
0.366757
0.506192
0.626556
0.726382
0.807816
0.874175
0.921062
0.93631
0.949488
0.453621
0.551645
0.647746
0.731383
0.802531
0.861364
0.90711
0.939503
0.961765
0.980771
0.621977
0.69017
0.758364
0.819
0.870949
0.914374
0.949594
0.978027
0.999714
1.01928
0.751811
0.802021
0.85184
0.89738
0.937351
0.971992
1.00182
1.02717
1.04614
1.06487
0.859229
0.898085
0.936055
0.972499
1.00577
1.03551
1.06172
1.08385
1.10073
1.11863
0.950343
0.984002
1.01731
1.04928
1.07912
1.10622
1.13009
1.14994
1.16477
1.18216
1.03735
1.06926
1.10124
1.13209
1.16084
1.18684
1.20942
1.22762
1.24077
1.25762
1.12677
1.16114
1.19453
1.2262
1.2552
1.28083
1.30251
1.31944
1.33137
1.34776
1.22918
1.26794
1.30399
1.33687
1.36596
1.3908
1.41119
1.42692
1.43859
1.45475
1.35548
1.3971
1.43405
1.46586
1.49306
1.51596
1.53489
1.55006
1.56252
1.57864
1.51261
1.55084
1.58254
1.60863
1.63129
1.65152
1.66977
1.68593
1.69998
1.71586
1.69451
1.71939
1.74094
1.75979
1.77765
1.79455
1.81091
1.82738
1.84302
1.85901
1.88014
1.89192
1.90655
1.92138
1.93515
1.94735
1.95867
1.97005
1.98294
2.00365
2.06819
2.07821
2.08516
2.08654
2.08863
2.09604
2.1092
2.12455
2.13763
2.1659
2.34464
2.28557
2.23794
2.20681
2.19369
2.19826
2.2215
2.26683
2.33736
2.41598
0.806284
0.798782
0.789864
0.777044
0.763644
0.752052
0.742847
0.735977
0.731407
0.729449
0.730732
0.73483
0.741125
0.749554
0.760243
0.773091
0.786798
0.798004
0.805791
0.812117
0.720244
0.728126
0.735274
0.740039
0.741295
0.739308
0.735575
0.731648
0.728607
0.727276
0.728387
0.731495
0.735703
0.740143
0.743543
0.744276
0.741363
0.735343
0.727346
0.721446
0.712183
0.715244
0.718335
0.720858
0.723236
0.725006
0.725503
0.724856
0.723863
0.723467
0.724333
0.726049
0.727675
0.728325
0.727509
0.725583
0.723324
0.720689
0.717502
0.71514
0.706864
0.708383
0.710619
0.712783
0.714377
0.71566
0.716785
0.71758
0.718019
0.718444
0.719131
0.719795
0.71999
0.719587
0.718798
0.717712
0.716072
0.713899
0.712072
0.710987
0.701687
0.702528
0.704015
0.705864
0.707613
0.709022
0.710151
0.711163
0.712096
0.712952
0.713628
0.71396
0.71392
0.713558
0.712822
0.711608
0.710048
0.70849
0.707458
0.706823
0.696697
0.697268
0.698343
0.699777
0.70133
0.702862
0.704246
0.705452
0.706559
0.707606
0.708406
0.708795
0.708775
0.708327
0.707477
0.70638
0.705209
0.704143
0.703458
0.703013
0.691827
0.692256
0.693115
0.694324
0.695663
0.697102
0.698582
0.70001
0.701345
0.702598
0.703573
0.704061
0.704048
0.703611
0.702904
0.702079
0.701214
0.700429
0.699929
0.699593
0.687039
0.687376
0.688086
0.689147
0.690387
0.691744
0.693213
0.694762
0.696328
0.697847
0.699038
0.699661
0.699769
0.699515
0.699044
0.698446
0.697801
0.697231
0.696861
0.696592
0.682256
0.682529
0.683134
0.684096
0.685278
0.686601
0.68808
0.689718
0.69148
0.693283
0.694758
0.695623
0.695973
0.695965
0.695728
0.695349
0.694904
0.694508
0.694234
0.694012
0.677389
0.677616
0.678149
0.67905
0.680197
0.681526
0.683061
0.684816
0.686784
0.688899
0.69074
0.691952
0.692614
0.692882
0.692888
0.692737
0.692484
0.692239
0.69204
0.691852
0.672349
0.672543
0.673027
0.673896
0.675046
0.676423
0.678054
0.679977
0.682205
0.684701
0.686993
0.68863
0.68966
0.690242
0.690518
0.690597
0.69054
0.690431
0.690293
0.690128
0.667046
0.667215
0.667671
0.668539
0.669732
0.671198
0.672974
0.675125
0.677693
0.680663
0.683504
0.685646
0.687104
0.688048
0.688625
0.688941
0.689094
0.689112
0.689025
0.688876
0.661383
0.661533
0.661979
0.662877
0.664153
0.665756
0.667738
0.670192
0.673191
0.67675
0.680258
0.683002
0.684963
0.686319
0.687238
0.687843
0.688198
0.688334
0.688289
0.688152
0.65525
0.655385
0.655838
0.656794
0.658195
0.65999
0.662251
0.665099
0.668642
0.672928
0.677243
0.680706
0.683261
0.685096
0.686403
0.687324
0.687908
0.688163
0.688156
0.688025
0.648514
0.648639
0.649114
0.650159
0.651733
0.653787
0.656411
0.659759
0.663977
0.669153
0.674445
0.678769
0.682028
0.684428
0.686182
0.687463
0.688301
0.688681
0.688709
0.68858
0.641022
0.641139
0.641648
0.642815
0.644615
0.647004
0.650091
0.654068
0.659125
0.665388
0.671859
0.67721
0.6813
0.684367
0.686655
0.688358
0.689475
0.689983
0.690044
0.689914
0.632566
0.632676
0.633231
0.634562
0.636657
0.639472
0.643142
0.647903
0.653995
0.661585
0.669474
0.676053
0.681125
0.684978
0.687909
0.690095
0.691529
0.692175
0.692266
0.692131
0.622843
0.622962
0.623606
0.625153
0.627625
0.630981
0.635391
0.641138
0.648515
0.657723
0.667313
0.675341
0.681572
0.686346
0.690027
0.692778
0.694572
0.695362
0.69548
0.695336
0.61156
0.611681
0.612443
0.614264
0.617216
0.62127
0.62662
0.633611
0.642588
0.653772
0.665394
0.67512
0.682703
0.688558
0.6931
0.696514
0.698705
0.699644
0.699785
0.699629
0.598225
0.598362
0.599282
0.601462
0.60504
0.610002
0.616569
0.625147
0.636122
0.649716
0.66375
0.675453
0.684587
0.691688
0.697239
0.701399
0.704019
0.705103
0.705258
0.705086
0.582188
0.582361
0.583511
0.586179
0.590589
0.596757
0.604923
0.615543
0.629024
0.645545
0.662419
0.676395
0.687296
0.695813
0.702501
0.707496
0.710564
0.711778
0.711936
0.711746
0.562495
0.562742
0.564241
0.567605
0.573177
0.581007
0.59133
0.604632
0.621276
0.64133
0.661497
0.67804
0.690909
0.700999
0.708931
0.714835
0.718337
0.719648
0.719793
0.719583
0.53772
0.538109
0.540161
0.544586
0.55188
0.562106
0.575434
0.592306
0.612943
0.637217
0.661118
0.68048
0.695483
0.707286
0.716551
0.723373
0.727251
0.728602
0.728712
0.728483
0.505535
0.506216
0.509227
0.515468
0.52554
0.539395
0.55701
0.578623
0.604211
0.633403
0.661444
0.683822
0.701077
0.714652
0.725315
0.732984
0.737103
0.738412
0.738467
0.73822
0.461803
0.463176
0.468217
0.478053
0.493
0.512492
0.536162
0.563908
0.595436
0.630186
0.66268
0.688193
0.707733
0.723078
0.735089
0.74343
0.747561
0.748721
0.748703
0.748448
0.398888
0.4031
0.413659
0.430748
0.45395
0.481887
0.51363
0.548857
0.587173
0.627949
0.665063
0.693703
0.71546
0.732442
0.745561
0.754264
0.758118
0.759001
0.758912
0.758673
0.323704
0.331936
0.351331
0.378946
0.412686
0.450114
0.490477
0.533637
0.57929
0.62685
0.669458
0.70203
0.72665
0.745682
0.75996
0.768752
0.772321
0.773053
0.773014
0.772888
0.248338
0.262265
0.290537
0.328557
0.372482
0.41931
0.468343
0.51951
0.572567
0.626992
0.675218
0.711798
0.739305
0.760451
0.775794
0.784364
0.787279
0.787769
0.787761
0.787711
0.186052
0.203283
0.237456
0.283339
0.335585
0.390663
0.447694
0.506482
0.566683
0.627705
0.681216
0.721514
0.751635
0.774466
0.79045
0.79887
0.801589
0.802042
0.802091
0.802084
0.134687
0.154
0.192685
0.244403
0.303115
0.364991
0.428946
0.494591
0.561378
0.628598
0.687167
0.730995
0.763562
0.788068
0.804905
0.813443
0.816024
0.816576
0.816671
0.816699
0.0916111
0.112149
0.154219
0.210637
0.274695
0.342266
0.41214
0.483826
0.556627
0.62967
0.693069
0.740326
0.775268
0.80143
0.819166
0.828011
0.83087
0.831505
0.831619
0.831672
0.0544228
0.0757907
0.1205
0.180779
0.24937
0.321876
0.39697
0.4741
0.552433
0.630906
0.698893
0.749457
0.786758
0.814571
0.833327
0.842754
0.845852
0.846521
0.84663
0.846694
0.021474
0.0434397
0.0903048
0.153825
0.226324
0.303168
0.382947
0.465022
0.54846
0.632081
0.704457
0.758218
0.797785
0.827187
0.846959
0.857026
0.860377
0.861116
0.861205
0.861268
-0.00845668
0.0139688
0.0626626
0.128984
0.204888
0.285559
0.36955
0.456186
0.544439
0.632993
0.709613
0.766435
0.808157
0.839072
0.859792
0.870451
0.874094
0.874871
0.874937
0.87499
-0.0363304
-0.0134544
0.0368412
0.10565
0.184549
0.268627
0.356448
0.447308
0.540108
0.633385
0.714162
0.773959
0.817753
0.850067
0.871654
0.882825
0.886711
0.887508
0.887546
0.887579
-0.0627061
-0.0393719
0.0123569
0.0833881
0.164946
0.252081
0.343379
0.438136
0.535224
0.633095
0.717983
0.78075
0.826532
0.860156
0.882474
0.893955
0.898026
0.898843
0.898854
0.89886
-0.0880123
-0.064192
-0.0111506
0.0618756
0.145811
0.235692
0.330152
0.428509
0.529659
0.632016
0.721012
0.786773
0.834533
0.869339
0.892248
0.903942
0.908043
0.908857
0.908846
0.908822
-0.112527
-0.0881952
-0.0339262
0.0408983
0.126965
0.21932
0.316656
0.418342
0.523319
0.630034
0.723196
0.792049
0.841815
0.877739
0.901079
0.912822
0.916881
0.917656
0.917629
0.917581
-0.136396
-0.111522
-0.0561136
0.020339
0.108314
0.20289
0.302837
0.407576
0.516138
0.627087
0.724482
0.796597
0.848486
0.885496
0.909119
0.920779
0.92472
0.925429
0.925362
0.925294
-0.159735
-0.134307
-0.0777879
0.000141941
0.0898168
0.186381
0.288677
0.396195
0.508089
0.623119
0.724811
0.800432
0.854652
0.89279
0.916572
0.927972
0.931681
0.932288
0.932189
0.932102
-0.182532
-0.156586
-0.0989783
-0.0197124
0.0714711
0.169799
0.274195
0.384226
0.499178
0.618094
0.724119
0.803538
0.860425
0.899819
0.923609
0.934523
0.937873
0.938324
0.938182
0.938081
-0.20482
-0.17833
-0.119672
-0.0392082
0.0533053
0.153185
0.259442
0.371712
0.489445
0.611997
0.722348
0.805852
0.865852
0.906804
0.93052
0.940633
0.943368
0.943594
0.943418
0.943314
-0.226518
-0.1995
-0.139858
-0.0583288
0.0353604
0.136607
0.24449
0.358727
0.478944
0.604832
0.719422
0.807269
0.87091
0.913943
0.937715
0.946697
0.9484
0.948205
0.947987
0.947904
-0.247638
-0.220049
-0.159519
-0.0770279
0.0176969
0.120128
0.229423
0.345365
0.467747
0.596641
0.715274
0.807663
0.87547
0.921305
0.945688
0.95346
0.953498
0.952338
0.951979
0.952023
-0.26809
-0.239971
-0.178612
-0.0952596
0.000367314
0.103827
0.214319
0.331702
0.455958
0.587491
0.709855
0.806881
0.879301
0.928696
0.954743
0.962034
0.960097
0.956902
0.9556
0.956008
-0.287908
-0.259241
-0.197081
-0.112968
-0.0165546
0.0877937
0.199303
0.31787
0.443698
0.577472
0.703139
0.804754
0.882113
0.935602
0.964537
0.973172
0.970588
0.964679
0.958289
0.945001
-0.307052
-0.2779
-0.215066
-0.130363
-0.0333676
0.0717
0.183962
0.303412
0.430452
0.566083
0.694587
0.800761
0.883669
0.941639
0.974314
0.986544
0.985584
0.977229
0.966303
0.978361
-0.325518
-0.29595
-0.232527
-0.147398
-0.0500234
0.0555942
0.168295
0.288346
0.416193
0.5532
0.683942
0.794158
0.883218
0.945704
0.980975
0.996382
0.997929
0.987182
0.937
0.928196
-0.343811
-0.313549
-0.249205
-0.163794
-0.0660965
0.0398475
0.152479
0.272945
0.401215
0.539025
0.671248
0.784252
0.879925
0.946842
0.979728
0.994041
0.988444
0.951959
0.891911
0.855813
-0.365107
-0.332443
-0.264633
-0.179142
-0.0807624
0.0248493
0.136945
0.257492
0.385735
0.523669
0.656558
0.770611
0.87197
0.943516
0.981766
0.966773
0.939819
0.879434
0.814664
0.775871
0.0641874
0.181313
0.305278
0.437562
0.574427
0.698743
0.804362
0.669505
-0.379262
-0.370009
-0.328294
-0.255469
-0.163482
-0.0625422
0.0461167
0.162048
0.285245
0.416356
0.552088
0.67594
0.778423
0.866559
0.912936
0.860568
0.735495
0.659552
0.599232
-0.402206
-0.390704
-0.345267
-0.271321
-0.179079
-0.078135
0.03015
0.145617
0.267963
0.397731
0.531216
0.652137
0.748594
0.81953
0.816404
0.711509
0.583021
0.49512
0.422532
-0.425562
-0.413761
-0.365922
-0.290974
-0.198838
-0.0977455
0.0106028
0.125744
0.247122
0.375252
0.50557
0.621492
0.707944
0.756354
0.717226
0.56301
0.418683
0.309975
0.221886
-0.448749
-0.436939
-0.387715
-0.311582
-0.219232
-0.118121
-0.0100741
0.104317
0.224433
0.350447
0.477017
0.586837
0.664731
0.682758
0.592079
0.413345
0.241717
0.0954057
-0.0268247
-0.471995
-0.460289
-0.410165
-0.333137
-0.240446
-0.139331
-0.0317302
0.0817497
0.2004
0.323918
0.446179
0.548745
0.616062
0.595617
0.458208
0.266324
0.0696481
-0.0990261
-0.261302
-0.495812
-0.484268
-0.433676
-0.356062
-0.263065
-0.161913
-0.0546947
0.0579208
0.175019
0.295848
0.413524
0.507956
0.559222
0.516216
0.332652
0.134058
-0.0696538
-0.250297
-0.387875
-0.512426
-0.521016
-0.509572
-0.45865
-0.380687
-0.28756
-0.18648
-0.079723
0.0318965
0.147187
0.264863
0.377398
0.462883
0.495759
0.417314
0.216166
0.0145022
-0.175421
-0.319322
-0.370103
-0.391185
-0.547897
-0.536504
-0.485309
-0.407132
-0.314031
-0.213228
-0.107126
0.00320969
0.116308
0.230241
0.336856
0.412513
0.419702
0.302052
0.106999
-0.084756
-0.250871
-0.326585
-0.349699
-0.352432
-0.576682
-0.565256
-0.513738
-0.435402
-0.342463
-0.242116
-0.136933
-0.0281875
0.0823192
0.191949
0.291687
0.357402
0.335216
0.193327
0.00753759
-0.171504
-0.294963
-0.334839
-0.333032
-0.333953
-0.607348
-0.595847
-0.543955
-0.465502
-0.372852
-0.27315
-0.169147
-0.0623062
0.0452077
0.150007
0.242105
0.295785
0.256652
0.0911849
-0.0800807
-0.242054
-0.309671
-0.322467
-0.323292
-0.323168
-0.639669
-0.628059
-0.575842
-0.497354
-0.405112
-0.306279
-0.203719
-0.0991366
0.00499509
0.104486
0.188509
0.228845
0.180714
0.00273759
-0.158229
-0.28027
-0.322178
-0.317239
-0.316592
-0.316174
-0.673138
-0.661477
-0.609109
-0.530698
-0.439048
-0.34132
-0.24051
-0.138554
-0.0381847
0.0557459
0.131088
0.160301
0.0904037
-0.0769116
-0.221699
-0.296267
-0.309886
-0.311301
-0.311732
-0.311504
-0.70724
-0.695552
-0.64324
-0.56508
-0.47426
-0.377929
-0.279214
-0.180269
-0.0840986
0.00426373
0.070665
0.0861909
0.000706574
-0.144939
-0.263429
-0.299955
-0.305983
-0.307951
-0.308312
-0.308218
-0.741008
-0.729341
-0.677417
-0.599794
-0.510143
-0.415587
-0.319358
-0.223806
-0.132261
-0.0496077
0.0096642
0.00916873
-0.0785268
-0.204262
-0.285778
-0.314744
-0.308621
-0.306196
-0.305145
-0.304891
-0.772687
-0.761373
-0.71047
-0.633875
-0.545841
-0.453531
-0.360255
-0.268482
-0.181891
-0.105289
-0.050691
-0.0602455
-0.150268
-0.257474
-0.314958
-0.315606
-0.31194
-0.304794
-0.301446
-0.300666
-0.801153
-0.790217
-0.740871
-0.665997
-0.580207
-0.490747
-0.400988
-0.313432
-0.231967
-0.16148
-0.112045
-0.121472
-0.208449
-0.298047
-0.345371
-0.342963
-0.322539
-0.308508
-0.302897
-0.301216
-0.823643
-0.813398
-0.766683
-0.694469
-0.611798
-0.525958
-0.440382
-0.357594
-0.281382
-0.216668
-0.173032
-0.17526
-0.246234
-0.317298
-0.343079
-0.342817
-0.340858
-0.338078
-0.332477
-0.32851
-0.838044
-0.828851
-0.78562
-0.717354
-0.638933
-0.557687
-0.477042
-0.399686
-0.328947
-0.269722
-0.228026
-0.227604
-0.264348
-0.309886
-0.331165
-0.338213
-0.359279
-0.364961
-0.361366
-0.358621
-0.841773
-0.834042
-0.795365
-0.732621
-0.65978
-0.584355
-0.509515
-0.438148
-0.373333
-0.319808
-0.275777
-0.274063
-0.284654
-0.271492
-0.299323
-0.316861
-0.334493
-0.342175
-0.345974
-0.348033
-0.832608
-0.826293
-0.793698
-0.738236
-0.672692
-0.604421
-0.536518
-0.471344
-0.413149
-0.365327
-0.322517
-0.311094
-0.318679
-0.256927
-0.254846
-0.306347
-0.334842
-0.348988
-0.356368
-0.359156
-0.807084
-0.802622
-0.777939
-0.732611
-0.676567
-0.61677
-0.556871
-0.49842
-0.446453
-0.404793
-0.371976
-0.353142
-0.401512
-0.40479
-0.401917
-0.420493
-0.415815
-0.414355
-0.414524
-0.41462
-0.768828
-0.76602
-0.750029
-0.716175
-0.671358
-0.621365
-0.569712
-0.518982
-0.471741
-0.437244
-0.415448
-0.423347
-0.501204
-0.666248
-0.701499
-0.592836
-0.51951
-0.478831
-0.463209
-0.458758
-0.725034
-0.72329
-0.715376
-0.692926
-0.659492
-0.619173
-0.575722
-0.531637
-0.489736
-0.457663
-0.440692
-0.455806
-0.502758
-0.581871
-0.57391
-0.435466
-0.4038
-0.409825
-0.407481
-0.401933
-0.686135
-0.685002
-0.681375
-0.669022
-0.644985
-0.612711
-0.576172
-0.53679
-0.498518
-0.463545
-0.446904
-0.421239
-0.356984
-0.216595
-0.179406
-0.256619
-0.344899
-0.344319
-0.308433
-0.301033
-0.658045
-0.657428
-0.655147
-0.648911
-0.631973
-0.605745
-0.573004
-0.536756
-0.496939
-0.461648
-0.43513
-0.407576
-0.355329
-0.305009
-0.271405
-0.335384
-0.425286
-0.4715
-0.448542
-0.417533
-0.63716
-0.63673
-0.635831
-0.63335
-0.622728
-0.600722
-0.56973
-0.532647
-0.492515
-0.448403
-0.411698
-0.408418
-0.30978
-0.273975
-0.265787
-0.29806
-0.36538
-0.465886
-0.499322
-0.487442
-0.624321
-0.624213
-0.623822
-0.622402
-0.616771
-0.598008
-0.566979
-0.527718
-0.481963
-0.427925
-0.383235
-0.327383
-0.28597
-0.284481
-0.393109
-0.524451
-0.606073
-0.570667
-0.464512
-0.386222
-0.615589
-0.615553
-0.615154
-0.614717
-0.612279
-0.59746
-0.56579
-0.522111
-0.46745
-0.406541
-0.326892
-0.2346
-0.113494
-0.0895201
-0.0810776
-0.10365
-0.0549816
0.132248
0.3368
0.454995
-0.610958
-0.610863
-0.610531
-0.610114
-0.609016
-0.599337
-0.56715
-0.516641
-0.456272
-0.38069
-0.281159
-0.167938
0.0191402
0.250426
0.508381
0.795999
1.0749
1.33467
1.50801
1.5827
-0.60736
-0.607787
-0.609142
-0.611511
-0.613305
-0.60483
-0.569129
-0.515032
-0.449611
-0.362
-0.254378
-0.134317
0.0414747
0.304835
0.704822
1.13841
1.50696
1.77664
1.91398
1.96084
-0.600014
-0.601228
-0.603321
-0.607069
-0.61038
-0.60162
-0.56705
-0.519178
-0.453151
-0.359102
-0.24259
-0.117844
0.0244023
0.284343
0.665668
1.04988
1.36928
1.58316
1.68338
1.71442
-0.609989
-0.61088
-0.608449
-0.594098
-0.572764
-0.565562
-0.559041
-0.533738
-0.467362
-0.365711
-0.246953
-0.131305
-0.0209626
0.170513
0.493277
0.790455
1.03886
1.19386
1.26073
1.28035
-0.654083
-0.65295
-0.644927
-0.617923
-0.579345
-0.565749
-0.588291
-0.569269
-0.487565
-0.375215
-0.260027
-0.157331
-0.0610768
0.0676577
0.308237
0.525289
0.697254
0.797541
0.841573
0.851568
-0.738481
-0.734689
-0.741842
-0.755843
-0.768023
-0.75441
-0.735066
-0.646305
-0.51266
-0.386768
-0.277697
-0.180877
-0.107598
-0.00758531
0.152505
0.294451
0.405612
0.468223
0.495408
0.502755
-0.874384
-0.877285
-0.910267
-0.962235
-0.988241
-0.970094
-0.895852
-0.728282
-0.539285
-0.402127
-0.287928
-0.205002
-0.151894
-0.079093
0.0340237
0.119902
0.176095
0.203485
0.213656
0.217093
-0.950533
-0.959853
-0.992799
-1.03002
-1.04967
-1.03071
-0.938638
-0.728443
-0.539725
-0.398734
-0.288887
-0.218831
-0.173385
-0.125392
-0.0625898
-0.0213739
-0.010341
-0.00312677
-0.00191253
0.000936348
-0.860716
-0.869831
-0.897968
-0.931611
-0.952804
-0.934763
-0.822817
-0.634748
-0.487433
-0.358265
-0.275751
-0.218012
-0.1943
-0.151573
-0.106482
-0.0963876
-0.103821
-0.115818
-0.111808
-0.105115
-0.585221
-0.596872
-0.624965
-0.664295
-0.6955
-0.68346
-0.596102
-0.485462
-0.376652
-0.289773
-0.237121
-0.206121
-0.193997
-0.167942
-0.124814
-0.10126
-0.0974935
-0.0957578
-0.0908878
-0.0885729
-0.227882
-0.235375
-0.254585
-0.286202
-0.318777
-0.33007
-0.316962
-0.287362
-0.246933
-0.21032
-0.184163
-0.173073
-0.177885
-0.142749
-0.100469
-0.0687735
-0.0508211
-0.0375464
-0.0302456
-0.0290891
0.053356
0.049633
0.0387664
0.0154379
-0.0210384
-0.0623712
-0.0947226
-0.119007
-0.132511
-0.130158
-0.121194
-0.118499
-0.118866
-0.087621
-0.0506853
-0.0246801
-0.00424123
0.010265
0.0154638
0.0155312
0.192541
0.19061
0.184185
0.165974
0.131858
0.0830508
0.0298046
-0.0144452
-0.04544
-0.0600095
-0.0622934
-0.052674
-0.0354227
-0.0205917
-0.00198308
0.00937902
0.0233658
0.0332785
0.0371516
0.0367467
0.226777
0.225701
0.221456
0.208152
0.181151
0.141069
0.0951029
0.0498297
0.0135469
-0.00701768
-0.0087609
0.00687537
0.0308842
0.0400997
0.0433807
0.0420344
0.0451942
0.0497864
0.0518209
0.0511151
0.212594
0.212043
0.2093
0.200391
0.1817
0.152777
0.117508
0.0809068
0.0496218
0.0309208
0.0307752
0.0479832
0.0748801
0.0766635
0.0700632
0.0631087
0.061186
0.0602431
0.0589258
0.0572711
0.182379
0.182178
0.180505
0.174842
0.162654
0.143184
0.117985
0.0906211
0.0660775
0.0509699
0.0520791
0.0702363
0.0938274
0.0923374
0.0769848
0.0649848
0.0589166
0.0550684
0.0517754
0.0503131
0.149075
0.149121
0.148204
0.144766
0.137059
0.124306
0.107101
0.0876067
0.0691042
0.0571314
0.0590033
0.0744447
0.0939907
0.0887633
0.0723665
0.0610376
0.0534407
0.0479275
0.0433206
0.04181
0.117588
0.117658
0.11713
0.115055
0.110225
0.101966
0.0903617
0.0765876
0.0628661
0.0524166
0.051469
0.0617568
0.0767431
0.0676994
0.0514575
0.043809
0.040111
0.0363361
0.034073
0.0331839
0.0889208
0.089055
0.0887547
0.0875296
0.0845555
0.0792081
0.0713286
0.0613289
0.050227
0.0394786
0.031603
0.0283829
0.0300366
0.0226508
0.0141409
0.0151998
0.0184623
0.0201583
0.0197881
0.0191114
0.0633148
0.0634406
0.0632911
0.0626202
0.060889
0.057542
0.0522629
0.0449948
0.0356142
0.0235613
0.00570634
-0.0198759
-0.0484301
-0.0539385
-0.0403675
-0.0230706
-0.0122227
-0.00745698
-0.006257
-0.00627575
0.0407585
0.0408594
0.0407869
0.0404584
0.0395848
0.0376527
0.034328
0.0294067
0.0216951
0.00907427
-0.0153677
-0.0645723
-0.11701
-0.114394
-0.0794493
-0.0522117
-0.0394397
-0.0350578
-0.0332616
-0.032421
0.0210926
0.0211732
0.0211711
0.0210829
0.0207509
0.01989
0.0181905
0.0152576
0.0109767
0.00147954
-0.0193644
-0.0675918
-0.1184
-0.104336
-0.0685582
-0.0488877
-0.0431896
-0.042273
-0.0409315
-0.0395582
0.0123221
0.0123385
0.012309
0.0122372
0.0119669
0.0113234
0.010005
0.00753032
0.00391401
-0.00556885
-0.0285457
-0.0739863
-0.0827889
-0.0596472
-0.0406983
-0.0329227
-0.0320451
-0.0329887
-0.0319137
-0.0129767
-0.113971
0.155247
0.330543
0.49486
0.627623
0.733967
0.819601
0.892081
0.938272
0.928057
0.287724
0.40707
0.526501
0.634013
0.725696
0.80229
0.864654
0.91104
0.938695
0.954889
0.50631
0.583963
0.666648
0.742825
0.808407
0.863776
0.908618
0.943052
0.969346
0.989447
0.661815
0.719077
0.777978
0.833791
0.882449
0.92416
0.959374
0.988857
1.01324
1.0313
0.785654
0.830117
0.873182
0.915405
0.953683
0.987603
1.01745
1.0433
1.06421
1.08096
0.889071
0.923578
0.959136
0.993863
1.02644
1.05617
1.08278
1.1058
1.12416
1.13934
0.979765
1.01
1.04232
1.07433
1.10451
1.13229
1.15716
1.17836
1.19471
1.20853
1.06682
1.09738
1.13
1.16208
1.19217
1.21953
1.24359
1.26359
1.2784
1.29105
1.15978
1.19389
1.22963
1.2634
1.2943
1.32163
1.34493
1.36375
1.37743
1.38965
1.27115
1.30919
1.34826
1.38333
1.41407
1.44031
1.46212
1.4796
1.49281
1.50562
1.41258
1.451
1.48954
1.52181
1.5491
1.57243
1.59247
1.60948
1.6235
1.63732
1.58822
1.61817
1.64822
1.67244
1.69347
1.71282
1.73102
1.74834
1.76422
1.77909
1.7819
1.79631
1.81393
1.83071
1.84723
1.86267
1.87683
1.89088
1.90575
1.92192
1.97091
1.97521
1.98811
2.0003
2.0103
2.01961
2.0298
2.04046
2.0498
2.06202
2.20037
2.18677
2.17796
2.16292
2.15185
2.15131
2.16333
2.18713
2.21897
2.25473
2.57456
2.41606
2.31055
2.2517
2.22264
2.21609
2.23126
2.27248
2.35171
2.49683
-0.358594
-0.355194
-0.312988
-0.239362
-0.14709
-0.0454275
0.901407
0.956086
0.946105
0.876198
0.807324
0.740478
0.538946
0.345912
0.123095
-0.166142
-0.511866
)
;

boundaryField
{
    wall-4
    {
        type            zeroGradient;
    }
    pressure-outlet-7
    {
        type            fixedValue;
        value           uniform 0;
    }
    velocity-inlet-6
    {
        type            zeroGradient;
    }
    velocity-inlet-5
    {
        type            zeroGradient;
    }
    frontAndBackPlanes
    {
        type            empty;
    }
}


// ************************************************************************* //
