/*--------------------------------*- C++ -*----------------------------------*\
  =========                 |
  \\      /  F ield         | OpenFOAM: The Open Source CFD Toolbox
   \\    /   O peration     | Website:  https://openfoam.org
    \\  /    A nd           | Version:  6
     \\/     M anipulation  |
\*---------------------------------------------------------------------------*/
FoamFile
{
    version     2.0;
    format      ascii;
    class       volScalarField;
    location    "89";
    object      p;
}
// * * * * * * * * * * * * * * * * * * * * * * * * * * * * * * * * * * * * * //

dimensions      [0 2 -2 0 0 0 0];

internalField   nonuniform List<scalar> 
8800
(
0.848561
0.799246
0.761282
0.733214
0.713056
0.698472
0.687878
0.680345
0.675468
0.673411
0.674795
0.679151
0.685953
0.695385
0.708127
0.725452
0.749332
0.782431
0.82537
0.877885
0.683051
0.689396
0.698547
0.702097
0.69949
0.693405
0.686468
0.680233
0.675439
0.672581
0.672363
0.675005
0.679659
0.685797
0.692904
0.699943
0.704826
0.704705
0.698033
0.689137
0.656558
0.662794
0.667296
0.67117
0.674121
0.675074
0.673991
0.671878
0.669908
0.669083
0.670132
0.6726
0.6755
0.67778
0.678309
0.676526
0.673165
0.669156
0.664378
0.660662
0.652245
0.655012
0.65762
0.659781
0.661522
0.663096
0.664205
0.664568
0.664467
0.664583
0.665408
0.666569
0.667326
0.667189
0.666224
0.664877
0.663215
0.660918
0.65851
0.656944
0.647173
0.648599
0.650441
0.652525
0.654243
0.655542
0.656649
0.657641
0.658466
0.659224
0.65996
0.660443
0.660487
0.66014
0.659485
0.658381
0.656733
0.654846
0.653497
0.652694
0.64216
0.643064
0.644314
0.645945
0.647645
0.649186
0.650481
0.651618
0.652703
0.653748
0.654565
0.654985
0.65502
0.654673
0.653888
0.652713
0.651364
0.650107
0.64929
0.648766
0.637224
0.637881
0.638845
0.640169
0.641624
0.643152
0.644651
0.646034
0.647323
0.648563
0.649554
0.650086
0.650136
0.649728
0.648969
0.648046
0.64707
0.646177
0.645602
0.645217
0.632361
0.632866
0.633655
0.634803
0.636114
0.637545
0.639072
0.640638
0.642182
0.643682
0.644888
0.645546
0.645667
0.645382
0.644848
0.644184
0.643468
0.642819
0.642398
0.642098
0.627513
0.627914
0.628579
0.629609
0.630853
0.632235
0.633763
0.635434
0.637206
0.639006
0.640487
0.641356
0.641686
0.641644
0.641363
0.640928
0.640425
0.639974
0.639665
0.639421
0.622598
0.622926
0.623504
0.624459
0.625661
0.627039
0.628611
0.630396
0.632381
0.634502
0.63634
0.63754
0.638179
0.638421
0.638393
0.6382
0.637903
0.637618
0.637394
0.637188
0.617527
0.617798
0.618318
0.61923
0.620422
0.621836
0.623497
0.62544
0.62768
0.630177
0.632463
0.634087
0.635099
0.635663
0.635914
0.635966
0.635879
0.635743
0.635588
0.63541
0.612205
0.612433
0.612916
0.613816
0.615039
0.616532
0.618327
0.620487
0.623054
0.626017
0.628849
0.630982
0.632429
0.633365
0.63393
0.634234
0.634368
0.634374
0.634276
0.634116
0.606536
0.60673
0.607195
0.608114
0.609409
0.611027
0.613011
0.615458
0.618443
0.621984
0.625478
0.628216
0.630175
0.631538
0.632461
0.633061
0.633418
0.633555
0.633504
0.633357
0.60041
0.600578
0.601042
0.602007
0.603415
0.605211
0.607455
0.610274
0.61378
0.618031
0.622326
0.62579
0.628355
0.630215
0.631551
0.632484
0.633082
0.633349
0.63334
0.633199
0.593701
0.593846
0.594326
0.595366
0.596932
0.598967
0.601549
0.60484
0.608995
0.614112
0.619375
0.623706
0.626992
0.629439
0.631244
0.632558
0.633429
0.633832
0.633861
0.633723
0.586261
0.586381
0.58689
0.588037
0.589813
0.592157
0.595169
0.599052
0.604007
0.61018
0.616609
0.621975
0.626112
0.629253
0.63162
0.633374
0.634551
0.635095
0.635158
0.635018
0.577896
0.578001
0.578544
0.57983
0.581876
0.584613
0.588167
0.592787
0.598729
0.606185
0.614013
0.620611
0.625752
0.62971
0.632752
0.635021
0.636542
0.637234
0.637328
0.637182
0.568324
0.56843
0.569041
0.5705
0.572896
0.57613
0.580363
0.585901
0.593059
0.602075
0.611576
0.619632
0.625959
0.630877
0.634712
0.637585
0.639495
0.640343
0.640464
0.640308
0.557252
0.557334
0.558031
0.559743
0.562583
0.56645
0.571541
0.578228
0.586885
0.597795
0.609293
0.61906
0.626776
0.632826
0.637572
0.641158
0.643499
0.644503
0.644643
0.644474
0.544267
0.544338
0.545142
0.547165
0.55057
0.555249
0.561436
0.569572
0.580088
0.593295
0.607163
0.618927
0.628245
0.635607
0.641419
0.645811
0.648615
0.649766
0.649916
0.649731
0.528774
0.528835
0.529792
0.532236
0.536383
0.542125
0.549731
0.559716
0.572554
0.588545
0.605201
0.619267
0.63041
0.639269
0.646289
0.65158
0.65486
0.656136
0.656281
0.656076
0.50995
0.510006
0.511184
0.514221
0.519384
0.52656
0.536051
0.548438
0.564192
0.583548
0.603444
0.620116
0.633311
0.643841
0.65219
0.658455
0.662185
0.66354
0.663661
0.663436
0.486574
0.486636
0.488167
0.492095
0.498719
0.507908
0.519986
0.535545
0.554972
0.578359
0.601961
0.621523
0.636968
0.649323
0.659104
0.666353
0.670447
0.671807
0.671881
0.671638
0.456748
0.456841
0.458982
0.464359
0.47327
0.485432
0.501171
0.520956
0.544978
0.573113
0.60087
0.623559
0.641395
0.655674
0.666958
0.675096
0.679388
0.680653
0.680658
0.680403
0.417244
0.417474
0.420879
0.428931
0.441709
0.458491
0.479466
0.504817
0.534455
0.568036
0.600323
0.626307
0.646608
0.662836
0.67559
0.684401
0.688637
0.689692
0.689615
0.689359
0.361912
0.363074
0.36988
0.383511
0.403062
0.427
0.455234
0.487611
0.523836
0.56344
0.600499
0.629854
0.652609
0.670718
0.684763
0.693884
0.697732
0.698484
0.698332
0.698086
0.28185
0.289713
0.305386
0.329271
0.35895
0.392469
0.429527
0.469925
0.513393
0.559481
0.601614
0.634559
0.65996
0.680078
0.695122
0.704152
0.707404
0.707847
0.707651
0.707446
0.196577
0.213796
0.239257
0.274154
0.314506
0.357727
0.403594
0.452085
0.503034
0.556077
0.60394
0.64107
0.669626
0.691927
0.707834
0.716101
0.718433
0.718584
0.718417
0.718289
0.123395
0.144462
0.17809
0.222422
0.272229
0.324584
0.379015
0.435435
0.493645
0.553279
0.606387
0.647208
0.678431
0.702449
0.718528
0.725759
0.7274
0.727451
0.727321
0.727227
0.0633451
0.0867549
0.125986
0.177085
0.234264
0.294237
0.356206
0.41987
0.484829
0.550592
0.6085
0.652602
0.686032
0.711248
0.727292
0.73384
0.735156
0.735171
0.735063
0.734979
0.0135131
0.038324
0.081606
0.137963
0.201031
0.267251
0.335612
0.405637
0.476702
0.548098
0.610423
0.657478
0.692823
0.719008
0.734951
0.740982
0.742123
0.742136
0.742048
0.741964
-0.0287217
-0.00309186
0.0431769
0.103793
0.171808
0.243348
0.317231
0.392868
0.469448
0.546039
0.612459
0.662217
0.699238
0.726168
0.741918
0.747567
0.748629
0.748672
0.74861
0.748526
-0.0654347
-0.0392761
0.00931798
0.0734629
0.14571
0.221898
0.300691
0.381407
0.463066
0.544525
0.614817
0.667093
0.705614
0.733088
0.748613
0.753988
0.755016
0.75511
0.75509
0.755008
-0.0981514
-0.0715878
-0.0210884
0.0460692
0.121997
0.20229
0.285524
0.370926
0.457367
0.543482
0.617535
0.672239
0.712168
0.740146
0.755484
0.760633
0.761664
0.761821
0.761859
0.761788
-0.127935
-0.101012
-0.0488998
0.020894
0.100077
0.184032
0.271311
0.361073
0.45208
0.542746
0.620529
0.677693
0.719055
0.747586
0.762855
0.767905
0.768936
0.769133
0.769216
0.769159
-0.15563
-0.128334
-0.0747841
-0.00260336
0.0794778
0.166729
0.257707
0.351554
0.446938
0.542113
0.623693
0.683429
0.726342
0.755576
0.770906
0.775914
0.776904
0.777105
0.777214
0.777175
-0.181668
-0.154027
-0.0991626
-0.0248525
0.059834
0.150073
0.24445
0.342122
0.441729
0.541402
0.626922
0.689361
0.733956
0.763997
0.779503
0.784513
0.785449
0.78561
0.785712
0.785684
-0.206558
-0.178493
-0.122413
-0.046164
0.0408746
0.133827
0.231338
0.332591
0.436265
0.540441
0.630064
0.695387
0.741761
0.772676
0.788389
0.793394
0.794254
0.794351
0.794423
0.794415
-0.230466
-0.201974
-0.144752
-0.0667487
0.0224091
0.117828
0.218221
0.322823
0.430389
0.539066
0.632983
0.701408
0.749634
0.781395
0.797297
0.802218
0.802986
0.802998
0.803028
0.803027
-0.25357
-0.224626
-0.166343
-0.0867437
0.00432502
0.101975
0.204999
0.312708
0.42398
0.537119
0.635531
0.707339
0.757534
0.790032
0.805921
0.810697
0.811331
0.811258
0.811244
0.81124
-0.275999
-0.246572
-0.18728
-0.106224
-0.0134543
0.0862068
0.19162
0.302191
0.416951
0.534462
0.637559
0.713102
0.765464
0.798554
0.814165
0.818607
0.819079
0.818934
0.818885
0.818875
-0.297844
-0.267884
-0.207601
-0.125229
-0.0309452
0.0705002
0.178067
0.29124
0.409247
0.530978
0.638913
0.718611
0.773504
0.807153
0.822101
0.825901
0.826125
0.825931
0.825865
0.825847
-0.319007
-0.288541
-0.227313
-0.143783
-0.0481569
0.0548749
0.164349
0.27987
0.40085
0.526597
0.639433
0.723752
0.781729
0.816108
0.830044
0.832691
0.832434
0.832222
0.832205
0.832188
-0.339489
-0.308538
-0.246435
-0.161874
-0.0650685
0.0393532
0.150512
0.268104
0.391776
0.521257
0.638979
0.728354
0.790146
0.825811
0.838639
0.839488
0.838177
0.837853
0.838093
0.838186
-0.359362
-0.327869
-0.264971
-0.179496
-0.0816434
0.0239885
0.136611
0.256003
0.382059
0.514945
0.637403
0.732213
0.798631
0.83651
0.848785
0.847522
0.844173
0.843214
0.844009
0.844773
-0.378506
-0.34652
-0.282887
-0.196602
-0.0978452
0.00884301
0.122718
0.243645
0.371771
0.507696
0.634587
0.735071
0.806892
0.848096
0.861122
0.858555
0.85277
0.849622
0.84938
0.849756
-0.397014
-0.364523
-0.300199
-0.213236
-0.113719
-0.00613018
0.108775
0.230966
0.360838
0.499433
0.630361
0.736656
0.814688
0.860236
0.875621
0.873713
0.866407
0.858534
0.849901
0.852007
-0.414823
-0.381943
-0.317049
-0.229595
-0.129557
-0.0212501
0.0943839
0.21751
0.348755
0.48959
0.62416
0.736335
0.821798
0.872741
0.891462
0.89212
0.883353
0.869091
0.84799
0.849167
-0.431814
-0.398761
-0.333286
-0.2455
-0.145106
-0.0362291
0.0797283
0.203567
0.335767
0.47832
0.615861
0.733143
0.826989
0.884111
0.904597
0.905837
0.895809
0.865856
0.809201
0.785394
-0.447888
-0.415959
-0.34852
-0.26052
-0.159571
-0.0505811
0.0650887
0.189412
0.322147
0.465775
0.605448
0.726327
0.82874
0.892725
0.909495
0.905265
0.88214
0.825498
0.762949
0.725129
-0.489822
-0.432883
-0.362449
-0.275599
-0.173717
-0.0652983
0.0506123
0.174912
0.307669
0.451555
0.592391
0.715023
0.823064
0.893616
0.902
0.876914
0.81838
0.747002
0.676094
0.636985
-0.464004
-0.445429
-0.383605
-0.296078
-0.195685
-0.0874416
0.0278703
0.151703
0.283887
0.426999
0.567443
0.689728
0.790932
0.86905
0.842717
0.721519
0.623121
0.554782
0.487702
0.510652
-0.493973
-0.462289
-0.399595
-0.312536
-0.212512
-0.104388
0.0111765
0.134456
0.265794
0.407461
0.545763
0.664935
0.75489
0.798718
0.735812
0.585766
0.469346
0.390825
0.305806
0.34683
-0.516987
-0.482984
-0.418602
-0.331502
-0.231525
-0.12339
-0.0078953
0.114664
0.244756
0.384218
0.518864
0.632077
0.710007
0.715603
0.597528
0.433928
0.298566
0.201178
0.103186
0.130435
-0.539265
-0.504278
-0.438591
-0.350868
-0.250825
-0.142803
-0.0278064
0.0938262
0.222382
0.359112
0.488848
0.592979
0.653497
0.625257
0.456422
0.272682
0.107955
-0.0295622
-0.156456
-0.148028
-0.561202
-0.525888
-0.459351
-0.371079
-0.270927
-0.163138
-0.0488104
0.071705
0.198368
0.331826
0.455573
0.550282
0.589571
0.512212
0.317164
0.114607
-0.0757493
-0.232275
-0.43851
-0.5184
-0.583487
-0.548286
-0.481277
-0.39264
-0.292372
-0.184796
-0.0711019
0.0482166
0.172787
0.30257
0.419618
0.504876
0.5162
0.387608
0.189701
-0.0237996
-0.218632
-0.381549
-0.505541
-0.621168
-0.607186
-0.571953
-0.504726
-0.415934
-0.315698
-0.208456
-0.0955198
0.0223811
0.144442
0.26985
0.379479
0.451497
0.433815
0.269139
0.0701937
-0.13702
-0.315176
-0.413601
-0.439684
-0.452973
-0.632433
-0.597182
-0.529826
-0.44105
-0.341051
-0.234343
-0.122445
-0.00632461
0.112699
0.232857
0.334613
0.387504
0.349839
0.155085
-0.0415253
-0.228405
-0.363167
-0.401588
-0.410249
-0.410576
-0.659512
-0.624101
-0.556618
-0.467978
-0.368382
-0.262471
-0.151912
-0.0379706
0.0774731
0.191583
0.28452
0.31987
0.248255
0.0504747
-0.139435
-0.301752
-0.377573
-0.391756
-0.392804
-0.392668
-0.68843
-0.652743
-0.585127
-0.496722
-0.397717
-0.29284
-0.183942
-0.0725883
0.0387718
0.146142
0.228881
0.248384
0.137615
-0.0447825
-0.223871
-0.352242
-0.381695
-0.382503
-0.383175
-0.382784
-0.718937
-0.682951
-0.615261
-0.527209
-0.428979
-0.325409
-0.218523
-0.110166
-0.00335615
0.096655
0.169039
0.168805
0.0398814
-0.131904
-0.290368
-0.363845
-0.378847
-0.377311
-0.377157
-0.376818
-0.750481
-0.714377
-0.646759
-0.559213
-0.461986
-0.360028
-0.255512
-0.150591
-0.0486939
0.0435801
0.105411
0.0886448
-0.0495786
-0.208147
-0.335493
-0.373768
-0.372823
-0.372938
-0.3727
-0.372425
-0.782618
-0.746492
-0.679136
-0.592319
-0.49639
-0.396375
-0.294627
-0.193587
-0.096941
-0.0121191
0.0367877
0.0131971
-0.130078
-0.267944
-0.362276
-0.370242
-0.37051
-0.370136
-0.369814
-0.369577
-0.81438
-0.778424
-0.711669
-0.625894
-0.531636
-0.433971
-0.335398
-0.238662
-0.147665
-0.0695889
-0.031659
-0.0620823
-0.198473
-0.3098
-0.3663
-0.377285
-0.37093
-0.369169
-0.368622
-0.368292
-0.844024
-0.808891
-0.743316
-0.659047
-0.566941
-0.472102
-0.377149
-0.285067
-0.200087
-0.128366
-0.095027
-0.139653
-0.254252
-0.342861
-0.364331
-0.369502
-0.370825
-0.370614
-0.370282
-0.369984
-0.870391
-0.836382
-0.772678
-0.690574
-0.601239
-0.509816
-0.418992
-0.331866
-0.252963
-0.187929
-0.156628
-0.207113
-0.297956
-0.367198
-0.384733
-0.376053
-0.373853
-0.373064
-0.372696
-0.372552
-0.89081
-0.858796
-0.797993
-0.718945
-0.633207
-0.545919
-0.459811
-0.377985
-0.304988
-0.246487
-0.217739
-0.26039
-0.32847
-0.380617
-0.381084
-0.377185
-0.374367
-0.373312
-0.373014
-0.372939
-0.903226
-0.874013
-0.817183
-0.74241
-0.661308
-0.579024
-0.498273
-0.42217
-0.355051
-0.301334
-0.27367
-0.302943
-0.344004
-0.379183
-0.374645
-0.374048
-0.373271
-0.372524
-0.37221
-0.372031
-0.904942
-0.879649
-0.828141
-0.759115
-0.683899
-0.607658
-0.532949
-0.462934
-0.401902
-0.351729
-0.320184
-0.338167
-0.347814
-0.368365
-0.371551
-0.370774
-0.371127
-0.371184
-0.371145
-0.371034
-0.893623
-0.873118
-0.828733
-0.767308
-0.699503
-0.630432
-0.562524
-0.498752
-0.443744
-0.399047
-0.354413
-0.369649
-0.350554
-0.356048
-0.365677
-0.3677
-0.369685
-0.370959
-0.37142
-0.371478
-0.866954
-0.851948
-0.817078
-0.765751
-0.707063
-0.646344
-0.585981
-0.528521
-0.478905
-0.441712
-0.393197
-0.386145
-0.370572
-0.361396
-0.360585
-0.369119
-0.373714
-0.375857
-0.376721
-0.377026
-0.828378
-0.818807
-0.794331
-0.754702
-0.706576
-0.655155
-0.602726
-0.55175
-0.506896
-0.475093
-0.443445
-0.415928
-0.389987
-0.392304
-0.401405
-0.395926
-0.390193
-0.389213
-0.390166
-0.390573
-0.784939
-0.77949
-0.765425
-0.737237
-0.700136
-0.657693
-0.612899
-0.568118
-0.52708
-0.496972
-0.469678
-0.446984
-0.426129
-0.416632
-0.401547
-0.399286
-0.410178
-0.418136
-0.420625
-0.420736
-0.746548
-0.743232
-0.736556
-0.718684
-0.690621
-0.655801
-0.617528
-0.57746
-0.538736
-0.507511
-0.481562
-0.469865
-0.465861
-0.479899
-0.493443
-0.511168
-0.508709
-0.489969
-0.478326
-0.480437
-0.71889
-0.716925
-0.71352
-0.702984
-0.681725
-0.652575
-0.618427
-0.580909
-0.542114
-0.506831
-0.481326
-0.471964
-0.503663
-0.5722
-0.642586
-0.685167
-0.686515
-0.649682
-0.597039
-0.580392
-0.698575
-0.697878
-0.696726
-0.691538
-0.676003
-0.650473
-0.617684
-0.579806
-0.538203
-0.496677
-0.467418
-0.438975
-0.419349
-0.430179
-0.461437
-0.471146
-0.459446
-0.448966
-0.426723
-0.414806
-0.686714
-0.686484
-0.685871
-0.683446
-0.672929
-0.649485
-0.616379
-0.57644
-0.530603
-0.479946
-0.436039
-0.382149
-0.305921
-0.231828
-0.176282
-0.142137
-0.144211
-0.141583
-0.132378
-0.12566
-0.678517
-0.678368
-0.67796
-0.677251
-0.670822
-0.649686
-0.615554
-0.572403
-0.520732
-0.458571
-0.396074
-0.313551
-0.190027
-0.0492605
0.0559964
0.113635
0.169742
0.229778
0.27834
0.301771
-0.673169
-0.673125
-0.672997
-0.672838
-0.668997
-0.65122
-0.615915
-0.568664
-0.511366
-0.439065
-0.356573
-0.260156
-0.0865352
0.141026
0.377349
0.57654
0.728338
0.833994
0.898494
0.923558
-0.668794
-0.668835
-0.668862
-0.668887
-0.667567
-0.653382
-0.617781
-0.567114
-0.505071
-0.423879
-0.328352
-0.224473
-0.0244508
0.269981
0.605668
0.919862
1.1648
1.31037
1.36982
1.38441
-0.664817
-0.664916
-0.664947
-0.664853
-0.664603
-0.654574
-0.621243
-0.569926
-0.502829
-0.416826
-0.315816
-0.208805
-0.0207749
0.274105
0.604775
0.91791
1.17247
1.31698
1.36593
1.37483
-0.662124
-0.66208
-0.661693
-0.660834
-0.660536
-0.65405
-0.62673
-0.576058
-0.506053
-0.419011
-0.32049
-0.220424
-0.0693988
0.186001
0.46256
0.711762
0.906672
1.01318
1.05037
1.05796
-0.661951
-0.661829
-0.661356
-0.660167
-0.658322
-0.656289
-0.6361
-0.585946
-0.514659
-0.429948
-0.338637
-0.249495
-0.130406
0.0739348
0.284029
0.457274
0.587493
0.659668
0.687692
0.695316
-0.665058
-0.665528
-0.666715
-0.668906
-0.670553
-0.670823
-0.652466
-0.598692
-0.527318
-0.448736
-0.365986
-0.288786
-0.203404
-0.0484183
0.115352
0.242681
0.335257
0.388815
0.411877
0.418151
-0.668948
-0.670455
-0.675082
-0.685987
-0.701108
-0.705017
-0.674256
-0.611275
-0.543515
-0.473881
-0.396598
-0.330322
-0.266585
-0.149707
-0.022086
0.0778844
0.152055
0.197699
0.215546
0.219468
-0.675813
-0.677198
-0.681613
-0.691821
-0.708299
-0.71253
-0.677556
-0.616651
-0.56325
-0.500083
-0.427113
-0.371246
-0.325176
-0.232325
-0.129158
-0.0493453
0.0108886
0.0481586
0.0619078
0.0636797
-0.694425
-0.695334
-0.696375
-0.685671
-0.659208
-0.643214
-0.629563
-0.611351
-0.583064
-0.522101
-0.455587
-0.408481
-0.373397
-0.301057
-0.218167
-0.1549
-0.107015
-0.0781696
-0.0686152
-0.0682047
-0.718616
-0.718502
-0.715319
-0.684162
-0.612444
-0.555333
-0.579136
-0.615943
-0.601366
-0.540595
-0.480139
-0.438992
-0.40814
-0.348162
-0.283519
-0.23625
-0.200919
-0.18053
-0.173736
-0.17338
-0.748829
-0.745889
-0.744264
-0.730992
-0.696123
-0.657994
-0.6607
-0.676348
-0.635616
-0.560956
-0.501287
-0.46302
-0.431633
-0.383387
-0.333265
-0.297935
-0.27259
-0.258841
-0.254209
-0.254436
-0.83148
-0.834623
-0.864837
-0.910536
-0.932943
-0.913111
-0.870557
-0.799169
-0.691395
-0.585374
-0.522218
-0.477727
-0.445357
-0.406073
-0.367497
-0.340755
-0.322372
-0.312868
-0.309816
-0.310073
-0.971323
-0.988736
-1.03693
-1.09047
-1.11686
-1.10121
-1.0342
-0.901992
-0.734539
-0.60744
-0.535585
-0.481391
-0.452717
-0.419242
-0.384896
-0.362523
-0.348913
-0.342472
-0.340056
-0.340291
-1.05753
-1.07625
-1.11328
-1.1506
-1.17249
-1.15666
-1.08048
-0.910345
-0.729448
-0.60953
-0.524736
-0.473676
-0.449922
-0.417545
-0.386443
-0.366813
-0.355008
-0.348461
-0.34607
-0.346348
-1.01706
-1.02959
-1.05517
-1.08302
-1.10161
-1.08923
-1.01443
-0.836804
-0.68274
-0.574152
-0.488866
-0.453725
-0.432481
-0.399796
-0.371355
-0.353269
-0.341283
-0.334715
-0.33251
-0.332957
-0.847648
-0.860171
-0.883924
-0.912318
-0.933834
-0.926442
-0.851748
-0.7183
-0.603376
-0.500806
-0.443827
-0.415953
-0.396596
-0.370792
-0.345347
-0.327048
-0.314481
-0.307855
-0.30589
-0.306556
-0.584964
-0.597842
-0.623515
-0.657128
-0.68574
-0.686076
-0.635136
-0.558657
-0.481825
-0.419238
-0.387494
-0.361222
-0.351568
-0.329244
-0.305928
-0.290487
-0.279524
-0.274093
-0.272719
-0.273465
-0.28928
-0.29932
-0.32121
-0.354393
-0.387962
-0.407031
-0.400487
-0.381396
-0.35316
-0.334258
-0.312007
-0.301313
-0.297902
-0.277278
-0.259404
-0.247597
-0.239074
-0.235176
-0.234482
-0.235187
-0.0523275
-0.0585782
-0.0746605
-0.103088
-0.14299
-0.184269
-0.217674
-0.237489
-0.245634
-0.243159
-0.237449
-0.236129
-0.233133
-0.218013
-0.206766
-0.199053
-0.193316
-0.190893
-0.190586
-0.19124
0.0755387
0.0714582
0.0595549
0.0349711
-0.00298155
-0.050922
-0.10046
-0.136782
-0.157292
-0.167934
-0.171226
-0.166252
-0.164647
-0.158227
-0.152724
-0.147845
-0.143615
-0.141908
-0.1419
-0.142589
0.108386
0.105517
0.0965677
0.0774499
0.045851
0.00615674
-0.0338084
-0.0686121
-0.0935398
-0.104636
-0.107238
-0.103204
-0.1022
-0.100789
-0.0987266
-0.0962117
-0.0933065
-0.0920042
-0.0923254
-0.0930674
0.0815804
0.0797161
0.074056
0.062036
0.0425717
0.0171815
-0.00896704
-0.0302715
-0.0432283
-0.0504824
-0.0541638
-0.0504527
-0.0503182
-0.0507396
-0.0509278
-0.0494431
-0.0467641
-0.0455789
-0.0462778
-0.0471728
0.0217474
0.0215799
0.0214113
0.0191994
0.0146121
0.00848634
0.00247768
-0.00316908
-0.00775027
-0.00995937
-0.0106966
-0.0101667
-0.00773765
-0.00857858
-0.00952444
-0.0105162
-0.0118626
-0.0127098
-0.011398
-0.0108098
-0.0203642
0.165742
0.336159
0.479885
0.593964
0.682995
0.756382
0.815858
0.830439
0.827287
0.263296
0.382303
0.493579
0.589582
0.669872
0.735748
0.787484
0.822442
0.84121
0.858036
0.455057
0.534115
0.612167
0.680476
0.738498
0.786515
0.824363
0.853357
0.875248
0.894517
0.596936
0.653104
0.709594
0.760216
0.803867
0.841018
0.872258
0.898528
0.918538
0.937441
0.711542
0.753836
0.795796
0.835089
0.870226
0.901335
0.928583
0.951725
0.969529
0.987606
0.80707
0.842157
0.876713
0.909851
0.940428
0.968156
0.992683
1.01332
1.02896
1.04645
0.894382
0.925978
0.957826
0.988654
1.01734
1.04345
1.06636
1.08515
1.09897
1.11598
0.980659
1.01301
1.04519
1.07618
1.10478
1.13041
1.1524
1.16983
1.18213
1.19864
1.07466
1.11101
1.14564
1.17797
1.20702
1.23226
1.25328
1.26949
1.28105
1.29717
1.18757
1.22827
1.26517
1.29795
1.32632
1.35023
1.36978
1.38501
1.39686
1.41292
1.32901
1.36993
1.40511
1.43459
1.45972
1.48128
1.49974
1.5152
1.52829
1.54423
1.50037
1.53244
1.55938
1.58171
1.60178
1.62047
1.63819
1.65495
1.66984
1.68556
1.6865
1.70371
1.7208
1.73748
1.75357
1.7683
1.78219
1.79666
1.81189
1.82919
1.86988
1.8798
1.89298
1.90396
1.91336
1.92302
1.93362
1.94379
1.95307
1.97874
2.0877
2.082
2.06905
2.05479
2.04849
2.05419
2.07233
2.10085
2.13462
2.17094
2.39052
2.25458
2.17506
2.13252
2.11519
2.11917
2.1466
2.20446
2.31212
2.49053
0.752253
0.745951
0.738223
0.727112
0.713546
0.700904
0.690519
0.682524
0.676831
0.673536
0.673231
0.67611
0.68138
0.688765
0.698335
0.710179
0.723751
0.736688
0.745682
0.753226
0.661309
0.667229
0.675305
0.681442
0.684516
0.684013
0.68094
0.676963
0.673402
0.671155
0.671072
0.673375
0.67717
0.681647
0.685771
0.688033
0.686971
0.682344
0.675294
0.667463
0.654538
0.656911
0.660182
0.662961
0.665419
0.667619
0.668813
0.668687
0.667781
0.667017
0.667289
0.668761
0.67059
0.671855
0.671806
0.67036
0.668216
0.665865
0.662891
0.659876
0.64972
0.650809
0.65273
0.655075
0.656956
0.658368
0.659604
0.660621
0.661257
0.661686
0.662307
0.663118
0.66364
0.663564
0.662968
0.662071
0.660758
0.658802
0.656704
0.65523
0.644658
0.645292
0.646425
0.648192
0.650047
0.651657
0.652929
0.654023
0.655048
0.656006
0.656872
0.657473
0.657677
0.657521
0.657024
0.656081
0.654676
0.653084
0.651757
0.650958
0.639685
0.640124
0.640917
0.642231
0.643768
0.645351
0.646855
0.648187
0.649393
0.650552
0.6516
0.652299
0.652558
0.652386
0.651771
0.650809
0.649685
0.648562
0.647672
0.647141
0.634789
0.635116
0.635733
0.636815
0.638129
0.639553
0.641063
0.64258
0.644032
0.645421
0.646682
0.647545
0.64787
0.647703
0.647167
0.646431
0.645622
0.644794
0.644148
0.643759
0.629943
0.630196
0.630695
0.631621
0.632816
0.634153
0.635613
0.637193
0.638844
0.640508
0.642042
0.643104
0.643567
0.643565
0.643259
0.642773
0.642186
0.641593
0.641129
0.640833
0.625073
0.625274
0.625691
0.626509
0.62763
0.628927
0.630381
0.632016
0.633824
0.635755
0.637612
0.638968
0.639696
0.639962
0.639916
0.639672
0.639304
0.638911
0.638591
0.638358
0.620092
0.620253
0.620612
0.62136
0.62244
0.623726
0.62522
0.626953
0.628938
0.631153
0.633393
0.635151
0.636241
0.636829
0.637064
0.637071
0.636932
0.636724
0.636522
0.636337
0.614907
0.615037
0.615355
0.616061
0.617131
0.61845
0.620025
0.621903
0.624122
0.626687
0.629396
0.631649
0.633174
0.634134
0.634689
0.634969
0.63506
0.635035
0.634936
0.634786
0.609425
0.609529
0.609819
0.61051
0.611605
0.613002
0.614704
0.616784
0.61931
0.622317
0.6256
0.628448
0.630485
0.631879
0.632798
0.633377
0.633723
0.633879
0.633869
0.633747
0.603542
0.603624
0.603899
0.604599
0.605755
0.607273
0.609157
0.611509
0.614428
0.617986
0.621972
0.625535
0.628181
0.63008
0.631418
0.632355
0.632972
0.633306
0.633378
0.633276
0.597142
0.597204
0.597474
0.598205
0.599459
0.601145
0.603278
0.605984
0.609399
0.613636
0.618476
0.6229
0.626273
0.62877
0.630591
0.631925
0.632852
0.633383
0.633534
0.633448
0.590085
0.590128
0.5904
0.591186
0.592577
0.594488
0.596944
0.600101
0.604136
0.609207
0.615083
0.620539
0.624776
0.627981
0.630374
0.632165
0.633449
0.634193
0.634422
0.634348
0.582216
0.582234
0.582509
0.583373
0.584944
0.587144
0.590012
0.593735
0.598539
0.604632
0.61176
0.618453
0.623713
0.627751
0.630825
0.633167
0.634856
0.635829
0.636135
0.636069
0.573268
0.57328
0.573582
0.574548
0.576352
0.57892
0.582305
0.586737
0.592493
0.599837
0.608476
0.616641
0.623115
0.628134
0.632009
0.635008
0.637163
0.638388
0.638771
0.638708
0.56298
0.562965
0.563309
0.564428
0.566535
0.569571
0.573611
0.57893
0.585868
0.594742
0.605202
0.615112
0.623013
0.629189
0.634008
0.637766
0.640463
0.641961
0.642416
0.642352
0.550999
0.550964
0.551358
0.552664
0.55515
0.558788
0.563663
0.570103
0.578514
0.589263
0.601912
0.61388
0.623443
0.630968
0.636894
0.641528
0.644836
0.646619
0.647139
0.647068
0.536819
0.536761
0.537236
0.538795
0.541768
0.546183
0.552134
0.560006
0.570268
0.583323
0.59859
0.612968
0.624445
0.633513
0.640725
0.646356
0.650332
0.652398
0.652968
0.652882
0.519733
0.519653
0.520257
0.522172
0.525798
0.53125
0.538621
0.548354
0.560969
0.576865
0.595246
0.612406
0.626057
0.636873
0.645514
0.652267
0.656954
0.659275
0.659865
0.659758
0.498744
0.498648
0.499458
0.50189
0.506437
0.513325
0.522632
0.534844
0.550484
0.569878
0.591926
0.612241
0.62832
0.641068
0.651273
0.659246
0.66463
0.667138
0.66771
0.667572
0.472319
0.472224
0.473383
0.476623
0.482569
0.491555
0.503616
0.519208
0.53876
0.562431
0.588729
0.612554
0.631265
0.646094
0.657984
0.667207
0.67319
0.675768
0.67627
0.676098
0.437987
0.437945
0.439734
0.444362
0.452666
0.464965
0.481088
0.501336
0.525904
0.554705
0.585815
0.613451
0.634938
0.65194
0.665558
0.675975
0.682349
0.684828
0.685205
0.685
0.391352
0.391535
0.394717
0.402277
0.414979
0.432733
0.454905
0.481451
0.512258
0.547016
0.583409
0.615059
0.639394
0.658567
0.673881
0.685293
0.691703
0.693868
0.694082
0.693854
0.324189
0.325635
0.33339
0.34772
0.368544
0.394996
0.425706
0.460258
0.498411
0.539781
0.581755
0.617484
0.644644
0.665896
0.682674
0.694674
0.70069
0.70234
0.702389
0.702167
0.244012
0.246837
0.261941
0.286701
0.31866
0.355377
0.395305
0.438268
0.484145
0.532637
0.580873
0.621425
0.652093
0.675954
0.694298
0.706433
0.711773
0.712981
0.712971
0.712838
0.1619
0.169263
0.191964
0.227137
0.269854
0.316607
0.365742
0.417147
0.470765
0.526347
0.580788
0.626064
0.660095
0.686478
0.706273
0.718052
0.722238
0.722878
0.722816
0.722737
0.094728
0.104147
0.131671
0.174208
0.225347
0.280582
0.337997
0.397291
0.458258
0.520542
0.58074
0.630256
0.667177
0.695526
0.716052
0.727257
0.730753
0.731224
0.731171
0.731117
0.0396509
0.0498153
0.0810117
0.129001
0.186481
0.248473
0.312818
0.379013
0.446622
0.51508
0.580582
0.633953
0.673415
0.703344
0.724367
0.73513
0.738191
0.738569
0.738532
0.738492
-0.00645939
0.00404209
0.0377493
0.0899789
0.152635
0.220223
0.290403
0.362561
0.436073
0.510158
0.580554
0.637464
0.679188
0.710464
0.731818
0.742163
0.744951
0.745302
0.74529
0.745265
-0.0460658
-0.0354244
0.000149375
0.0557683
0.122742
0.19513
0.270398
0.347829
0.426665
0.505925
0.580898
0.641098
0.684879
0.71728
0.738785
0.748759
0.751381
0.751747
0.751779
0.751776
-0.0808839
-0.0702044
-0.0331767
0.0252471
0.095897
0.172461
0.252252
0.334463
0.418222
0.502339
0.581679
0.645018
0.690716
0.724096
0.745674
0.75536
0.757848
0.758242
0.758349
0.758385
-0.112192
-0.101505
-0.0633205
-0.00248352
0.0713679
0.151613
0.235462
0.322064
0.410434
0.49922
0.582808
0.649258
0.69683
0.731183
0.752889
0.762343
0.764769
0.765209
0.765381
0.76546
-0.141013
-0.130298
-0.0910964
-0.0281183
0.0485868
0.132106
0.219619
0.310275
0.403006
0.496323
0.584146
0.65375
0.703285
0.738693
0.760647
0.770016
0.772405
0.772866
0.773064
0.773178
-0.167933
-0.157175
-0.117058
-0.0521555
0.0270915
0.113553
0.204403
0.298813
0.395681
0.493421
0.585542
0.658426
0.710054
0.746653
0.768995
0.778381
0.780727
0.781146
0.781344
0.781479
-0.193439
-0.182617
-0.141639
-0.0749897
0.006541
0.0956619
0.189564
0.287452
0.38825
0.490333
0.586834
0.663178
0.717028
0.754909
0.777731
0.787186
0.789501
0.789844
0.790004
0.790131
-0.217912
-0.206938
-0.165153
-0.0968939
-0.0133016
0.0782179
0.174914
0.276033
0.380545
0.486889
0.587869
0.667882
0.7241
0.763304
0.786617
0.796119
0.798369
0.798621
0.798716
0.798819
-0.241489
-0.230336
-0.187779
-0.118056
-0.0326039
0.0610893
0.160328
0.264431
0.372442
0.482921
0.588484
0.672425
0.731188
0.771709
0.795442
0.804878
0.807011
0.807156
0.807175
0.807249
-0.264362
-0.252977
-0.209679
-0.138584
-0.051462
0.0441837
0.145727
0.252566
0.363848
0.478316
0.588522
0.676686
0.738258
0.78009
0.803989
0.813209
0.815148
0.815184
0.815136
0.815182
-0.286532
-0.274934
-0.23092
-0.158542
-0.0699241
0.0274624
0.131081
0.240404
0.354711
0.472972
0.587836
0.680536
0.74529
0.78853
0.812353
0.821023
0.822633
0.822558
0.822463
0.822485
-0.30809
-0.296252
-0.251501
-0.177951
-0.0880146
0.0109135
0.116383
0.227946
0.345011
0.466826
0.586291
0.68383
0.752273
0.797211
0.820738
0.828421
0.829431
0.82921
0.829112
0.829126
-0.328924
-0.316905
-0.271433
-0.196831
-0.105726
-0.00542975
0.101657
0.215211
0.334761
0.459857
0.583771
0.686408
0.759138
0.806334
0.829614
0.8358
0.835659
0.835131
0.835129
0.835225
-0.349162
-0.336894
-0.29072
-0.215188
-0.123055
-0.0215586
0.0869602
0.202241
0.323996
0.452078
0.58019
0.688085
0.765735
0.816022
0.839579
0.844054
0.841974
0.840526
0.840708
0.841224
-0.368673
-0.356172
-0.309371
-0.232995
-0.139943
-0.0374118
0.0723496
0.189124
0.312783
0.443501
0.575498
0.688665
0.771827
0.826166
0.851073
0.854462
0.850054
0.846624
0.846494
0.84788
-0.38757
-0.374804
-0.327348
-0.250212
-0.156371
-0.0529403
0.0578934
0.175917
0.301198
0.434217
0.569686
0.687933
0.777096
0.836381
0.863933
0.867866
0.862138
0.855927
0.851403
0.844872
-0.40575
-0.392789
-0.344741
-0.267009
-0.172562
-0.0684169
0.0432725
0.162244
0.288836
0.423789
0.562341
0.685477
0.781372
0.846739
0.878112
0.884539
0.87933
0.869846
0.857275
0.857046
-0.423181
-0.41021
-0.361564
-0.283337
-0.188512
-0.0838133
0.0285055
0.148071
0.275642
0.412055
0.553209
0.680668
0.783703
0.856374
0.891789
0.901064
0.896321
0.885957
0.850184
0.812391
-0.439679
-0.426926
-0.377783
-0.29908
-0.204229
-0.0991439
0.0135787
0.133514
0.261656
0.399006
0.542119
0.672982
0.782601
0.863963
0.902693
0.909666
0.902938
0.874741
0.820669
0.766928
-0.457933
-0.441824
-0.393152
-0.313788
-0.219426
-0.114169
-0.00187832
0.118609
0.246956
0.384729
0.528945
0.662016
0.775973
0.868914
0.909335
0.915042
0.88032
0.824946
0.756232
0.696144
-0.446875
-0.422562
-0.369201
-0.285702
-0.184249
-0.0758434
0.0422591
0.166446
0.29907
0.442829
0.583865
0.706832
0.814054
0.901698
0.912655
0.836158
0.777859
0.709586
0.640679
0.596895
-0.460335
-0.452522
-0.411515
-0.337362
-0.24293
-0.138562
-0.0258612
0.094482
0.222601
0.360027
0.504013
0.637853
0.751064
0.846357
0.900679
0.868026
0.75115
0.667564
0.605225
0.530166
-0.480969
-0.470345
-0.425835
-0.350238
-0.255257
-0.151375
-0.0396733
0.0797837
0.20717
0.3436
0.486526
0.61969
0.729763
0.812
0.828699
0.730661
0.596146
0.508051
0.439956
0.363015
-0.503437
-0.491681
-0.444083
-0.367614
-0.272685
-0.168568
-0.0567417
0.0625783
0.189245
0.324487
0.464986
0.594276
0.694788
0.758271
0.729141
0.586514
0.443782
0.341616
0.260266
0.150761
-0.525498
-0.513731
-0.464493
-0.386917
-0.291989
-0.187771
-0.0760404
0.042776
0.168434
0.301932
0.439115
0.562577
0.653178
0.69051
0.617636
0.438655
0.27403
0.144394
0.0383337
-0.103023
-0.547368
-0.535675
-0.485419
-0.406843
-0.311625
-0.207438
-0.0961109
0.0218686
0.146187
0.27743
0.410574
0.527033
0.608239
0.606513
0.482065
0.289474
0.0983877
-0.0699555
-0.21286
-0.459232
-0.569494
-0.557972
-0.507126
-0.427902
-0.332422
-0.228254
-0.117375
-0.000304241
0.122472
0.251066
0.379567
0.487054
0.554722
0.520444
0.349319
0.147481
-0.0581333
-0.23771
-0.407151
-0.664178
-0.592455
-0.581089
-0.529994
-0.450387
-0.354748
-0.250625
-0.140188
-0.0240489
0.0970461
0.222654
0.346027
0.443564
0.493448
0.432292
0.227665
0.0205088
-0.181981
-0.353297
-0.439773
-0.488458
-0.61694
-0.605663
-0.55438
-0.474603
-0.379019
-0.275139
-0.165335
-0.0504102
0.0685914
0.190548
0.307893
0.395471
0.422338
0.31618
0.113092
-0.0908424
-0.270757
-0.384466
-0.420087
-0.425884
-0.643134
-0.631881
-0.580399
-0.500558
-0.405181
-0.301761
-0.192851
-0.0794639
0.0369837
0.154605
0.264954
0.341902
0.336031
0.2014
0.00523854
-0.184163
-0.335043
-0.388483
-0.397811
-0.400193
-0.671179
-0.659867
-0.608118
-0.528268
-0.433235
-0.3305
-0.222755
-0.111273
0.00216842
0.114858
0.217243
0.282445
0.251393
0.0924633
-0.0910036
-0.266413
-0.364087
-0.386818
-0.387213
-0.387434
-0.700956
-0.689555
-0.637505
-0.557713
-0.463159
-0.361326
-0.255052
-0.145842
-0.0358478
0.0713324
0.165129
0.215984
0.174095
-0.00623219
-0.17584
-0.323959
-0.376084
-0.378801
-0.379821
-0.379869
-0.732103
-0.720647
-0.66835
-0.588737
-0.494831
-0.394145
-0.289663
-0.183114
-0.0770064
0.024251
0.108876
0.146916
0.0874226
-0.0919635
-0.249728
-0.353029
-0.375528
-0.375209
-0.374902
-0.374666
-0.764174
-0.752687
-0.700269
-0.620999
-0.527958
-0.428711
-0.326359
-0.222888
-0.121103
-0.0259217
0.0489554
0.0749924
-0.00674316
-0.167169
-0.307135
-0.359946
-0.370846
-0.371096
-0.371202
-0.371028
-0.796408
-0.784991
-0.732632
-0.653934
-0.56206
-0.464601
-0.364774
-0.264795
-0.167782
-0.0787255
-0.0127951
-0.00319364
-0.0910028
-0.228667
-0.33925
-0.378901
-0.372452
-0.370163
-0.369225
-0.368918
-0.827735
-0.816485
-0.764509
-0.686726
-0.596429
-0.501192
-0.404325
-0.308238
-0.216397
-0.133723
-0.0739468
-0.0773276
-0.165428
-0.27995
-0.352726
-0.371357
-0.371304
-0.369994
-0.369412
-0.369075
-0.856271
-0.845483
-0.794546
-0.718254
-0.630089
-0.537614
-0.444223
-0.352429
-0.266008
-0.189976
-0.134832
-0.143219
-0.229234
-0.320129
-0.368263
-0.371777
-0.372448
-0.372321
-0.371926
-0.37163
-0.880506
-0.870431
-0.821138
-0.747035
-0.661762
-0.572737
-0.483429
-0.39639
-0.315488
-0.245955
-0.196677
-0.201691
-0.278408
-0.348943
-0.380893
-0.381917
-0.375652
-0.373897
-0.373358
-0.373182
-0.897853
-0.888702
-0.842123
-0.771272
-0.68991
-0.605203
-0.520681
-0.438927
-0.363721
-0.300072
-0.25587
-0.254964
-0.313228
-0.362893
-0.379474
-0.375954
-0.374795
-0.373422
-0.372856
-0.372678
-0.906143
-0.897869
-0.855134
-0.789007
-0.712806
-0.633489
-0.554576
-0.478638
-0.40943
-0.351229
-0.308512
-0.303618
-0.335546
-0.36073
-0.376777
-0.372597
-0.372693
-0.372285
-0.371974
-0.371775
-0.901463
-0.894533
-0.858331
-0.798289
-0.728693
-0.656076
-0.583703
-0.514061
-0.450983
-0.398713
-0.355081
-0.342446
-0.353424
-0.350943
-0.366038
-0.368316
-0.369602
-0.370504
-0.370912
-0.370973
-0.882073
-0.877302
-0.849186
-0.797583
-0.736249
-0.671691
-0.60684
-0.543969
-0.486794
-0.440696
-0.401654
-0.380051
-0.364959
-0.3391
-0.354581
-0.363488
-0.369159
-0.372104
-0.373228
-0.373543
-0.848709
-0.845362
-0.82647
-0.786097
-0.734899
-0.67971
-0.62322
-0.56756
-0.516007
-0.47489
-0.448608
-0.412422
-0.386188
-0.369367
-0.369224
-0.376848
-0.379685
-0.380616
-0.381784
-0.38244
-0.806494
-0.8044
-0.793866
-0.766128
-0.725971
-0.680708
-0.632839
-0.584373
-0.538314
-0.501032
-0.475564
-0.44923
-0.416107
-0.404572
-0.40601
-0.402342
-0.401274
-0.401561
-0.40244
-0.402998
-0.764321
-0.763093
-0.758106
-0.742225
-0.713169
-0.676627
-0.636635
-0.594517
-0.553079
-0.517165
-0.491308
-0.469722
-0.450871
-0.441978
-0.420731
-0.410013
-0.42359
-0.439459
-0.443753
-0.4455
-0.731034
-0.730355
-0.727822
-0.719029
-0.699342
-0.670649
-0.636541
-0.599043
-0.560039
-0.52344
-0.497061
-0.474245
-0.487909
-0.516092
-0.586326
-0.621592
-0.6352
-0.61703
-0.568886
-0.54645
-0.707767
-0.707088
-0.705738
-0.702167
-0.689037
-0.665863
-0.635167
-0.599675
-0.560559
-0.52058
-0.488269
-0.462509
-0.460596
-0.483371
-0.538101
-0.592947
-0.60484
-0.589068
-0.548153
-0.518772
-0.692089
-0.691859
-0.691329
-0.689487
-0.682301
-0.6633
-0.634254
-0.598259
-0.557182
-0.511622
-0.47001
-0.434444
-0.387651
-0.343486
-0.326606
-0.304542
-0.287733
-0.295253
-0.291468
-0.281799
-0.682207
-0.682167
-0.681839
-0.681235
-0.677746
-0.662373
-0.633844
-0.596094
-0.551193
-0.498652
-0.442859
-0.387925
-0.300954
-0.190018
-0.0946711
-0.0458614
-0.0243748
0.00312048
0.033275
0.0561024
-0.675599
-0.675576
-0.675346
-0.675123
-0.673503
-0.662362
-0.634674
-0.594318
-0.544915
-0.484342
-0.411815
-0.337426
-0.215811
-0.046927
0.13275
0.277689
0.382062
0.474334
0.546485
0.591341
-0.670861
-0.670871
-0.670837
-0.670719
-0.670167
-0.663226
-0.636787
-0.593937
-0.539405
-0.471456
-0.386522
-0.295757
-0.155488
0.0786446
0.372584
0.658113
0.900204
1.06666
1.1595
1.19759
-0.666736
-0.666823
-0.666943
-0.667068
-0.667265
-0.662985
-0.639421
-0.595401
-0.536911
-0.46409
-0.371293
-0.269395
-0.128212
0.127717
0.461282
0.79953
1.09995
1.30932
1.40703
1.4328
-0.663147
-0.663257
-0.663196
-0.662841
-0.662493
-0.660696
-0.641935
-0.599529
-0.539383
-0.463201
-0.368227
-0.264371
-0.141335
0.0891852
0.390308
0.689566
0.95427
1.13498
1.21431
1.23437
-0.661619
-0.661622
-0.661335
-0.660474
-0.659097
-0.657322
-0.645656
-0.607606
-0.547582
-0.468696
-0.376982
-0.280468
-0.177775
0.0100102
0.257834
0.484022
0.671022
0.79525
0.851282
0.868181
-0.663079
-0.663191
-0.663223
-0.663212
-0.662471
-0.661711
-0.655688
-0.621587
-0.558462
-0.480526
-0.395899
-0.30827
-0.226039
-0.083776
0.108317
0.274708
0.402267
0.486631
0.527042
0.541613
-0.666838
-0.667532
-0.669245
-0.67382
-0.681321
-0.687057
-0.680368
-0.63901
-0.570071
-0.498878
-0.42185
-0.343165
-0.277897
-0.175877
-0.0273249
0.103131
0.199783
0.265596
0.298816
0.309879
-0.67075
-0.671861
-0.674786
-0.683596
-0.70117
-0.718077
-0.706517
-0.650154
-0.582352
-0.522131
-0.449983
-0.378305
-0.326936
-0.249293
-0.13279
-0.0302683
0.0469643
0.102409
0.130393
0.138234
-0.683428
-0.684215
-0.686302
-0.689711
-0.689642
-0.691996
-0.678577
-0.635211
-0.594952
-0.54585
-0.476196
-0.413332
-0.372803
-0.315145
-0.220853
-0.137404
-0.0757983
-0.0311885
-0.0106212
-0.00544755
-0.706113
-0.706277
-0.707072
-0.699482
-0.657399
-0.599547
-0.58994
-0.60485
-0.607124
-0.565159
-0.498486
-0.443885
-0.409523
-0.362984
-0.288405
-0.224041
-0.17641
-0.142509
-0.127267
-0.123367
-0.731461
-0.730776
-0.729004
-0.715525
-0.664717
-0.596167
-0.574533
-0.622342
-0.634388
-0.585527
-0.517923
-0.469948
-0.437269
-0.396557
-0.336294
-0.287759
-0.252818
-0.229095
-0.218913
-0.21669
-0.781449
-0.777696
-0.780561
-0.796991
-0.813088
-0.797661
-0.767632
-0.753158
-0.702378
-0.616602
-0.538493
-0.490559
-0.455272
-0.419216
-0.373385
-0.33657
-0.310244
-0.293418
-0.286219
-0.284919
-0.902099
-0.901283
-0.929939
-0.985155
-1.0319
-1.03748
-0.999137
-0.918655
-0.789607
-0.650535
-0.560714
-0.504196
-0.463801
-0.433392
-0.394122
-0.364422
-0.345047
-0.333537
-0.329054
-0.328062
-1.02839
-1.0339
-1.06748
-1.11654
-1.15272
-1.15972
-1.11588
-1.00804
-0.824066
-0.666431
-0.57119
-0.50234
-0.464063
-0.438482
-0.403012
-0.376386
-0.359998
-0.350817
-0.346659
-0.345761
-1.05236
-1.05975
-1.08448
-1.11656
-1.14451
-1.15148
-1.11038
-0.981313
-0.784977
-0.649903
-0.5496
-0.481909
-0.45457
-0.428304
-0.39377
-0.370148
-0.355526
-0.346215
-0.341946
-0.341231
-0.945194
-0.950645
-0.96933
-0.995619
-1.02037
-1.0283
-0.991858
-0.865871
-0.708402
-0.593338
-0.497449
-0.449237
-0.427179
-0.402788
-0.371907
-0.34964
-0.334615
-0.325178
-0.321034
-0.320544
-0.722894
-0.730191
-0.749203
-0.778633
-0.808988
-0.823089
-0.791705
-0.695351
-0.594955
-0.499059
-0.434882
-0.402952
-0.381639
-0.364557
-0.338559
-0.317849
-0.303407
-0.294044
-0.290246
-0.29008
-0.432244
-0.439231
-0.457581
-0.488344
-0.523273
-0.546496
-0.535741
-0.492135
-0.442753
-0.392847
-0.365834
-0.338844
-0.329793
-0.317109
-0.292437
-0.275608
-0.264103
-0.257143
-0.254539
-0.254635
-0.15668
-0.161588
-0.174927
-0.199965
-0.235612
-0.270473
-0.293042
-0.303217
-0.300397
-0.294
-0.279912
-0.270857
-0.269437
-0.257465
-0.23982
-0.228538
-0.220042
-0.214859
-0.21321
-0.213454
0.0268629
0.0237447
0.0149796
-0.00500142
-0.0380048
-0.0831662
-0.131922
-0.169971
-0.1922
-0.20156
-0.203699
-0.202576
-0.200192
-0.193874
-0.183344
-0.176639
-0.170897
-0.167544
-0.166616
-0.166972
0.102523
0.100395
0.0940534
0.078272
0.0492345
0.00857815
-0.0372416
-0.0813961
-0.112617
-0.130639
-0.138259
-0.135701
-0.132477
-0.131201
-0.127099
-0.123472
-0.119655
-0.117304
-0.116667
-0.11722
0.100949
0.0995067
0.0951632
0.0839224
0.063111
0.0324389
-0.00230794
-0.034024
-0.057458
-0.0722617
-0.0786523
-0.0780423
-0.0746855
-0.0742952
-0.074197
-0.0730194
-0.0703671
-0.0683446
-0.0680651
-0.068835
0.0215331
0.0216747
0.0206072
0.0171864
0.0116396
0.00545497
-0.000424459
-0.00562321
-0.0090831
-0.0105675
-0.010863
-0.00888851
-0.00849051
-0.00847881
-0.0100123
-0.0111235
-0.0125519
-0.0122232
-0.0107644
-0.0264547
-0.641278
-0.216637
0.115148
0.331157
0.488738
0.607933
0.699266
0.773566
0.854558
0.906211
0.0513574
0.213347
0.35479
0.481705
0.587568
0.673394
0.742658
0.797003
0.826458
0.83322
0.325161
0.41436
0.511036
0.598097
0.672347
0.73439
0.784272
0.821333
0.846845
0.866347
0.49905
0.563159
0.630354
0.692994
0.747262
0.793155
0.830915
0.861544
0.886112
0.905501
0.633124
0.680903
0.7299
0.776425
0.817935
0.85414
0.885423
0.912358
0.934389
0.951952
0.741664
0.780708
0.818114
0.85469
0.8888
0.919639
0.947089
0.970977
0.990274
1.00631
0.836353
0.867713
0.900686
0.932896
0.963401
0.991509
1.01672
1.0385
1.05564
1.07016
0.923329
0.952939
0.984642
1.01586
1.04548
1.07269
1.09686
1.11726
1.13267
1.14593
1.01114
1.04315
1.07698
1.10946
1.13973
1.16697
1.19057
1.20989
1.224
1.23637
1.11139
1.14766
1.18527
1.21966
1.25057
1.27744
1.29997
1.31801
1.3313
1.34376
1.23643
1.27558
1.31521
1.34928
1.37861
1.40352
1.42433
1.44132
1.4547
1.46811
1.39551
1.43087
1.46609
1.49467
1.51881
1.54012
1.5593
1.57654
1.59146
1.60589
1.5833
1.6055
1.62911
1.64898
1.66728
1.68465
1.70116
1.71755
1.73374
1.74932
1.77568
1.78382
1.79761
1.81246
1.82691
1.83986
1.8515
1.86273
1.87445
1.89054
1.97118
1.9711
1.98113
1.9846
1.98559
1.98998
2.00048
2.01539
2.02972
2.04414
2.2683
2.21279
2.15828
2.11864
2.09639
2.09226
2.10578
2.13958
2.19744
2.27778
0.874346
0.821855
0.778975
0.745969
0.722234
0.705127
0.692708
0.683735
0.677556
0.674025
0.673678
0.676679
0.682274
0.690345
0.701325
0.716175
0.736512
0.764697
0.802736
0.852092
0.685433
0.694383
0.701145
0.701395
0.696702
0.689937
0.683225
0.677644
0.673752
0.672102
0.673367
0.677101
0.682549
0.689255
0.696521
0.702836
0.705599
0.702156
0.693077
0.686761
0.658086
0.66029
0.665154
0.669302
0.672855
0.674902
0.674744
0.672984
0.6708
0.669283
0.669368
0.671264
0.674064
0.676789
0.678311
0.677671
0.674945
0.671236
0.666847
0.66219
0.652861
0.653819
0.656322
0.658784
0.660679
0.662343
0.663745
0.664482
0.664537
0.664448
0.664904
0.665998
0.667036
0.667373
0.666776
0.665574
0.664104
0.662141
0.659666
0.657563
0.647498
0.647977
0.64943
0.651519
0.65345
0.654935
0.65611
0.657167
0.658076
0.658842
0.659599
0.660249
0.660519
0.66035
0.659852
0.658998
0.657607
0.655766
0.654081
0.653026
0.642383
0.642681
0.643609
0.645109
0.646808
0.64845
0.649865
0.651064
0.652167
0.653236
0.654194
0.654825
0.655046
0.654895
0.654332
0.653334
0.652039
0.650704
0.649636
0.648997
0.637388
0.6376
0.638295
0.639478
0.640887
0.642387
0.643916
0.645362
0.646689
0.647952
0.649099
0.649879
0.650168
0.649982
0.649378
0.648516
0.647563
0.646601
0.645844
0.645392
0.632486
0.632647
0.6332
0.634197
0.635443
0.636818
0.638302
0.639858
0.641418
0.642943
0.644334
0.645287
0.645664
0.645563
0.645135
0.644525
0.643832
0.643126
0.642576
0.642238
0.627611
0.627738
0.628191
0.629057
0.630212
0.631529
0.632983
0.634585
0.636315
0.638113
0.639801
0.640997
0.641576
0.641701
0.641526
0.641159
0.640679
0.640187
0.639799
0.639537
0.622676
0.622778
0.623163
0.623941
0.625039
0.626329
0.627801
0.629479
0.631368
0.633436
0.635475
0.63702
0.637917
0.638339
0.638432
0.638309
0.638056
0.637755
0.637496
0.637288
0.617588
0.617672
0.618007
0.61873
0.619801
0.621102
0.622635
0.624434
0.626526
0.628906
0.631368
0.633362
0.634658
0.635427
0.635819
0.635956
0.635934
0.635814
0.635665
0.635498
0.612253
0.612322
0.612623
0.613316
0.614395
0.615754
0.617389
0.61936
0.621721
0.624494
0.627475
0.630012
0.631779
0.632951
0.633686
0.634106
0.63432
0.634385
0.634332
0.634197
0.606572
0.606629
0.606909
0.607599
0.60872
0.610179
0.611969
0.614174
0.616883
0.62015
0.623768
0.626956
0.629281
0.63092
0.632046
0.632796
0.633269
0.633512
0.633545
0.633433
0.600435
0.600483
0.600753
0.601461
0.602661
0.604266
0.60627
0.608787
0.611939
0.615817
0.62021
0.624183
0.627173
0.629362
0.630938
0.632069
0.632824
0.633254
0.633367
0.633274
0.593716
0.593755
0.594023
0.594772
0.596089
0.597892
0.600181
0.603098
0.606804
0.611436
0.616769
0.621686
0.625468
0.628308
0.63041
0.631961
0.63305
0.633686
0.633877
0.633798
0.586262
0.58629
0.586565
0.587377
0.588852
0.590914
0.593569
0.596991
0.601388
0.606943
0.613415
0.619463
0.624185
0.627794
0.630523
0.632569
0.634039
0.634896
0.635165
0.635096
0.577892
0.577919
0.57819
0.579084
0.580765
0.583157
0.586275
0.59033
0.595582
0.602267
0.610116
0.617514
0.62335
0.627864
0.631334
0.633977
0.635883
0.636982
0.637328
0.637264
0.568305
0.568324
0.568651
0.569644
0.571592
0.574406
0.578105
0.582952
0.589264
0.597333
0.606841
0.615843
0.622996
0.628576
0.632917
0.636261
0.638673
0.640036
0.640458
0.640396
0.557218
0.557228
0.557577
0.558738
0.561033
0.564386
0.568823
0.574664
0.582294
0.592057
0.603561
0.614461
0.623157
0.629989
0.63535
0.639506
0.642499
0.644144
0.644636
0.644569
0.544218
0.54422
0.544615
0.545973
0.548705
0.552748
0.55813
0.565236
0.574516
0.586356
0.600256
0.613387
0.623868
0.632146
0.638702
0.643793
0.647429
0.649361
0.649912
0.649834
0.528705
0.5287
0.529162
0.530793
0.534104
0.539054
0.545666
0.5544
0.565763
0.580162
0.59692
0.612645
0.625173
0.635095
0.643013
0.649155
0.653489
0.655697
0.656284
0.656189
0.509856
0.509843
0.510406
0.512429
0.516541
0.522723
0.530983
0.541857
0.555885
0.573437
0.593579
0.612275
0.627107
0.638874
0.648285
0.655603
0.660652
0.663087
0.663678
0.663557
0.486446
0.486426
0.487155
0.489784
0.495072
0.503001
0.513551
0.527311
0.544779
0.566205
0.590304
0.612337
0.629706
0.64349
0.654526
0.663084
0.668798
0.67137
0.671918
0.671764
0.456572
0.456548
0.457569
0.461214
0.468388
0.478951
0.492829
0.510556
0.532463
0.558588
0.587225
0.612928
0.63301
0.648933
0.661684
0.671475
0.677705
0.680271
0.680721
0.680532
0.416992
0.41698
0.418662
0.424277
0.434786
0.449614
0.468455
0.491622
0.519153
0.550834
0.584534
0.614164
0.637071
0.655178
0.669658
0.680552
0.687038
0.689403
0.689705
0.689484
0.361582
0.361797
0.365652
0.375864
0.392684
0.414521
0.44062
0.470964
0.505322
0.543318
0.582476
0.616174
0.641932
0.662183
0.678279
0.690012
0.696352
0.698313
0.698443
0.698201
0.282622
0.285083
0.296469
0.316423
0.343615
0.375308
0.410632
0.449396
0.491382
0.536239
0.581216
0.619225
0.648051
0.670629
0.688269
0.70045
0.706313
0.707787
0.707767
0.707536
0.199136
0.204958
0.225248
0.255739
0.293984
0.335866
0.380416
0.427611
0.477373
0.529438
0.580828
0.623812
0.656246
0.681512
0.700776
0.712892
0.717736
0.718607
0.718503
0.718344
0.12597
0.132853
0.159711
0.199273
0.247022
0.298241
0.351655
0.407101
0.464459
0.523445
0.580817
0.62827
0.663818
0.691323
0.711594
0.723112
0.726951
0.727487
0.727385
0.727268
0.0659501
0.0734077
0.104566
0.15048
0.205319
0.264098
0.325119
0.387982
0.452359
0.517793
0.580695
0.632183
0.670429
0.699667
0.720512
0.731532
0.734816
0.735209
0.735115
0.735017
0.0161156
0.0239208
0.0579029
0.108652
0.169086
0.233975
0.301333
0.370603
0.441241
0.512571
0.580563
0.63574
0.676372
0.707071
0.728335
0.738911
0.741832
0.742167
0.742091
0.742004
-0.0261376
-0.0181538
0.0177437
0.0722512
0.137331
0.207392
0.280181
0.35504
0.431269
0.507985
0.580699
0.639279
0.68206
0.71398
0.735483
0.745655
0.748352
0.748684
0.748643
0.748569
-0.0628702
-0.054794
-0.0174989
0.0400569
0.109053
0.183587
0.261168
0.341038
0.422372
0.504089
0.581262
0.643042
0.687798
0.720743
0.742347
0.752179
0.754736
0.755095
0.755106
0.755054
-0.0956243
-0.0874713
-0.0490549
0.0110619
0.0834391
0.161889
0.243753
0.328199
0.414296
0.500762
0.582231
0.647124
0.693758
0.727657
0.749354
0.758911
0.761364
0.761773
0.76185
0.761833
-0.12541
-0.117194
-0.0778445
-0.0155293
0.0598388
0.141758
0.227477
0.316141
0.406718
0.497782
0.58348
0.651498
0.700036
0.734928
0.756799
0.766211
0.768629
0.769063
0.769187
0.769202
-0.153072
-0.144785
-0.104589
-0.040307
0.0377437
0.122766
0.211977
0.304543
0.399367
0.494904
0.584867
0.656091
0.706658
0.742662
0.764868
0.774237
0.776619
0.777025
0.777172
0.77721
-0.179114
-0.170747
-0.129742
-0.0636977
0.0167504
0.10457
0.196974
0.293155
0.39201
0.491929
0.586228
0.660817
0.713541
0.75078
0.773417
0.782848
0.785193
0.785546
0.785671
0.785712
-0.203964
-0.195472
-0.153723
-0.0860366
-0.00342753
0.0869192
0.182246
0.281779
0.384458
0.488683
0.58741
0.665561
0.720575
0.759127
0.782245
0.791745
0.794038
0.794315
0.79439
0.794431
-0.227817
-0.219205
-0.176742
-0.10755
-0.0229879
0.0696447
0.167636
0.270278
0.376566
0.484993
0.588253
0.670198
0.727661
0.767527
0.791108
0.800617
0.802816
0.803001
0.80301
0.803035
-0.250866
-0.242115
-0.19896
-0.128386
-0.0420609
0.0526306
0.153047
0.25855
0.368228
0.480718
0.588599
0.674612
0.734742
0.775922
0.799786
0.809171
0.81122
0.811299
0.811243
0.811247
-0.273256
-0.264356
-0.220483
-0.148627
-0.0607207
0.0358191
0.138426
0.24654
0.359359
0.475748
0.588288
0.678682
0.741793
0.784308
0.808212
0.817234
0.819031
0.819005
0.818898
0.818881
-0.295027
-0.285943
-0.241372
-0.168309
-0.0790021
0.019184
0.123747
0.234224
0.349938
0.470013
0.587188
0.682273
0.748803
0.792845
0.816543
0.824794
0.826162
0.826017
0.825886
0.825855
-0.316133
-0.306891
-0.261608
-0.187456
-0.0969081
0.00272546
0.109033
0.221617
0.339961
0.463455
0.585168
0.685232
0.755742
0.801721
0.8251
0.832101
0.832627
0.832293
0.832205
0.832201
-0.336578
-0.327181
-0.281201
-0.20608
-0.114431
-0.0135196
0.0943139
0.208759
0.329447
0.456077
0.582123
0.687382
0.762499
0.811124
0.834446
0.839764
0.838767
0.837892
0.837965
0.838172
-0.356392
-0.34681
-0.300161
-0.224166
-0.13155
-0.0295069
0.0796474
0.195707
0.318446
0.447888
0.577994
0.688535
0.768879
0.821071
0.845148
0.848935
0.845672
0.843367
0.843539
0.844449
-0.375483
-0.365724
-0.318477
-0.241687
-0.148218
-0.0452059
0.0650974
0.182526
0.30703
0.438944
0.572731
0.688487
0.774605
0.831315
0.857397
0.86082
0.855537
0.850743
0.849233
0.849587
-0.393927
-0.383993
-0.336135
-0.258657
-0.164478
-0.0606441
0.0506377
0.169182
0.295167
0.429205
0.566258
0.686986
0.779426
0.841572
0.870914
0.875884
0.870206
0.862486
0.854666
0.844443
-0.41171
-0.401672
-0.35325
-0.275261
-0.180579
-0.0761201
0.035904
0.155227
0.282346
0.418088
0.558013
0.683416
0.782895
0.851745
0.885182
0.893158
0.888574
0.876832
0.863809
0.836184
-0.428905
-0.418802
-0.36978
-0.291321
-0.196381
-0.0914595
0.0210855
0.140861
0.268766
0.405715
0.547932
0.677235
0.783756
0.860539
0.897689
0.906971
0.901095
0.884802
0.837813
0.789149
-0.44712
-0.434488
-0.385622
-0.306725
-0.212053
-0.106802
0.00592425
0.126087
0.254377
0.39199
0.535767
0.667915
0.780163
0.86674
0.906266
0.905791
0.896499
0.856439
0.79377
0.736703
-0.469646
-0.466694
-0.40624
-0.319433
-0.224794
-0.119742
-0.00929329
0.11153
0.239866
0.377692
0.522081
0.655738
0.770598
0.871687
0.887515
0.889531
0.848817
0.782378
0.711026
0.648148
-0.447342
-0.439
-0.378554
-0.292254
-0.191438
-0.0831198
0.0327009
0.156766
0.28919
0.432645
0.573527
0.696366
0.801722
0.890426
0.881779
0.784255
0.702254
0.637029
0.569052
0.444709
-0.481093
-0.453207
-0.391003
-0.303621
-0.20347
-0.0952933
0.0201234
0.143698
0.27553
0.418035
0.557597
0.678713
0.773931
0.835987
0.793711
0.656206
0.547263
0.474125
0.399629
0.262836
-0.50588
-0.472526
-0.408934
-0.321956
-0.221958
-0.113844
0.0017549
0.124695
0.255446
0.396067
0.532718
0.649251
0.733533
0.759169
0.667637
0.51124
0.387388
0.301823
0.207609
0.023031
-0.528459
-0.49372
-0.428565
-0.34115
-0.241141
-0.133041
-0.0177454
0.104376
0.233733
0.37189
0.504216
0.61307
0.683086
0.671209
0.527349
0.35367
0.204641
0.090654
-0.022153
-0.299813
-0.550508
-0.515126
-0.448886
-0.360828
-0.26073
-0.152809
-0.0381449
0.0829484
0.210601
0.345756
0.472622
0.571868
0.622371
0.573083
0.386122
0.192613
0.00950751
-0.13858
-0.320615
-0.672515
-0.57249
-0.537107
-0.47021
-0.381697
-0.281473
-0.173797
-0.0597963
0.0601188
0.185754
0.317399
0.437843
0.5278
0.55459
0.448373
0.251549
0.0420189
-0.151711
-0.320231
-0.511274
-0.842431
-0.595523
-0.560101
-0.492867
-0.404075
-0.303783
-0.196349
-0.0830141
0.0356442
0.159021
0.28672
0.400137
0.479084
0.475802
0.328072
0.128989
-0.0837186
-0.274498
-0.408404
-0.464555
-0.502993
-0.619997
-0.58455
-0.51715
-0.428289
-0.328125
-0.221126
-0.108669
0.00839222
0.128992
0.251878
0.357587
0.420397
0.391995
0.211141
0.0127365
-0.183843
-0.341863
-0.405034
-0.423477
-0.42671
-0.646211
-0.610637
-0.543114
-0.45432
-0.354476
-0.248132
-0.136864
-0.0217881
0.0955157
0.212728
0.310225
0.35372
0.302169
0.101559
-0.0919423
-0.267369
-0.37686
-0.394847
-0.39968
-0.399897
-0.674301
-0.638451
-0.570795
-0.482156
-0.382808
-0.277383
-0.167617
-0.0549184
0.0585453
0.169358
0.25723
0.285264
0.191931
0.0017733
-0.183207
-0.32968
-0.379905
-0.387156
-0.387468
-0.387171
-0.704146
-0.667941
-0.600164
-0.511799
-0.41312
-0.308866
-0.20093
-0.0910211
0.0181107
0.121867
0.199198
0.209093
0.0871835
-0.0894387
-0.258548
-0.364255
-0.378774
-0.379415
-0.379959
-0.379701
-0.73531
-0.698874
-0.63105
-0.54309
-0.445288
-0.342488
-0.236742
-0.130052
-0.0256558
0.0704896
0.137528
0.128713
-0.00591765
-0.170779
-0.31541
-0.365049
-0.375754
-0.375008
-0.374793
-0.374534
-0.767424
-0.730811
-0.663086
-0.57572
-0.479054
-0.378023
-0.274844
-0.171811
-0.0724946
0.0159706
0.0713269
0.049806
-0.0912413
-0.239269
-0.350301
-0.372437
-0.370755
-0.371259
-0.371119
-0.370931
-0.799568
-0.763126
-0.695658
-0.609169
-0.513963
-0.415071
-0.31486
-0.215929
-0.12206
-0.0406886
0.00168162
-0.0236225
-0.165971
-0.288503
-0.368477
-0.37447
-0.371142
-0.369561
-0.369043
-0.368804
-0.830666
-0.794787
-0.727905
-0.642675
-0.549355
-0.453042
-0.356217
-0.261774
-0.173766
-0.0988529
-0.0642161
-0.101414
-0.227781
-0.325692
-0.359905
-0.372519
-0.370379
-0.369653
-0.36924
-0.36891
-0.859209
-0.824302
-0.758597
-0.675199
-0.584309
-0.491103
-0.398145
-0.308502
-0.226589
-0.158147
-0.125988
-0.175424
-0.277059
-0.354296
-0.374704
-0.371937
-0.372526
-0.372111
-0.371765
-0.371533
-0.883221
-0.850044
-0.786168
-0.705363
-0.617625
-0.52818
-0.439637
-0.355102
-0.279186
-0.217556
-0.187889
-0.235582
-0.314118
-0.374575
-0.385687
-0.377956
-0.374505
-0.373555
-0.373238
-0.373166
-0.900371
-0.8696
-0.808669
-0.731502
-0.647863
-0.562971
-0.479466
-0.400427
-0.330355
-0.274546
-0.246982
-0.283008
-0.337385
-0.379709
-0.376445
-0.375523
-0.374029
-0.37305
-0.372747
-0.372631
-0.908288
-0.880449
-0.823955
-0.751787
-0.673413
-0.594027
-0.516227
-0.44311
-0.378992
-0.327089
-0.298714
-0.321142
-0.345591
-0.374004
-0.373392
-0.372601
-0.372502
-0.372108
-0.371868
-0.3717
-0.903966
-0.880269
-0.830187
-0.764313
-0.692665
-0.61989
-0.548516
-0.4816
-0.423596
-0.375824
-0.339289
-0.354225
-0.348066
-0.358471
-0.367389
-0.369008
-0.370103
-0.37077
-0.370975
-0.370936
-0.884049
-0.86671
-0.825405
-0.767686
-0.704308
-0.639313
-0.575142
-0.514524
-0.462257
-0.421282
-0.38054
-0.380827
-0.345144
-0.342299
-0.359289
-0.366834
-0.370909
-0.372833
-0.373443
-0.373572
-0.850379
-0.838616
-0.808386
-0.761349
-0.707633
-0.651637
-0.595272
-0.541093
-0.493863
-0.46008
-0.424955
-0.401459
-0.375724
-0.366239
-0.373153
-0.378875
-0.380078
-0.381229
-0.382194
-0.382559
-0.807854
-0.800742
-0.782159
-0.747025
-0.703778
-0.657107
-0.60861
-0.560929
-0.518162
-0.487682
-0.460821
-0.43381
-0.407453
-0.404537
-0.405252
-0.400866
-0.401383
-0.401924
-0.402838
-0.402992
-0.765306
-0.761435
-0.751816
-0.729034
-0.695583
-0.657136
-0.615775
-0.57361
-0.534008
-0.503619
-0.476807
-0.461961
-0.44469
-0.43507
-0.410981
-0.41528
-0.432964
-0.442281
-0.444892
-0.445716
-0.731618
-0.729514
-0.724618
-0.710506
-0.685966
-0.653907
-0.618212
-0.579597
-0.541267
-0.50851
-0.483972
-0.477975
-0.493338
-0.550669
-0.608473
-0.630766
-0.631767
-0.593473
-0.551974
-0.547485
-0.70751
-0.706492
-0.704587
-0.696988
-0.678516
-0.651303
-0.618063
-0.580573
-0.540444
-0.502269
-0.476038
-0.458042
-0.467192
-0.509553
-0.56797
-0.606665
-0.598485
-0.572063
-0.528378
-0.516398
-0.692022
-0.691611
-0.690835
-0.687055
-0.674248
-0.649923
-0.616824
-0.578374
-0.534774
-0.489421
-0.453324
-0.412033
-0.363853
-0.333026
-0.318132
-0.290626
-0.291833
-0.29528
-0.286145
-0.280872
-0.68221
-0.682041
-0.681552
-0.680184
-0.671849
-0.649479
-0.615861
-0.574651
-0.526203
-0.469477
-0.416912
-0.348401
-0.246649
-0.138002
-0.0628338
-0.0343718
-0.0121487
0.0183228
0.0467724
0.0608275
-0.675606
-0.675488
-0.675187
-0.674987
-0.669797
-0.650394
-0.615839
-0.570944
-0.516146
-0.4484
-0.375311
-0.284093
-0.135883
0.0452839
0.210086
0.332666
0.429582
0.512834
0.573553
0.600543
-0.670871
-0.670858
-0.670794
-0.670577
-0.668467
-0.652401
-0.617151
-0.567917
-0.507549
-0.430481
-0.340691
-0.240206
-0.0490086
0.220422
0.517929
0.787608
0.993647
1.12117
1.18417
1.20435
-0.666777
-0.666874
-0.667011
-0.667151
-0.666179
-0.654145
-0.619569
-0.567619
-0.502904
-0.419176
-0.319924
-0.213659
-0.0139239
0.286883
0.632422
0.957671
1.21901
1.3713
1.42531
1.43608
-0.663211
-0.663255
-0.663064
-0.662571
-0.662664
-0.65436
-0.623081
-0.571513
-0.503651
-0.416918
-0.316192
-0.211395
-0.042233
0.236166
0.541617
0.828727
1.05849
1.18559
1.22876
1.23655
-0.661642
-0.661526
-0.660991
-0.659795
-0.658583
-0.654316
-0.629581
-0.580412
-0.510078
-0.423518
-0.328149
-0.233543
-0.0978497
0.132307
0.37505
0.583075
0.743016
0.830446
0.862768
0.870434
-0.663146
-0.663205
-0.663245
-0.662997
-0.661819
-0.660816
-0.642558
-0.592905
-0.520819
-0.43827
-0.351435
-0.268166
-0.166921
0.0119036
0.196337
0.342963
0.450581
0.511396
0.536537
0.543899
-0.667127
-0.668161
-0.671069
-0.677357
-0.684759
-0.685875
-0.664863
-0.606045
-0.534822
-0.460701
-0.381239
-0.30968
-0.236545
-0.102896
0.0421829
0.154941
0.237061
0.285983
0.306249
0.311326
-0.671236
-0.672886
-0.678217
-0.6914
-0.711302
-0.716899
-0.683056
-0.61522
-0.552724
-0.487242
-0.411894
-0.350781
-0.296363
-0.192107
-0.0781665
0.0108082
0.0779853
0.11982
0.136057
0.138745
-0.68379
-0.684976
-0.688056
-0.690232
-0.689946
-0.691443
-0.658234
-0.614112
-0.573478
-0.511915
-0.441732
-0.390714
-0.351354
-0.269275
-0.176125
-0.10455
-0.0508964
-0.0178419
-0.00683797
-0.00548673
-0.706171
-0.706594
-0.705996
-0.682952
-0.627155
-0.585662
-0.597067
-0.609771
-0.591896
-0.531391
-0.468431
-0.424694
-0.392086
-0.326614
-0.253639
-0.198767
-0.157198
-0.132875
-0.124303
-0.12351
-0.73129
-0.730021
-0.725487
-0.695436
-0.628791
-0.575814
-0.595792
-0.637207
-0.615243
-0.550412
-0.490985
-0.45186
-0.421304
-0.366836
-0.309653
-0.269105
-0.239234
-0.222575
-0.217058
-0.217138
-0.779723
-0.777302
-0.788402
-0.804882
-0.810424
-0.781741
-0.762301
-0.733344
-0.662215
-0.572648
-0.511919
-0.471814
-0.439151
-0.396487
-0.353369
-0.322297
-0.30051
-0.288801
-0.285035
-0.285321
-0.900021
-0.911362
-0.955001
-1.01268
-1.03986
-1.02325
-0.965013
-0.859084
-0.717632
-0.597696
-0.530836
-0.480834
-0.449821
-0.413829
-0.377595
-0.353705
-0.338205
-0.330731
-0.328161
-0.328398
-1.02833
-1.04744
-1.09226
-1.13695
-1.16086
-1.14433
-1.07252
-0.919756
-0.73822
-0.612247
-0.533845
-0.478884
-0.452669
-0.420818
-0.388099
-0.367154
-0.354608
-0.348256
-0.345844
-0.34609
-1.0538
-1.07045
-1.10021
-1.13173
-1.15194
-1.13836
-1.0604
-0.880709
-0.709839
-0.597247
-0.508835
-0.465446
-0.443531
-0.41042
-0.380438
-0.362073
-0.350196
-0.343512
-0.341229
-0.3416
-0.946415
-0.95862
-0.982
-1.00878
-1.02783
-1.01715
-0.943134
-0.782065
-0.648393
-0.540608
-0.466881
-0.43733
-0.416845
-0.386717
-0.359623
-0.341445
-0.329148
-0.32253
-0.320414
-0.320961
-0.725372
-0.738102
-0.763035
-0.794426
-0.819304
-0.815299
-0.748352
-0.643845
-0.546699
-0.459622
-0.418191
-0.390009
-0.374784
-0.351605
-0.327218
-0.310067
-0.297941
-0.291554
-0.289813
-0.290545
-0.434734
-0.446775
-0.471645
-0.506113
-0.537495
-0.546033
-0.515959
-0.468664
-0.415331
-0.378331
-0.351389
-0.331732
-0.326651
-0.304266
-0.283067
-0.26941
-0.259972
-0.255386
-0.254345
-0.255058
-0.158563
-0.166878
-0.186
-0.216789
-0.253961
-0.283663
-0.299166
-0.303361
-0.297186
-0.287914
-0.273382
-0.26978
-0.266147
-0.247982
-0.233622
-0.224016
-0.216908
-0.213681
-0.213163
-0.213836
0.0255761
0.020461
0.00656844
-0.0198419
-0.0594071
-0.107736
-0.152884
-0.18278
-0.198016
-0.20299
-0.20411
-0.201024
-0.198694
-0.187848
-0.179812
-0.17363
-0.168834
-0.166876
-0.166666
-0.167311
0.101611
0.098101
0.0875967
0.0654489
0.0300268
-0.0138987
-0.0602633
-0.0985136
-0.123344
-0.135541
-0.138275
-0.133487
-0.132267
-0.129078
-0.125291
-0.12157
-0.118231
-0.116781
-0.116849
-0.11756
0.10032
0.0979698
0.0905642
0.0748162
0.0488522
0.0150215
-0.0186475
-0.0468088
-0.0663742
-0.0758766
-0.0793018
-0.0755464
-0.0746098
-0.0742086
-0.0737675
-0.0718359
-0.0691271
-0.068
-0.0683947
-0.0692017
0.0540545
0.0533431
0.0515491
0.0461738
0.0360201
0.0217916
0.00536586
-0.0105947
-0.0214774
-0.027403
-0.0308003
-0.0305764
-0.0279409
-0.0289747
-0.0295215
-0.0295652
-0.0279074
-0.0263816
-0.0259094
-0.0268502
-0.407902
-0.0333503
0.232608
0.413852
0.55185
0.655679
0.738604
0.811119
0.892213
0.885182
0.136253
0.284954
0.420931
0.537365
0.632853
0.709817
0.772025
0.815834
0.829671
0.843292
0.367714
0.463086
0.556203
0.6368
0.704864
0.760892
0.804415
0.835306
0.85674
0.875858
0.530559
0.596732
0.662663
0.721207
0.771241
0.813018
0.847015
0.874632
0.895773
0.915347
0.65656
0.705412
0.753712
0.797862
0.836682
0.870358
0.899412
0.924135
0.942971
0.961683
0.761393
0.799453
0.836608
0.872137
0.904641
0.933789
0.959512
0.981309
0.998042
1.01595
0.851263
0.884243
0.916949
0.94842
0.977785
1.00451
1.0281
1.04774
1.06246
1.07984
0.93724
0.968808
1.00038
1.03093
1.05942
1.0852
1.1076
1.12566
1.13872
1.15556
1.02603
1.06024
1.09342
1.12493
1.15377
1.17926
1.20081
1.21763
1.22949
1.24586
1.12811
1.1669
1.20285
1.23559
1.26454
1.28926
1.30956
1.32522
1.33683
1.35297
1.25438
1.29612
1.33288
1.36451
1.3916
1.41441
1.43329
1.44841
1.46084
1.47694
1.41153
1.44936
1.48112
1.50716
1.52977
1.54996
1.56818
1.58431
1.59834
1.61421
1.59311
1.61783
1.63938
1.65825
1.6761
1.69298
1.70933
1.72578
1.74141
1.75739
1.77865
1.7904
1.80501
1.81983
1.83359
1.84579
1.8571
1.86847
1.88136
1.90207
1.96666
1.97666
1.98361
1.98499
1.98709
1.9945
2.00764
2.02298
2.03606
2.06433
2.24308
2.18401
2.13638
2.10526
2.09212
2.09669
2.11993
2.16526
2.23579
2.3144
0.749641
0.742141
0.733227
0.720413
0.707023
0.695444
0.686259
0.679416
0.674883
0.672977
0.67431
0.678453
0.684782
0.693235
0.703941
0.716802
0.730517
0.741728
0.749519
0.755846
0.663586
0.671471
0.678624
0.683397
0.684662
0.68269
0.678978
0.675081
0.672079
0.6708
0.671967
0.675123
0.679367
0.683833
0.687252
0.687998
0.685095
0.679081
0.671087
0.66519
0.6555
0.658564
0.661661
0.664193
0.666584
0.668371
0.668891
0.668277
0.667327
0.666988
0.667916
0.669685
0.671352
0.672032
0.671238
0.669328
0.667081
0.664455
0.661274
0.658913
0.650146
0.651668
0.653911
0.656086
0.657695
0.658998
0.66015
0.660982
0.661471
0.661961
0.662719
0.663444
0.663686
0.663318
0.662557
0.661491
0.659865
0.657703
0.655882
0.654798
0.644923
0.645766
0.647262
0.649124
0.650891
0.652324
0.653486
0.654541
0.655532
0.656464
0.657223
0.657626
0.657642
0.657323
0.65662
0.655431
0.653889
0.652346
0.651321
0.650686
0.639875
0.640447
0.641532
0.642982
0.644557
0.646118
0.647539
0.648797
0.649973
0.651112
0.652009
0.652483
0.65253
0.652135
0.651325
0.65026
0.649112
0.648064
0.647386
0.646941
0.634932
0.635362
0.636232
0.637459
0.638825
0.640298
0.641823
0.643313
0.64473
0.646091
0.647184
0.647775
0.647845
0.647473
0.646817
0.646031
0.645197
0.644433
0.643941
0.643603
0.630054
0.630392
0.631114
0.632197
0.633468
0.634865
0.636388
0.63801
0.639674
0.641322
0.642656
0.643405
0.643616
0.643442
0.643035
0.642487
0.64188
0.641336
0.640975
0.640706
0.62516
0.625435
0.626053
0.627042
0.628259
0.62963
0.631174
0.632898
0.634775
0.636732
0.63838
0.639402
0.639878
0.639971
0.639815
0.639501
0.639102
0.638738
0.638474
0.638251
0.620161
0.62039
0.620937
0.621867
0.623057
0.624443
0.626053
0.627911
0.630017
0.632317
0.634368
0.63577
0.636589
0.636983
0.63709
0.637021
0.636829
0.636622
0.636434
0.636243
0.614961
0.615156
0.615656
0.616559
0.617759
0.619201
0.620921
0.622966
0.62536
0.628078
0.630624
0.632493
0.633715
0.634454
0.634858
0.635039
0.635057
0.634995
0.63487
0.634702
0.609466
0.609635
0.610108
0.611016
0.612266
0.613809
0.61569
0.617985
0.62075
0.623987
0.627134
0.629558
0.631252
0.632389
0.633124
0.633573
0.633823
0.633895
0.633821
0.633668
0.603572
0.603722
0.604187
0.605129
0.60647
0.608161
0.610266
0.612889
0.616121
0.62
0.623876
0.626962
0.629212
0.630809
0.631928
0.632698
0.633174
0.633374
0.633344
0.633201
0.597162
0.597297
0.597771
0.598775
0.60025
0.602147
0.604548
0.607592
0.611406
0.616069
0.620826
0.624706
0.627618
0.629752
0.631306
0.632436
0.633169
0.633503
0.633513
0.633374
0.590093
0.590219
0.590716
0.591814
0.59347
0.595638
0.598422
0.601995
0.60653
0.61215
0.617969
0.622797
0.626492
0.629265
0.63133
0.63287
0.633893
0.634364
0.63441
0.634272
0.582216
0.582318
0.582852
0.584078
0.585967
0.588482
0.59175
0.595985
0.601409
0.608193
0.61529
0.621247
0.625867
0.629392
0.632076
0.634094
0.635438
0.636054
0.636132
0.635989
0.573256
0.573377
0.573962
0.575351
0.577542
0.580496
0.584371
0.589428
0.595948
0.604147
0.612774
0.620073
0.625784
0.630194
0.633613
0.636192
0.6379
0.638667
0.638774
0.638623
0.562953
0.56307
0.56375
0.565362
0.567937
0.571449
0.576087
0.582171
0.59004
0.599959
0.610414
0.619292
0.62629
0.631742
0.636017
0.639252
0.64137
0.642292
0.642423
0.642261
0.550958
0.551081
0.551873
0.553761
0.556825
0.561052
0.566659
0.574032
0.58357
0.595574
0.608206
0.618934
0.627428
0.6341
0.639367
0.643361
0.645925
0.647
0.647146
0.646969
0.53676
0.536902
0.537854
0.540102
0.543795
0.548944
0.555797
0.564804
0.576418
0.590952
0.606157
0.619032
0.629239
0.637312
0.643731
0.648573
0.651608
0.652821
0.652969
0.652774
0.519653
0.519834
0.521022
0.523762
0.528296
0.534669
0.543153
0.554264
0.568478
0.586075
0.604291
0.61962
0.631768
0.641423
0.649119
0.654903
0.658405
0.659722
0.659856
0.659641
0.49864
0.498897
0.500441
0.503881
0.509588
0.517646
0.528332
0.542197
0.559685
0.58097
0.60266
0.620738
0.635047
0.646447
0.655535
0.662308
0.666223
0.667584
0.667683
0.667449
0.472189
0.472596
0.474711
0.479231
0.486682
0.49717
0.510928
0.528454
0.550058
0.57573
0.601356
0.62245
0.639083
0.652366
0.662938
0.670657
0.674861
0.676179
0.67622
0.675971
0.437834
0.438551
0.441647
0.448023
0.45833
0.472521
0.49066
0.513052
0.539756
0.570534
0.600515
0.62483
0.643902
0.659121
0.671206
0.679719
0.683999
0.685164
0.685129
0.684874
0.391208
0.392671
0.3979
0.40797
0.423272
0.44325
0.467603
0.496295
0.52912
0.565655
0.600307
0.627968
0.649509
0.666648
0.680154
0.689156
0.693195
0.694097
0.693983
0.693736
0.324234
0.328725
0.339743
0.357327
0.381151
0.409814
0.442464
0.478844
0.518657
0.561422
0.600903
0.631919
0.655882
0.674779
0.689393
0.698427
0.701885
0.702449
0.702283
0.702067
0.244178
0.252995
0.273305
0.301854
0.336518
0.374887
0.416331
0.460768
0.507992
0.557601
0.602658
0.637739
0.664755
0.685771
0.701286
0.709866
0.712688
0.713024
0.712903
0.712785
0.163895
0.178725
0.208372
0.247695
0.292807
0.340797
0.391057
0.443581
0.498216
0.554612
0.60516
0.644183
0.674108
0.697234
0.71329
0.720902
0.722763
0.722864
0.722773
0.72271
0.0973591
0.115708
0.1515
0.19893
0.252531
0.30893
0.367295
0.427455
0.489124
0.551891
0.607452
0.649952
0.682282
0.706853
0.722894
0.729695
0.731146
0.731207
0.731141
0.731097
0.0423805
0.0629167
0.103391
0.156817
0.216997
0.280261
0.345567
0.412527
0.480627
0.549272
0.609437
0.655046
0.689435
0.715072
0.731061
0.737294
0.738509
0.738556
0.738511
0.738473
-0.00372483
0.0181135
0.0620871
0.120307
0.185899
0.254893
0.326115
0.399033
0.472926
0.546972
0.611381
0.659814
0.695998
0.722501
0.738339
0.744141
0.745241
0.745302
0.74528
0.745246
-0.0433684
-0.0206673
0.0260248
0.0881735
0.158351
0.232306
0.308718
0.386956
0.466124
0.545187
0.613566
0.664599
0.702373
0.729515
0.745127
0.750614
0.751668
0.751769
0.751784
0.751757
-0.0782411
-0.0549376
-0.00603688
0.0594085
0.133538
0.211852
0.292927
0.376034
0.46012
0.543928
0.61611
0.669604
0.70882
0.73647
0.751868
0.757119
0.758136
0.758304
0.758379
0.758371
-0.109589
-0.0858555
-0.0350978
0.0332029
0.110795
0.192981
0.278287
0.365912
0.454664
0.543065
0.618984
0.674906
0.715534
0.743713
0.758973
0.764039
0.765073
0.765305
0.765437
0.765455
-0.138449
-0.114302
-0.0619189
0.00893179
0.0895953
0.175249
0.26442
0.356262
0.449481
0.542409
0.622076
0.68051
0.722623
0.751431
0.766686
0.771692
0.772718
0.772971
0.773138
0.773183
-0.165394
-0.140852
-0.0870312
-0.0138898
0.0695205
0.158307
0.251022
0.346817
0.444334
0.541758
0.625291
0.686357
0.730096
0.759684
0.775049
0.780041
0.781012
0.781247
0.781427
0.781494
-0.190922
-0.165968
-0.110841
-0.0356325
0.0502509
0.141883
0.237866
0.337359
0.43902
0.540948
0.628495
0.692351
0.737823
0.76827
0.783836
0.788846
0.789746
0.78992
0.790081
0.790149
-0.215367
-0.189978
-0.133637
-0.0565559
0.0315625
0.125783
0.224767
0.327727
0.43337
0.539802
0.631546
0.69839
0.745676
0.777002
0.792776
0.79775
0.798568
0.798659
0.798776
0.798839
-0.238916
-0.213065
-0.155605
-0.07683
0.0133023
0.109868
0.211609
0.317799
0.427246
0.53816
0.634299
0.704375
0.753565
0.785709
0.801595
0.806447
0.807157
0.807151
0.807213
0.807271
-0.261733
-0.235406
-0.176873
-0.0965578
-0.00462048
0.0940656
0.198317
0.307491
0.420537
0.535873
0.636607
0.710231
0.761477
0.794274
0.810038
0.814671
0.815231
0.815141
0.815154
0.815202
-0.283861
-0.25708
-0.197511
-0.115796
-0.0222502
0.0783307
0.184851
0.29676
0.413172
0.532818
0.638314
0.715878
0.76945
0.80281
0.81813
0.822279
0.822645
0.822489
0.822467
0.822502
-0.305348
-0.278114
-0.217528
-0.134568
-0.0396012
0.0626607
0.171213
0.285595
0.405126
0.528898
0.639275
0.721222
0.777577
0.811542
0.826013
0.829307
0.829331
0.829136
0.829113
0.829138
-0.326143
-0.298478
-0.236943
-0.152893
-0.056667
0.0470854
0.157432
0.27402
0.39639
0.524038
0.639329
0.726119
0.785904
0.820825
0.834183
0.836003
0.835307
0.835087
0.835186
0.835236
-0.346323
-0.318161
-0.255776
-0.170749
-0.0734122
0.0316387
0.143558
0.262089
0.386984
0.518213
0.63833
0.730379
0.794381
0.831013
0.843441
0.843218
0.840997
0.840477
0.840994
0.841348
-0.365779
-0.337171
-0.274007
-0.188111
-0.0898069
0.0163754
0.129642
0.249841
0.37697
0.511431
0.636148
0.73377
0.802799
0.8422
0.854648
0.852536
0.847934
0.846204
0.847134
0.848596
-0.384594
-0.355513
-0.291597
-0.20494
-0.105796
0.00136502
0.115788
0.237386
0.366433
0.503729
0.632678
0.736016
0.810798
0.854033
0.868027
0.865507
0.858815
0.853518
0.849082
0.837846
-0.402727
-0.373231
-0.308689
-0.221448
-0.121676
-0.0137064
0.101602
0.224296
0.354908
0.494679
0.627501
0.73677
0.818394
0.866539
0.883587
0.882838
0.875047
0.864042
0.853431
0.866757
-0.420196
-0.390335
-0.325261
-0.237599
-0.137409
-0.0288001
0.0870712
0.210573
0.34234
0.484108
0.620264
0.735123
0.82468
0.878632
0.898607
0.900232
0.890662
0.876215
0.825761
0.818835
-0.43749
-0.407037
-0.341068
-0.253124
-0.152564
-0.0435472
0.0723585
0.196478
0.329006
0.472177
0.6109
0.73018
0.828392
0.888921
0.908216
0.908431
0.892063
0.850206
0.790838
0.755443
-0.45781
-0.425272
-0.355642
-0.267656
-0.166277
-0.0575556
0.0579063
0.182295
0.315114
0.458975
0.599374
0.72134
0.827104
0.894617
0.921813
0.893503
0.856033
0.789542
0.723248
0.683743
-0.0155983
0.105259
0.233596
0.371411
0.515628
0.649252
0.763435
0.586202
-0.470061
-0.460703
-0.41832
-0.343492
-0.248784
-0.144811
-0.0327796
0.0869617
0.214703
0.351646
0.495274
0.629219
0.741398
0.831734
0.87126
0.804095
0.669834
0.58724
0.522544
-0.492109
-0.480602
-0.434418
-0.358427
-0.263427
-0.159434
-0.0477083
0.0716731
0.198729
0.334617
0.476467
0.608015
0.714306
0.787549
0.778161
0.659201
0.521828
0.427593
0.351011
-0.514357
-0.502597
-0.454117
-0.377175
-0.282294
-0.178115
-0.0662758
0.0528623
0.179068
0.313512
0.452444
0.579032
0.674017
0.72576
0.678325
0.512965
0.36104
0.246587
0.15441
-0.53628
-0.524556
-0.47481
-0.396758
-0.30171
-0.197506
-0.0859553
0.0324719
0.157485
0.289914
0.425175
0.545264
0.63185
0.650436
0.550281
0.363818
0.186277
0.0354631
-0.0899865
-0.558182
-0.546603
-0.49605
-0.417179
-0.321849
-0.217666
-0.106577
0.0109438
0.134511
0.264463
0.395334
0.507675
0.582911
0.562069
0.414683
0.216388
0.0153997
-0.156302
-0.320841
-0.580566
-0.569184
-0.518267
-0.4389
-0.343338
-0.239167
-0.128498
-0.0118694
0.110117
0.237305
0.363363
0.46596
0.52507
0.480297
0.287651
0.0830828
-0.124037
-0.30636
-0.444828
-0.567656
-0.60424
-0.592992
-0.541851
-0.462244
-0.366642
-0.26261
-0.152463
-0.0368892
0.0832115
0.207085
0.32758
0.420299
0.459645
0.376183
0.169534
-0.0378002
-0.231133
-0.376815
-0.428023
-0.448694
-0.629492
-0.618327
-0.567022
-0.487321
-0.391855
-0.288189
-0.178785
-0.0645883
0.0531914
0.173068
0.28705
0.369558
0.379816
0.257849
0.0579541
-0.138926
-0.308149
-0.385142
-0.408129
-0.410818
-0.656545
-0.64538
-0.593864
-0.514139
-0.41896
-0.315864
-0.207494
-0.0950206
0.0199841
0.135223
0.241704
0.3133
0.29278
0.146206
-0.0443346
-0.227654
-0.353294
-0.393623
-0.392039
-0.39299
-0.685383
-0.674169
-0.622405
-0.542706
-0.447959
-0.345645
-0.238602
-0.128203
-0.0164302
0.0935801
0.191747
0.250173
0.212239
0.0411733
-0.134984
-0.300008
-0.368771
-0.381736
-0.383002
-0.383045
-0.715782
-0.704487
-0.652534
-0.572954
-0.478774
-0.37749
-0.272068
-0.164132
-0.0560327
0.0482251
0.137548
0.181838
0.132893
-0.0498596
-0.215712
-0.340224
-0.382202
-0.377544
-0.377261
-0.376994
-0.747249
-0.73593
-0.683961
-0.604628
-0.511218
-0.411224
-0.307757
-0.20269
-0.0986811
-0.000464925
0.0793797
0.111865
0.0403178
-0.131328
-0.282159
-0.359865
-0.372624
-0.373008
-0.372818
-0.372565
-0.779268
-0.767951
-0.716184
-0.637284
-0.544903
-0.446511
-0.34537
-0.243591
-0.144125
-0.0520023
0.018236
0.0363828
-0.0500654
-0.200052
-0.327722
-0.366863
-0.370549
-0.370318
-0.369953
-0.369691
-0.810892
-0.79964
-0.748409
-0.670243
-0.579237
-0.482843
-0.384434
-0.286352
-0.19187
-0.105977
-0.0433593
-0.0413342
-0.128875
-0.256828
-0.347107
-0.382684
-0.373168
-0.369793
-0.368823
-0.368456
-0.840481
-0.829576
-0.779483
-0.70256
-0.613387
-0.519471
-0.424268
-0.330279
-0.241118
-0.161764
-0.104117
-0.111242
-0.198748
-0.302935
-0.361164
-0.366391
-0.370703
-0.370771
-0.370438
-0.370126
-0.866841
-0.856322
-0.807912
-0.732931
-0.646224
-0.555398
-0.463958
-0.374489
-0.290806
-0.218087
-0.165529
-0.173493
-0.255595
-0.337658
-0.376773
-0.379536
-0.374539
-0.373389
-0.372846
-0.3726
-0.887305
-0.877474
-0.831802
-0.759702
-0.676337
-0.589373
-0.502349
-0.417897
-0.339809
-0.273308
-0.226712
-0.228443
-0.297548
-0.359538
-0.381876
-0.379345
-0.37549
-0.373688
-0.373118
-0.372963
-0.899864
-0.891072
-0.848934
-0.780994
-0.702087
-0.619943
-0.538093
-0.459192
-0.386964
-0.326034
-0.282887
-0.279919
-0.325834
-0.365076
-0.3791
-0.374028
-0.373818
-0.372826
-0.372334
-0.372111
-0.902013
-0.894647
-0.857083
-0.794834
-0.72171
-0.645562
-0.569768
-0.496912
-0.430798
-0.375466
-0.332017
-0.324256
-0.345644
-0.357274
-0.373587
-0.370763
-0.370977
-0.371177
-0.371171
-0.371094
-0.891456
-0.88546
-0.854015
-0.799247
-0.733637
-0.664794
-0.596031
-0.529679
-0.469621
-0.4205
-0.377554
-0.356801
-0.360352
-0.353235
-0.364314
-0.366785
-0.368729
-0.370444
-0.371256
-0.371479
-0.865203
-0.86098
-0.837311
-0.792755
-0.736801
-0.67664
-0.615856
-0.556486
-0.502163
-0.458806
-0.423156
-0.386542
-0.375547
-0.370478
-0.358142
-0.365214
-0.371842
-0.375006
-0.376385
-0.376922
-0.82689
-0.824218
-0.809033
-0.775903
-0.731304
-0.681023
-0.628816
-0.576732
-0.527954
-0.489046
-0.462484
-0.429722
-0.39935
-0.388586
-0.397771
-0.399537
-0.392541
-0.389208
-0.389691
-0.390452
-0.78367
-0.781991
-0.774496
-0.752723
-0.719613
-0.6792
-0.635385
-0.590191
-0.546651
-0.510247
-0.484384
-0.459011
-0.43337
-0.421568
-0.409132
-0.398677
-0.403852
-0.415105
-0.419829
-0.420788
-0.745664
-0.744556
-0.741008
-0.729238
-0.705664
-0.673742
-0.636962
-0.59746
-0.557575
-0.521505
-0.495609
-0.473331
-0.466968
-0.472032
-0.48537
-0.502742
-0.513728
-0.498765
-0.482387
-0.478742
-0.718414
-0.717789
-0.715537
-0.709741
-0.693532
-0.667955
-0.635959
-0.599928
-0.56133
-0.523373
-0.494565
-0.469527
-0.486226
-0.532092
-0.612598
-0.666603
-0.691313
-0.672093
-0.621862
-0.583046
-0.69871
-0.698292
-0.697438
-0.695137
-0.685267
-0.664295
-0.63472
-0.599213
-0.559387
-0.516802
-0.480237
-0.45046
-0.428303
-0.417813
-0.444032
-0.472709
-0.463618
-0.455495
-0.438998
-0.417352
-0.686739
-0.686636
-0.686271
-0.684979
-0.679921
-0.662653
-0.633921
-0.597263
-0.554241
-0.505214
-0.45739
-0.4133
-0.344569
-0.266988
-0.202516
-0.154971
-0.14172
-0.144002
-0.137433
-0.12809
-0.678505
-0.678481
-0.678182
-0.677822
-0.675595
-0.662207
-0.633992
-0.59484
-0.547443
-0.491311
-0.427144
-0.361882
-0.25705
-0.117171
0.0090182
0.0888895
0.140473
0.201007
0.256117
0.293635
-0.673167
-0.673161
-0.673061
-0.672973
-0.671535
-0.6627
-0.635385
-0.593383
-0.541628
-0.477502
-0.398196
-0.315083
-0.181437
0.0225326
0.263271
0.483445
0.657714
0.787062
0.871261
0.914968
-0.668772
-0.668816
-0.668859
-0.668844
-0.669062
-0.663309
-0.637921
-0.593935
-0.537788
-0.46731
-0.377474
-0.280413
-0.13713
0.113775
0.440672
0.767584
1.0537
1.2498
1.34848
1.37972
-0.664756
-0.664875
-0.664945
-0.66491
-0.664871
-0.662343
-0.640709
-0.597589
-0.538189
-0.46287
-0.368192
-0.263634
-0.129939
0.118639
0.440753
0.765579
1.05653
1.25918
1.34952
1.37228
-0.662078
-0.662138
-0.661946
-0.661303
-0.660528
-0.65898
-0.643567
-0.604
-0.543168
-0.464859
-0.371108
-0.270582
-0.158237
0.0504408
0.327174
0.592055
0.81863
0.970606
1.03765
1.05579
-0.661927
-0.661927
-0.661652
-0.660883
-0.659207
-0.657652
-0.650144
-0.614482
-0.552183
-0.473785
-0.38544
-0.293055
-0.200507
-0.0346293
0.183456
0.375561
0.529037
0.630494
0.677403
0.692974
-0.664897
-0.665257
-0.665979
-0.667749
-0.669943
-0.671177
-0.666473
-0.629123
-0.563954
-0.488972
-0.408283
-0.325451
-0.252524
-0.132327
0.0371852
0.183968
0.293536
0.366622
0.403206
0.416274
-0.668532
-0.669523
-0.672137
-0.679633
-0.693642
-0.706447
-0.69493
-0.645295
-0.576389
-0.510116
-0.435984
-0.36077
-0.302449
-0.213515
-0.0833394
0.0318085
0.118053
0.178652
0.209206
0.218443
-0.675315
-0.676347
-0.678831
-0.685669
-0.70014
-0.713587
-0.70143
-0.646953
-0.589062
-0.53436
-0.463502
-0.3961
-0.350777
-0.283766
-0.178668
-0.0860403
-0.0170884
0.0329783
0.0570566
0.063673
-0.694236
-0.694716
-0.696251
-0.693668
-0.673035
-0.648479
-0.637537
-0.62013
-0.600628
-0.556015
-0.487829
-0.429306
-0.392099
-0.34162
-0.257923
-0.184053
-0.12913
-0.0898468
-0.0714759
-0.0682055
-0.718583
-0.71859
-0.718126
-0.705663
-0.651753
-0.5758
-0.559472
-0.60133
-0.616639
-0.574414
-0.508354
-0.457319
-0.424642
-0.381138
-0.313964
-0.258028
-0.217135
-0.188607
-0.176043
-0.172994
-0.749547
-0.747341
-0.744975
-0.74152
-0.713701
-0.676034
-0.649339
-0.674567
-0.662903
-0.599662
-0.52776
-0.480964
-0.447414
-0.409637
-0.356508
-0.314158
-0.283995
-0.264269
-0.255722
-0.25401
-0.833888
-0.830204
-0.846529
-0.88688
-0.927684
-0.92755
-0.893548
-0.840049
-0.74809
-0.634494
-0.549697
-0.498648
-0.460838
-0.426961
-0.385186
-0.353013
-0.330516
-0.31649
-0.31083
-0.30971
-0.972625
-0.975409
-1.00975
-1.06641
-1.10815
-1.11585
-1.07439
-0.977101
-0.817311
-0.661852
-0.568997
-0.505801
-0.46505
-0.43766
-0.400592
-0.372393
-0.354797
-0.344982
-0.340897
-0.339963
-1.05663
-1.0637
-1.09345
-1.13302
-1.16478
-1.17153
-1.12739
-1.00794
-0.811432
-0.662885
-0.56496
-0.494253
-0.461042
-0.435186
-0.400462
-0.375456
-0.360216
-0.351135
-0.346849
-0.346011
-1.01535
-1.0214
-1.04154
-1.06949
-1.09464
-1.10119
-1.06349
-0.933298
-0.749717
-0.626859
-0.526442
-0.466815
-0.443719
-0.417194
-0.384018
-0.361337
-0.3466
-0.337361
-0.33319
-0.332566
-0.84558
-0.85237
-0.870918
-0.898211
-0.925028
-0.9362
-0.900773
-0.785052
-0.657925
-0.549901
-0.46614
-0.428524
-0.405695
-0.384813
-0.35717
-0.335404
-0.320076
-0.310481
-0.306422
-0.306105
-0.582199
-0.589853
-0.609154
-0.640045
-0.673366
-0.691348
-0.667843
-0.59625
-0.521271
-0.445269
-0.402453
-0.372255
-0.35607
-0.34207
-0.316475
-0.297478
-0.284391
-0.27618
-0.273025
-0.273012
-0.287085
-0.293
-0.308662
-0.336738
-0.372314
-0.400455
-0.406557
-0.392073
-0.367107
-0.342853
-0.32375
-0.304446
-0.300872
-0.288698
-0.267277
-0.253064
-0.242799
-0.236613
-0.23457
-0.234781
-0.0508058
-0.0545469
-0.0650842
-0.0872963
-0.122045
-0.164234
-0.202789
-0.229395
-0.242756
-0.246141
-0.239486
-0.236973
-0.235521
-0.226019
-0.211535
-0.20272
-0.195824
-0.191731
-0.190575
-0.190882
0.0766143
0.0741047
0.0668666
0.0490473
0.0175606
-0.0261586
-0.0765286
-0.121028
-0.148892
-0.163389
-0.170649
-0.168586
-0.165398
-0.162113
-0.155247
-0.150314
-0.145441
-0.142487
-0.14176
-0.14225
0.109129
0.107402
0.102103
0.0885539
0.06314
0.0263379
-0.0140555
-0.0526437
-0.0824311
-0.100571
-0.107072
-0.105476
-0.102141
-0.10182
-0.09967
-0.0976385
-0.0945984
-0.0924268
-0.0920413
-0.0927259
0.0820778
0.0809218
0.0775597
0.0689777
0.053197
0.0303933
0.00370443
-0.0207641
-0.0374635
-0.0474164
-0.053215
-0.0532276
-0.0499296
-0.0504501
-0.0510215
-0.0504877
-0.0480291
-0.0459042
-0.0457995
-0.0467818
0.0536726
0.0527632
0.0493938
0.0417064
0.0292804
0.0138178
-0.00291574
-0.0168127
-0.0248686
-0.0292879
-0.031264
-0.0285295
-0.0288005
-0.0288527
-0.0297745
-0.0288339
-0.0270815
-0.025984
-0.0260821
-0.0106374
-0.184124
0.0796708
0.251149
0.411508
0.539732
0.641032
0.721183
0.7885
0.831356
0.820512
0.206707
0.323192
0.439532
0.543623
0.631629
0.704518
0.763489
0.807248
0.83331
0.849111
0.418431
0.493981
0.574081
0.647662
0.710733
0.763764
0.806692
0.839795
0.865232
0.88494
0.56925
0.624689
0.681807
0.735799
0.782881
0.823223
0.857319
0.885985
0.90968
0.927743
0.689155
0.732886
0.774922
0.815942
0.853175
0.886268
0.915434
0.940732
0.961307
0.978023
0.790786
0.824696
0.859502
0.893569
0.925478
0.954666
0.980849
1.00356
1.02173
1.03684
0.880285
0.910093
0.941912
0.973477
1.00329
1.03075
1.05536
1.07636
1.09259
1.10634
0.966478
0.99679
1.02913
1.06095
1.09082
1.118
1.1419
1.16177
1.17648
1.18907
1.0589
1.09292
1.12854
1.16218
1.19295
1.22014
1.24332
1.26204
1.27565
1.28782
1.17001
1.20817
1.24723
1.2821
1.3127
1.33882
1.36054
1.37795
1.39111
1.40388
1.31151
1.34987
1.38832
1.42046
1.44764
1.4709
1.49089
1.50786
1.52185
1.53565
1.48708
1.51667
1.54665
1.57093
1.59195
1.61127
1.62944
1.64674
1.6626
1.67746
1.68047
1.69481
1.71238
1.72915
1.74567
1.76111
1.77526
1.7893
1.80416
1.82032
1.86943
1.87372
1.88659
1.89875
1.90875
1.91806
1.92824
1.93889
1.94822
1.96044
2.09882
2.08523
2.07641
2.06137
2.0503
2.04975
2.06176
2.08556
2.1174
2.15316
2.47302
2.31452
2.20902
2.15015
2.12107
2.11452
2.12969
2.1709
2.25014
2.39525
-0.450368
-0.446949
-0.403947
-0.328396
-0.233237
-0.128524
0.862817
0.909386
0.886443
0.806195
0.729543
0.658487
0.460046
0.271948
0.054365
-0.231268
-0.569261
)
;

boundaryField
{
    wall-4
    {
        type            zeroGradient;
    }
    pressure-outlet-7
    {
        type            fixedValue;
        value           uniform 0;
    }
    velocity-inlet-6
    {
        type            zeroGradient;
    }
    velocity-inlet-5
    {
        type            zeroGradient;
    }
    frontAndBackPlanes
    {
        type            empty;
    }
}


// ************************************************************************* //
