/*--------------------------------*- C++ -*----------------------------------*\
  =========                 |
  \\      /  F ield         | OpenFOAM: The Open Source CFD Toolbox
   \\    /   O peration     | Website:  https://openfoam.org
    \\  /    A nd           | Version:  6
     \\/     M anipulation  |
\*---------------------------------------------------------------------------*/
FoamFile
{
    version     2.0;
    format      ascii;
    class       volScalarField;
    location    "44.3";
    object      p;
}
// * * * * * * * * * * * * * * * * * * * * * * * * * * * * * * * * * * * * * //

dimensions      [0 2 -2 0 0 0 0];

internalField   nonuniform List<scalar> 
8800
(
0.863869
0.81455
0.776578
0.748498
0.728319
0.713704
0.703068
0.695479
0.690526
0.688365
0.689633
0.693888
0.700617
0.709993
0.722695
0.739991
0.763852
0.79694
0.839871
0.892383
0.698377
0.704719
0.713861
0.717399
0.714776
0.708668
0.701698
0.695411
0.690547
0.687593
0.687258
0.689786
0.694349
0.700418
0.707477
0.714483
0.719341
0.719204
0.712519
0.703614
0.671924
0.678155
0.682646
0.686502
0.68943
0.690351
0.689223
0.687044
0.684985
0.684045
0.684963
0.687319
0.690132
0.692349
0.69283
0.691013
0.687626
0.683598
0.678808
0.675091
0.667674
0.670436
0.67303
0.67517
0.676884
0.67842
0.679478
0.679767
0.679566
0.679549
0.680229
0.681266
0.681926
0.681713
0.680691
0.679302
0.677607
0.675287
0.672865
0.671298
0.662685
0.664107
0.665933
0.667993
0.669678
0.670933
0.671978
0.672884
0.673591
0.674194
0.674764
0.675106
0.675035
0.674598
0.673875
0.672719
0.671031
0.669114
0.66775
0.666947
0.657781
0.658682
0.659914
0.661517
0.663179
0.664667
0.665891
0.666928
0.667875
0.668739
0.669359
0.669607
0.669505
0.669049
0.66818
0.66694
0.665538
0.664243
0.663409
0.662886
0.652983
0.653637
0.654583
0.655873
0.657283
0.658749
0.660163
0.661429
0.662556
0.663579
0.664334
0.66466
0.664542
0.663998
0.663135
0.662129
0.661086
0.660146
0.659553
0.65917
0.64829
0.648793
0.649563
0.650674
0.651932
0.653292
0.654721
0.656151
0.657511
0.658763
0.659681
0.660077
0.659986
0.659529
0.658861
0.658091
0.657286
0.656581
0.656139
0.655842
0.643654
0.644055
0.644698
0.645686
0.646869
0.64817
0.649584
0.651098
0.652654
0.654155
0.655288
0.655838
0.655902
0.655644
0.65519
0.65462
0.654006
0.653483
0.65315
0.652911
0.638997
0.639324
0.639879
0.640788
0.64192
0.643203
0.644646
0.646247
0.647975
0.649737
0.651156
0.651966
0.652274
0.652243
0.651995
0.651626
0.651189
0.650817
0.650567
0.650368
0.63424
0.63451
0.635005
0.635866
0.636981
0.638284
0.639788
0.641509
0.643437
0.645501
0.647282
0.648434
0.649045
0.649275
0.649252
0.64908
0.648815
0.648573
0.648389
0.648219
0.629302
0.62953
0.629986
0.630827
0.63196
0.633323
0.63493
0.636823
0.639013
0.641453
0.643678
0.645244
0.646205
0.646731
0.646956
0.646988
0.646893
0.646767
0.646636
0.646488
0.624098
0.624291
0.624727
0.625582
0.626775
0.628246
0.630018
0.632157
0.634704
0.63763
0.640391
0.642433
0.643791
0.644642
0.645134
0.645372
0.64545
0.645432
0.645348
0.645216
0.61854
0.618705
0.619139
0.620036
0.621333
0.622964
0.624969
0.627439
0.630435
0.633956
0.637377
0.64
0.64182
0.643038
0.64383
0.644313
0.644562
0.644642
0.644596
0.644475
0.612521
0.612663
0.61311
0.614079
0.615522
0.617368
0.619674
0.62256
0.626128
0.630398
0.634617
0.637924
0.6403
0.64196
0.643096
0.643843
0.644279
0.644464
0.644455
0.644341
0.605919
0.606036
0.606509
0.607576
0.609212
0.611342
0.614029
0.617432
0.621686
0.626853
0.632057
0.636224
0.639279
0.641465
0.643005
0.644054
0.644707
0.645001
0.645027
0.644919
0.598568
0.598661
0.599176
0.600374
0.602262
0.604758
0.607949
0.612027
0.617168
0.623458
0.629854
0.635023
0.63887
0.641662
0.643674
0.645075
0.645968
0.646378
0.646439
0.646331
0.590253
0.590349
0.590912
0.592276
0.594493
0.597455
0.601277
0.606203
0.612455
0.620136
0.62797
0.634347
0.639118
0.642635
0.645223
0.647031
0.648192
0.648726
0.648821
0.648713
0.58067
0.580745
0.581388
0.582982
0.585625
0.58918
0.5938
0.599782
0.607405
0.616798
0.62637
0.634187
0.640088
0.644477
0.647743
0.650049
0.651524
0.652199
0.652331
0.652218
0.569491
0.569549
0.570295
0.572186
0.575357
0.579672
0.585316
0.592646
0.601968
0.613436
0.625145
0.634706
0.641926
0.647342
0.651401
0.654295
0.656134
0.656962
0.657127
0.657006
0.556173
0.556221
0.557109
0.559398
0.563274
0.5686
0.575599
0.584697
0.596242
0.610326
0.62452
0.636046
0.644787
0.651383
0.656357
0.659929
0.662176
0.663168
0.663364
0.663231
0.539941
0.539982
0.541078
0.543925
0.548758
0.555439
0.56422
0.575572
0.589826
0.607032
0.624251
0.638153
0.648681
0.656666
0.662731
0.667097
0.669806
0.670968
0.671186
0.671035
0.519664
0.51971
0.521133
0.524815
0.531039
0.53965
0.550916
0.565321
0.58312
0.604162
0.624821
0.641316
0.653809
0.663356
0.670628
0.675902
0.67911
0.680433
0.680656
0.680481
0.49354
0.493618
0.495626
0.500687
0.509082
0.520562
0.535338
0.553795
0.575985
0.601557
0.626154
0.645576
0.660241
0.671491
0.680094
0.68634
0.690045
0.691495
0.691702
0.691496
0.458506
0.458714
0.461927
0.469549
0.481637
0.497534
0.517339
0.541156
0.568759
0.599584
0.628515
0.651051
0.668009
0.681042
0.691088
0.698309
0.702442
0.703949
0.704108
0.703868
0.408777
0.409855
0.416301
0.429247
0.447824
0.470588
0.497374
0.527967
0.561949
0.598613
0.632156
0.657908
0.677189
0.692035
0.703482
0.711603
0.716006
0.717463
0.717544
0.71727
0.335912
0.343254
0.358118
0.380836
0.409114
0.441075
0.476367
0.514737
0.555804
0.598875
0.637469
0.666777
0.688688
0.705599
0.71864
0.727583
0.73224
0.733684
0.733738
0.733496
0.258152
0.274175
0.298366
0.331617
0.370154
0.411505
0.455413
0.501821
0.550458
0.600734
0.645444
0.67931
0.704669
0.72426
0.739234
0.749235
0.754093
0.755459
0.755545
0.755427
0.191603
0.211237
0.243243
0.285524
0.333149
0.38333
0.435623
0.489928
0.545983
0.603225
0.653746
0.69189
0.72042
0.742482
0.759167
0.76993
0.774825
0.77622
0.776361
0.776315
0.137158
0.159015
0.19638
0.245173
0.2999
0.357487
0.417204
0.478782
0.54181
0.605664
0.661642
0.703767
0.735202
0.759365
0.777578
0.789295
0.794848
0.79629
0.796443
0.796441
0.0918731
0.115061
0.156301
0.210198
0.270642
0.334341
0.400392
0.468407
0.537795
0.607803
0.668901
0.714694
0.748759
0.774875
0.794519
0.807302
0.813394
0.815008
0.815253
0.815284
0.0531366
0.0771488
0.121271
0.179307
0.244569
0.313494
0.385033
0.458743
0.533903
0.609581
0.675455
0.724606
0.76107
0.78898
0.809869
0.82335
0.829921
0.831834
0.832167
0.832217
0.0189693
0.0435599
0.0899542
0.151424
0.220797
0.294273
0.370688
0.449526
0.52997
0.61089
0.681168
0.733447
0.772043
0.801455
0.823236
0.837292
0.844261
0.846501
0.846907
0.846949
-0.0120639
0.013017
0.0612948
0.125689
0.198622
0.276087
0.356877
0.440406
0.525732
0.611577
0.685993
0.74119
0.781716
0.812299
0.834688
0.849088
0.856366
0.858835
0.859315
0.859349
-0.0409265
-0.0153768
0.034505
0.10146
0.17751
0.258504
0.343241
0.431076
0.52097
0.611504
0.689933
0.747928
0.790244
0.821794
0.844604
0.859238
0.866732
0.869376
0.86988
0.869893
-0.0683807
-0.0423043
0.00905184
0.0782804
0.157068
0.24121
0.32952
0.421322
0.515521
0.61057
0.692988
0.753767
0.797798
0.830217
0.85341
0.868241
0.875863
0.878576
0.879067
0.879039
-0.0947544
-0.0681925
-0.015477
0.0557952
0.13703
0.224
0.315557
0.411019
0.509279
0.60874
0.695166
0.758779
0.804522
0.837801
0.861358
0.876345
0.884002
0.886712
0.887225
0.88719
-0.120454
-0.0933116
-0.0393388
0.03379
0.117222
0.20674
0.301256
0.400095
0.502186
0.605967
0.696465
0.763027
0.810557
0.84476
0.868717
0.88383
0.891485
0.89414
0.894598
0.894528
-0.145575
-0.117843
-0.0626775
0.0121412
0.0975483
0.189367
0.286572
0.388524
0.494223
0.602216
0.69687
0.766552
0.816031
0.85127
0.875682
0.890904
0.898492
0.901042
0.901409
0.901283
-0.170207
-0.141874
-0.0855785
-0.00920441
0.0779853
0.171872
0.271507
0.376309
0.485386
0.597462
0.696333
0.76936
0.821018
0.857449
0.88235
0.897613
0.905011
0.907374
0.907633
0.907463
-0.194415
-0.165453
-0.108051
-0.0302521
0.0585301
0.154276
0.2561
0.363489
0.475695
0.591677
0.694787
0.7714
0.825569
0.863415
0.888827
0.904013
0.911091
0.913177
0.913323
0.913124
-0.218217
-0.188553
-0.130076
-0.050979
0.0392321
0.136628
0.240409
0.350121
0.465187
0.584836
0.692155
0.772589
0.829682
0.869297
0.895293
0.91021
0.916744
0.918458
0.918485
0.918267
-0.241438
-0.211117
-0.151615
-0.0713524
0.0201405
0.119006
0.224503
0.336287
0.45392
0.576955
0.68836
0.772814
0.833281
0.875201
0.902016
0.916444
0.922064
0.923224
0.923116
0.922898
-0.264029
-0.233088
-0.17263
-0.0913113
0.00132373
0.101477
0.208481
0.322067
0.441976
0.568056
0.683353
0.771943
0.836215
0.881128
0.909345
0.923228
0.927359
0.927534
0.927216
0.927039
-0.286036
-0.254418
-0.19308
-0.110807
-0.017147
0.0841304
0.192437
0.30757
0.429445
0.5582
0.677082
0.769843
0.838246
0.886867
0.917527
0.93146
0.933628
0.931838
0.930831
0.930865
-0.307288
-0.275069
-0.212899
-0.129763
-0.0352063
0.0670542
0.176471
0.292905
0.416445
0.547485
0.669532
0.766368
0.839099
0.891941
0.926323
0.942027
0.943087
0.938435
0.934696
0.932938
-0.327872
-0.295039
-0.232087
-0.148209
-0.052889
0.0502031
0.160526
0.278007
0.402894
0.535839
0.660547
0.761251
0.838482
0.895731
0.934778
0.954751
0.957773
0.951819
0.940894
0.939944
-0.347699
-0.314398
-0.25078
-0.166342
-0.0705006
0.0332253
0.14417
0.262367
0.388218
0.522595
0.649429
0.75367
0.835796
0.897342
0.940733
0.966362
0.972656
0.963336
0.945219
0.940968
-0.366623
-0.333112
-0.268805
-0.183948
-0.087783
0.0164313
0.12762
0.246316
0.372726
0.50802
0.636288
0.743106
0.830403
0.895619
0.939634
0.96501
0.975148
0.952985
0.894285
0.868339
-0.384527
-0.352012
-0.285746
-0.200492
-0.104039
0.000313924
0.11115
0.230128
0.356699
0.492295
0.621216
0.729082
0.821469
0.889942
0.926944
0.94625
0.940863
0.893444
0.832213
0.794496
-0.429074
-0.370266
-0.301473
-0.21658
-0.120063
-0.0160499
0.094891
0.213686
0.339941
0.475095
0.603851
0.711162
0.805528
0.87882
0.902075
0.897664
0.858819
0.798855
0.731961
0.695141
-0.404379
-0.385858
-0.325244
-0.240449
-0.144387
-0.0405746
0.0696623
0.187801
0.313049
0.446543
0.573344
0.678046
0.763545
0.842321
0.83285
0.734361
0.650411
0.591885
0.530488
0.559758
-0.436486
-0.404414
-0.342911
-0.258653
-0.162665
-0.0591672
0.0512337
0.168719
0.292924
0.424564
0.548582
0.64962
0.725337
0.768864
0.72482
0.593959
0.491172
0.421792
0.342251
0.390187
-0.461582
-0.42705
-0.363686
-0.279228
-0.183287
-0.0798341
0.030497
0.147206
0.270049
0.399253
0.519433
0.614544
0.679218
0.686431
0.588157
0.439984
0.316452
0.228091
0.135058
0.168521
-0.486094
-0.450442
-0.385637
-0.300472
-0.204362
-0.100982
0.00890544
0.12469
0.245956
0.372354
0.487794
0.576044
0.624123
0.600062
0.449989
0.279219
0.124221
-0.00570217
-0.127373
-0.113029
-0.510366
-0.47427
-0.408509
-0.322717
-0.22636
-0.123119
-0.0138148
0.100914
0.220334
0.343558
0.453578
0.534615
0.563068
0.496871
0.314475
0.123059
-0.0594597
-0.209486
-0.41234
-0.491291
-0.535077
-0.499001
-0.432652
-0.346379
-0.249762
-0.146613
-0.0378189
0.0758341
0.193301
0.313124
0.417408
0.489315
0.494586
0.37734
0.19114
-0.0127146
-0.200181
-0.358531
-0.480115
-0.598569
-0.561312
-0.525122
-0.458434
-0.37187
-0.275133
-0.172165
-0.0639689
0.04844
0.163621
0.27951
0.377604
0.437687
0.417092
0.263521
0.0757661
-0.122135
-0.293048
-0.387248
-0.412806
-0.426385
-0.589213
-0.552925
-0.485991
-0.3993
-0.302628
-0.200005
-0.0926485
0.0182105
0.130665
0.241888
0.333303
0.376886
0.338187
0.154311
-0.031742
-0.209383
-0.337937
-0.374472
-0.3832
-0.383543
-0.619062
-0.582535
-0.51536
-0.428649
-0.332193
-0.230145
-0.123887
-0.0149177
0.0943529
0.200187
0.28395
0.312164
0.24351
0.0543111
-0.125608
-0.279827
-0.351127
-0.364907
-0.365776
-0.365579
-0.650872
-0.613987
-0.546554
-0.459913
-0.363843
-0.262578
-0.157698
-0.0509738
0.0546827
0.154481
0.229283
0.243187
0.13722
-0.0368066
-0.206224
-0.327577
-0.354822
-0.355791
-0.356313
-0.355783
-0.684383
-0.647108
-0.579464
-0.493005
-0.397487
-0.297248
-0.194059
-0.0899493
0.0116968
0.104883
0.17032
0.165537
0.041119
-0.122254
-0.269834
-0.336354
-0.351594
-0.351114
-0.351346
-0.350958
-0.719021
-0.681542
-0.61382
-0.527687
-0.432928
-0.333988
-0.232818
-0.131735
-0.0344085
0.051764
0.107146
0.0862347
-0.0491587
-0.199834
-0.313614
-0.346678
-0.346658
-0.347301
-0.347307
-0.347232
-0.754346
-0.716754
-0.649129
-0.563526
-0.469795
-0.372457
-0.27368
-0.176058
-0.0833951
-0.00397117
0.0383536
0.0103162
-0.133089
-0.263295
-0.344018
-0.34932
-0.34813
-0.3454
-0.344325
-0.344079
-0.7894
-0.751849
-0.68463
-0.599858
-0.507514
-0.412146
-0.316154
-0.222417
-0.134904
-0.0614408
-0.0306974
-0.0683641
-0.208994
-0.317489
-0.359287
-0.365421
-0.355837
-0.350636
-0.347451
-0.345873
-0.822271
-0.785514
-0.71927
-0.63576
-0.545266
-0.452319
-0.359511
-0.270061
-0.188172
-0.120273
-0.0957254
-0.152469
-0.277512
-0.374015
-0.387337
-0.377982
-0.368354
-0.361012
-0.357321
-0.355579
-0.851926
-0.816241
-0.751623
-0.669994
-0.581934
-0.491996
-0.402796
-0.318
-0.241946
-0.17992
-0.159287
-0.227912
-0.336791
-0.424719
-0.439545
-0.408661
-0.385878
-0.374119
-0.370511
-0.368884
-0.875635
-0.841904
-0.779911
-0.700999
-0.616121
-0.529912
-0.444867
-0.364965
-0.29489
-0.238521
-0.220906
-0.286396
-0.379871
-0.454473
-0.450332
-0.438329
-0.421425
-0.415841
-0.413397
-0.411338
-0.891257
-0.860323
-0.802014
-0.72696
-0.646225
-0.564511
-0.484388
-0.409501
-0.345504
-0.294002
-0.274203
-0.328774
-0.391339
-0.474552
-0.492363
-0.497284
-0.5136
-0.514568
-0.508213
-0.503838
-0.896085
-0.869073
-0.815773
-0.745933
-0.67053
-0.594156
-0.519732
-0.450114
-0.392011
-0.34628
-0.318017
-0.359695
-0.37603
-0.394159
-0.47822
-0.569455
-0.614395
-0.616399
-0.608572
-0.606751
-0.887975
-0.865784
-0.819057
-0.756065
-0.687356
-0.617418
-0.549062
-0.485401
-0.432396
-0.395183
-0.353783
-0.408848
-0.382563
-0.323738
-0.428979
-0.581897
-0.636462
-0.64461
-0.649887
-0.652145
-0.863888
-0.847339
-0.809834
-0.756052
-0.695419
-0.633048
-0.571116
-0.513668
-0.465056
-0.436324
-0.418039
-0.518733
-0.557123
-0.471616
-0.540441
-0.67415
-0.727645
-0.721892
-0.723253
-0.723211
-0.827001
-0.816252
-0.788828
-0.745891
-0.694647
-0.640116
-0.585237
-0.532978
-0.489449
-0.465915
-0.481992
-0.661105
-0.940188
-1.18634
-1.25283
-1.28089
-1.1301
-0.947748
-0.864193
-0.865034
-0.783766
-0.777681
-0.760764
-0.728473
-0.686638
-0.639465
-0.590271
-0.542277
-0.502458
-0.480962
-0.501987
-0.716177
-1.07831
-1.52826
-1.73792
-1.79813
-1.68538
-1.46376
-1.27537
-1.19295
-0.743784
-0.740311
-0.731707
-0.70903
-0.674587
-0.63265
-0.586842
-0.540677
-0.498814
-0.473474
-0.498104
-0.573581
-0.727616
-0.936785
-0.968095
-0.946534
-0.914776
-0.84956
-0.773708
-0.720595
-0.713743
-0.711739
-0.707453
-0.692165
-0.662817
-0.622846
-0.577771
-0.526801
-0.475015
-0.43269
-0.403101
-0.372264
-0.191485
-0.0445618
0.0506165
0.0734778
0.168446
0.232026
0.271305
0.295587
-0.690155
-0.689371
-0.688159
-0.679735
-0.654702
-0.614556
-0.563885
-0.506683
-0.440511
-0.366651
-0.288075
-0.163222
0.0324607
0.258217
0.509448
0.747357
0.93255
1.03705
1.12535
1.16101
-0.675749
-0.675332
-0.674973
-0.670886
-0.650296
-0.608889
-0.551136
-0.482577
-0.400262
-0.299661
-0.195675
-0.0145034
0.237294
0.596414
1.00366
1.3476
1.58367
1.76187
1.86654
1.90263
-0.666127
-0.665727
-0.665025
-0.663802
-0.648795
-0.607644
-0.543612
-0.461291
-0.369796
-0.253658
-0.130699
-0.00208411
0.324996
0.687197
1.11103
1.51947
1.84267
2.04784
2.14453
2.17416
-0.663373
-0.661549
-0.65813
-0.657657
-0.651609
-0.613642
-0.54263
-0.450159
-0.344914
-0.236063
-0.103719
0.00842506
0.210849
0.581215
0.994402
1.37896
1.66851
1.84533
1.92826
1.95092
-0.682081
-0.678785
-0.675359
-0.677146
-0.674885
-0.631732
-0.544396
-0.442051
-0.329255
-0.217301
-0.0931444
0.0281767
0.172523
0.473257
0.813774
1.10782
1.32933
1.46386
1.52222
1.53742
-0.724955
-0.725726
-0.734191
-0.740477
-0.727919
-0.656961
-0.542069
-0.426028
-0.315635
-0.198835
-0.0916865
0.0184313
0.115289
0.291406
0.565781
0.797861
0.968464
1.06452
1.10391
1.11298
-0.747664
-0.757745
-0.775321
-0.781827
-0.750333
-0.649068
-0.51736
-0.398664
-0.292512
-0.187707
-0.0931024
-0.00808746
0.0685737
0.191467
0.372552
0.527164
0.646601
0.715394
0.743259
0.749099
-0.662429
-0.674745
-0.691726
-0.69538
-0.658331
-0.560951
-0.451429
-0.352026
-0.25918
-0.176442
-0.100967
-0.0378785
0.000940813
0.0742209
0.213122
0.325463
0.404227
0.444996
0.461814
0.46318
-0.454361
-0.463371
-0.475807
-0.480228
-0.457604
-0.404989
-0.344517
-0.279927
-0.218054
-0.15869
-0.111141
-0.0641725
-0.0414525
0.00279221
0.0850783
0.160679
0.214296
0.244074
0.25446
0.25519
-0.218154
-0.222701
-0.231237
-0.241315
-0.245024
-0.239093
-0.224222
-0.199893
-0.170394
-0.133552
-0.112838
-0.0961535
-0.0921429
-0.0580498
0.0118755
0.0600895
0.0886185
0.101573
0.105768
0.105083
-0.0477086
-0.0500522
-0.0574119
-0.0729521
-0.0943063
-0.114793
-0.127197
-0.130715
-0.124091
-0.110659
-0.104501
-0.114135
-0.126039
-0.101925
-0.0521384
-0.0208517
-0.00160541
0.00622527
0.00836023
0.00776291
0.0376807
0.0361142
0.0295531
0.0133289
-0.0121697
-0.0397572
-0.0630305
-0.0782059
-0.0853713
-0.0848484
-0.0884775
-0.104701
-0.120808
-0.0936063
-0.0627081
-0.0479373
-0.0427619
-0.043233
-0.0443619
-0.0448112
0.0663317
0.0651257
0.059953
0.0468059
0.0254554
0.000699546
-0.0227173
-0.0414923
-0.0532715
-0.0588109
-0.064267
-0.0740494
-0.0822807
-0.0621429
-0.0484322
-0.0448526
-0.0487922
-0.0525948
-0.0541397
-0.0544434
0.0680884
0.067262
0.0636533
0.0543094
0.0386315
0.0192809
-6.36928e-05
-0.0169304
-0.0286902
-0.0337106
-0.0333695
-0.0304677
-0.0241057
-0.00935499
-0.0114616
-0.0196156
-0.0277441
-0.0320957
-0.0332661
-0.0335751
0.0593076
0.0588166
0.0565082
0.0503315
0.0395647
0.0257933
0.0110186
-0.00193755
-0.0109387
-0.0123653
-0.00279715
0.0144747
0.0370807
0.0450917
0.0353474
0.0210356
0.0116675
0.00754984
0.00642696
0.005861
0.047084
0.0468194
0.0454393
0.041554
0.0345679
0.025212
0.014952
0.00573375
-2.75029e-05
0.00165248
0.0185603
0.0461415
0.0780161
0.0794885
0.066149
0.053705
0.0494693
0.049117
0.0480954
0.046866
0.0343631
0.0342288
0.0334472
0.0311797
0.0268389
0.0207878
0.0138239
0.00769227
0.00374296
0.00699873
0.0251686
0.0546474
0.0862471
0.0829098
0.0697256
0.0649703
0.0656261
0.0685967
0.0696296
0.0682498
0.0225784
0.022478
0.0220271
0.0207718
0.0181905
0.014393
0.00959117
0.00510082
0.00178902
0.00378414
0.0168536
0.0385644
0.0599082
0.0533247
0.0475759
0.0501534
0.0573218
0.0628101
0.0635495
0.0618666
0.0125348
0.012433
0.0121375
0.0114277
0.00992007
0.00741986
0.00387713
-0.000113995
-0.00442654
-0.00646433
-0.00442563
0.00294449
0.00921404
0.00280961
0.0030603
0.0120802
0.0217639
0.0269106
0.0275566
0.0263076
0.00476057
0.00464435
0.0044005
0.00395672
0.00297738
0.00116041
-0.00179465
-0.00612145
-0.012307
-0.0204453
-0.0314942
-0.0447257
-0.0608105
-0.067285
-0.0564601
-0.0400924
-0.0277583
-0.0227845
-0.0221798
-0.0229745
-0.000635414
-0.000767965
-0.00101286
-0.00140242
-0.0021752
-0.00378726
-0.00645459
-0.0112644
-0.0190025
-0.0326215
-0.0563832
-0.0922566
-0.124991
-0.130955
-0.109053
-0.0876926
-0.0765032
-0.0731615
-0.0725302
-0.0726383
-0.00373051
-0.00387087
-0.00413119
-0.00454628
-0.00524279
-0.00668817
-0.00917484
-0.013943
-0.0224435
-0.0393489
-0.0692956
-0.113514
-0.153836
-0.151763
-0.129092
-0.112068
-0.106182
-0.104846
-0.103859
-0.103427
-0.00481106
-0.0049403
-0.00519319
-0.00559539
-0.00625615
-0.0075231
-0.00990617
-0.0142652
-0.0219236
-0.0382519
-0.0656687
-0.103513
-0.131878
-0.124271
-0.110668
-0.104326
-0.104546
-0.10559
-0.104911
-0.104572
-0.00437344
-0.00449447
-0.00471563
-0.00503796
-0.00555634
-0.00648432
-0.00842913
-0.0117917
-0.0179364
-0.0299846
-0.0497096
-0.0718347
-0.0841072
-0.0783841
-0.0749779
-0.0775963
-0.0808583
-0.082231
-0.0818816
-0.081786
-0.00282599
-0.00291694
-0.00304916
-0.00326125
-0.00352816
-0.00414272
-0.00527317
-0.00710744
-0.0111008
-0.017832
-0.0274453
-0.0341615
-0.0348843
-0.0313188
-0.0356272
-0.0419347
-0.0454104
-0.0458523
-0.0455636
-0.0457576
-0.000437152
-0.000470431
-0.000479387
-0.00051617
-0.000727531
-0.000854415
-0.000894211
-0.00104952
-0.0014509
-0.00263115
-0.00415647
-0.00277997
-0.000259754
-0.00115094
-0.00593852
-0.00825793
-0.00867553
-0.00868123
-0.00928278
-0.00918567
0.02158
0.211385
0.386152
0.534934
0.655476
0.752045
0.833094
0.89888
0.915684
0.911752
0.315767
0.438341
0.553471
0.654065
0.739348
0.810213
0.866182
0.903978
0.924117
0.940596
0.515762
0.597705
0.678936
0.750571
0.811968
0.862982
0.903117
0.933591
0.956397
0.975635
0.663548
0.72127
0.780299
0.833429
0.879297
0.91824
0.950823
0.97807
0.998554
1.01747
0.780825
0.824917
0.869222
0.910245
0.946714
0.978886
1.00697
1.03073
1.0488
1.06685
0.880983
0.916829
0.952024
0.986082
1.01746
1.04582
1.07084
1.09181
1.10767
1.12515
0.969403
1.00179
1.03419
1.06547
1.0946
1.12109
1.1443
1.1633
1.17727
1.1943
1.05673
1.08944
1.12198
1.15326
1.1821
1.20796
1.23015
1.24773
1.26016
1.2767
1.15132
1.18776
1.22258
1.2551
1.28433
1.30974
1.33091
1.34724
1.35889
1.37504
1.26445
1.30499
1.34208
1.37512
1.40367
1.4277
1.44736
1.46266
1.47458
1.49066
1.4058
1.44696
1.48225
1.5119
1.53714
1.55878
1.5773
1.5928
1.60593
1.62188
1.57744
1.60998
1.63684
1.65915
1.67925
1.69798
1.71573
1.73251
1.74743
1.76316
1.76386
1.78116
1.79829
1.81497
1.83107
1.84581
1.85972
1.8742
1.88945
1.90674
1.94724
1.95724
1.97045
1.98144
1.99085
2.00051
2.01112
2.02131
2.0306
2.05627
2.16518
2.15948
2.14654
2.13228
2.12598
2.1317
2.14984
2.17837
2.21213
2.24846
2.468
2.33203
2.25254
2.21003
2.19271
2.19669
2.22412
2.28199
2.38965
2.56806
0.767566
0.761261
0.753527
0.742404
0.728822
0.716158
0.705739
0.697695
0.691934
0.688546
0.688125
0.690894
0.696075
0.703394
0.712917
0.724728
0.738278
0.751199
0.760183
0.76772
0.676652
0.682569
0.690637
0.696761
0.699818
0.69929
0.696181
0.692152
0.688516
0.686172
0.685968
0.688153
0.691853
0.696259
0.700332
0.702558
0.70147
0.696823
0.689762
0.681925
0.669933
0.672305
0.675567
0.67833
0.680766
0.682936
0.684089
0.683905
0.682918
0.682045
0.682183
0.683524
0.685249
0.686435
0.686327
0.684836
0.68266
0.680285
0.677294
0.674272
0.665188
0.666276
0.668187
0.670513
0.672369
0.673746
0.674934
0.675885
0.676428
0.676732
0.6772
0.677863
0.678266
0.678098
0.67743
0.676478
0.675125
0.673138
0.671019
0.669538
0.660222
0.660856
0.661979
0.663723
0.665547
0.667115
0.668331
0.669346
0.670261
0.671072
0.671759
0.672189
0.672253
0.671987
0.671404
0.670393
0.668938
0.667307
0.665955
0.66515
0.655372
0.655811
0.656594
0.657884
0.659384
0.660918
0.662354
0.663595
0.664672
0.665659
0.666495
0.666987
0.667076
0.666768
0.666048
0.665003
0.663813
0.662642
0.661721
0.661184
0.650629
0.650957
0.651564
0.652618
0.65389
0.655256
0.656688
0.658098
0.659402
0.66059
0.6616
0.662209
0.662322
0.661986
0.661316
0.660474
0.65958
0.658692
0.658009
0.657614
0.645973
0.646228
0.646716
0.647611
0.648759
0.65003
0.6514
0.652855
0.654335
0.655764
0.656995
0.657747
0.657946
0.657731
0.657256
0.656633
0.655939
0.655265
0.654758
0.654456
0.641337
0.64154
0.641945
0.642731
0.643798
0.645019
0.646371
0.647864
0.649473
0.65113
0.652624
0.653599
0.653997
0.653993
0.653731
0.653311
0.652806
0.652312
0.651939
0.651701
0.63664
0.636803
0.63715
0.637862
0.638882
0.640079
0.641453
0.643016
0.64476
0.646637
0.648437
0.649742
0.650435
0.650693
0.650657
0.650442
0.650124
0.64979
0.649528
0.649338
0.631802
0.631935
0.63224
0.632907
0.633908
0.635127
0.636557
0.638231
0.64016
0.642323
0.644506
0.646203
0.647246
0.647804
0.648025
0.648026
0.647894
0.647709
0.647539
0.647385
0.626741
0.626848
0.627124
0.627772
0.62879
0.630071
0.631606
0.633443
0.635625
0.638147
0.640797
0.642981
0.644435
0.645336
0.64584
0.64607
0.646124
0.646086
0.645995
0.645871
0.621372
0.621457
0.621718
0.622371
0.623441
0.62483
0.626528
0.628608
0.631134
0.634129
0.637362
0.640116
0.642041
0.643322
0.644134
0.644622
0.644877
0.644972
0.644951
0.64485
0.615601
0.615666
0.61592
0.616601
0.617761
0.619304
0.621224
0.62362
0.626583
0.630164
0.634114
0.637567
0.640057
0.641789
0.642957
0.643731
0.644203
0.644442
0.644486
0.644402
0.609304
0.60935
0.609604
0.610335
0.611622
0.613371
0.615581
0.618374
0.621876
0.626175
0.631003
0.635302
0.638485
0.640764
0.642357
0.643451
0.644174
0.644566
0.644675
0.644609
0.602347
0.602372
0.602632
0.603436
0.604892
0.60691
0.609498
0.612799
0.61698
0.622168
0.628068
0.633403
0.637412
0.64034
0.642422
0.6439
0.644909
0.645465
0.645642
0.64559
0.594553
0.594568
0.59483
0.595727
0.597403
0.599768
0.60284
0.606801
0.611856
0.618162
0.625372
0.631951
0.636931
0.640606
0.64327
0.645197
0.646529
0.647267
0.647513
0.647473
0.585618
0.585606
0.585918
0.586956
0.588925
0.591731
0.595411
0.60019
0.606337
0.614048
0.622872
0.630914
0.637053
0.641628
0.644989
0.64746
0.649166
0.650109
0.650429
0.650401
0.57528
0.575244
0.575602
0.576817
0.579142
0.58251
0.586971
0.592791
0.600272
0.609663
0.620443
0.630307
0.637855
0.643511
0.647712
0.650828
0.652978
0.654158
0.654557
0.654536
0.56309
0.563031
0.563463
0.564915
0.567698
0.571799
0.577279
0.584455
0.593698
0.605258
0.618424
0.630391
0.639537
0.646436
0.651612
0.655465
0.658127
0.659568
0.660049
0.660031
0.548384
0.548302
0.54885
0.550636
0.554042
0.559128
0.565958
0.574899
0.586357
0.600574
0.616618
0.631092
0.642133
0.65048
0.656795
0.661517
0.664771
0.6665
0.667061
0.667042
0.53023
0.530129
0.530868
0.533139
0.537415
0.54386
0.552527
0.563823
0.578152
0.595665
0.615148
0.632536
0.645736
0.655738
0.663381
0.669112
0.673038
0.675078
0.67571
0.67568
0.507198
0.507096
0.508166
0.511203
0.516804
0.525275
0.536593
0.551145
0.569245
0.590871
0.614369
0.634995
0.650559
0.662395
0.671469
0.678324
0.682974
0.685316
0.685997
0.685941
0.476939
0.476884
0.478556
0.482923
0.490767
0.502393
0.517607
0.536619
0.559522
0.586056
0.614164
0.638422
0.656586
0.670398
0.681041
0.68911
0.694484
0.697081
0.69777
0.697677
0.435294
0.435442
0.438434
0.445604
0.457662
0.474517
0.495536
0.520622
0.54956
0.581868
0.615073
0.643152
0.663995
0.679831
0.692098
0.701378
0.707365
0.710086
0.710726
0.710589
0.374575
0.375882
0.383188
0.396797
0.416601
0.44178
0.47099
0.503773
0.539797
0.578522
0.617163
0.649204
0.672769
0.690601
0.704407
0.714793
0.721229
0.723874
0.724362
0.724188
0.301555
0.304154
0.318389
0.341933
0.372371
0.407446
0.445593
0.486604
0.530293
0.576187
0.621259
0.658323
0.685566
0.706253
0.722162
0.733824
0.740785
0.743533
0.744082
0.74403
0.226678
0.233567
0.254949
0.28841
0.329198
0.373932
0.421022
0.470353
0.521814
0.575011
0.626699
0.668993
0.700028
0.723665
0.74188
0.754958
0.762339
0.764911
0.76533
0.765373
0.165738
0.174444
0.200499
0.241021
0.289874
0.342785
0.397948
0.455085
0.513987
0.574196
0.632178
0.679383
0.713944
0.740221
0.760421
0.774707
0.782302
0.784989
0.785742
0.785871
0.11574
0.125152
0.154712
0.200493
0.255476
0.314945
0.376909
0.440926
0.506611
0.573368
0.637268
0.689047
0.726855
0.755492
0.777431
0.792916
0.80135
0.804607
0.805501
0.805658
0.0736713
0.0833931
0.115367
0.165253
0.225264
0.290199
0.357917
0.427913
0.499662
0.572422
0.641852
0.69788
0.738636
0.76945
0.793032
0.809661
0.818898
0.822547
0.823572
0.823725
0.0370991
0.0469721
0.0807736
0.13396
0.198167
0.26779
0.34053
0.415814
0.493034
0.571297
0.645835
0.705809
0.749241
0.782009
0.806971
0.824454
0.834296
0.838328
0.839463
0.839619
0.00440779
0.0143548
0.0496102
0.105537
0.173309
0.246989
0.32417
0.404222
0.48645
0.569806
0.649096
0.712732
0.758644
0.793066
0.819056
0.837106
0.8475
0.851869
0.853053
0.853198
-0.0255933
-0.0155844
0.020841
0.0791462
0.150012
0.227239
0.308372
0.39276
0.47961
0.567745
0.651566
0.718679
0.766908
0.802754
0.82949
0.847921
0.85857
0.863186
0.864487
0.864639
-0.0538005
-0.0437178
-0.00620062
0.0542054
0.127778
0.208128
0.292799
0.381141
0.472286
0.564959
0.65317
0.723715
0.774174
0.81132
0.838661
0.857381
0.868242
0.873008
0.874342
0.874478
-0.0807601
-0.070549
-0.0320342
0.0302574
0.106233
0.189363
0.277227
0.36918
0.464327
0.561337
0.653881
0.727886
0.780563
0.818955
0.846859
0.865862
0.876839
0.88165
0.882965
0.883044
-0.106861
-0.0964687
-0.0570101
0.00700622
0.0851309
0.170755
0.26151
0.356769
0.455647
0.556818
0.653682
0.731227
0.786179
0.825845
0.854336
0.873586
0.884645
0.889431
0.890714
0.890769
-0.132361
-0.121708
-0.0813419
-0.0157381
0.064327
0.152188
0.245565
0.343853
0.446201
0.551368
0.652545
0.733752
0.791122
0.832163
0.861319
0.880828
0.891929
0.896648
0.897849
0.897877
-0.157316
-0.14639
-0.105152
-0.0380784
0.0437448
0.133626
0.229366
0.330417
0.435986
0.544958
0.650428
0.73546
0.795454
0.838035
0.86795
0.887721
0.898794
0.903353
0.904431
0.904398
-0.181816
-0.170603
-0.128514
-0.0600438
0.0233666
0.115058
0.212928
0.316481
0.425018
0.537592
0.647286
0.736299
0.799193
0.84356
0.874336
0.894317
0.905244
0.909562
0.910462
0.910365
-0.205848
-0.194345
-0.151398
-0.0816308
0.00321002
0.0965207
0.196299
0.302099
0.413338
0.529267
0.643067
0.736185
0.802314
0.848821
0.880623
0.900739
0.911322
0.915246
0.915943
0.915797
-0.229444
-0.217585
-0.173771
-0.10281
-0.0166877
0.0780655
0.179538
0.287343
0.40101
0.520008
0.637726
0.735024
0.80473
0.853858
0.886999
0.907188
0.917141
0.920454
0.920892
0.920703
-0.252357
-0.240259
-0.195594
-0.123544
-0.036265
0.0597776
0.162723
0.272292
0.388111
0.509873
0.631235
0.732719
0.806313
0.858628
0.893671
0.91404
0.922968
0.925256
0.925303
0.925084
-0.274731
-0.262292
-0.216819
-0.143787
-0.0554758
0.0417059
0.145953
0.257037
0.374734
0.498941
0.623598
0.729173
0.806889
0.862944
0.90073
0.921859
0.929504
0.930019
0.929229
0.928968
-0.296373
-0.283635
-0.237416
-0.163479
-0.0742287
0.0239418
0.129316
0.241702
0.360987
0.487283
0.614849
0.724296
0.806266
0.866479
0.907955
0.931153
0.938156
0.936197
0.93329
0.932501
-0.317371
-0.304305
-0.257318
-0.182553
-0.0924792
0.00655831
0.112903
0.226372
0.346981
0.475036
0.605063
0.717993
0.804252
0.868816
0.914631
0.941663
0.950328
0.947192
0.940542
0.930874
-0.337606
-0.324291
-0.276615
-0.201176
-0.110457
-0.0107454
0.0963584
0.210616
0.332237
0.461664
0.593684
0.709639
0.800327
0.869504
0.919815
0.952097
0.965644
0.963633
0.952962
0.949933
-0.357027
-0.343671
-0.295301
-0.219279
-0.128134
-0.0279424
0.079717
0.19442
0.316727
0.447051
0.580551
0.698806
0.793835
0.86775
0.921306
0.957269
0.973937
0.976494
0.94296
0.903494
-0.375402
-0.3623
-0.31333
-0.236725
-0.145482
-0.045051
0.0629936
0.177919
0.300526
0.431245
0.565612
0.685224
0.783799
0.862884
0.917136
0.94745
0.964339
0.94989
0.898683
0.843115
-0.395457
-0.378918
-0.330408
-0.253013
-0.162309
-0.061812
0.0458452
0.161164
0.283731
0.414363
0.548813
0.668712
0.768601
0.855511
0.905881
0.936684
0.920242
0.879725
0.817464
0.758505
-0.385611
-0.361397
-0.309437
-0.227331
-0.131311
-0.0272214
0.0857565
0.204374
0.330349
0.46507
0.593485
0.700347
0.793169
0.880706
0.912423
0.852577
0.811413
0.754788
0.691089
0.650318
-0.400127
-0.392332
-0.35151
-0.279233
-0.18864
-0.088469
0.0194622
0.134497
0.256515
0.386151
0.519108
0.637574
0.733437
0.820304
0.882698
0.872646
0.774331
0.70292
0.648779
0.577539
-0.422433
-0.411693
-0.367395
-0.293842
-0.202727
-0.102896
0.0038823
0.117971
0.239091
0.367383
0.498573
0.615267
0.707223
0.781556
0.806838
0.732037
0.614225
0.537772
0.477078
0.404441
-0.446834
-0.434865
-0.387441
-0.312814
-0.2217
-0.121737
-0.0148961
0.0989939
0.219277
0.346129
0.474469
0.586888
0.670567
0.725692
0.705845
0.585351
0.457493
0.366141
0.292206
0.186366
-0.471049
-0.459017
-0.409799
-0.333963
-0.242659
-0.142662
-0.0358657
0.0775128
0.196735
0.32172
0.446599
0.553632
0.629068
0.659633
0.601603
0.437958
0.285845
0.165821
0.0665614
-0.0703765
-0.495196
-0.48318
-0.432821
-0.355926
-0.26416
-0.164147
-0.0576605
0.0549274
0.172829
0.295556
0.416496
0.517474
0.58354
0.580662
0.470728
0.291268
0.110233
-0.0501453
-0.186922
-0.431888
-0.519692
-0.507805
-0.456747
-0.379125
-0.286932
-0.186846
-0.0806929
0.031081
0.147529
0.267727
0.384361
0.478293
0.531986
0.498385
0.342884
0.152563
-0.044487
-0.217733
-0.382805
-0.642487
-0.545127
-0.533363
-0.481947
-0.403831
-0.311306
-0.211151
-0.105292
0.00569174
0.120615
0.238064
0.350146
0.436184
0.473908
0.417481
0.225137
0.0293658
-0.165016
-0.330542
-0.413664
-0.462299
-0.572198
-0.560495
-0.508794
-0.430386
-0.337733
-0.237679
-0.132272
-0.022316
0.0907375
0.204883
0.311749
0.38881
0.40752
0.308616
0.114926
-0.0782109
-0.24983
-0.35845
-0.392908
-0.39895
-0.601096
-0.589391
-0.537395
-0.458796
-0.366161
-0.26639
-0.161664
-0.053009
0.0577848
0.168049
0.268833
0.336424
0.32645
0.198493
0.0119682
-0.167714
-0.311071
-0.361731
-0.370848
-0.373163
-0.63197
-0.620173
-0.567811
-0.489068
-0.396583
-0.29729
-0.193481
-0.0864444
0.0217054
0.127572
0.221309
0.278683
0.24502
0.0940166
-0.0799109
-0.246491
-0.338131
-0.360065
-0.360289
-0.360353
-0.664695
-0.652773
-0.600003
-0.521171
-0.428963
-0.330338
-0.227717
-0.122625
-0.0174966
0.08346
0.16949
0.213975
0.170478
-0.0019004
-0.161287
-0.300479
-0.349589
-0.352154
-0.353437
-0.353395
-0.698895
-0.686879
-0.633744
-0.554935
-0.463164
-0.365423
-0.264279
-0.161486
-0.0597745
0.0359217
0.113546
0.146062
0.0857254
-0.0876077
-0.233972
-0.326876
-0.34786
-0.348718
-0.349292
-0.349282
-0.734108
-0.72203
-0.66864
-0.590007
-0.498874
-0.40228
-0.302923
-0.20282
-0.104954
-0.0146067
0.053803
0.0741466
-0.00916806
-0.164984
-0.293566
-0.33461
-0.345768
-0.346113
-0.3458
-0.345731
-0.769566
-0.757525
-0.704046
-0.625803
-0.535593
-0.440466
-0.343259
-0.246251
-0.152704
-0.0677398
-0.00799074
-0.00541598
-0.0969293
-0.233034
-0.331311
-0.364322
-0.354984
-0.348984
-0.345331
-0.344141
-0.804193
-0.792273
-0.738998
-0.661473
-0.57258
-0.479335
-0.384665
-0.29117
-0.202375
-0.12315
-0.0693537
-0.081893
-0.178532
-0.298728
-0.365385
-0.370659
-0.365106
-0.358438
-0.354139
-0.351351
-0.83601
-0.824539
-0.772144
-0.695871
-0.608818
-0.517984
-0.426319
-0.336723
-0.253023
-0.17995
-0.130624
-0.151952
-0.252646
-0.359465
-0.412867
-0.402483
-0.383883
-0.369761
-0.363546
-0.361425
-0.863551
-0.852793
-0.801852
-0.727491
-0.642984
-0.555213
-0.467166
-0.3818
-0.303482
-0.236671
-0.192315
-0.21382
-0.313375
-0.406691
-0.451029
-0.437355
-0.409889
-0.394804
-0.388516
-0.385926
-0.884185
-0.874375
-0.825951
-0.754495
-0.673492
-0.589553
-0.505887
-0.425133
-0.352342
-0.291867
-0.250146
-0.268309
-0.352133
-0.430634
-0.469088
-0.462634
-0.457777
-0.45592
-0.454236
-0.45121
-0.895661
-0.886826
-0.842046
-0.77486
-0.698548
-0.619388
-0.54086
-0.465369
-0.397979
-0.343896
-0.30176
-0.313089
-0.37146
-0.408755
-0.47809
-0.521001
-0.564791
-0.579248
-0.571787
-0.563377
-0.894346
-0.886741
-0.84814
-0.786572
-0.716244
-0.643149
-0.570375
-0.500945
-0.438631
-0.391051
-0.351361
-0.354404
-0.375109
-0.350729
-0.388268
-0.519498
-0.610352
-0.630083
-0.629382
-0.627589
-0.877839
-0.872618
-0.842015
-0.788009
-0.725058
-0.659308
-0.593171
-0.529907
-0.473061
-0.431166
-0.406643
-0.421674
-0.468065
-0.374575
-0.350347
-0.526148
-0.654914
-0.679022
-0.680754
-0.681893
-0.846675
-0.842973
-0.821748
-0.778197
-0.724423
-0.666827
-0.608278
-0.550876
-0.499968
-0.462137
-0.444353
-0.521155
-0.663347
-0.779987
-0.789874
-0.84828
-0.858652
-0.807046
-0.768946
-0.768951
-0.805548
-0.803234
-0.790796
-0.75923
-0.71524
-0.666259
-0.614628
-0.563345
-0.516664
-0.482226
-0.476526
-0.580776
-0.879802
-1.30289
-1.56272
-1.65434
-1.5964
-1.40141
-1.16595
-1.05051
-0.762591
-0.761291
-0.755155
-0.735438
-0.701203
-0.659095
-0.613187
-0.565986
-0.520999
-0.488833
-0.490519
-0.563088
-0.80071
-1.15058
-1.47512
-1.53227
-1.5084
-1.39249
-1.24329
-1.15245
-0.727108
-0.726416
-0.723654
-0.711627
-0.68559
-0.648811
-0.60603
-0.558661
-0.511785
-0.471466
-0.452217
-0.466725
-0.4573
-0.437293
-0.384439
-0.324209
-0.350685
-0.314598
-0.282019
-0.240849
-0.701146
-0.700363
-0.699005
-0.693629
-0.673758
-0.639827
-0.595302
-0.545377
-0.487962
-0.428175
-0.375016
-0.314168
-0.173374
0.0579777
0.203169
0.335385
0.503315
0.632763
0.701512
0.752971
-0.682174
-0.681776
-0.681191
-0.679296
-0.66607
-0.633618
-0.585377
-0.526732
-0.459229
-0.376762
-0.28663
-0.167102
0.014447
0.257958
0.604701
0.950481
1.20097
1.35629
1.48359
1.55289
-0.670608
-0.670444
-0.670074
-0.669425
-0.661565
-0.631023
-0.579082
-0.509937
-0.429402
-0.331583
-0.215431
-0.0998336
0.153486
0.507029
0.904833
1.3049
1.64116
1.89149
2.04142
2.10303
-0.663182
-0.662877
-0.661391
-0.66029
-0.657458
-0.633026
-0.578953
-0.500977
-0.405327
-0.305226
-0.177568
-0.0579159
0.11722
0.433855
0.839468
1.27967
1.65073
1.90562
2.04364
2.09772
-0.669599
-0.668108
-0.663746
-0.660369
-0.662161
-0.646228
-0.58593
-0.496763
-0.392131
-0.282166
-0.164789
-0.0332007
0.0814921
0.361238
0.732683
1.09039
1.39042
1.59559
1.70665
1.74718
-0.70276
-0.70047
-0.698933
-0.70292
-0.707279
-0.680924
-0.597724
-0.489404
-0.380262
-0.263498
-0.152648
-0.029731
0.0763681
0.24092
0.535957
0.831477
1.0609
1.2152
1.29084
1.31656
-0.745041
-0.745616
-0.75758
-0.77008
-0.766259
-0.71301
-0.598037
-0.472049
-0.358668
-0.249715
-0.142008
-0.0429569
0.0511149
0.153121
0.344745
0.561025
0.731936
0.846799
0.90243
0.921109
-0.721617
-0.727109
-0.744203
-0.758443
-0.74798
-0.676941
-0.551118
-0.432762
-0.326024
-0.229602
-0.138423
-0.0583508
0.00733576
0.0730922
0.216124
0.362164
0.473802
0.549489
0.584272
0.594003
-0.567192
-0.573857
-0.588412
-0.600215
-0.589055
-0.530613
-0.4444
-0.35973
-0.278008
-0.202942
-0.138064
-0.0754505
-0.02643
-0.00700958
0.0847589
0.190071
0.272514
0.322703
0.345418
0.351596
-0.330645
-0.335041
-0.343772
-0.353524
-0.354049
-0.333719
-0.302592
-0.26175
-0.217469
-0.170534
-0.127438
-0.0964089
-0.0691188
-0.0555492
0.0128864
0.0805606
0.127657
0.157706
0.170775
0.17429
-0.120695
-0.122966
-0.128081
-0.138802
-0.153305
-0.166421
-0.172442
-0.168134
-0.156203
-0.134698
-0.112611
-0.110103
-0.108139
-0.107203
-0.0569177
-0.00280459
0.0284219
0.0448601
0.0502947
0.0509595
0.00498933
0.0036592
-2.98291e-05
-0.0115078
-0.0329464
-0.0593688
-0.0828608
-0.0980216
-0.104653
-0.101342
-0.0962781
-0.104418
-0.121809
-0.119188
-0.0792682
-0.0501138
-0.0329326
-0.0255001
-0.023601
-0.0236716
0.0573698
0.0564732
0.0535023
0.0434507
0.0235535
-0.00285237
-0.028877
-0.0502888
-0.064163
-0.0709224
-0.0734786
-0.0837902
-0.100345
-0.0974137
-0.0656472
-0.0519378
-0.048359
-0.050887
-0.0536443
-0.0543638
0.0695165
0.0689257
0.0667259
0.0592768
0.044139
0.0231885
0.000955006
-0.0193441
-0.0349028
-0.043742
-0.0471059
-0.0514618
-0.0546545
-0.0496242
-0.0331712
-0.0326161
-0.0387546
-0.0437189
-0.0462755
-0.046695
0.0645597
0.0642317
0.0627827
0.0577651
0.0472457
0.032152
0.0149108
-0.00130615
-0.0144652
-0.0218947
-0.0199438
-0.0138198
-0.000161582
0.00775565
0.0151892
0.00716154
-0.00513316
-0.0120185
-0.0146179
-0.0153053
0.0534285
0.0532835
0.0524098
0.049242
0.0423692
0.0320764
0.0199183
0.00790471
-0.00163531
-0.00600607
0.000954372
0.0196026
0.0482033
0.0705972
0.0603992
0.0458492
0.0351314
0.0303516
0.0290419
0.028063
0.040673
0.040638
0.0401405
0.0382788
0.0339832
0.0273287
0.019086
0.010871
0.00430358
0.00262049
0.0125636
0.0371512
0.0719707
0.0928805
0.0789669
0.0654432
0.0603871
0.0608169
0.062263
0.0612774
0.0282762
0.0282653
0.0279801
0.0269376
0.0244312
0.0203207
0.0149423
0.00923951
0.00474203
0.00360027
0.012876
0.0348377
0.06572
0.0784229
0.0654526
0.0600196
0.0631565
0.0684977
0.0712343
0.0700411
0.0172989
0.0172875
0.0170769
0.0164849
0.0150773
0.0125332
0.00896466
0.00464483
0.000652492
-0.00145677
0.00215047
0.0145721
0.0319819
0.0352877
0.0284621
0.0304191
0.0380788
0.0453175
0.048157
0.0473405
0.00835813
0.00832154
0.00815012
0.00777691
0.00694501
0.00531321
0.0027344
-0.00103913
-0.00556731
-0.010845
-0.0157242
-0.0192558
-0.0211008
-0.0277277
-0.0304229
-0.0196829
-0.0068423
0.0014645
0.00389192
0.00318901
0.00178742
0.00172649
0.00154223
0.00122789
0.000655097
-0.000576364
-0.00271768
-0.00645045
-0.0119465
-0.0208081
-0.0351431
-0.0566158
-0.0836462
-0.104094
-0.0958569
-0.075585
-0.0584199
-0.0506651
-0.0484763
-0.0485124
-0.00244163
-0.00251979
-0.00272896
-0.00305323
-0.00355985
-0.0045986
-0.00662779
-0.0101663
-0.0163642
-0.0278283
-0.049075
-0.0841611
-0.129148
-0.152417
-0.136188
-0.112556
-0.0979428
-0.0930889
-0.09233
-0.0915246
-0.00446824
-0.00455334
-0.00475359
-0.00507211
-0.00558769
-0.00653039
-0.00847057
-0.0117378
-0.0179807
-0.0296936
-0.052809
-0.0893438
-0.133481
-0.149492
-0.133289
-0.116033
-0.109856
-0.108575
-0.108314
-0.107396
-0.00474182
-0.00482627
-0.00499895
-0.00529032
-0.00575971
-0.00655391
-0.00815966
-0.0109552
-0.0163559
-0.0261692
-0.0456429
-0.0731632
-0.102043
-0.107063
-0.0974037
-0.0922971
-0.0938067
-0.0959121
-0.0961681
-0.0956022
-0.0036706
-0.00374426
-0.00387242
-0.00409757
-0.00443793
-0.00502448
-0.00607864
-0.00809488
-0.0119244
-0.0187382
-0.0309285
-0.0458503
-0.0570662
-0.0559214
-0.0538064
-0.0572407
-0.0621334
-0.0644148
-0.0645161
-0.0644706
-0.000456703
-0.000475471
-0.000485973
-0.000593676
-0.00083818
-0.000853678
-0.000894629
-0.00115162
-0.00211959
-0.00333505
-0.00418601
-0.00118287
0.000696753
-0.00286221
-0.00758011
-0.00842919
-0.00876479
-0.00901493
-0.0092182
-0.0260491
-0.614056
-0.178226
0.157517
0.377503
0.540781
0.667635
0.767823
0.852306
0.940955
0.993208
0.0963257
0.262755
0.407989
0.539366
0.650672
0.742608
0.818031
0.877487
0.909955
0.917265
0.380895
0.47281
0.57298
0.663782
0.742108
0.808235
0.861651
0.901279
0.928346
0.948355
0.562021
0.628131
0.697928
0.763404
0.820523
0.86899
0.908779
0.940837
0.966306
0.986141
0.7007
0.749404
0.800787
0.849702
0.893145
0.930913
0.963405
0.991278
1.01404
1.03157
0.811816
0.853123
0.89187
0.929861
0.965121
0.996879
1.02506
1.04951
1.06914
1.0853
0.910231
0.942745
0.976355
1.00914
1.04028
1.06894
1.09458
1.11669
1.13405
1.14867
0.998836
1.02882
1.06103
1.09267
1.12262
1.15015
1.17458
1.1952
1.21076
1.22411
1.08751
1.11968
1.15375
1.18647
1.21694
1.24439
1.26817
1.28765
1.30187
1.31432
1.18823
1.22445
1.26209
1.29669
1.3278
1.35484
1.37751
1.39566
1.40903
1.42155
1.31342
1.35236
1.39204
1.42639
1.45592
1.48095
1.50185
1.51892
1.53235
1.5458
1.47235
1.50823
1.54344
1.57202
1.59622
1.6176
1.63683
1.65411
1.66906
1.68351
1.66048
1.68292
1.70662
1.72646
1.74476
1.76215
1.77869
1.7951
1.8113
1.82689
1.85307
1.86124
1.87507
1.88994
1.9044
1.91736
1.92901
1.94025
1.95198
1.96808
2.04864
2.04857
2.05861
2.06209
2.06307
2.06746
2.07798
2.0929
2.10724
2.12166
2.3458
2.29028
2.23578
2.19613
2.17388
2.16977
2.18329
2.21709
2.27495
2.3553
0.889655
0.837162
0.794275
0.76126
0.737509
0.720377
0.70792
0.698899
0.692655
0.689035
0.688573
0.691463
0.696972
0.704978
0.715911
0.730727
0.751041
0.779211
0.81724
0.866591
0.700758
0.709702
0.716453
0.71669
0.711977
0.705185
0.698432
0.69279
0.688816
0.687055
0.688202
0.691833
0.697202
0.70385
0.711076
0.717362
0.720105
0.716649
0.707558
0.701238
0.673452
0.675654
0.68051
0.684644
0.688176
0.690196
0.69
0.688185
0.685925
0.684306
0.684265
0.686035
0.688736
0.691387
0.692855
0.692175
0.689418
0.685686
0.681281
0.676618
0.66829
0.669247
0.671739
0.674185
0.676056
0.677687
0.679045
0.679721
0.67969
0.679485
0.679798
0.680753
0.681681
0.681933
0.681269
0.680019
0.678512
0.676521
0.674026
0.671917
0.66301
0.663489
0.664931
0.667
0.668903
0.67035
0.671473
0.672457
0.673265
0.673894
0.674486
0.674979
0.675121
0.674851
0.674274
0.67336
0.671924
0.670048
0.668339
0.667277
0.658004
0.658302
0.659219
0.660696
0.662362
0.66396
0.665314
0.666427
0.667412
0.668322
0.669086
0.669528
0.669596
0.669323
0.668664
0.667592
0.666237
0.664857
0.663761
0.663116
0.653148
0.65336
0.654044
0.655201
0.65657
0.658017
0.659474
0.66082
0.66201
0.663084
0.663999
0.664551
0.664653
0.664315
0.663592
0.662637
0.66161
0.66059
0.6598
0.659343
0.648417
0.648578
0.64912
0.650088
0.651289
0.652604
0.654004
0.655445
0.656846
0.658157
0.659273
0.659943
0.660083
0.65979
0.659211
0.658482
0.657691
0.656911
0.656323
0.655979
0.643754
0.643881
0.644324
0.645158
0.646261
0.647508
0.648865
0.650334
0.65188
0.653422
0.65478
0.655632
0.655918
0.655802
0.655434
0.654914
0.654311
0.653726
0.653291
0.653023
0.639077
0.639179
0.639552
0.640296
0.641336
0.642545
0.643906
0.64543
0.647102
0.648864
0.650505
0.651633
0.65217
0.652291
0.652138
0.65182
0.651407
0.65099
0.650676
0.650463
0.634303
0.634387
0.63471
0.635395
0.636402
0.63761
0.639012
0.640624
0.642452
0.644464
0.646445
0.647936
0.648795
0.649197
0.649287
0.649176
0.648951
0.648687
0.648473
0.648302
0.629352
0.629422
0.62971
0.630361
0.631364
0.632615
0.634095
0.635841
0.637885
0.640212
0.642614
0.644546
0.645788
0.646512
0.646874
0.646986
0.646951
0.64683
0.6467
0.646562
0.624136
0.624194
0.62446
0.625103
0.626142
0.627479
0.629092
0.63104
0.633382
0.636129
0.639057
0.641509
0.643186
0.644269
0.644925
0.645279
0.645428
0.64545
0.645395
0.645283
0.618567
0.618615
0.618869
0.619529
0.62064
0.622109
0.623915
0.626143
0.628872
0.632138
0.63571
0.638801
0.640997
0.642493
0.643478
0.644108
0.644462
0.644619
0.64463
0.644539
0.612538
0.612577
0.612828
0.613527
0.614747
0.616397
0.618458
0.62104
0.624258
0.628185
0.632553
0.636401
0.639216
0.641206
0.642583
0.643519
0.644095
0.644399
0.644476
0.644403
0.605923
0.605952
0.606208
0.606962
0.60833
0.610217
0.612608
0.615634
0.61945
0.624162
0.629496
0.634295
0.637876
0.640465
0.642304
0.643586
0.644428
0.644893
0.645037
0.644979
0.598565
0.598581
0.598845
0.59968
0.60124
0.603435
0.606257
0.609868
0.614459
0.620177
0.6267
0.632624
0.637096
0.64038
0.642752
0.644443
0.645584
0.646225
0.646437
0.646393
0.590238
0.590256
0.590547
0.591479
0.593288
0.595882
0.599246
0.603589
0.609159
0.616126
0.624099
0.631382
0.636913
0.641012
0.644031
0.646212
0.647692
0.648526
0.64881
0.648777
0.58064
0.580647
0.58097
0.582043
0.584186
0.587288
0.591341
0.596606
0.60338
0.611892
0.621646
0.630544
0.637356
0.642446
0.646233
0.649002
0.650891
0.651947
0.652309
0.652286
0.569445
0.569444
0.569804
0.571071
0.573624
0.577371
0.582309
0.588754
0.59705
0.607447
0.619362
0.630254
0.638577
0.64483
0.649527
0.65298
0.655347
0.656654
0.657097
0.65708
0.556108
0.556099
0.556523
0.558046
0.561149
0.565756
0.571867
0.579866
0.590158
0.602993
0.61753
0.630678
0.640728
0.648318
0.654061
0.658305
0.66122
0.662802
0.663328
0.663313
0.539851
0.539835
0.540353
0.542243
0.546102
0.551869
0.559541
0.569557
0.582338
0.598093
0.615783
0.631685
0.643789
0.652946
0.659935
0.665111
0.668661
0.670543
0.671148
0.671126
0.519541
0.519518
0.52019
0.522645
0.527616
0.535052
0.544924
0.557714
0.573813
0.593288
0.614703
0.633652
0.647997
0.658899
0.66727
0.673509
0.677766
0.679958
0.680624
0.680584
0.493372
0.493345
0.4943
0.497725
0.504475
0.514453
0.527517
0.544112
0.564459
0.588425
0.614156
0.636566
0.653417
0.666231
0.67611
0.683516
0.688509
0.690987
0.691684
0.691613
0.458265
0.45825
0.459833
0.465141
0.475086
0.489129
0.506952
0.528779
0.554548
0.583868
0.614472
0.640619
0.660117
0.674947
0.686418
0.695068
0.700752
0.703439
0.704116
0.703999
0.408456
0.408653
0.412292
0.421986
0.437953
0.458726
0.483519
0.51226
0.544621
0.58007
0.615958
0.64601
0.668221
0.685083
0.698167
0.707991
0.714246
0.716994
0.717586
0.717413
0.336606
0.338895
0.349649
0.368618
0.394489
0.424717
0.458381
0.495256
0.535049
0.577239
0.618908
0.653249
0.67849
0.697671
0.712606
0.723642
0.730407
0.733234
0.733789
0.733617
0.260448
0.265851
0.285034
0.314073
0.350534
0.390586
0.433224
0.478405
0.52599
0.575551
0.623964
0.66368
0.692856
0.715085
0.732329
0.744885
0.752232
0.755049
0.755563
0.755486
0.19394
0.200304
0.225721
0.263441
0.309026
0.358066
0.409322
0.462646
0.517885
0.57463
0.629504
0.674295
0.70713
0.732149
0.751526
0.76532
0.772985
0.775777
0.776355
0.776338
0.139539
0.146455
0.175933
0.219765
0.272176
0.328521
0.387219
0.447908
0.510288
0.573829
0.634817
0.684346
0.72057
0.748072
0.76922
0.784274
0.792729
0.795881
0.796418
0.796443
0.0942609
0.10151
0.13366
0.182162
0.24
0.302297
0.36723
0.43433
0.503124
0.572945
0.639655
0.693599
0.732917
0.762674
0.785509
0.801789
0.811074
0.814539
0.815186
0.815272
0.0555226
0.0629591
0.0969571
0.149102
0.211458
0.278811
0.349106
0.421813
0.496358
0.571921
0.643956
0.701989
0.744116
0.775949
0.800309
0.817533
0.827372
0.831244
0.832074
0.832198
0.0213512
0.0289047
0.0642923
0.119406
0.185567
0.257278
0.332295
0.410016
0.489786
0.570638
0.647584
0.709421
0.754113
0.787751
0.813297
0.831221
0.84152
0.845763
0.846806
0.846934
-0.00969611
-0.00203089
0.0345073
0.0921171
0.161554
0.237055
0.31626
0.398525
0.483106
0.568881
0.650457
0.715844
0.762932
0.798089
0.824496
0.842852
0.853487
0.858
0.859188
0.859342
-0.0385387
-0.0307653
0.006765
0.0665214
0.138833
0.217661
0.300605
0.387011
0.476043
0.566473
0.652498
0.721327
0.770675
0.807187
0.834249
0.852885
0.863751
0.868466
0.869753
0.8699
-0.0659288
-0.0580218
-0.0195351
0.0421319
0.116976
0.198749
0.285049
0.375234
0.468414
0.563276
0.653657
0.725924
0.77749
0.815262
0.842894
0.861804
0.872817
0.877643
0.878956
0.879064
-0.0922758
-0.0842234
-0.044868
0.0185675
0.0956699
0.180077
0.269416
0.363057
0.4601
0.559209
0.653913
0.729673
0.783476
0.8225
0.850697
0.869851
0.88095
0.885777
0.8871
0.887226
-0.117907
-0.109667
-0.0694628
-0.00441056
0.0747241
0.161494
0.25359
0.350395
0.451037
0.554227
0.653248
0.732606
0.788744
0.829083
0.8579
0.877296
0.888441
0.893236
0.894498
0.89458
-0.142949
-0.134529
-0.0934882
-0.0269437
0.0540324
0.14293
0.237514
0.337216
0.441204
0.548296
0.651624
0.734725
0.793376
0.835163
0.864692
0.884348
0.895492
0.900188
0.901353
0.901354
-0.167511
-0.158902
-0.117028
-0.0490975
0.0335512
0.124358
0.221188
0.323523
0.430611
0.541406
0.649002
0.736004
0.797411
0.84085
0.871184
0.891077
0.902116
0.906608
0.90762
0.907552
-0.191653
-0.18283
-0.140115
-0.0708803
0.013277
0.105799
0.204648
0.309358
0.419273
0.533554
0.645323
0.736376
0.800846
0.846234
0.877497
0.897564
0.908367
0.91253
0.913348
0.913224
-0.215341
-0.206291
-0.162727
-0.0922689
-0.00676158
0.0872956
0.187938
0.294774
0.407257
0.524762
0.640547
0.73575
0.803627
0.851382
0.883802
0.903964
0.91429
0.917961
0.918547
0.918372
-0.238486
-0.229221
-0.184813
-0.113234
-0.0265096
0.0689063
0.171143
0.279853
0.394634
0.515056
0.634632
0.734031
0.805646
0.856297
0.890302
0.910553
0.920056
0.92294
0.923214
0.922999
-0.261022
-0.251548
-0.206327
-0.133735
-0.0459099
0.0507134
0.154338
0.26469
0.381482
0.50451
0.627563
0.731115
0.806749
0.860872
0.89717
0.917809
0.926104
0.92763
0.927357
0.927115
-0.282941
-0.273234
-0.227234
-0.15371
-0.0649055
0.0327957
0.137619
0.249383
0.367903
0.493198
0.619368
0.726914
0.806749
0.864846
0.904368
0.926327
0.933483
0.932792
0.93116
0.930789
-0.30413
-0.294207
-0.24749
-0.173105
-0.0834189
0.0152115
0.121076
0.234029
0.354007
0.481227
0.61008
0.721335
0.805454
0.867836
0.91144
0.936342
0.943805
0.940895
0.936295
0.933576
-0.32463
-0.314495
-0.267064
-0.191917
-0.10148
-0.00206185
0.104683
0.218591
0.339755
0.468553
0.599631
0.714141
0.802593
0.869429
0.917534
0.947085
0.95784
0.955382
0.947009
0.934129
-0.344417
-0.334154
-0.286068
-0.210325
-0.119342
-0.019352
0.0880448
0.202578
0.324578
0.454512
0.587343
0.704559
0.797461
0.868997
0.921181
0.95572
0.971676
0.96946
0.959828
0.930781
-0.363555
-0.353221
-0.304438
-0.228127
-0.136824
-0.0364808
0.0713877
0.186226
0.308729
0.439315
0.573326
0.692389
0.789365
0.865754
0.92002
0.954551
0.971393
0.970746
0.924294
0.873206
-0.383701
-0.37077
-0.322078
-0.245192
-0.154086
-0.0535822
0.0544809
0.169553
0.292183
0.422908
0.557423
0.677324
0.776954
0.859366
0.911937
0.934846
0.946913
0.920783
0.862914
0.805647
-0.40812
-0.403876
-0.34377
-0.259278
-0.168691
-0.0682791
0.0376138
0.153195
0.275629
0.406065
0.540208
0.659818
0.759222
0.852406
0.880077
0.899048
0.880579
0.829715
0.765628
0.704682
-0.386735
-0.378647
-0.319316
-0.235303
-0.139317
-0.035317
0.075467
0.193903
0.319541
0.453688
0.581475
0.687455
0.77738
0.865094
0.877683
0.798002
0.731833
0.677179
0.614856
0.491381
-0.422604
-0.394448
-0.333485
-0.248951
-0.152887
-0.049259
0.0610289
0.178855
0.303639
0.436296
0.561829
0.66496
0.745157
0.807455
0.781049
0.666718
0.571766
0.508059
0.439083
0.303886
-0.44942
-0.415595
-0.353106
-0.268845
-0.172893
-0.0694465
0.0409779
0.15809
0.281642
0.412101
0.534325
0.632643
0.703432
0.729262
0.657489
0.517943
0.406935
0.330509
0.241696
0.0586966
-0.474164
-0.43882
-0.374603
-0.289785
-0.193772
-0.0903436
0.019811
0.136075
0.258153
0.385994
0.503898
0.595556
0.652638
0.643361
0.519331
0.359734
0.2215
0.11588
0.00836742
-0.267244
-0.498503
-0.462382
-0.39697
-0.311435
-0.215203
-0.111883
-0.00228755
0.112981
0.233356
0.358206
0.47101
0.555671
0.594211
0.552987
0.381447
0.199962
0.025561
-0.115462
-0.29291
-0.650082
-0.522864
-0.48664
-0.42046
-0.334378
-0.237878
-0.134694
-0.0256597
0.0885221
0.206973
0.328501
0.435652
0.512254
0.530392
0.436016
0.250927
0.0517271
-0.134598
-0.297828
-0.486494
-0.827898
-0.548378
-0.512028
-0.445387
-0.358897
-0.262183
-0.159105
-0.0505939
0.0624782
0.178852
0.296793
0.398022
0.464131
0.45653
0.320033
0.132463
-0.0708643
-0.254252
-0.383582
-0.438012
-0.477142
-0.575449
-0.538994
-0.472065
-0.385367
-0.28862
-0.185804
-0.0779927
0.0336831
0.147549
0.261194
0.356005
0.408244
0.377775
0.208016
0.0203699
-0.166812
-0.317908
-0.377979
-0.396472
-0.39978
-0.604376
-0.567716
-0.500547
-0.413765
-0.31716
-0.214794
-0.107951
0.00200014
0.112923
0.221527
0.309236
0.344651
0.294027
0.103116
-0.0801213
-0.246535
-0.350647
-0.367905
-0.372674
-0.372854
-0.635303
-0.598282
-0.53086
-0.444074
-0.347767
-0.246084
-0.140481
-0.0325896
0.0749245
0.177812
0.257128
0.278803
0.189862
0.00784811
-0.167493
-0.306267
-0.353511
-0.360369
-0.360456
-0.360049
-0.668104
-0.630635
-0.562963
-0.47628
-0.38043
-0.279651
-0.175577
-0.070108
0.0335763
0.130133
0.200065
0.204995
0.0879294
-0.0803135
-0.239229
-0.337681
-0.351905
-0.352948
-0.353554
-0.353154
-0.702325
-0.664522
-0.596671
-0.510214
-0.415008
-0.315387
-0.213167
-0.110515
-0.0109977
0.078681
0.139086
0.126064
-0.00477269
-0.161299
-0.293633
-0.337924
-0.348647
-0.349061
-0.349344
-0.349196
-0.737597
-0.699506
-0.631602
-0.545551
-0.451224
-0.353046
-0.253031
-0.153618
-0.0585751
0.0241221
0.0730963
0.0472939
-0.0921483
-0.232398
-0.329968
-0.346109
-0.346017
-0.345966
-0.345734
-0.345728
-0.772978
-0.734942
-0.667134
-0.581747
-0.488604
-0.392203
-0.294778
-0.199043
-0.108891
-0.0325634
0.00303839
-0.0279254
-0.172047
-0.288803
-0.353088
-0.358647
-0.351843
-0.346777
-0.344564
-0.343799
-0.807329
-0.769775
-0.702363
-0.618009
-0.526461
-0.432243
-0.3378
-0.246156
-0.16141
-0.0907421
-0.0640036
-0.110611
-0.243916
-0.344045
-0.367201
-0.368812
-0.361335
-0.356146
-0.352523
-0.35057
-0.839155
-0.802497
-0.736052
-0.653263
-0.56383
-0.472311
-0.381255
-0.294101
-0.215097
-0.150137
-0.12779
-0.192152
-0.307593
-0.400407
-0.414031
-0.392904
-0.375886
-0.365745
-0.362277
-0.360761
-0.866466
-0.831478
-0.766607
-0.6861
-0.599448
-0.51129
-0.424084
-0.341737
-0.268628
-0.209556
-0.191134
-0.259261
-0.360375
-0.442242
-0.449275
-0.42303
-0.400701
-0.390879
-0.387054
-0.384955
-0.886886
-0.854291
-0.79205
-0.714815
-0.6318
-0.547761
-0.465063
-0.387672
-0.320641
-0.266744
-0.249356
-0.309084
-0.389047
-0.464486
-0.464042
-0.460041
-0.45699
-0.455215
-0.452897
-0.449619
-0.898008
-0.8684
-0.810196
-0.737503
-0.659218
-0.580085
-0.50273
-0.430412
-0.36945
-0.320498
-0.297616
-0.344961
-0.386718
-0.444791
-0.500528
-0.544338
-0.575903
-0.577218
-0.566403
-0.562364
-0.897024
-0.871304
-0.819095
-0.752159
-0.679977
-0.606695
-0.535313
-0.468505
-0.413193
-0.371403
-0.33725
-0.37868
-0.362532
-0.349419
-0.450432
-0.576763
-0.625012
-0.630716
-0.627953
-0.628243
-0.879931
-0.860942
-0.816908
-0.757258
-0.692497
-0.626282
-0.561117
-0.500576
-0.449708
-0.417676
-0.38958
-0.456145
-0.439974
-0.32003
-0.430242
-0.606437
-0.675084
-0.679939
-0.68161
-0.681836
-0.848421
-0.835357
-0.802017
-0.752133
-0.695975
-0.637684
-0.579279
-0.524605
-0.47847
-0.45256
-0.459733
-0.592202
-0.736337
-0.779573
-0.818427
-0.861837
-0.837724
-0.781593
-0.767117
-0.770033
-0.806941
-0.798889
-0.777263
-0.738214
-0.691183
-0.640705
-0.588865
-0.539204
-0.497365
-0.476017
-0.493487
-0.714578
-1.07562
-1.4787
-1.61997
-1.64846
-1.51409
-1.27925
-1.08406
-1.04844
-0.76362
-0.75934
-0.747279
-0.719719
-0.680878
-0.636748
-0.589585
-0.542552
-0.50397
-0.480296
-0.50764
-0.667951
-0.958992
-1.33979
-1.52677
-1.52895
-1.46168
-1.31705
-1.18491
-1.13978
-0.727755
-0.725593
-0.719291
-0.700206
-0.668378
-0.627773
-0.582995
-0.535543
-0.488417
-0.458984
-0.461311
-0.469125
-0.447396
-0.428588
-0.337392
-0.343061
-0.335049
-0.299093
-0.261945
-0.227904
-0.700815
-0.699805
-0.697463
-0.685657
-0.658314
-0.618567
-0.571123
-0.516863
-0.45934
-0.400441
-0.342793
-0.271653
-0.0427355
0.131243
0.27373
0.410619
0.58285
0.668245
0.731121
0.765206
-0.682039
-0.681447
-0.68081
-0.67486
-0.652086
-0.611249
-0.557031
-0.495215
-0.419503
-0.331689
-0.238968
-0.07172
0.118904
0.42334
0.785043
1.0904
1.28528
1.42399
1.52673
1.5659
-0.670561
-0.67026
-0.669914
-0.667487
-0.649251
-0.607498
-0.546447
-0.470685
-0.384247
-0.272885
-0.157884
0.00121779
0.322901
0.701343
1.10748
1.48341
1.77749
1.98015
2.08087
2.11347
-0.663142
-0.662267
-0.660554
-0.659974
-0.648919
-0.609344
-0.542546
-0.454682
-0.356261
-0.242821
-0.113993
0.000529952
0.262002
0.621997
1.06308
1.47771
1.79404
1.98776
2.07928
2.10549
-0.669162
-0.666227
-0.661442
-0.661101
-0.658834
-0.621137
-0.543549
-0.446544
-0.336162
-0.227822
-0.0971258
0.0191566
0.194018
0.544355
0.915023
1.25115
1.50525
1.66246
1.73361
1.75288
-0.701686
-0.699394
-0.70058
-0.705565
-0.700849
-0.645058
-0.54447
-0.435297
-0.323051
-0.207009
-0.0916091
0.0276317
0.140743
0.376244
0.691889
0.953921
1.14874
1.26169
1.30812
1.31992
-0.744399
-0.750156
-0.764866
-0.771446
-0.748118
-0.660513
-0.53408
-0.414027
-0.305482
-0.192814
-0.0921932
0.0060345
0.0955104
0.235655
0.45745
0.652416
0.797703
0.880539
0.915882
0.921447
-0.722973
-0.73469
-0.752792
-0.757968
-0.721706
-0.616462
-0.490021
-0.378637
-0.276997
-0.182423
-0.0958549
-0.0237252
0.032452
0.135495
0.294328
0.421025
0.517881
0.570771
0.591685
0.594444
-0.569286
-0.58055
-0.595609
-0.598932
-0.566209
-0.488055
-0.402056
-0.318442
-0.239479
-0.168914
-0.10667
-0.0505957
-0.020134
0.0302926
0.138959
0.235594
0.301555
0.336825
0.349717
0.351252
-0.332366
-0.338916
-0.348931
-0.355787
-0.346192
-0.319065
-0.283439
-0.239512
-0.194827
-0.146171
-0.113426
-0.0798928
-0.0664198
-0.0248213
0.0483698
0.106394
0.14533
0.165906
0.173759
0.17348
-0.121748
-0.124927
-0.132737
-0.14586
-0.160411
-0.170527
-0.171408
-0.163244
-0.146328
-0.122064
-0.109675
-0.108521
-0.113287
-0.0874326
-0.0263529
0.0146524
0.0387769
0.0482386
0.0511155
0.0503915
0.0043077
0.00245906
-0.00456327
-0.0211325
-0.0459942
-0.0718304
-0.0915022
-0.102405
-0.1039
-0.0981433
-0.0975208
-0.112417
-0.128157
-0.101659
-0.0618975
-0.040411
-0.0281156
-0.0240938
-0.0235252
-0.0240242
0.0569291
0.055543
0.0496063
0.0346808
0.010739
-0.0161296
-0.0403809
-0.058043
-0.0684154
-0.0716933
-0.0773763
-0.0917511
-0.105381
-0.0812044
-0.0579052
-0.0487124
-0.0494184
-0.0524497
-0.0541975
-0.0545597
0.0692514
0.0682312
0.0638572
0.052646
0.0341572
0.0120155
-0.00950366
-0.0278978
-0.040033
-0.0461518
-0.0492637
-0.0531723
-0.0538885
-0.0369313
-0.0326115
-0.0354276
-0.0414148
-0.0453529
-0.0465759
-0.0468636
0.0644267
0.0637785
0.0608629
0.0532111
0.0401276
0.0236456
0.00654327
-0.00835274
-0.0190407
-0.0220213
-0.0175019
-0.00732289
0.00652565
0.0180165
0.0125281
0.000314098
-0.00921675
-0.0137967
-0.015077
-0.0155031
0.0533801
0.0530159
0.0512167
0.0462888
0.0375592
0.0261627
0.0137493
0.0026965
-0.00456687
-0.00448706
0.00960535
0.0328258
0.0614933
0.0667381
0.0540507
0.0394992
0.0318666
0.0298301
0.0284465
0.0276489
0.0406743
0.040489
0.0394485
0.0364564
0.0309255
0.0233219
0.014868
0.00733284
0.00264001
0.00545569
0.0237849
0.0534393
0.0866131
0.0855314
0.0712788
0.0619359
0.0601781
0.0616856
0.0620591
0.0606655
0.028284
0.0281793
0.0275902
0.025907
0.0225424
0.0177706
0.0120105
0.00687929
0.00344122
0.00643439
0.0228322
0.0494184
0.0769
0.0718984
0.0614036
0.060924
0.0658947
0.0702501
0.0710113
0.0693124
0.0173084
0.0172109
0.0168521
0.0159114
0.0139377
0.0108834
0.00680998
0.00268287
-0.000932947
-0.000617848
0.00755757
0.0228382
0.0370163
0.0300626
0.0278984
0.0338367
0.0422839
0.0474723
0.0481209
0.0467004
0.0083557
0.00825235
0.00799844
0.00744146
0.00623827
0.00415251
0.000975597
-0.003119
-0.00833791
-0.0133437
-0.0178172
-0.0202855
-0.0236709
-0.0297239
-0.0259061
-0.0131697
-0.00202073
0.00312941
0.00371363
0.00267245
0.00177434
0.00164729
0.00140347
0.000990556
0.000149657
-0.00152777
-0.00432283
-0.0089253
-0.0159805
-0.0270185
-0.0447992
-0.0690981
-0.0971265
-0.103823
-0.085814
-0.0655408
-0.053386
-0.0490159
-0.0483861
-0.0488512
-0.0024649
-0.00260851
-0.00287737
-0.00326963
-0.00397242
-0.00549928
-0.00807721
-0.0129118
-0.0212505
-0.0368814
-0.0647628
-0.106908
-0.146018
-0.14785
-0.124088
-0.103489
-0.0950386
-0.0926368
-0.0918233
-0.0915867
-0.00449755
-0.00463847
-0.00489765
-0.00529497
-0.00597528
-0.00736423
-0.00984086
-0.0144948
-0.0226464
-0.039826
-0.0695921
-0.111793
-0.1479
-0.142502
-0.12391
-0.111753
-0.108625
-0.108643
-0.107746
-0.107364
-0.00477307
-0.00490081
-0.00512702
-0.00549902
-0.00611139
-0.00720606
-0.00937696
-0.0133193
-0.0203047
-0.0347974
-0.0587658
-0.0887945
-0.109157
-0.102459
-0.0932965
-0.0930154
-0.0948579
-0.0963811
-0.0958025
-0.0955691
-0.00370071
-0.00379961
-0.00396737
-0.00425305
-0.00467756
-0.00543941
-0.00704196
-0.00960753
-0.014769
-0.0242241
-0.0387735
-0.0523872
-0.0584952
-0.0529314
-0.0545506
-0.0600905
-0.0635934
-0.0645568
-0.0644426
-0.0645163
-0.00175615
-0.00182244
-0.00188587
-0.0019818
-0.00212675
-0.00239491
-0.0028879
-0.00371255
-0.00529043
-0.00851332
-0.0141285
-0.017354
-0.0197947
-0.0136442
-0.0128639
-0.0189441
-0.0251701
-0.0262596
-0.0257514
-0.0261172
-0.373727
0.00727549
0.276804
0.462736
0.607399
0.719659
0.812087
0.894351
0.979624
0.970013
0.183572
0.336237
0.476242
0.597644
0.698957
0.782167
0.850157
0.898139
0.913755
0.92675
0.424693
0.52324
0.619987
0.704495
0.776701
0.836602
0.883214
0.916137
0.938668
0.957646
0.594549
0.662953
0.731641
0.793059
0.845844
0.889943
0.925666
0.954434
0.976309
0.995888
0.724404
0.775014
0.825849
0.872158
0.912718
0.947776
0.977889
1.00346
1.02255
1.04129
0.83312
0.872498
0.911096
0.947918
0.981446
1.01142
1.03779
1.06004
1.077
1.0949
0.925749
0.959639
0.992888
1.02498
1.05495
1.08217
1.10613
1.12606
1.14094
1.15834
1.01291
1.04494
1.077
1.10791
1.13673
1.16279
1.18543
1.20368
1.21687
1.23373
1.10247
1.13688
1.17032
1.20204
1.23108
1.25677
1.2785
1.29546
1.30741
1.32381
1.20495
1.24367
1.27977
1.31272
1.34185
1.36673
1.38716
1.40292
1.4146
1.43077
1.33127
1.37287
1.40985
1.44173
1.46898
1.4919
1.51085
1.52604
1.53851
1.55463
1.48843
1.52677
1.55845
1.58453
1.60722
1.62747
1.64572
1.6619
1.67595
1.69184
1.67039
1.69533
1.71688
1.73572
1.75358
1.77049
1.78686
1.80334
1.81898
1.83497
1.85605
1.86784
1.88249
1.89732
1.91109
1.9233
1.93462
1.946
1.95889
1.9796
2.04411
2.05414
2.0611
2.06247
2.06456
2.07198
2.08514
2.1005
2.11358
2.14185
2.32058
2.26151
2.21387
2.18275
2.16963
2.1742
2.19745
2.24277
2.31331
2.39192
0.764953
0.757448
0.748526
0.735699
0.722289
0.710683
0.701456
0.694555
0.689943
0.687928
0.689147
0.693189
0.699441
0.707838
0.718504
0.731339
0.745035
0.756233
0.764016
0.77034
0.678928
0.686808
0.69395
0.698708
0.699953
0.697951
0.694196
0.690236
0.687148
0.685758
0.686802
0.689849
0.694011
0.698417
0.701793
0.702508
0.699583
0.693553
0.685551
0.67965
0.670896
0.673955
0.677039
0.679552
0.681917
0.683669
0.68414
0.683458
0.682413
0.68195
0.682741
0.684393
0.685968
0.68658
0.685735
0.683787
0.681512
0.678865
0.675671
0.673308
0.665614
0.667131
0.66936
0.671513
0.673092
0.674354
0.675449
0.676203
0.676584
0.676931
0.677534
0.678126
0.678263
0.677813
0.676989
0.675877
0.674216
0.672027
0.670192
0.669107
0.660488
0.661327
0.662806
0.664641
0.666372
0.667756
0.668851
0.669813
0.670677
0.671441
0.67202
0.672269
0.67216
0.671743
0.670964
0.669716
0.668131
0.666554
0.665513
0.664878
0.655562
0.656132
0.657198
0.658618
0.66015
0.661653
0.662996
0.664145
0.665173
0.666114
0.666796
0.667082
0.666977
0.666462
0.665559
0.66442
0.663215
0.662125
0.661429
0.660986
0.650773
0.6512
0.652051
0.653243
0.654559
0.655965
0.657399
0.658762
0.660007
0.661137
0.661971
0.662327
0.662208
0.661686
0.66091
0.660029
0.659122
0.658308
0.657796
0.65746
0.646086
0.646421
0.647122
0.648166
0.64938
0.650701
0.652117
0.653594
0.655057
0.656431
0.657449
0.657911
0.657883
0.65752
0.65696
0.656289
0.655589
0.654981
0.654598
0.654332
0.641426
0.641698
0.642294
0.643239
0.644392
0.645675
0.647098
0.648654
0.650299
0.651932
0.653197
0.65386
0.654037
0.653889
0.653538
0.653065
0.652549
0.652105
0.651816
0.651597
0.636711
0.636937
0.63746
0.638342
0.639458
0.640741
0.642209
0.643864
0.645684
0.647586
0.649179
0.650156
0.65061
0.650705
0.650568
0.650296
0.649951
0.649648
0.649432
0.649249
0.631858
0.63205
0.632525
0.633375
0.63449
0.635812
0.63736
0.639161
0.641213
0.643459
0.645449
0.646796
0.647577
0.647949
0.648048
0.647974
0.647802
0.647622
0.647466
0.647307
0.626784
0.62695
0.627396
0.628244
0.629398
0.630803
0.632481
0.634488
0.636843
0.63951
0.641991
0.643789
0.644945
0.64563
0.645984
0.64611
0.646114
0.646047
0.64594
0.6458
0.621405
0.621551
0.621987
0.622863
0.624098
0.625634
0.627513
0.629809
0.63257
0.63578
0.638853
0.641171
0.642751
0.643777
0.644412
0.644771
0.644941
0.644976
0.644911
0.644785
0.615623
0.615755
0.616197
0.61713
0.618488
0.620209
0.622354
0.625023
0.628293
0.63217
0.63597
0.63892
0.641005
0.642433
0.643386
0.643996
0.644351
0.644486
0.644458
0.64434
0.609316
0.609436
0.609898
0.610917
0.612442
0.61441
0.616894
0.620026
0.623919
0.628617
0.633303
0.63702
0.639723
0.641635
0.642955
0.643853
0.644411
0.644652
0.644659
0.644549
0.602347
0.602456
0.602951
0.60409
0.605833
0.608124
0.611047
0.614766
0.61944
0.625139
0.630911
0.635557
0.638995
0.641471
0.643223
0.644461
0.645243
0.645595
0.645637
0.64553
0.594545
0.594647
0.595182
0.596475
0.598503
0.601204
0.604694
0.609177
0.614841
0.621787
0.62887
0.634623
0.638912
0.642046
0.644311
0.645936
0.646972
0.647442
0.647518
0.647411
0.585594
0.585701
0.586324
0.587831
0.590226
0.593448
0.597643
0.603072
0.609985
0.618488
0.627145
0.6342
0.639511
0.643439
0.646326
0.648408
0.649732
0.650333
0.650445
0.650336
0.575241
0.575348
0.57608
0.577844
0.580698
0.584587
0.589688
0.596301
0.604712
0.61508
0.625678
0.634345
0.640887
0.645766
0.649393
0.652025
0.653688
0.654436
0.654581
0.654465
0.563033
0.563157
0.564035
0.566139
0.569586
0.574347
0.580627
0.588792
0.599172
0.611889
0.624784
0.635278
0.643228
0.649208
0.653687
0.65695
0.658998
0.659903
0.66008
0.659954
0.548307
0.548463
0.54956
0.55213
0.556377
0.562302
0.570132
0.580284
0.593104
0.608674
0.624318
0.636991
0.646594
0.653852
0.659336
0.663338
0.665821
0.666893
0.667097
0.666957
0.530129
0.530353
0.531782
0.535012
0.540368
0.54789
0.55781
0.570579
0.586497
0.605531
0.62442
0.639588
0.651075
0.659808
0.666463
0.671317
0.674286
0.675526
0.675744
0.675584
0.507071
0.507436
0.509407
0.513659
0.520682
0.530551
0.543429
0.559726
0.579612
0.602832
0.625396
0.643314
0.656865
0.667235
0.675148
0.680948
0.684419
0.685807
0.68602
0.685832
0.476788
0.477446
0.48036
0.486384
0.496115
0.50953
0.526607
0.547566
0.572329
0.600443
0.627171
0.648138
0.663936
0.676071
0.685374
0.692166
0.696105
0.697592
0.697775
0.697556
0.435147
0.436505
0.44145
0.45101
0.465532
0.484493
0.507548
0.534593
0.565286
0.598973
0.630181
0.654312
0.67242
0.686353
0.697103
0.704819
0.709091
0.71058
0.710704
0.710459
0.374594
0.378779
0.389216
0.405937
0.428595
0.45588
0.486904
0.521349
0.558803
0.598547
0.634462
0.661836
0.68226
0.697945
0.710036
0.718549
0.722959
0.72428
0.724309
0.724061
0.301723
0.309922
0.329191
0.356353
0.389426
0.426087
0.46567
0.50805
0.552912
0.599611
0.641296
0.672921
0.696576
0.71474
0.728533
0.737931
0.74259
0.743963
0.744081
0.743975
0.22854
0.242448
0.270536
0.308026
0.351151
0.397106
0.44531
0.495729
0.548119
0.601922
0.649581
0.685622
0.71259
0.733399
0.749092
0.759389
0.764099
0.765228
0.765368
0.765367
0.168134
0.185349
0.219376
0.264619
0.315898
0.370001
0.426162
0.484212
0.543832
0.604436
0.657737
0.697907
0.727919
0.751017
0.768359
0.779354
0.784034
0.785517
0.785832
0.785895
0.118233
0.137516
0.176043
0.227085
0.284725
0.345526
0.408546
0.473454
0.539747
0.606745
0.665322
0.709328
0.742101
0.767225
0.786058
0.798
0.80343
0.80524
0.805605
0.805698
0.0761644
0.0966809
0.138592
0.194285
0.257192
0.323616
0.392508
0.463458
0.535805
0.60871
0.67225
0.719752
0.755047
0.782067
0.802258
0.815218
0.821214
0.823273
0.823676
0.823768
0.0395623
0.0609316
0.105498
0.165011
0.23238
0.303672
0.377725
0.454066
0.531927
0.610278
0.678396
0.729143
0.766699
0.795389
0.81669
0.830311
0.836851
0.839134
0.839576
0.839655
0.00683174
0.0288314
0.0755737
0.138293
0.209493
0.285038
0.363705
0.444943
0.527878
0.611295
0.68367
0.737429
0.777012
0.807035
0.8291
0.843212
0.850276
0.852713
0.853167
0.85322
-0.0231882
-0.000705189
0.047871
0.11338
0.187915
0.267206
0.350023
0.435756
0.523403
0.611621
0.688053
0.744659
0.786091
0.817168
0.839745
0.854159
0.861486
0.864102
0.864614
0.864645
-0.0514265
-0.0284359
0.021783
0.0897328
0.167185
0.249804
0.336375
0.426238
0.518317
0.611128
0.691553
0.750937
0.794115
0.826101
0.849082
0.863728
0.87125
0.873948
0.874469
0.874467
-0.078387
-0.0548699
-0.00321459
0.0669395
0.146979
0.232577
0.32255
0.416224
0.512486
0.609751
0.69417
0.756356
0.801237
0.834078
0.857439
0.87229
0.879874
0.88259
0.883064
0.883009
-0.104462
-0.0804157
-0.0274129
0.0447206
0.127076
0.215356
0.308433
0.405619
0.505823
0.60746
0.695909
0.760979
0.807601
0.841327
0.865066
0.880074
0.887674
0.890352
0.890803
0.890718
-0.129895
-0.105283
-0.0510226
0.0229073
0.107347
0.19805
0.293944
0.394375
0.498298
0.604202
0.696769
0.764865
0.813343
0.848046
0.872216
0.887357
0.894933
0.897522
0.897924
0.89781
-0.154797
-0.129597
-0.0741571
0.00141651
0.0877329
0.180616
0.279068
0.382482
0.489903
0.599954
0.696711
0.768036
0.818567
0.854378
0.879027
0.894263
0.90172
0.904159
0.904467
0.904316
-0.179251
-0.153454
-0.096858
-0.0197778
0.0682237
0.163069
0.263831
0.369961
0.480636
0.594688
0.695679
0.770467
0.823333
0.860435
0.885583
0.900813
0.908052
0.910263
0.910454
0.910271
-0.203201
-0.17685
-0.119116
-0.040668
0.0488442
0.145441
0.248273
0.35686
0.470528
0.588379
0.693598
0.772094
0.827671
0.866343
0.892029
0.907096
0.913918
0.915817
0.9159
0.915697
-0.226671
-0.199731
-0.140905
-0.061219
0.0296429
0.127795
0.232465
0.343247
0.459635
0.58102
0.690397
0.772819
0.831541
0.872229
0.898586
0.913273
0.919394
0.920852
0.920815
0.920603
-0.249543
-0.222042
-0.162186
-0.0813938
0.0106794
0.110213
0.216492
0.329207
0.448022
0.572621
0.686005
0.772514
0.834834
0.878155
0.905567
0.919695
0.924641
0.925381
0.925191
0.924996
-0.271815
-0.243714
-0.182927
-0.101124
-0.00797101
0.0927675
0.200449
0.314845
0.435768
0.563235
0.68037
0.771047
0.837349
0.884032
0.913312
0.927071
0.930232
0.92958
0.929037
0.928942
-0.293383
-0.264727
-0.203069
-0.120352
-0.0262455
0.0755449
0.184422
0.300242
0.422986
0.552939
0.673459
0.768276
0.838828
0.889516
0.92188
0.936396
0.937755
0.934534
0.932618
0.932761
-0.314273
-0.285051
-0.222547
-0.139012
-0.0440647
0.0586363
0.168539
0.285535
0.409799
0.541835
0.665276
0.764057
0.838988
0.894008
0.930625
0.948098
0.949672
0.944032
0.93667
0.922709
-0.33444
-0.304724
-0.241503
-0.157318
-0.0617395
0.0416934
0.152363
0.270236
0.395657
0.529374
0.655226
0.757774
0.837423
0.896886
0.938315
0.961135
0.966165
0.959284
0.947331
0.957891
-0.353879
-0.32375
-0.259892
-0.175212
-0.0792222
0.0247628
0.135901
0.254366
0.380539
0.515445
0.643094
0.748778
0.833455
0.896931
0.941322
0.967863
0.97749
0.968687
0.918059
0.907935
-0.373098
-0.342288
-0.27745
-0.192376
-0.0961205
0.00822418
0.119328
0.238201
0.364748
0.500267
0.628966
0.73651
0.826444
0.8933
0.934544
0.959299
0.961467
0.928159
0.867973
0.831555
-0.395349
-0.362016
-0.293707
-0.20823
-0.1117
-0.00751424
0.103069
0.222024
0.348503
0.483967
0.612921
0.720684
0.814871
0.885167
0.929745
0.924028
0.904481
0.848634
0.785441
0.747279
0.030404
0.145976
0.268291
0.398466
0.531953
0.650697
0.748281
0.636592
-0.410654
-0.401295
-0.359058
-0.286316
-0.195393
-0.0955075
0.011675
0.126082
0.247637
0.376612
0.508836
0.626805
0.721085
0.803648
0.850543
0.80805
0.690546
0.619828
0.562916
-0.434504
-0.422818
-0.376863
-0.302805
-0.211681
-0.111775
-0.00502215
0.108956
0.229678
0.357287
0.487149
0.601939
0.690121
0.755702
0.754739
0.658877
0.537451
0.454494
0.385065
-0.458809
-0.446813
-0.398432
-0.323269
-0.232108
-0.132132
-0.0252617
0.0884346
0.208222
0.334199
0.460869
0.570714
0.650197
0.693415
0.658132
0.511695
0.373488
0.269357
0.184426
-0.482955
-0.470938
-0.421151
-0.344808
-0.253293
-0.153295
-0.0466348
0.066371
0.184949
0.308849
0.431824
0.535955
0.607126
0.622349
0.536628
0.364203
0.197928
0.0558786
-0.063196
-0.507179
-0.495256
-0.444551
-0.367326
-0.275364
-0.175312
-0.069009
0.0431611
0.160346
0.281826
0.400633
0.498195
0.558923
0.53805
0.405954
0.219745
0.0278904
-0.136524
-0.295668
-0.531982
-0.520221
-0.46904
-0.391222
-0.298858
-0.198715
-0.0927013
0.0186959
0.134424
0.253321
0.367766
0.457968
0.503778
0.461103
0.283206
0.0900331
-0.108883
-0.285486
-0.419913
-0.543316
-0.558184
-0.546528
-0.495022
-0.416846
-0.324264
-0.224133
-0.118478
-0.00797176
0.10606
0.221935
0.331515
0.413311
0.442237
0.365405
0.169103
-0.0270857
-0.212218
-0.352154
-0.401052
-0.422037
-0.586081
-0.574481
-0.522712
-0.444322
-0.351689
-0.251763
-0.146655
-0.0373143
0.0746553
0.186936
0.290893
0.363381
0.367995
0.252662
0.0622034
-0.124204
-0.285514
-0.358493
-0.381016
-0.383792
-0.615903
-0.604272
-0.552195
-0.47365
-0.381113
-0.281565
-0.177259
-0.0693801
0.0401431
0.148282
0.245656
0.308622
0.284994
0.145708
-0.0354178
-0.209332
-0.328488
-0.366728
-0.365093
-0.365921
-0.647627
-0.635922
-0.583488
-0.504831
-0.412525
-0.313539
-0.210295
-0.104182
0.00250397
0.105986
0.195945
0.247305
0.207144
0.0445092
-0.121985
-0.278224
-0.342408
-0.35496
-0.35623
-0.356104
-0.681023
-0.669209
-0.616464
-0.53778
-0.445835
-0.34763
-0.245707
-0.141712
-0.0382494
0.0601158
0.14209
0.180489
0.130547
-0.0452738
-0.200327
-0.315412
-0.354359
-0.350884
-0.351355
-0.351166
-0.715579
-0.703715
-0.650828
-0.572232
-0.480838
-0.383645
-0.283348
-0.181846
-0.0819959
0.0110241
0.084187
0.111201
0.0386312
-0.127913
-0.267443
-0.332091
-0.345972
-0.347187
-0.347307
-0.347278
-0.750781
-0.738891
-0.686066
-0.607729
-0.517128
-0.421228
-0.322899
-0.22429
-0.128516
-0.0408467
0.0230975
0.0349015
-0.0538315
-0.200508
-0.315161
-0.348124
-0.349104
-0.346648
-0.344647
-0.344194
-0.785673
-0.773801
-0.72136
-0.643558
-0.554086
-0.459851
-0.363855
-0.268556
-0.177326
-0.095174
-0.0386386
-0.0440995
-0.137958
-0.267287
-0.348293
-0.371454
-0.359957
-0.352855
-0.348803
-0.346526
-0.818491
-0.80697
-0.755542
-0.678748
-0.590841
-0.49874
-0.405496
-0.313913
-0.227622
-0.151428
-0.0997144
-0.117943
-0.21682
-0.331731
-0.388568
-0.381167
-0.373438
-0.364101
-0.358851
-0.356271
-0.848141
-0.837004
-0.7871
-0.711972
-0.626221
-0.536848
-0.446887
-0.359373
-0.278338
-0.208387
-0.161376
-0.184294
-0.285424
-0.386176
-0.438182
-0.423973
-0.395785
-0.378782
-0.371742
-0.369643
-0.871909
-0.861463
-0.814125
-0.741553
-0.658766
-0.572831
-0.486854
-0.403727
-0.328188
-0.264533
-0.221861
-0.241898
-0.336251
-0.424667
-0.453236
-0.44645
-0.428282
-0.417858
-0.414527
-0.412292
-0.887689
-0.878287
-0.834359
-0.765549
-0.686788
-0.605118
-0.523925
-0.44567
-0.375644
-0.318367
-0.276504
-0.291568
-0.363368
-0.430028
-0.492483
-0.492607
-0.507195
-0.515232
-0.511982
-0.505057
-0.892943
-0.885
-0.845513
-0.781924
-0.708417
-0.632102
-0.556377
-0.483788
-0.419001
-0.368149
-0.325987
-0.332798
-0.373927
-0.378768
-0.434737
-0.525285
-0.599756
-0.618162
-0.612171
-0.606757
-0.885656
-0.879112
-0.845453
-0.788671
-0.721891
-0.652237
-0.582645
-0.516333
-0.456586
-0.412259
-0.377801
-0.379339
-0.407028
-0.347749
-0.355452
-0.514323
-0.620341
-0.641028
-0.647863
-0.65122
-0.862044
-0.85736
-0.831433
-0.784205
-0.726066
-0.664136
-0.601691
-0.541444
-0.487511
-0.44765
-0.422814
-0.467005
-0.55291
-0.519526
-0.485615
-0.610151
-0.715367
-0.725633
-0.722039
-0.72355
-0.825489
-0.822528
-0.805101
-0.768738
-0.720889
-0.667497
-0.612433
-0.558299
-0.509607
-0.473523
-0.461908
-0.555962
-0.788147
-1.09463
-1.21883
-1.2877
-1.21542
-1.03226
-0.893261
-0.860015
-0.782475
-0.780682
-0.771561
-0.746088
-0.708525
-0.663358
-0.61477
-0.565662
-0.52102
-0.487416
-0.486278
-0.585303
-0.881502
-1.31435
-1.65976
-1.78281
-1.76573
-1.57453
-1.36395
-1.21302
-0.742846
-0.741708
-0.737572
-0.722219
-0.692962
-0.654111
-0.610221
-0.563447
-0.517413
-0.484647
-0.479404
-0.519348
-0.645434
-0.832465
-0.980462
-0.94673
-0.9395
-0.881604
-0.814295
-0.737828
-0.713193
-0.712548
-0.710259
-0.70183
-0.678991
-0.643888
-0.600746
-0.552687
-0.501666
-0.45048
-0.415119
-0.402102
-0.284864
-0.106368
0.00879787
0.0651563
0.113176
0.208011
0.25238
0.285892
-0.690354
-0.689809
-0.688955
-0.6858
-0.6694
-0.636337
-0.589986
-0.53643
-0.473706
-0.404299
-0.331387
-0.226942
-0.0810578
0.144841
0.382508
0.630496
0.853221
0.987655
1.086
1.14948
-0.675843
-0.675563
-0.675154
-0.673975
-0.663518
-0.631885
-0.581725
-0.517565
-0.444183
-0.35112
-0.247651
-0.129391
0.108012
0.402292
0.80224
1.19034
1.47603
1.6793
1.82454
1.89077
-0.666148
-0.666003
-0.665355
-0.664866
-0.659493
-0.631417
-0.578167
-0.504461
-0.416141
-0.317122
-0.191713
-0.0766155
0.14641
0.502541
0.896858
1.32257
1.69477
1.96047
2.10673
2.16503
-0.663546
-0.662771
-0.659831
-0.657343
-0.657265
-0.637605
-0.581459
-0.498719
-0.397566
-0.293845
-0.169982
-0.0435368
0.0896116
0.387886
0.786682
1.19566
1.5382
1.76985
1.89647
1.94428
-0.682855
-0.680742
-0.676614
-0.675576
-0.678487
-0.660534
-0.591594
-0.493916
-0.386984
-0.271609
-0.159246
-0.0277821
0.0814348
0.311535
0.646948
0.968859
1.22865
1.40753
1.50021
1.53307
-0.726073
-0.724563
-0.728968
-0.73821
-0.739526
-0.701045
-0.601566
-0.482606
-0.370919
-0.256842
-0.146518
-0.0362421
0.0662393
0.184988
0.428092
0.689567
0.891911
1.02518
1.08934
1.1106
-0.747289
-0.751046
-0.766828
-0.781288
-0.773765
-0.708278
-0.582279
-0.455951
-0.34382
-0.240768
-0.139228
-0.0499834
0.030462
0.121011
0.281391
0.454867
0.591624
0.68785
0.732616
0.74847
-0.661038
-0.666932
-0.683732
-0.696722
-0.684542
-0.615502
-0.504279
-0.400812
-0.304148
-0.216828
-0.138786
-0.0668947
-0.0105405
0.0237289
0.144885
0.273141
0.369571
0.428543
0.455912
0.463096
-0.452257
-0.458027
-0.4697
-0.480244
-0.47357
-0.433241
-0.375359
-0.312044
-0.248635
-0.187597
-0.13424
-0.0852468
-0.0465355
-0.0288861
0.0442982
0.125336
0.189967
0.232016
0.251048
0.25587
-0.216803
-0.219972
-0.226507
-0.236458
-0.244761
-0.242802
-0.233159
-0.212691
-0.186073
-0.15251
-0.119786
-0.105761
-0.0901958
-0.0843919
-0.0224684
0.0395054
0.076148
0.0967588
0.104338
0.105774
-0.0468732
-0.0485827
-0.0527896
-0.0641384
-0.08327
-0.105235
-0.122406
-0.129893
-0.129044
-0.117646
-0.105193
-0.109335
-0.119757
-0.118771
-0.0762114
-0.0343612
-0.00972336
0.00323714
0.00779703
0.00821284
0.0382272
0.0371546
0.033844
0.022836
0.00136986
-0.0262707
-0.0523064
-0.0717503
-0.0829594
-0.0857545
-0.0854345
-0.0959128
-0.114693
-0.111586
-0.074176
-0.0546435
-0.0441623
-0.0427499
-0.0439391
-0.0445422
0.0666785
0.0659409
0.0633482
0.0545528
0.0369365
0.013058
-0.0114018
-0.0329974
-0.0482767
-0.0568598
-0.0606679
-0.0687293
-0.079584
-0.0758414
-0.0528618
-0.044951
-0.046712
-0.0508185
-0.0537078
-0.0542743
0.068281
0.0678311
0.0660227
0.0598552
0.0471248
0.0291688
0.00934556
-0.00896311
-0.023708
-0.0320571
-0.0332268
-0.0328352
-0.0278208
-0.0223167
-0.0097408
-0.014178
-0.024249
-0.0303952
-0.0329665
-0.0334088
0.0593923
0.0591675
0.058034
0.0540181
0.0454594
0.0329301
0.01832
0.00416192
-0.00712129
-0.013062
-0.00863783
0.00414786
0.0263933
0.0424109
0.0394791
0.0280452
0.0157107
0.00892094
0.00697364
0.00614371
0.047106
0.0470204
0.0463562
0.0438999
0.0384256
0.0300904
0.0200672
0.0100809
0.00212247
-0.000653663
0.00815521
0.0307979
0.0636953
0.0857293
0.0735769
0.0587501
0.0507706
0.0494202
0.0485393
0.0474278
0.0343571
0.0343407
0.0339673
0.0325683
0.0292467
0.0240064
0.0173164
0.0105365
0.00517678
0.00393225
0.0141301
0.0384947
0.0727721
0.0903105
0.0756567
0.0662089
0.0648152
0.0671774
0.0696783
0.0688668
0.0225672
0.0225552
0.0223216
0.0215372
0.0196627
0.0164329
0.0120756
0.00719094
0.00309612
0.0017487
0.00872911
0.0268019
0.0516595
0.059342
0.0498746
0.0480326
0.0534872
0.0605023
0.0637576
0.0625939
0.0125321
0.0125058
0.0123185
0.0118576
0.0107979
0.00879207
0.00579211
0.00183532
-0.00229656
-0.00579954
-0.00624341
-0.00115294
0.00756186
0.00631236
0.00167459
0.00732781
0.0173064
0.0248247
0.0276656
0.0268814
0.00476796
0.00472059
0.0045362
0.00421917
0.0035654
0.0021788
-0.000119787
-0.00385488
-0.00886644
-0.0160085
-0.0256172
-0.0382405
-0.0526962
-0.0669171
-0.0637106
-0.0486481
-0.0329159
-0.0241881
-0.0220663
-0.0225249
-0.000615621
-0.000684331
-0.000877754
-0.00117915
-0.00171551
-0.00285914
-0.00493287
-0.00858632
-0.0145577
-0.0248396
-0.0431459
-0.0727351
-0.109755
-0.133363
-0.120267
-0.0978668
-0.0808492
-0.0744312
-0.0728292
-0.0724335
-0.00370434
-0.00378641
-0.00398514
-0.00431494
-0.00484424
-0.0058277
-0.00779549
-0.0111224
-0.0175103
-0.0294547
-0.0524373
-0.0896516
-0.137081
-0.157961
-0.14066
-0.11892
-0.108318
-0.105068
-0.104472
-0.103458
-0.00478216
-0.0048631
-0.00504827
-0.00537451
-0.00587807
-0.00676157
-0.00858272
-0.011686
-0.0175514
-0.0285234
-0.0504207
-0.0836455
-0.121268
-0.13091
-0.117188
-0.105679
-0.104198
-0.105238
-0.105374
-0.104617
-0.0043423
-0.00442384
-0.00459008
-0.00486669
-0.00525344
-0.00594287
-0.00732241
-0.00975445
-0.0145312
-0.0229121
-0.0389391
-0.0605031
-0.080329
-0.0816085
-0.0765884
-0.0758816
-0.0793353
-0.0819779
-0.0820523
-0.0817965
-0.00279556
-0.00286841
-0.00297579
-0.00314572
-0.00337741
-0.00379584
-0.00457459
-0.00606509
-0.0089054
-0.0139076
-0.0225465
-0.031375
-0.0358603
-0.033392
-0.0337786
-0.0384496
-0.0440277
-0.0460205
-0.0455431
-0.0457
-0.00178673
-0.00185479
-0.00192693
-0.00205535
-0.00224119
-0.00262157
-0.00321876
-0.00427016
-0.0067987
-0.0110381
-0.0162247
-0.0187475
-0.0161007
-0.0118781
-0.014405
-0.0232463
-0.02622
-0.0258276
-0.0259303
-0.0091448
-0.146574
0.123344
0.298882
0.463831
0.597909
0.706164
0.794118
0.868724
0.915979
0.905795
0.257607
0.377433
0.49741
0.605754
0.698578
0.776523
0.840216
0.887551
0.915731
0.932025
0.47802
0.556044
0.639242
0.716071
0.782537
0.838801
0.884406
0.91938
0.945973
0.966202
0.634572
0.691879
0.751207
0.807786
0.857251
0.899604
0.935267
0.965073
0.989653
1.00782
0.758741
0.802825
0.847245
0.8903
0.929036
0.963316
0.993431
1.01946
1.0405
1.05731
0.86258
0.899208
0.934419
0.969344
1.00213
1.03203
1.05878
1.08191
1.10034
1.11557
0.954982
0.985535
1.01802
1.05007
1.08034
1.10821
1.13315
1.15441
1.17082
1.18467
1.04243
1.07303
1.10575
1.1379
1.16803
1.19544
1.21956
1.23961
1.25445
1.26712
1.13552
1.16962
1.20538
1.23922
1.27017
1.29754
1.32089
1.33974
1.35345
1.36568
1.24697
1.28494
1.32401
1.35915
1.38996
1.41624
1.43807
1.45557
1.4688
1.48162
1.38837
1.42683
1.4654
1.49769
1.52501
1.54836
1.56842
1.58544
1.59947
1.6133
1.56403
1.59409
1.62416
1.64837
1.6694
1.68876
1.70697
1.7243
1.74018
1.75506
1.75779
1.77222
1.78985
1.80664
1.82317
1.83861
1.85277
1.86683
1.8817
1.89788
1.94682
1.95112
1.96405
1.97624
1.98624
1.99555
2.00574
2.0164
2.02575
2.03797
2.17631
2.16271
2.1539
2.13886
2.12778
2.12725
2.13927
2.16308
2.19491
2.23068
2.5505
2.39199
2.28648
2.22765
2.19859
2.19204
2.2072
2.24843
2.32766
2.47278
-0.389402
-0.385743
-0.343269
-0.268751
-0.178216
-0.077817
0.83852
0.896405
0.894693
0.832329
0.769312
0.705949
0.504634
0.310593
0.0873839
-0.200479
-0.544396
)
;

boundaryField
{
    wall-4
    {
        type            zeroGradient;
    }
    pressure-outlet-7
    {
        type            fixedValue;
        value           uniform 0;
    }
    velocity-inlet-6
    {
        type            zeroGradient;
    }
    velocity-inlet-5
    {
        type            zeroGradient;
    }
    frontAndBackPlanes
    {
        type            empty;
    }
}


// ************************************************************************* //
