/*--------------------------------*- C++ -*----------------------------------*\
  =========                 |
  \\      /  F ield         | OpenFOAM: The Open Source CFD Toolbox
   \\    /   O peration     | Website:  https://openfoam.org
    \\  /    A nd           | Version:  6
     \\/     M anipulation  |
\*---------------------------------------------------------------------------*/
FoamFile
{
    version     2.0;
    format      ascii;
    class       volScalarField;
    location    "10.5";
    object      p;
}
// * * * * * * * * * * * * * * * * * * * * * * * * * * * * * * * * * * * * * //

dimensions      [0 2 -2 0 0 0 0];

internalField   nonuniform List<scalar> 
8800
(
0.464369
0.415106
0.37721
0.349232
0.329182
0.314751
0.304362
0.297033
0.292301
0.290211
0.291209
0.29501
0.301274
0.310219
0.322589
0.339657
0.363353
0.396316
0.439155
0.491628
0.298745
0.305156
0.31446
0.318171
0.315776
0.309918
0.303243
0.297188
0.292464
0.289554
0.289096
0.291311
0.295518
0.301197
0.307841
0.314465
0.319011
0.318627
0.311746
0.30269
0.271771
0.278155
0.282959
0.287266
0.290678
0.292053
0.291222
0.289234
0.287196
0.28605
0.286818
0.28895
0.291381
0.293169
0.293153
0.29073
0.286801
0.28231
0.27725
0.273478
0.267252
0.270115
0.273078
0.275608
0.27765
0.279461
0.280864
0.281454
0.281445
0.281421
0.281812
0.28237
0.282505
0.281741
0.280247
0.278449
0.276297
0.273516
0.270767
0.269206
0.261919
0.263443
0.26596
0.268791
0.271044
0.272591
0.273734
0.274744
0.275568
0.276184
0.276392
0.276223
0.27572
0.274951
0.273861
0.272122
0.26963
0.266827
0.264946
0.264208
0.2584
0.259149
0.2612
0.263708
0.266113
0.268423
0.270312
0.271594
0.27244
0.273
0.273367
0.273335
0.272772
0.271543
0.269648
0.267463
0.26511
0.262759
0.261423
0.261166
0.257523
0.25788
0.258865
0.260154
0.261561
0.262908
0.264237
0.265625
0.266838
0.267733
0.268071
0.267839
0.267143
0.26623
0.26521
0.263974
0.26277
0.261656
0.261043
0.260914
0.256087
0.256286
0.256858
0.257685
0.258615
0.259746
0.261034
0.26224
0.263341
0.264253
0.264765
0.264765
0.264359
0.263613
0.262764
0.262063
0.261331
0.260704
0.260374
0.260304
0.253697
0.2538
0.254135
0.254688
0.255369
0.256066
0.257095
0.258224
0.259373
0.26042
0.261082
0.261249
0.261056
0.260684
0.260315
0.259895
0.259501
0.259167
0.25901
0.258975
0.250684
0.250737
0.250982
0.251417
0.251919
0.252783
0.253543
0.254501
0.255597
0.256736
0.257634
0.258118
0.258286
0.258277
0.25803
0.257847
0.257615
0.257399
0.257317
0.257302
0.247436
0.247469
0.247653
0.248016
0.248507
0.249141
0.249943
0.250945
0.252139
0.253472
0.25464
0.255406
0.255826
0.256014
0.256046
0.255981
0.255868
0.255772
0.255743
0.255734
0.243847
0.243873
0.244014
0.244304
0.244735
0.245331
0.246134
0.247191
0.248528
0.250116
0.251628
0.252733
0.253452
0.25389
0.254128
0.254238
0.25427
0.254276
0.254284
0.254277
0.239839
0.239869
0.24
0.24027
0.240693
0.241315
0.242196
0.2434
0.244975
0.246921
0.248858
0.250347
0.251365
0.252044
0.25247
0.252725
0.252869
0.252947
0.252981
0.252975
0.235355
0.235381
0.235528
0.235817
0.236281
0.236981
0.237999
0.239424
0.241332
0.243745
0.246203
0.248134
0.249531
0.250473
0.251095
0.251491
0.251732
0.251869
0.251924
0.251918
0.230336
0.230365
0.230537
0.230874
0.23142
0.232255
0.233483
0.235223
0.237581
0.240601
0.24372
0.246222
0.248018
0.24926
0.25009
0.250629
0.250965
0.251157
0.251233
0.251226
0.224664
0.2247
0.224911
0.225324
0.225996
0.227026
0.228548
0.230715
0.233666
0.237464
0.241408
0.244582
0.246878
0.248474
0.249547
0.250247
0.250687
0.250938
0.251037
0.251029
0.218183
0.218228
0.218495
0.219016
0.219863
0.221162
0.22308
0.225811
0.229532
0.234323
0.239299
0.243305
0.246206
0.248226
0.249587
0.250477
0.251036
0.251356
0.251481
0.251471
0.21068
0.210739
0.211081
0.211749
0.212833
0.214493
0.216937
0.220407
0.225122
0.231173
0.23744
0.242472
0.246114
0.248649
0.250357
0.251474
0.252176
0.252578
0.252734
0.252722
0.201859
0.201937
0.202383
0.203251
0.20466
0.206807
0.209944
0.214378
0.220373
0.228022
0.235897
0.242194
0.24674
0.249902
0.252034
0.253426
0.2543
0.254798
0.254992
0.254977
0.191309
0.191412
0.191999
0.193147
0.195013
0.197813
0.201872
0.207571
0.215219
0.224886
0.234755
0.242601
0.24825
0.252177
0.254826
0.256556
0.257638
0.258252
0.25849
0.258472
0.178462
0.178602
0.179385
0.180923
0.183402
0.187089
0.192421
0.199814
0.209591
0.221797
0.234119
0.243847
0.250835
0.255694
0.258978
0.261128
0.26247
0.263225
0.263516
0.263492
0.162531
0.162727
0.163792
0.1659
0.169262
0.174213
0.181256
0.190891
0.203433
0.218814
0.234117
0.246104
0.254703
0.260697
0.264765
0.267444
0.269126
0.270068
0.270426
0.270386
0.142333
0.142613
0.144116
0.147104
0.15177
0.158534
0.168012
0.18069
0.19678
0.216059
0.234908
0.249558
0.260074
0.267442
0.272485
0.27584
0.277967
0.279155
0.279593
0.279542
0.115955
0.11638
0.118661
0.12314
0.129894
0.139467
0.152453
0.169211
0.189778
0.21373
0.236687
0.254395
0.267146
0.276173
0.282438
0.286674
0.289411
0.290961
0.291533
0.291462
0.0801009
0.0808805
0.0847617
0.0920342
0.10242
0.116419
0.134435
0.15659
0.182676
0.212063
0.239627
0.260739
0.276031
0.287028
0.294838
0.30027
0.303893
0.305983
0.306759
0.306663
0.0285113
0.0307393
0.0387337
0.0517201
0.0684873
0.0892879
0.114256
0.143244
0.175836
0.211292
0.243824
0.268583
0.286654
0.29991
0.309629
0.31671
0.321699
0.324797
0.326
0.325869
-0.0486188
-0.0378655
-0.0197164
0.0034648
0.0297691
0.0595953
0.093006
0.129813
0.169605
0.211687
0.249654
0.278507
0.299843
0.315908
0.328188
0.337743
0.345091
0.350238
0.352747
0.353088
-0.129633
-0.107874
-0.0787693
-0.0451248
-0.00901773
0.029881
0.0717367
0.116478
0.163834
0.213257
0.257677
0.291668
0.317238
0.336999
0.352665
0.365327
0.375767
0.384529
0.389135
0.389728
-0.194905
-0.169289
-0.132153
-0.0901744
-0.0456143
0.00164656
0.0515188
0.103912
0.158528
0.21487
0.265169
0.303587
0.332517
0.354959
0.372793
0.387256
0.398996
0.40827
0.412975
0.413676
-0.246385
-0.218576
-0.17671
-0.128983
-0.0779624
-0.0239586
0.0327544
0.0919248
0.15314
0.215789
0.271224
0.313157
0.344417
0.368356
0.387069
0.401967
0.413965
0.423265
0.428151
0.428949
-0.287933
-0.259262
-0.214127
-0.162105
-0.106221
-0.0469419
0.0154815
0.0805187
0.147584
0.215844
0.275793
0.320693
0.353732
0.37867
0.397897
0.412987
0.424944
0.434056
0.438954
0.439785
-0.323056
-0.29405
-0.24654
-0.191119
-0.131249
-0.0675184
-0.000322698
0.0698002
0.142114
0.215577
0.279715
0.327259
0.361814
0.387551
0.407106
0.422232
0.434076
0.442979
0.447859
0.448714
-0.353883
-0.324722
-0.275471
-0.217326
-0.154163
-0.0866132
-0.0151828
0.059535
0.136656
0.214908
0.282955
0.333018
0.369027
0.395521
0.415411
0.430618
0.442401
0.451174
0.455974
0.456833
-0.381865
-0.352569
-0.301936
-0.241506
-0.175554
-0.104738
-0.0295863
0.0492209
0.130768
0.213637
0.285618
0.338285
0.375833
0.40317
0.423461
0.438804
0.450573
0.459244
0.463961
0.464826
-0.407862
-0.378409
-0.326605
-0.264244
-0.195931
-0.122309
-0.0438853
0.0386806
0.124426
0.211829
0.287807
0.343243
0.382497
0.410812
0.431609
0.447161
0.458964
0.467554
0.47217
0.47305
-0.432535
-0.402851
-0.350031
-0.286006
-0.215639
-0.139537
-0.0581767
0.0278197
0.117514
0.209345
0.289472
0.347933
0.389148
0.418642
0.440085
0.455939
0.467828
0.476361
0.480867
0.481756
-0.456136
-0.42622
-0.372509
-0.307051
-0.234892
-0.156619
-0.0726472
0.0164589
0.109876
0.206088
0.290535
0.352334
0.395827
0.426756
0.449034
0.465315
0.47736
0.485881
0.490268
0.49112
-0.479012
-0.44875
-0.394269
-0.327581
-0.253878
-0.173712
-0.0874145
0.00454124
0.101445
0.201956
0.290872
0.356344
0.402483
0.435173
0.458522
0.475396
0.487713
0.49627
0.500528
0.5013
-0.501214
-0.470612
-0.415416
-0.347664
-0.272627
-0.190809
-0.102468
-0.00796229
0.0921728
0.196835
0.290337
0.359799
0.409003
0.443835
0.468557
0.486228
0.498945
0.507608
0.511754
0.51238
-0.522812
-0.491851
-0.43601
-0.367335
-0.291154
-0.207921
-0.117807
-0.0210425
0.0820429
0.190652
0.28876
0.362487
0.415192
0.452632
0.479088
0.497802
0.511062
0.519909
0.523981
0.524433
-0.543839
-0.512539
-0.456075
-0.386593
-0.309453
-0.225011
-0.133383
-0.0346497
0.0710725
0.183372
0.28598
0.364176
0.420795
0.461349
0.489992
0.510083
0.524091
0.533194
0.537183
0.537438
-0.564322
-0.532601
-0.475568
-0.405403
-0.327449
-0.242015
-0.149115
-0.0487151
0.0593202
0.174978
0.281908
0.364628
0.425453
0.469627
0.501051
0.522936
0.537915
0.54734
0.551185
0.551243
-0.584093
-0.552001
-0.494448
-0.42371
-0.345091
-0.258846
-0.164929
-0.063133
0.0468656
0.1655
0.276441
0.363567
0.428746
0.477038
0.51198
0.536256
0.552452
0.562149
0.565739
0.565557
-0.603117
-0.570695
-0.512665
-0.441458
-0.362302
-0.275433
-0.180717
-0.0778178
0.033818
0.154994
0.269532
0.360825
0.430377
0.483133
0.522329
0.549981
0.567871
0.577582
0.58054
0.580043
-0.621436
-0.588658
-0.530181
-0.458602
-0.379017
-0.291682
-0.196379
-0.0926505
0.0202835
0.143551
0.261224
0.356284
0.429963
0.487223
0.531322
0.563808
0.584711
0.594066
0.595077
0.594059
-0.638901
-0.605833
-0.546972
-0.475074
-0.395174
-0.307513
-0.211814
-0.107509
0.00640391
0.131308
0.251563
0.349867
0.427206
0.488543
0.537788
0.576614
0.603485
0.614345
0.610865
0.606081
-0.655597
-0.622239
-0.563037
-0.490893
-0.410805
-0.322973
-0.227081
-0.122453
-0.00788826
0.118203
0.240405
0.34143
0.421916
0.486358
0.540201
0.586101
0.622143
0.641456
0.636552
0.62671
-0.671471
-0.637943
-0.578489
-0.506228
-0.426174
-0.338375
-0.242574
-0.137982
-0.0231678
0.103573
0.227012
0.330043
0.41329
0.479431
0.535261
0.586624
0.629832
0.651821
0.646441
0.628243
-0.686436
-0.652901
-0.593162
-0.520903
-0.441075
-0.353441
-0.258069
-0.153753
-0.0390935
0.0877957
0.211637
0.315602
0.401107
0.46775
0.519032
0.568471
0.606096
0.612084
0.554055
0.515804
-0.700391
-0.66746
-0.606612
-0.534434
-0.454976
-0.367755
-0.273333
-0.169517
-0.0553952
0.0710975
0.194439
0.298179
0.384768
0.452446
0.492126
0.522992
0.543263
0.507432
0.437474
0.391759
-0.740252
-0.680221
-0.618865
-0.54745
-0.468533
-0.382079
-0.288287
-0.185398
-0.0722972
0.0531398
0.175043
0.277482
0.362562
0.434408
0.453635
0.453057
0.43006
0.370277
0.289646
0.246009
-0.709312
-0.691948
-0.63705
-0.567152
-0.488529
-0.403159
-0.310939
-0.209706
-0.0986284
0.024265
0.142134
0.24088
0.318769
0.381013
0.386129
0.268089
0.159911
0.0872342
0.0117921
0.0575795
-0.736638
-0.706403
-0.651158
-0.581243
-0.503406
-0.418948
-0.327365
-0.227535
-0.11831
0.00229069
0.116493
0.210316
0.281215
0.312883
0.255913
0.0899702
-0.0514861
-0.149335
-0.252907
-0.172141
-0.756427
-0.723818
-0.667051
-0.597138
-0.519871
-0.436085
-0.345401
-0.247252
-0.140234
-0.0222843
0.0882859
0.1747
0.236151
0.234203
0.102659
-0.115837
-0.291406
-0.419503
-0.568473
-0.473788
-0.774729
-0.741156
-0.683359
-0.613236
-0.536311
-0.45326
-0.363876
-0.267557
-0.162652
-0.0474792
0.0587911
0.136573
0.182585
0.13844
-0.0744915
-0.337784
-0.569081
-0.760424
-0.948221
-0.887735
-0.791897
-0.758196
-0.699932
-0.62967
-0.553086
-0.470901
-0.383028
-0.288615
-0.186026
-0.0741097
0.0262712
0.095222
0.122559
0.0232074
-0.254676
-0.560939
-0.855663
-1.10835
-1.41934
-1.52367
-0.808594
-0.775261
-0.71691
-0.646687
-0.570502
-0.489223
-0.402805
-0.31045
-0.210468
-0.102946
-0.0084804
0.0506949
0.0543795
-0.102307
-0.424666
-0.762066
-1.09342
-1.37017
-1.59784
-1.88704
-0.825445
-0.792578
-0.734411
-0.664436
-0.588807
-0.508603
-0.423887
-0.333986
-0.237011
-0.133859
-0.044031
0.00236566
-0.0236962
-0.253553
-0.586337
-0.929513
-1.24777
-1.43739
-1.4923
-1.52081
-0.842688
-0.810222
-0.752364
-0.682785
-0.607887
-0.529003
-0.446377
-0.35954
-0.265901
-0.167368
-0.0815234
-0.0510959
-0.12156
-0.404597
-0.739968
-1.05643
-1.32476
-1.43383
-1.44906
-1.44854
-0.860464
-0.828175
-0.770604
-0.701487
-0.627482
-0.550176
-0.470118
-0.386607
-0.297501
-0.202914
-0.123239
-0.108358
-0.22623
-0.552195
-0.88844
-1.16499
-1.37335
-1.4226
-1.42156
-1.41849
-0.878408
-0.846257
-0.788897
-0.72027
-0.647318
-0.57187
-0.494829
-0.415423
-0.332538
-0.241818
-0.167634
-0.170579
-0.348807
-0.702766
-1.03627
-1.25666
-1.3406
-1.39642
-1.41728
-1.42104
-0.896186
-0.864038
-0.806849
-0.73873
-0.66695
-0.593696
-0.520082
-0.446298
-0.370409
-0.283896
-0.209009
-0.232646
-0.47224
-0.872226
-1.20059
-1.37061
-1.38186
-1.43908
-1.47875
-1.48708
-0.912915
-0.880905
-0.823869
-0.756273
-0.685789
-0.615005
-0.545549
-0.478514
-0.410013
-0.328096
-0.251341
-0.287163
-0.603361
-1.08466
-1.44642
-1.64333
-1.58279
-1.60431
-1.63229
-1.64059
-0.92805
-0.896108
-0.83919
-0.772127
-0.703054
-0.634997
-0.570637
-0.511578
-0.452907
-0.375765
-0.292082
-0.332728
-0.732225
-1.31503
-1.74977
-1.95587
-1.87842
-1.84585
-1.85138
-1.85976
-0.940663
-0.908697
-0.851859
-0.785335
-0.717733
-0.652699
-0.59404
-0.544772
-0.50292
-0.434833
-0.346431
-0.405313
-0.862507
-1.49806
-2.0167
-2.2413
-2.24366
-2.17886
-2.15064
-2.15443
-0.949524
-0.917482
-0.860792
-0.794773
-0.728643
-0.666753
-0.614479
-0.578068
-0.562551
-0.523278
-0.456135
-0.553016
-0.979013
-1.66146
-2.29995
-2.66924
-2.7748
-2.68863
-2.55619
-2.5125
-0.953231
-0.921214
-0.864662
-0.799187
-0.734424
-0.675644
-0.630408
-0.610926
-0.634119
-0.672332
-0.691149
-0.813685
-1.1083
-1.70792
-2.42902
-2.91555
-3.08863
-3.00202
-2.81444
-2.7058
-0.95064
-0.918567
-0.862224
-0.797297
-0.73363
-0.677574
-0.639431
-0.63948
-0.719954
-0.913827
-1.14517
-1.1782
-1.16655
-1.47854
-1.95315
-2.52002
-2.66017
-2.50192
-2.24378
-2.11259
-0.94076
-0.90847
-0.852365
-0.787885
-0.72488
-0.67057
-0.63824
-0.657872
-0.812245
-1.25588
-1.75838
-1.56672
-1.07636
-0.986632
-0.877687
-0.919562
-0.864828
-0.655235
-0.415994
-0.309756
-0.922446
-0.889979
-0.834134
-0.769973
-0.706994
-0.652803
-0.622675
-0.654498
-0.869523
-1.58148
-2.40324
-1.7407
-0.835475
-0.0633404
0.568832
0.988249
1.25588
1.45633
1.57074
1.60997
-0.894872
-0.862509
-0.806996
-0.743036
-0.679301
-0.623115
-0.589363
-0.616229
-0.831223
-1.62923
-2.43246
-1.47321
-0.418365
0.596102
1.32467
1.82178
2.11337
2.23118
2.27739
2.28597
-0.857845
-0.825846
-0.770872
-0.707078
-0.642124
-0.58202
-0.538515
-0.540295
-0.673863
-1.18235
-1.54748
-0.752544
0.135018
0.90314
1.41604
1.73497
1.92397
2.02318
2.07039
2.08165
-0.810904
-0.779672
-0.726042
-0.662818
-0.596777
-0.532109
-0.476115
-0.44349
-0.46808
-0.600616
-0.561862
-0.02865
0.546625
0.98958
1.28797
1.48151
1.60487
1.68217
1.72266
1.72786
-0.752257
-0.723318
-0.672778
-0.611087
-0.544913
-0.477007
-0.41028
-0.348865
-0.295587
-0.228416
-0.0388606
0.298468
0.652586
0.914219
1.09837
1.22718
1.31783
1.37998
1.41229
1.4205
-0.682596
-0.656778
-0.610751
-0.552122
-0.487842
-0.419348
-0.346796
-0.268969
-0.179068
-0.0509574
0.146422
0.383179
0.604132
0.774805
0.901375
0.994822
1.06374
1.11211
1.1395
1.14819
-0.598729
-0.58112
-0.539486
-0.485285
-0.425479
-0.360022
-0.28746
-0.205069
-0.105582
0.0285946
0.198048
0.368055
0.513348
0.626677
0.712371
0.777115
0.826529
0.862536
0.883306
0.889356
-0.488606
-0.479812
-0.449747
-0.406132
-0.355821
-0.298666
-0.233214
-0.156795
-0.0637681
0.0567756
0.197597
0.32902
0.43702
0.520339
0.582451
0.627757
0.660403
0.684179
0.698983
0.702943
-0.374988
-0.370877
-0.350768
-0.319171
-0.281106
-0.235657
-0.181344
-0.115752
-0.0346153
0.0685891
0.183979
0.287098
0.369512
0.431708
0.476845
0.508631
0.52998
0.543698
0.550916
0.552395
-0.264816
-0.263057
-0.251344
-0.231421
-0.205482
-0.172442
-0.130803
-0.077728
-0.0106071
0.0749171
0.168021
0.248785
0.311597
0.358007
0.39059
0.41259
0.426811
0.43525
0.43928
0.43984
-0.166226
-0.166095
-0.160799
-0.150322
-0.134836
-0.113163
-0.08317
-0.0429434
0.0102817
0.0789844
0.153292
0.216598
0.264674
0.299169
0.322907
0.338351
0.347628
0.352549
0.354572
0.354645
-0.0876621
-0.08844
-0.0879283
-0.084606
-0.0769281
-0.0634274
-0.0426889
-0.0130422
0.0280224
0.0819914
0.140335
0.189332
0.225987
0.251893
0.26907
0.279656
0.28575
0.288752
0.289795
0.289715
-0.0323809
-0.0334016
-0.0351371
-0.0357123
-0.0330201
-0.0255843
-0.0116927
0.00998864
0.041062
0.0828798
0.12822
0.166017
0.193786
0.212896
0.225366
0.232998
0.237116
0.238929
0.239478
0.239358
0.002704
0.00183192
-0.000175058
-0.00168891
-0.00112783
0.00288146
0.0117793
0.0271952
0.0504929
0.0825196
0.117381
0.146215
0.167245
0.181655
0.190818
0.196121
0.198826
0.199889
0.200132
0.200006
0.0237636
0.0231817
0.0216402
0.0202771
0.0203774
0.0229302
0.0290084
0.0399393
0.0571303
0.0814115
0.10812
0.130154
0.145991
0.156533
0.163092
0.16684
0.168628
0.169189
0.169248
0.169139
0.0362993
0.0359376
0.0349697
0.0340496
0.0340554
0.0357776
0.0401802
0.0482929
0.0611495
0.0794488
0.0996308
0.116193
0.128013
0.135911
0.14078
0.143446
0.144631
0.14493
0.144919
0.144832
0.0440258
0.0438006
0.0432056
0.0426529
0.0427407
0.0440063
0.0471531
0.0530702
0.0626593
0.0764816
0.0917976
0.10435
0.113278
0.119127
0.122649
0.124544
0.125352
0.125516
0.125484
0.125413
0.0485905
0.0484447
0.0480512
0.0476961
0.0478155
0.0488153
0.0512118
0.0556437
0.0628052
0.0731899
0.0847249
0.0941416
0.100775
0.105107
0.107696
0.10906
0.109611
0.109694
0.109652
0.109594
0.0507578
0.0506597
0.0503845
0.0501383
0.0502447
0.0509982
0.052787
0.0561081
0.0614892
0.0693006
0.077981
0.0850566
0.0900332
0.0932525
0.0951509
0.0961305
0.0965061
0.0965408
0.0964976
0.0964506
0.051085
0.0510175
0.0508305
0.0506703
0.0507766
0.0513671
0.0527267
0.0552225
0.0592599
0.0651332
0.0716617
0.0769629
0.08067
0.0830493
0.0844388
0.0851411
0.0853944
0.0853992
0.0853575
0.0853194
0.0500544
0.0500055
0.0498774
0.0497748
0.0498726
0.0503317
0.0513656
0.0532499
0.0562869
0.0606976
0.0655961
0.0695643
0.0723273
0.0740894
0.0751079
0.0756124
0.075783
0.0757725
0.0757343
0.0757032
0.0480262
0.0479895
0.0478999
0.0478347
0.047921
0.048278
0.0490643
0.0504854
0.0527686
0.0560807
0.0597546
0.0627221
0.0647765
0.0660786
0.0668237
0.0671851
0.0672989
0.0672804
0.0672461
0.0672208
0.0452564
0.0452282
0.0451629
0.0451189
0.04519
0.0454646
0.0460611
0.0471324
0.0488478
0.0513322
0.0540823
0.0562948
0.0578208
0.0587823
0.0593264
0.0595844
0.0596587
0.0596364
0.0596063
0.059586
0.0419256
0.0419035
0.041854
0.0418219
0.0418768
0.042085
0.0425344
0.0433392
0.0446256
0.0464858
0.0485403
0.0501857
0.0513174
0.0520257
0.0524218
0.0526046
0.0526512
0.0526276
0.0526015
0.0525852
0.0381689
0.0381514
0.0381127
0.0380872
0.0381273
0.0382825
0.0386185
0.0392204
0.0401815
0.0415701
0.0430999
0.044321
0.0451577
0.0456772
0.0459639
0.0460922
0.0461197
0.0460964
0.0460741
0.0460611
0.0340888
0.0340748
0.0340439
0.0340223
0.0340497
0.0341633
0.0344119
0.0348588
0.0355732
0.036605
0.0377397
0.0386424
0.0392578
0.0396363
0.039842
0.0399304
0.0399449
0.0399229
0.039904
0.0398935
0.0297633
0.029752
0.0297269
0.029708
0.0297253
0.0298066
0.0299881
0.0303166
0.0308433
0.0316044
0.03244
0.0331034
0.0335523
0.0338255
0.033971
0.0340305
0.0340359
0.0340155
0.0339995
0.0339913
0.0252535
0.0252444
0.0252236
0.0252066
0.0252159
0.0252721
0.0254019
0.0256398
0.0260232
0.0265779
0.0271866
0.0276682
0.0279914
0.0281861
0.0282874
0.0283259
0.0283253
0.0283067
0.0282932
0.0282867
0.0206069
0.0205995
0.0205822
0.0205665
0.0205694
0.0206061
0.0206961
0.0208643
0.0211377
0.0215346
0.0219693
0.0223119
0.0225401
0.0226754
0.0227436
0.0227667
0.0227621
0.0227454
0.0227339
0.0227288
0.0158577
0.0158517
0.0158373
0.015823
0.0158214
0.0158434
0.0159028
0.0160169
0.0162045
0.0164784
0.0167773
0.0170124
0.0171678
0.0172581
0.0173013
0.0173131
0.0173059
0.017291
0.0172814
0.0172775
0.011034
0.0110294
0.0110177
0.0110048
0.0110003
0.0110114
0.0110472
0.0111188
0.011238
0.0114132
0.0116044
0.0117538
0.0118514
0.0119068
0.0119315
0.0119356
0.0119272
0.0119143
0.0119066
0.0119037
0.006157
0.00615397
0.00614478
0.00613428
0.00612913
0.00613269
0.00615004
0.0061869
0.00624941
0.00634221
0.00644341
0.0065221
0.00657285
0.00660094
0.00661215
0.00661181
0.0066041
0.00659374
0.00658798
0.00658627
0.00123763
0.00123698
0.00123471
0.00123054
0.00122793
0.00122767
0.00122967
0.00123472
0.00124408
0.00125882
0.00127833
0.00129653
0.00130892
0.00131634
0.00131997
0.00132102
0.00131961
0.00131615
0.00131242
0.00131109
-0.69277
-0.420984
-0.172282
0.0321047
0.198951
0.336238
0.455625
0.55482
0.589962
0.584832
-0.270268
-0.0974397
0.0606857
0.19896
0.317563
0.417838
0.499002
0.556003
0.586973
0.602396
0.0116347
0.121686
0.230855
0.327791
0.411522
0.481781
0.53751
0.579287
0.60846
0.627546
0.205811
0.28271
0.360272
0.429784
0.490293
0.541584
0.58388
0.617832
0.642784
0.661884
0.353892
0.409207
0.46591
0.518082
0.563999
0.603929
0.638023
0.666333
0.687182
0.705537
0.473245
0.516019
0.559399
0.600672
0.637935
0.671269
0.700322
0.724185
0.741883
0.759607
0.574255
0.611322
0.648246
0.68387
0.716971
0.746537
0.772194
0.79313
0.808426
0.825696
0.668891
0.70444
0.740112
0.77406
0.805198
0.833152
0.857024
0.875829
0.889151
0.905928
0.768266
0.806334
0.843034
0.877298
0.908034
0.934688
0.956903
0.974095
0.986339
1.00268
0.884248
0.925744
0.963982
0.998014
1.02756
1.0525
1.07288
1.0887
1.10096
1.11718
1.02726
1.06904
1.10508
1.13546
1.16119
1.18334
1.20232
1.21817
1.23157
1.24762
1.20015
1.23311
1.26026
1.28298
1.30348
1.32244
1.34041
1.35745
1.37257
1.38831
1.38749
1.40493
1.42214
1.43897
1.45529
1.47025
1.48429
1.49883
1.51412
1.53151
1.57068
1.58113
1.59437
1.60535
1.61482
1.62463
1.63547
1.64579
1.65512
1.68079
1.7882
1.78304
1.7705
1.75633
1.75012
1.7559
1.77405
1.80263
1.83649
1.87284
2.09237
1.95562
1.87625
1.834
1.81677
1.82083
1.84834
1.90622
2.01391
2.19235
0.367986
0.361718
0.354089
0.343137
0.329738
0.317244
0.307019
0.299203
0.293653
0.290413
0.289899
0.292271
0.297014
0.303919
0.313082
0.324626
0.337926
0.350624
0.359429
0.366891
0.276873
0.282841
0.291018
0.297349
0.300704
0.300551
0.297847
0.294157
0.290695
0.288297
0.287927
0.289899
0.293254
0.29718
0.300732
0.302433
0.300942
0.295975
0.288724
0.28078
0.269531
0.271917
0.275576
0.27888
0.281807
0.284496
0.286069
0.286082
0.285113
0.284116
0.284038
0.285211
0.286669
0.287536
0.286931
0.284825
0.28205
0.279099
0.275513
0.272288
0.264635
0.265703
0.267864
0.270576
0.272796
0.274351
0.275603
0.276798
0.277735
0.278356
0.278727
0.27876
0.27846
0.27769
0.276703
0.275515
0.273748
0.271268
0.268746
0.26713
0.259684
0.260148
0.261887
0.264776
0.267568
0.269917
0.271711
0.272921
0.273748
0.274339
0.274765
0.274954
0.274764
0.274143
0.272918
0.271004
0.268553
0.265719
0.263304
0.262343
0.257885
0.258047
0.258991
0.260722
0.262599
0.26446
0.266332
0.268009
0.269345
0.270291
0.270853
0.270916
0.270419
0.269374
0.267914
0.266302
0.264548
0.262814
0.261426
0.260989
0.256933
0.25703
0.257511
0.258418
0.259443
0.260652
0.261793
0.262983
0.264142
0.265163
0.265839
0.266001
0.2657
0.265087
0.264342
0.263359
0.262501
0.261637
0.260967
0.260738
0.255005
0.255054
0.255325
0.25589
0.256623
0.257519
0.258635
0.25988
0.261085
0.262178
0.262992
0.263294
0.26312
0.262611
0.261925
0.261303
0.260721
0.260204
0.259851
0.259736
0.25223
0.25225
0.252414
0.252819
0.253377
0.253952
0.2547
0.255652
0.256723
0.25783
0.258788
0.25935
0.259501
0.259388
0.259182
0.259038
0.25872
0.258399
0.258201
0.25815
0.249095
0.2491
0.249216
0.24954
0.250024
0.25065
0.251396
0.252293
0.253358
0.254558
0.255725
0.256555
0.256993
0.257169
0.257156
0.25697
0.256824
0.256633
0.256528
0.256507
0.245687
0.245691
0.245776
0.246015
0.246401
0.246923
0.247614
0.248515
0.249653
0.251015
0.252452
0.253605
0.254342
0.25477
0.254994
0.255072
0.255068
0.255023
0.255
0.254996
0.241897
0.241899
0.241978
0.242182
0.242527
0.243033
0.243746
0.244719
0.246
0.247608
0.249398
0.250928
0.252002
0.252694
0.253126
0.253375
0.253506
0.253567
0.253601
0.253607
0.23766
0.237658
0.23774
0.237946
0.238296
0.238833
0.239621
0.240734
0.242245
0.244196
0.246439
0.248441
0.249853
0.250857
0.251509
0.251924
0.252177
0.252324
0.2524
0.252415
0.23292
0.232918
0.233008
0.233239
0.233638
0.234257
0.235182
0.23651
0.238345
0.240755
0.243577
0.246127
0.248018
0.249328
0.250219
0.250801
0.251169
0.251391
0.251504
0.251527
0.227593
0.227589
0.227699
0.227977
0.228456
0.229206
0.230334
0.231967
0.234241
0.237253
0.240811
0.244059
0.246469
0.248169
0.249329
0.250096
0.250587
0.250885
0.251036
0.251068
0.221542
0.221536
0.221675
0.222022
0.222619
0.223556
0.224964
0.22701
0.229864
0.233654
0.23814
0.242246
0.2453
0.247463
0.248943
0.249925
0.250556
0.25094
0.251134
0.251174
0.21458
0.214572
0.214751
0.215195
0.215955
0.217143
0.218929
0.221521
0.225133
0.229922
0.235582
0.240755
0.244597
0.247321
0.249186
0.250425
0.251223
0.25171
0.251954
0.252005
0.206455
0.206445
0.206679
0.207254
0.208234
0.209757
0.212043
0.215356
0.219955
0.226023
0.233161
0.239658
0.244471
0.247879
0.250212
0.251763
0.252765
0.253377
0.253684
0.253746
0.196823
0.196812
0.197122
0.197878
0.199151
0.201116
0.204075
0.208343
0.214225
0.221928
0.23092
0.239054
0.245056
0.249299
0.252203
0.254137
0.255389
0.256158
0.256543
0.256618
0.185209
0.185199
0.185621
0.186625
0.1883
0.190891
0.194774
0.200299
0.207836
0.21762
0.228925
0.239066
0.246516
0.251776
0.255377
0.257778
0.259339
0.260306
0.26079
0.260882
0.170933
0.170927
0.171518
0.172883
0.175127
0.178587
0.183702
0.190935
0.200679
0.213114
0.227273
0.239847
0.249043
0.255535
0.259986
0.262959
0.2649
0.266111
0.266723
0.26684
0.152987
0.152993
0.153858
0.155772
0.158867
0.163599
0.170506
0.180071
0.192684
0.208461
0.226095
0.241568
0.252842
0.260816
0.266309
0.269992
0.272402
0.273912
0.274678
0.274829
0.129858
0.12991
0.131236
0.134013
0.138446
0.145125
0.154619
0.167407
0.183806
0.203753
0.225535
0.244393
0.258099
0.267845
0.274622
0.279216
0.282247
0.284158
0.285144
0.28534
0.0991003
0.0992872
0.101435
0.105721
0.112434
0.122219
0.135578
0.152864
0.174163
0.199175
0.225771
0.24847
0.264951
0.27678
0.285142
0.29093
0.294828
0.297327
0.298613
0.298864
0.0562085
0.0567521
0.0607676
0.0682638
0.0792632
0.0942445
0.113395
0.136756
0.164145
0.19507
0.227033
0.253927
0.273464
0.287663
0.297936
0.305284
0.310421
0.313871
0.315669
0.315996
-0.00709598
-0.00487619
0.00455188
0.0191189
0.0381851
0.0614632
0.0887
0.119749
0.154314
0.191822
0.229508
0.260782
0.283527
0.300293
0.312752
0.322039
0.328894
0.333758
0.336504
0.336898
-0.0836484
-0.0791738
-0.061178
-0.0353763
-0.00578143
0.0269807
0.0629866
0.10225
0.14452
0.189325
0.233726
0.270553
0.297701
0.318223
0.334057
0.34644
0.356336
0.363737
0.367345
0.368844
-0.160824
-0.150203
-0.123364
-0.0875732
-0.0483754
-0.00646314
0.0381853
0.0855187
0.135428
0.187522
0.238667
0.281027
0.312438
0.336488
0.355388
0.370564
0.38286
0.392502
0.398584
0.401001
-0.219078
-0.207383
-0.175605
-0.133205
-0.0867361
-0.0372406
0.0149443
0.0696843
0.126709
0.185595
0.242919
0.290068
0.324815
0.351262
0.371887
0.388226
0.401287
0.411424
0.417861
0.420386
-0.26581
-0.253571
-0.218493
-0.171543
-0.119753
-0.0644869
-0.00620984
0.0548243
0.118138
0.183145
0.245912
0.297038
0.33431
0.362295
0.383792
0.400587
0.413839
0.424096
0.430604
0.433097
-0.304133
-0.291939
-0.254887
-0.204464
-0.148499
-0.0886528
-0.0253138
0.0410416
0.109855
0.180334
0.248083
0.302816
0.342238
0.371443
0.393569
0.410617
0.423878
0.434033
0.440466
0.442859
-0.337262
-0.325182
-0.28672
-0.233548
-0.174199
-0.110486
-0.0428505
0.0281736
0.101936
0.17747
0.24983
0.30785
0.349215
0.379485
0.402117
0.419337
0.432596
0.442685
0.449094
0.451426
-0.36678
-0.35484
-0.315342
-0.259998
-0.197863
-0.130863
-0.0594683
0.0157451
0.0939897
0.174173
0.250924
0.312207
0.355538
0.38691
0.410097
0.427549
0.440859
0.450909
0.457305
0.459554
-0.393864
-0.382014
-0.34168
-0.28449
-0.220013
-0.150213
-0.0755731
0.00331317
0.0856801
0.170347
0.251483
0.316131
0.361556
0.394145
0.417984
0.435732
0.449139
0.459178
0.465577
0.467746
-0.419296
-0.407485
-0.366403
-0.307641
-0.241171
-0.168965
-0.0914592
-0.00921299
0.0769908
0.165958
0.251484
0.319661
0.3674
0.401402
0.426034
0.444182
0.457751
0.467809
0.474181
0.476255
-0.443498
-0.431701
-0.389946
-0.329833
-0.261624
-0.187292
-0.10725
-0.0219938
0.0677455
0.160832
0.250817
0.322775
0.373121
0.408798
0.434419
0.453097
0.466904
0.477032
0.483377
0.485384
-0.466806
-0.454947
-0.412579
-0.351302
-0.281606
-0.205434
-0.123149
-0.0351908
0.0578386
0.154886
0.249368
0.325387
0.378689
0.416365
0.443227
0.462608
0.476763
0.487007
0.493335
0.495286
-0.489439
-0.477426
-0.434503
-0.372201
-0.30122
-0.223461
-0.139204
-0.0488133
0.047216
0.14804
0.247006
0.327347
0.383996
0.424053
0.452474
0.472779
0.487421
0.49787
0.504179
0.506089
-0.511431
-0.499247
-0.455787
-0.392597
-0.3205
-0.241366
-0.155406
-0.0628762
0.0358704
0.140231
0.24362
0.328485
0.388862
0.431726
0.46208
0.483595
0.498929
0.509686
0.51601
0.517859
-0.532866
-0.520467
-0.476518
-0.412514
-0.339468
-0.259164
-0.171737
-0.0773533
0.0238221
0.131442
0.239116
0.328603
0.393039
0.439167
0.471911
0.494994
0.511263
0.522482
0.528871
0.530588
-0.553665
-0.541086
-0.496653
-0.431937
-0.35809
-0.276795
-0.188139
-0.0921704
0.0111145
0.121683
0.233394
0.327482
0.396235
0.44612
0.481795
0.506881
0.524315
0.536097
0.542583
0.544147
-0.573872
-0.561052
-0.516153
-0.45082
-0.376301
-0.294197
-0.204532
-0.107248
-0.00216936
0.110982
0.22642
0.324949
0.398162
0.452254
0.491464
0.519118
0.538096
0.55057
0.557107
0.558429
-0.593281
-0.580335
-0.534987
-0.469112
-0.394045
-0.311281
-0.220831
-0.12249
-0.015927
0.0994302
0.218203
0.320919
0.398518
0.457031
0.500384
0.531422
0.552501
0.565693
0.572046
0.573023
-0.612021
-0.59891
-0.553091
-0.486772
-0.411269
-0.327997
-0.236935
-0.137798
-0.0300404
0.0871463
0.208769
0.315283
0.396985
0.459838
0.507833
0.543363
0.567737
0.58186
0.587285
0.587492
-0.629931
-0.616667
-0.570454
-0.503762
-0.42789
-0.344251
-0.252756
-0.153039
-0.0443949
0.0742269
0.198202
0.307978
0.393449
0.460324
0.513057
0.554097
0.583754
0.600316
0.603529
0.601113
-0.647084
-0.633664
-0.587033
-0.520021
-0.443869
-0.35998
-0.268205
-0.168131
-0.0588693
0.0608426
0.18663
0.299075
0.38779
0.458133
0.515058
0.561999
0.599176
0.622492
0.626302
0.613937
-0.663377
-0.64988
-0.602929
-0.535688
-0.459403
-0.375458
-0.283621
-0.183491
-0.0739496
0.0464366
0.173444
0.287913
0.37942
0.452503
0.512188
0.564284
0.609916
0.643247
0.651794
0.648842
-0.678823
-0.665395
-0.618107
-0.550691
-0.474471
-0.390663
-0.298959
-0.199107
-0.0896324
0.0309408
0.158522
0.274242
0.367776
0.443067
0.502281
0.555211
0.603135
0.63804
0.630617
0.580778
-0.693307
-0.680106
-0.632517
-0.564961
-0.489049
-0.405612
-0.31419
-0.214832
-0.105819
0.0144543
0.141877
0.257918
0.352396
0.429669
0.48522
0.52767
0.568524
0.579947
0.534327
0.468206
-0.709356
-0.693666
-0.645881
-0.57835
-0.503063
-0.420067
-0.329571
-0.230602
-0.122387
-0.00284934
0.123663
0.238883
0.332522
0.413018
0.464432
0.500894
0.495519
0.471634
0.405265
0.333225
-0.695212
-0.67205
-0.625979
-0.556622
-0.477832
-0.391603
-0.296487
-0.194141
-0.0817165
0.0429409
0.163873
0.26546
0.348582
0.424809
0.478461
0.409436
0.366975
0.307846
0.231301
0.181592
-0.706947
-0.699488
-0.661953
-0.599376
-0.524832
-0.442629
-0.352851
-0.255262
-0.148776
-0.031033
0.093065
0.204374
0.293545
0.369092
0.432346
0.420275
0.318507
0.232237
0.169412
0.0788298
-0.724909
-0.714496
-0.674012
-0.610392
-0.535975
-0.454701
-0.366523
-0.270555
-0.165586
-0.0495945
0.072625
0.18034
0.266071
0.328451
0.348559
0.270041
0.112864
0.0107053
-0.0672957
-0.156875
-0.744646
-0.733099
-0.689416
-0.625065
-0.550943
-0.470188
-0.382666
-0.287741
-0.184275
-0.0703946
0.0485018
0.150728
0.230658
0.276001
0.242186
0.0851975
-0.0955265
-0.224536
-0.334389
-0.459615
-0.763101
-0.751552
-0.706197
-0.641113
-0.567237
-0.486987
-0.400324
-0.306716
-0.205108
-0.0940201
0.0205913
0.116331
0.188394
0.21448
0.125015
-0.109474
-0.333027
-0.505324
-0.656407
-0.851079
-0.780596
-0.769175
-0.72297
-0.657364
-0.583558
-0.503873
-0.41834
-0.326371
-0.226941
-0.118939
-0.00830789
0.0819311
0.141129
0.138187
-0.0207959
-0.309496
-0.587102
-0.84128
-1.03842
-1.41292
-0.797532
-0.786403
-0.739897
-0.67409
-0.600423
-0.521357
-0.436977
-0.346843
-0.249797
-0.144828
-0.0372647
0.0474349
0.0907067
0.0460741
-0.183969
-0.50262
-0.827752
-1.12349
-1.40657
-1.9257
-0.814392
-0.803563
-0.757121
-0.691358
-0.617975
-0.539588
-0.456446
-0.368212
-0.273638
-0.17178
-0.067986
0.00775833
0.0355296
-0.0580222
-0.343032
-0.676236
-1.02417
-1.31978
-1.48938
-1.58167
-0.831586
-0.820991
-0.77476
-0.709248
-0.636334
-0.558831
-0.477222
-0.391314
-0.299813
-0.201456
-0.103287
-0.0366807
-0.0289707
-0.168312
-0.502672
-0.830949
-1.15348
-1.3881
-1.45123
-1.47049
-0.849173
-0.838771
-0.792738
-0.727553
-0.655234
-0.57883
-0.499091
-0.415857
-0.328349
-0.233675
-0.141544
-0.0823332
-0.104226
-0.298161
-0.653472
-0.968894
-1.24645
-1.40963
-1.43644
-1.43266
-0.867142
-0.856871
-0.810919
-0.746038
-0.674429
-0.599352
-0.521771
-0.441936
-0.35893
-0.268441
-0.179675
-0.130059
-0.191021
-0.443205
-0.801047
-1.09805
-1.30588
-1.39778
-1.41169
-1.41561
-0.885101
-0.874934
-0.829002
-0.764403
-0.693575
-0.620033
-0.545003
-0.46937
-0.39117
-0.306806
-0.217259
-0.180519
-0.278058
-0.597519
-0.955995
-1.2342
-1.32025
-1.36808
-1.42242
-1.44129
-0.90254
-0.892456
-0.84649
-0.782154
-0.712172
-0.640344
-0.568382
-0.49738
-0.42548
-0.349289
-0.259015
-0.228708
-0.364083
-0.769981
-1.14837
-1.43457
-1.44671
-1.47929
-1.53104
-1.55245
-0.918735
-0.9087
-0.862694
-0.798609
-0.72953
-0.659601
-0.591166
-0.525639
-0.462749
-0.396913
-0.306228
-0.267203
-0.445284
-0.951542
-1.41238
-1.74511
-1.78928
-1.71807
-1.72743
-1.74071
-0.932826
-0.922853
-0.876768
-0.812915
-0.744772
-0.676928
-0.61239
-0.554011
-0.50383
-0.449643
-0.358805
-0.315817
-0.537171
-1.11815
-1.67495
-2.02799
-2.07205
-2.01246
-1.98852
-1.98977
-0.943789
-0.933873
-0.88764
-0.824039
-0.756843
-0.691154
-0.630976
-0.581193
-0.545404
-0.511913
-0.431235
-0.40853
-0.636236
-1.24934
-1.89689
-2.33992
-2.48235
-2.47136
-2.37583
-2.33354
-0.950367
-0.940508
-0.894175
-0.830769
-0.764505
-0.700954
-0.645433
-0.605654
-0.590829
-0.594898
-0.564538
-0.588046
-0.803077
-1.35222
-2.07747
-2.68629
-2.97091
-2.98338
-2.82053
-2.68455
-0.951304
-0.941452
-0.894991
-0.831872
-0.766426
-0.704793
-0.653899
-0.625364
-0.640402
-0.720207
-0.815768
-0.945245
-1.02488
-1.36772
-1.93695
-2.57056
-2.91625
-2.95569
-2.78064
-2.62093
-0.945297
-0.935432
-0.888883
-0.826097
-0.76129
-0.701071
-0.654028
-0.636994
-0.689177
-0.896191
-1.2218
-1.47149
-1.17882
-1.20003
-1.35162
-1.71988
-1.96431
-1.86979
-1.59605
-1.38554
-0.931509
-0.921573
-0.874871
-0.812389
-0.747896
-0.688191
-0.643261
-0.634713
-0.721179
-1.0806
-1.82647
-2.02309
-1.28415
-0.798715
-0.316271
0.0243583
0.199845
0.39256
0.60646
0.728217
-0.909034
-0.899004
-0.852177
-0.78997
-0.725427
-0.665022
-0.619124
-0.61158
-0.710793
-1.16319
-2.26306
-2.25453
-1.0875
-0.152163
0.729252
1.33046
1.76826
1.99385
2.08683
2.11526
-0.877294
-0.867231
-0.82051
-0.758555
-0.693585
-0.631282
-0.580785
-0.563062
-0.637623
-1.01452
-1.94324
-1.71973
-0.646195
0.346227
1.13197
1.64904
1.96839
2.13299
2.2059
2.22995
-0.836122
-0.826585
-0.779861
-0.718342
-0.652998
-0.588158
-0.530375
-0.493669
-0.512699
-0.68526
-1.04256
-0.704035
0.0207484
0.701187
1.18935
1.50176
1.69868
1.81498
1.87973
1.90726
-0.784817
-0.776367
-0.730592
-0.670002
-0.604887
-0.53793
-0.472901
-0.416226
-0.379656
-0.378956
-0.346351
-0.0572289
0.412955
0.814975
1.0928
1.28165
1.40985
1.4967
1.55123
1.57754
-0.721447
-0.714675
-0.672395
-0.613696
-0.550132
-0.482927
-0.413214
-0.342345
-0.269954
-0.184519
-0.0363112
0.214647
0.5049
0.750806
0.929322
1.05822
1.15224
1.22164
1.26923
1.2924
-0.643592
-0.637099
-0.601901
-0.548744
-0.489085
-0.424221
-0.354016
-0.277172
-0.189453
-0.0773191
0.0834517
0.283545
0.476317
0.635536
0.756612
0.847577
0.916684
0.970816
1.01167
1.03149
-0.547187
-0.542568
-0.518015
-0.473355
-0.420322
-0.36155
-0.295776
-0.221159
-0.133388
-0.0228365
0.120737
0.277357
0.413974
0.523254
0.606372
0.668347
0.71424
0.748247
0.7722
0.78496
-0.431603
-0.430313
-0.415542
-0.382784
-0.341775
-0.294014
-0.238367
-0.17301
-0.0942636
0.00397609
0.126434
0.252504
0.358122
0.441104
0.503162
0.548246
0.580141
0.60223
0.616667
0.622557
-0.318541
-0.318794
-0.310426
-0.288615
-0.259939
-0.22449
-0.181077
-0.127802
-0.0614077
0.0220387
0.123627
0.22413
0.305671
0.368122
0.413711
0.445695
0.467207
0.4809
0.488915
0.491946
-0.213068
-0.21372
-0.209487
-0.197372
-0.179896
-0.156352
-0.125358
-0.0844637
-0.0316935
0.0364027
0.118632
0.198214
0.261415
0.308634
0.34214
0.364852
0.379667
0.388467
0.393006
0.394372
-0.123552
-0.124415
-0.123678
-0.119234
-0.110373
-0.0963328
-0.0754102
-0.0459129
-0.00543576
0.0483621
0.113772
0.176467
0.225146
0.260725
0.285537
0.301804
0.311643
0.317092
0.319618
0.3202
-0.0568349
-0.0576345
-0.0587251
-0.0589555
-0.0563234
-0.0491309
-0.0354323
-0.0145697
0.0158344
0.0573455
0.108346
0.157065
0.1945
0.221421
0.239519
0.251022
0.257845
0.261397
0.262821
0.26308
-0.0124475
-0.0130474
-0.0146165
-0.0166206
-0.0167739
-0.0136025
-0.00552095
0.0090521
0.0315427
0.0633466
0.102837
0.140357
0.16877
0.188875
0.202341
0.210767
0.215469
0.217709
0.218504
0.21859
0.0147737
0.0143879
0.0130791
0.0111562
0.0103807
0.0119352
0.0169105
0.0267961
0.043098
0.0670357
0.097269
0.126056
0.147764
0.162968
0.172833
0.178745
0.181951
0.183358
0.183728
0.18372
0.0309028
0.0306549
0.0298032
0.0284418
0.027757
0.0287104
0.0322343
0.0393927
0.0513775
0.0693153
0.0922866
0.114141
0.13043
0.141634
0.148873
0.153181
0.1554
0.156248
0.156382
0.15634
0.0406994
0.040533
0.0400156
0.039171
0.0387504
0.0393961
0.0418425
0.0470275
0.0559502
0.0694391
0.0867909
0.103317
0.115616
0.124083
0.129466
0.132569
0.134111
0.134653
0.134696
0.13465
0.0466956
0.0465829
0.0462578
0.0457283
0.0455124
0.0460742
0.0479305
0.0517502
0.0583445
0.0684577
0.0815882
0.0940884
0.103329
0.109597
0.11353
0.115776
0.11686
0.117206
0.117202
0.117157
0.0499742
0.0498971
0.0496766
0.0493089
0.0491731
0.049611
0.0510143
0.0538964
0.0588532
0.0664393
0.0763018
0.0856925
0.0926051
0.0972896
0.100208
0.101845
0.102611
0.102832
0.102806
0.102765
0.0511449
0.0510899
0.0509397
0.0506866
0.0506092
0.0509602
0.0520231
0.0541795
0.0578924
0.0635953
0.0710257
0.0780886
0.0832727
0.0867567
0.0889034
0.0900908
0.0906298
0.0907651
0.0907281
0.0906918
0.0507345
0.0506932
0.0505903
0.0504203
0.0503844
0.0506696
0.0514877
0.0531225
0.0559168
0.0601988
0.0657784
0.0710741
0.0749463
0.077534
0.0791169
0.0799801
0.0803592
0.0804396
0.0803993
0.0803674
0.0491624
0.0491304
0.0490577
0.0489429
0.0489317
0.0491606
0.0497871
0.0510232
0.0531272
0.0563453
0.060534
0.0645043
0.0673964
0.0693172
0.0704829
0.0711098
0.0713761
0.071422
0.0713826
0.071355
0.0467335
0.0467085
0.0466554
0.0465757
0.0465763
0.0467578
0.0472375
0.048173
0.0497568
0.0521731
0.0553144
0.0582865
0.0604398
0.0618632
0.0627206
0.0631752
0.0633614
0.0633846
0.0633477
0.063324
0.0436614
0.0436418
0.0436016
0.0435433
0.0435469
0.0436871
0.0440511
0.0447566
0.0459469
0.0477593
0.0501121
0.05233
0.0539309
0.054985
0.0556143
0.0559428
0.0560716
0.0560803
0.0560467
0.0560267
0.0401011
0.0400857
0.0400544
0.0400098
0.0400123
0.0401179
0.0403915
0.0409209
0.0418128
0.0431688
0.0449265
0.0465773
0.047765
0.0485433
0.0490034
0.0492394
0.0493271
0.0493263
0.0492964
0.0492796
0.0361697
0.0361576
0.0361327
0.0360974
0.0360975
0.0361749
0.0363782
0.0367726
0.0374374
0.0384476
0.0397557
0.040981
0.0418596
0.0424314
0.0427658
0.0429336
0.0429917
0.042985
0.0429588
0.0429449
0.0319567
0.0319472
0.0319271
0.0318983
0.0318956
0.0319504
0.032099
0.0323899
0.0328819
0.0336302
0.0345983
0.0355027
0.0361491
0.0365663
0.0368076
0.0369254
0.0369625
0.0369525
0.0369297
0.0369182
0.0275318
0.0275244
0.0275081
0.0274839
0.0274785
0.0275155
0.0276218
0.0278334
0.0281935
0.0287426
0.029453
0.0301155
0.0305865
0.0308874
0.0310589
0.0311401
0.0311624
0.0311507
0.031131
0.0311215
0.0229477
0.0229419
0.0229285
0.0229079
0.0229005
0.022924
0.0229979
0.0231487
0.0234079
0.0238047
0.0243182
0.0247962
0.0251338
0.0253475
0.0254669
0.0255208
0.0255323
0.0255197
0.0255027
0.0254949
0.0182454
0.0182409
0.0182298
0.018212
0.0182032
0.0182162
0.0182652
0.018369
0.01855
0.0188293
0.0191906
0.0195259
0.0197617
0.0199094
0.0199899
0.0200237
0.0200275
0.0200145
0.0199998
0.0199934
0.013456
0.0134527
0.0134433
0.0134277
0.0134179
0.0134231
0.0134529
0.0135202
0.01364
0.0138263
0.0140686
0.0142924
0.0144487
0.0145452
0.0145959
0.014615
0.0146138
0.0146013
0.0145885
0.0145833
0.00860211
0.00859959
0.00859222
0.00857963
0.00857032
0.00857048
0.00858618
0.00862498
0.00869571
0.00880666
0.00895128
0.00908459
0.00917697
0.00923304
0.00926134
0.00927
0.00926574
0.00925466
0.00924426
0.00924017
0.00123726
0.00123636
0.00123255
0.001229
0.00122749
0.00122836
0.00123172
0.00123875
0.00125066
0.00126877
0.00128821
0.00130338
0.00131316
0.00131855
0.00132077
0.00132065
0.00131809
0.00131402
0.00131175
0.0039457
-1.61141
-0.925577
-0.477875
-0.185707
0.0358014
0.212273
0.356656
0.484541
0.611416
0.673206
-0.589029
-0.346276
-0.141646
0.0403399
0.194046
0.32314
0.431968
0.52041
0.573796
0.587895
-0.17438
-0.048522
0.0879713
0.211716
0.319215
0.41112
0.48653
0.54357
0.582197
0.606186
0.0767825
0.160846
0.254143
0.341637
0.417932
0.483166
0.53685
0.579485
0.612003
0.634718
0.253757
0.316638
0.382819
0.445961
0.502061
0.550719
0.591944
0.626299
0.653495
0.673276
0.393483
0.439889
0.489337
0.537237
0.580739
0.619229
0.652897
0.681701
0.704402
0.721851
0.506171
0.545602
0.584614
0.623091
0.659485
0.692601
0.721812
0.746605
0.765931
0.781553
0.606186
0.639493
0.675548
0.710771
0.743984
0.774225
0.800878
0.823365
0.840298
0.854329
0.701638
0.735624
0.772104
0.806992
0.839452
0.86873
0.89396
0.914552
0.929689
0.942675
0.806269
0.843539
0.882684
0.918676
0.950996
0.979097
1.00278
1.02178
1.03576
1.04851
0.933971
0.973411
1.01392
1.04924
1.0796
1.10535
1.12681
1.14437
1.15819
1.17188
1.09431
1.13065
1.16641
1.1954
1.22008
1.24192
1.26152
1.27911
1.29432
1.30892
1.28364
1.30635
1.33027
1.35033
1.36884
1.38639
1.40316
1.41982
1.43618
1.45181
1.47669
1.48504
1.499
1.51393
1.52856
1.54159
1.55328
1.56464
1.57651
1.5927
1.67135
1.67212
1.6825
1.68592
1.68694
1.69157
1.70227
1.71728
1.73163
1.74607
1.96987
1.91386
1.85948
1.82003
1.79785
1.79385
1.80743
1.8413
1.89925
1.97962
0.490148
0.437683
0.394867
0.361941
0.338303
0.321324
0.309084
0.300326
0.294328
0.290883
0.290326
0.292817
0.297859
0.305412
0.315957
0.330496
0.350619
0.378643
0.416568
0.465846
0.30114
0.310217
0.317135
0.31757
0.313099
0.306584
0.3001
0.294649
0.290767
0.288991
0.289892
0.293184
0.298181
0.304428
0.311234
0.317183
0.31964
0.315972
0.306698
0.300298
0.2733
0.275549
0.280639
0.285181
0.289176
0.291696
0.291865
0.290295
0.28816
0.286427
0.286184
0.287803
0.290184
0.292427
0.29344
0.292189
0.288857
0.284603
0.279847
0.275006
0.267837
0.268815
0.271594
0.274434
0.276669
0.278588
0.280256
0.28127
0.28149
0.281401
0.281561
0.282102
0.282526
0.282234
0.281042
0.279376
0.277434
0.274973
0.272054
0.269792
0.262178
0.26266
0.26457
0.267432
0.270018
0.271896
0.27319
0.274259
0.275183
0.27591
0.276345
0.276346
0.276012
0.27536
0.274462
0.273088
0.270945
0.268192
0.265718
0.264468
0.25847
0.258658
0.260032
0.262461
0.264931
0.267306
0.26945
0.271026
0.272066
0.272745
0.27321
0.273414
0.273118
0.272248
0.270651
0.268558
0.266304
0.263893
0.261901
0.261238
0.257558
0.25765
0.258297
0.259495
0.26085
0.262243
0.263561
0.264942
0.26627
0.267337
0.267978
0.268013
0.267538
0.266686
0.265749
0.264598
0.263364
0.262189
0.261261
0.260953
0.256105
0.256155
0.256524
0.25725
0.258145
0.259154
0.260393
0.261654
0.262807
0.263833
0.264565
0.264823
0.264602
0.264021
0.263174
0.262407
0.261692
0.260996
0.260492
0.260325
0.253706
0.253731
0.253935
0.254392
0.255012
0.255674
0.256572
0.25765
0.258808
0.259922
0.260809
0.261217
0.261184
0.260882
0.260472
0.260118
0.2597
0.259315
0.259064
0.258988
0.250684
0.250695
0.25083
0.251185
0.251644
0.252348
0.253148
0.254001
0.255038
0.256173
0.257226
0.257924
0.258232
0.258302
0.258198
0.257923
0.257744
0.257493
0.257341
0.257308
0.247435
0.247439
0.247537
0.247814
0.248247
0.248806
0.249517
0.250419
0.251521
0.252797
0.254091
0.255072
0.25565
0.255941
0.256048
0.256015
0.255928
0.255812
0.255751
0.25574
0.243845
0.243853
0.243923
0.244142
0.244502
0.245009
0.245703
0.246629
0.247825
0.249297
0.2509
0.252234
0.253137
0.253698
0.254029
0.254195
0.254261
0.254273
0.254281
0.254283
0.239834
0.239839
0.239919
0.240117
0.24046
0.240975
0.241719
0.242755
0.244141
0.245907
0.24791
0.249662
0.250909
0.251745
0.252282
0.252614
0.252807
0.252914
0.25297
0.252981
0.235349
0.235353
0.235437
0.235653
0.236024
0.236597
0.237445
0.238655
0.240315
0.24248
0.244995
0.247254
0.248888
0.250048
0.250818
0.251316
0.251627
0.251812
0.251906
0.251926
0.230327
0.230332
0.230431
0.230682
0.231116
0.231795
0.232812
0.234282
0.236321
0.239013
0.242182
0.245064
0.247204
0.248698
0.249718
0.25039
0.250818
0.251077
0.251208
0.251235
0.224652
0.224659
0.224781
0.22509
0.225622
0.226458
0.227716
0.229542
0.232087
0.235464
0.23946
0.243114
0.24583
0.247752
0.249065
0.249936
0.250494
0.250833
0.251004
0.25104
0.218168
0.218176
0.218332
0.218721
0.219391
0.220446
0.222032
0.224332
0.227541
0.2318
0.23684
0.241452
0.244881
0.247312
0.248976
0.250081
0.25079
0.251222
0.25144
0.251485
0.210661
0.210671
0.210872
0.21137
0.21223
0.213579
0.215602
0.218529
0.2226
0.227989
0.234346
0.240147
0.244451
0.247501
0.24959
0.250977
0.251868
0.25241
0.252682
0.252739
0.201835
0.201849
0.20211
0.202758
0.203877
0.205627
0.208233
0.211981
0.217172
0.224004
0.232014
0.239286
0.244664
0.24847
0.251076
0.252806
0.253916
0.25459
0.254927
0.254999
0.191277
0.191296
0.19164
0.192494
0.193977
0.196281
0.19966
0.204495
0.211145
0.219819
0.229898
0.238982
0.245671
0.250399
0.253636
0.255786
0.257164
0.257996
0.258411
0.258499
0.17842
0.178446
0.178905
0.180047
0.182032
0.185067
0.189523
0.19584
0.204397
0.215419
0.22807
0.239365
0.247646
0.253493
0.257502
0.260171
0.261882
0.262911
0.263419
0.263526
0.162476
0.162515
0.163138
0.164701
0.167411
0.171507
0.177442
0.185726
0.1968
0.210812
0.226626
0.240587
0.250778
0.257979
0.262934
0.26625
0.268389
0.269676
0.270309
0.270432
0.142261
0.142318
0.143189
0.145411
0.149211
0.154851
0.1629
0.173937
0.188323
0.206082
0.225711
0.242821
0.255269
0.264096
0.27021
0.27434
0.277033
0.278665
0.27945
0.279601
0.115852
0.115939
0.117254
0.120624
0.126207
0.134288
0.14551
0.160363
0.179054
0.201415
0.225525
0.246254
0.261309
0.27206
0.279599
0.284771
0.288204
0.290319
0.29135
0.29154
0.0799403
0.080106
0.0823913
0.0880004
0.0968167
0.108942
0.124924
0.145023
0.169203
0.197063
0.226275
0.251032
0.269009
0.281991
0.291276
0.297809
0.302285
0.305113
0.306509
0.306768
0.0283129
0.0288642
0.03402
0.0447241
0.0596306
0.0783883
0.101283
0.128305
0.159175
0.193328
0.228122
0.257194
0.278326
0.293797
0.305151
0.313458
0.319445
0.323485
0.325609
0.32602
-0.0474324
-0.043987
-0.0296325
-0.00851323
0.0162362
0.0442757
0.0759135
0.111072
0.149449
0.190505
0.231369
0.265206
0.289958
0.308433
0.322454
0.333258
0.341697
0.347946
0.351835
0.353076
-0.126746
-0.119289
-0.0941141
-0.0622092
-0.0273393
0.0101362
0.0505175
0.0938386
0.139951
0.188438
0.236274
0.275949
0.305324
0.327734
0.345273
0.359334
0.370786
0.380428
0.387561
0.389619
-0.192013
-0.183642
-0.151597
-0.111416
-0.0681439
-0.022232
0.0263588
0.077519
0.131081
0.186645
0.240959
0.285821
0.319029
0.344425
0.364377
0.380404
0.393457
0.403978
0.411326
0.413542
-0.243421
-0.234439
-0.19868
-0.153196
-0.103778
-0.0512027
0.00417458
0.0621802
0.122438
0.184472
0.244606
0.293812
0.329884
0.357163
0.378277
0.394936
0.408305
0.419001
0.426374
0.428806
-0.285053
-0.275896
-0.237931
-0.188557
-0.134508
-0.0768773
-0.0159691
0.0478365
0.113988
0.181781
0.247072
0.300042
0.338426
0.367051
0.388896
0.405893
0.41933
0.429887
0.437145
0.439642
-0.320235
-0.311069
-0.271737
-0.219365
-0.16158
-0.0997309
-0.0341822
0.0345531
0.105894
0.178954
0.249056
0.305457
0.345859
0.375602
0.397985
0.415147
0.428528
0.438915
0.446032
0.448573
-0.351119
-0.341993
-0.30173
-0.247019
-0.186202
-0.120787
-0.0512112
0.0219693
0.0980269
0.175922
0.250476
0.310115
0.35245
0.38326
0.406162
0.423514
0.436893
0.447184
0.454162
0.456695
-0.379153
-0.37004
-0.329045
-0.27241
-0.209044
-0.140596
-0.0675223
0.00957106
0.0899009
0.172345
0.251291
0.314239
0.358593
0.390553
0.414053
0.431656
0.445084
0.455317
0.462168
0.464687
-0.40516
-0.396042
-0.35445
-0.296171
-0.230653
-0.159622
-0.0835127
-0.00290519
0.0814139
0.16825
0.251582
0.317967
0.364513
0.397779
0.421994
0.439936
0.453474
0.463681
0.470412
0.472902
-0.429787
-0.420637
-0.378503
-0.318816
-0.251439
-0.178137
-0.0993278
-0.0155392
0.0724707
0.163503
0.251254
0.321294
0.370295
0.405099
0.430197
0.448597
0.462313
0.472536
0.479149
0.481602
-0.453384
-0.444171
-0.401534
-0.340621
-0.271634
-0.196355
-0.115157
-0.0285188
0.062893
0.15798
0.250197
0.324167
0.375953
0.412584
0.43879
0.457799
0.471794
0.482079
0.488608
0.490981
-0.476209
-0.466874
-0.423768
-0.361801
-0.291434
-0.214444
-0.131143
-0.0419302
0.0526301
0.151596
0.248314
0.326476
0.38141
0.420221
0.447813
0.46763
0.482043
0.492474
0.498939
0.501191
-0.498345
-0.488903
-0.445351
-0.382441
-0.310881
-0.232409
-0.147273
-0.0557789
0.041649
0.144268
0.245473
0.328049
0.386518
0.427914
0.457246
0.478123
0.493117
0.50379
0.510245
0.512328
-0.519886
-0.510326
-0.466326
-0.402602
-0.330004
-0.250268
-0.163549
-0.0700551
0.0299435
0.13597
0.241538
0.328691
0.391062
0.435523
0.467007
0.489252
0.505011
0.516037
0.522534
0.524452
-0.540874
-0.531199
-0.48674
-0.42228
-0.348811
-0.267991
-0.179924
-0.0847119
0.017549
0.126685
0.236415
0.328206
0.394798
0.442799
0.476929
0.50093
0.517731
0.529247
0.535802
0.537549
-0.561274
-0.551452
-0.506543
-0.44144
-0.367238
-0.285516
-0.196336
-0.0996742
0.00454294
0.11645
0.230074
0.326421
0.397415
0.449361
0.486721
0.512996
0.531158
0.543304
0.549907
0.551437
-0.580989
-0.571023
-0.5257
-0.460037
-0.385226
-0.302776
-0.212689
-0.11485
-0.00898395
0.105321
0.222475
0.323165
0.398563
0.454767
0.496003
0.525278
0.545222
0.558069
0.564616
0.565847
-0.599994
-0.58992
-0.544164
-0.478021
-0.402716
-0.319689
-0.228904
-0.130136
-0.0229341
0.0933868
0.213635
0.318301
0.397996
0.458628
0.504291
0.537486
0.560018
0.573652
0.579729
0.580435
-0.618282
-0.608088
-0.56189
-0.495351
-0.41965
-0.336175
-0.24488
-0.145423
-0.037195
0.0807608
0.203634
0.311825
0.395479
0.460431
0.510805
0.548994
0.575705
0.59071
0.595178
0.59453
-0.635715
-0.625415
-0.578869
-0.511985
-0.435959
-0.352176
-0.260532
-0.160613
-0.0516292
0.0675811
0.192539
0.303738
0.390893
0.459618
0.514547
0.558542
0.591758
0.611055
0.613611
0.607859
-0.652388
-0.641986
-0.595088
-0.527916
-0.45167
-0.367718
-0.275887
-0.175741
-0.0662849
0.0538264
0.180304
0.293862
0.384025
0.455846
0.514405
0.564191
0.605722
0.634423
0.641785
0.628296
-0.668257
-0.657827
-0.610643
-0.543288
-0.466999
-0.383095
-0.291307
-0.191267
-0.0817191
0.0388214
0.166199
0.2814
0.374026
0.448254
0.508169
0.56156
0.610131
0.643236
0.65583
0.625186
-0.683455
-0.672978
-0.625448
-0.557927
-0.481795
-0.398155
-0.306573
-0.206944
-0.0976551
0.0228324
0.150421
0.266388
0.360594
0.436866
0.494475
0.543949
0.589556
0.618418
0.586991
0.525791
-0.699669
-0.686829
-0.639464
-0.571868
-0.49621
-0.413004
-0.321862
-0.222738
-0.114083
0.00586189
0.132929
0.24875
0.343046
0.421711
0.475082
0.505929
0.537508
0.53199
0.47367
0.404383
-0.719459
-0.716198
-0.652878
-0.583339
-0.508418
-0.425632
-0.336882
-0.238049
-0.130325
-0.0112572
0.114524
0.228818
0.321361
0.404593
0.445736
0.431797
0.446941
0.40284
0.331135
0.255643
-0.693876
-0.686443
-0.632758
-0.563117
-0.484383
-0.398552
-0.305575
-0.203772
-0.092057
0.0316901
0.151252
0.251567
0.332042
0.405467
0.440895
0.344344
0.265342
0.203096
0.126913
-0.035865
-0.725061
-0.698632
-0.643679
-0.573726
-0.495475
-0.410586
-0.318696
-0.218126
-0.107885
0.0139281
0.129969
0.226568
0.301118
0.348833
0.321919
0.183303
0.0563086
-0.0284999
-0.114384
-0.288899
-0.747018
-0.715087
-0.659029
-0.589134
-0.511621
-0.427522
-0.336332
-0.237314
-0.129184
-0.0099038
0.102475
0.192845
0.259524
0.274488
0.185172
-0.0107889
-0.166456
-0.277445
-0.400722
-0.63306
-0.765992
-0.732636
-0.675207
-0.605185
-0.528098
-0.444661
-0.354575
-0.257338
-0.151397
-0.0348156
0.0737489
0.155947
0.210249
0.189331
0.0147183
-0.22558
-0.426871
-0.577283
-0.75246
-1.13031
-0.783686
-0.749786
-0.69162
-0.621383
-0.544627
-0.46199
-0.373359
-0.277971
-0.174167
-0.0605143
0.0430384
0.116323
0.153927
0.0824731
-0.164629
-0.45025
-0.716366
-0.945611
-1.18272
-1.89104
-0.800516
-0.766837
-0.708401
-0.638113
-0.561717
-0.479984
-0.392844
-0.299455
-0.198134
-0.0883367
0.00883427
0.0732553
0.0890918
-0.0367413
-0.341944
-0.665634
-0.981011
-1.25924
-1.59671
-2.37144
-0.817291
-0.784021
-0.725631
-0.655476
-0.579546
-0.498774
-0.413167
-0.321951
-0.223442
-0.118169
-0.0260571
0.0269022
0.0164395
-0.176607
-0.506068
-0.8526
-1.18298
-1.42313
-1.5342
-1.61186
-0.83438
-0.801519
-0.743382
-0.673558
-0.598269
-0.518696
-0.43497
-0.346558
-0.251164
-0.150287
-0.0624804
-0.0241864
-0.0685806
-0.330094
-0.66467
-0.996216
-1.29112
-1.43798
-1.46233
-1.4735
-0.851961
-0.819355
-0.761508
-0.692119
-0.617643
-0.539515
-0.458106
-0.372904
-0.281325
-0.184895
-0.101802
-0.0788712
-0.172715
-0.47963
-0.81453
-1.11165
-1.35328
-1.43187
-1.4349
-1.43085
-0.86989
-0.837468
-0.779821
-0.710896
-0.637402
-0.560983
-0.482388
-0.40077
-0.314579
-0.221921
-0.145517
-0.139597
-0.288838
-0.62645
-0.96096
-1.2106
-1.37306
-1.40588
-1.41486
-1.41458
-0.887884
-0.855523
-0.79801
-0.729583
-0.657199
-0.582812
-0.507419
-0.43063
-0.351247
-0.262484
-0.188477
-0.203108
-0.407322
-0.785057
-1.11167
-1.30293
-1.33039
-1.40148
-1.4354
-1.44264
-0.905237
-0.873014
-0.815593
-0.747669
-0.67652
-0.604475
-0.53282
-0.462345
-0.389983
-0.305914
-0.230679
-0.262383
-0.535983
-0.9731
-1.31071
-1.47946
-1.45714
-1.50761
-1.54587
-1.55396
-0.921421
-0.889222
-0.83188
-0.764477
-0.694687
-0.625232
-0.558219
-0.494985
-0.430808
-0.351077
-0.271609
-0.307772
-0.668373
-1.20008
-1.59922
-1.80621
-1.73393
-1.71882
-1.73507
-1.74271
-0.935497
-0.903343
-0.846019
-0.779138
-0.710802
-0.644224
-0.582659
-0.528228
-0.476867
-0.403107
-0.316124
-0.362589
-0.803548
-1.41483
-1.88245
-2.09015
-2.04072
-1.99349
-1.98688
-1.99425
-0.946489
-0.914302
-0.856964
-0.790615
-0.723755
-0.66029
-0.604727
-0.561223
-0.531337
-0.473698
-0.39116
-0.465078
-0.922059
-1.58105
-2.16108
-2.43622
-2.49468
-2.42062
-2.3469
-2.33592
-0.952989
-0.920913
-0.86349
-0.797703
-0.732282
-0.671965
-0.623146
-0.594848
-0.596732
-0.587788
-0.550691
-0.674562
-1.03455
-1.70956
-2.41263
-2.87018
-3.00875
-2.91352
-2.74061
-2.65803
-0.95384
-0.921784
-0.864374
-0.799136
-0.734953
-0.67761
-0.635993
-0.625988
-0.67532
-0.779951
-0.888062
-0.98094
-1.16514
-1.63516
-2.26608
-2.78995
-2.97016
-2.88545
-2.6819
-2.59802
-0.947833
-0.91569
-0.858395
-0.793633
-0.730358
-0.675323
-0.640352
-0.65058
-0.766769
-1.07616
-1.43543
-1.37689
-1.13089
-1.27317
-1.50433
-1.89946
-1.9496
-1.74206
-1.47016
-1.34096
-0.934033
-0.901701
-0.844507
-0.780087
-0.717152
-0.663149
-0.63251
-0.659757
-0.849719
-1.43399
-2.1226
-1.70025
-0.987154
-0.562802
-0.118397
0.126938
0.286439
0.505365
0.682721
0.749165
-0.911452
-0.878997
-0.821953
-0.757722
-0.694408
-0.639481
-0.608354
-0.640316
-0.864872
-1.66365
-2.53092
-1.66301
-0.644661
0.332358
1.05291
1.56796
1.90773
2.04953
2.10792
2.1174
-0.879689
-0.847189
-0.790456
-0.72622
-0.661851
-0.603899
-0.565904
-0.582408
-0.765854
-1.45865
-2.08339
-1.16222
-0.148147
0.780688
1.42258
1.82992
2.0667
2.17775
2.2225
2.23242
-0.838458
-0.806492
-0.750065
-0.686005
-0.620374
-0.557947
-0.508249
-0.492918
-0.570402
-0.8749
-0.991862
-0.34753
0.379116
0.970455
1.36425
1.61262
1.76495
1.8526
1.8981
1.91002
-0.786928
-0.756795
-0.701279
-0.637947
-0.571608
-0.505029
-0.443155
-0.394707
-0.374474
-0.381034
-0.254744
0.176834
0.631103
0.966284
1.19638
1.35197
1.45755
1.52797
1.56727
1.58213
-0.723299
-0.697484
-0.643897
-0.582597
-0.517013
-0.448447
-0.378045
-0.306718
-0.230634
-0.122363
0.0805114
0.360242
0.637244
0.847053
0.998932
1.10876
1.18967
1.2481
1.28443
1.29493
-0.645645
-0.623035
-0.576573
-0.519581
-0.457428
-0.389969
-0.316703
-0.235237
-0.137973
-0.00279617
0.182318
0.382507
0.560915
0.700291
0.805274
0.884358
0.945259
0.993091
1.02479
1.03388
-0.546122
-0.533492
-0.497245
-0.447685
-0.391826
-0.329716
-0.259824
-0.179413
-0.082011
0.0462221
0.200489
0.348649
0.47205
0.567745
0.639646
0.692997
0.732535
0.761488
0.780173
0.786969
-0.431591
-0.425464
-0.400684
-0.363131
-0.318821
-0.267339
-0.207121
-0.135731
-0.0482241
0.0638009
0.191566
0.307958
0.402382
0.474494
0.527563
0.565636
0.592206
0.61044
0.620778
0.622862
-0.31885
-0.316425
-0.300697
-0.275057
-0.243156
-0.203895
-0.155922
-0.0964873
-0.0222323
0.0721423
0.17599
0.26729
0.33915
0.392827
0.431194
0.457598
0.474881
0.485553
0.491017
0.492095
-0.213567
-0.212597
-0.204194
-0.189324
-0.16895
-0.141922
-0.106323
-0.0597773
0.00021745
0.0770686
0.160327
0.231861
0.286893
0.32693
0.354652
0.373116
0.384725
0.391193
0.394041
0.394282
-0.124011
-0.124427
-0.12193
-0.115383
-0.104079
-0.0868172
-0.0618402
-0.027266
0.0196656
0.0807545
0.14678
0.202529
0.24444
0.274322
0.294628
0.307393
0.314825
0.318657
0.320105
0.320074
-0.0572001
-0.0581637
-0.0590545
-0.0581347
-0.05338
-0.0431629
-0.0260558
-0.000660834
0.0350762
0.082597
0.134055
0.177163
0.209183
0.231447
0.24597
0.254925
0.259969
0.262307
0.263066
0.262962
-0.0126944
-0.0136805
-0.0157071
-0.01699
-0.015704
-0.0102576
0.000862694
0.0192258
0.0462083
0.082891
0.122692
0.155679
0.179764
0.196336
0.207105
0.213509
0.216836
0.218233
0.218615
0.218487
0.0146217
0.0138976
0.0120729
0.010565
0.0108127
0.013924
0.0211541
0.0340587
0.0540662
0.0819662
0.112514
0.137778
0.156116
0.168491
0.1762
0.180632
0.182838
0.183623
0.183757
0.183638
0.030803
0.0303428
0.0291078
0.027961
0.0279854
0.0300957
0.0352985
0.044708
0.0595525
0.0806414
0.103878
0.122974
0.136605
0.145682
0.151342
0.154511
0.155959
0.156362
0.156375
0.156277
0.0406285
0.040344
0.0395874
0.0388702
0.0389078
0.0403464
0.0440371
0.0509691
0.062087
0.0779876
0.0955603
0.109984
0.120286
0.127114
0.131258
0.133501
0.13448
0.134704
0.13468
0.134601
0.046645
0.046465
0.0459879
0.0455539
0.0456721
0.0468082
0.0495522
0.0546544
0.0629288
0.0749194
0.0882304
0.0991095
0.106798
0.111817
0.114831
0.116438
0.117104
0.117222
0.117183
0.117118
0.0499382
0.049819
0.0494892
0.0491919
0.0493022
0.0501669
0.052239
0.0560818
0.0622912
0.0712925
0.0812921
0.0894527
0.0952001
0.0989408
0.101161
0.102318
0.102773
0.10283
0.102787
0.102734
0.0511184
0.0510375
0.0508104
0.0506108
0.0507181
0.0513843
0.0529402
0.0558145
0.0604743
0.067251
0.0747839
0.080911
0.0852082
0.0879744
0.0895975
0.0904267
0.0907353
0.0907529
0.0907101
0.0906678
0.0507143
0.0506571
0.0505027
0.0503744
0.050477
0.0509981
0.0521847
0.0543541
0.0578554
0.0629445
0.0685988
0.0731852
0.0763858
0.0784338
0.0796238
0.0802191
0.080427
0.0804229
0.0803828
0.0803484
0.0491467
0.0491044
0.0489977
0.0489162
0.0490088
0.0494137
0.050315
0.051951
0.0545845
0.0584073
0.0626497
0.0660833
0.0684665
0.0699814
0.0708526
0.0712797
0.0714192
0.0714041
0.0713679
0.0713399
0.0467212
0.0466891
0.0466131
0.04656
0.0466389
0.0469525
0.0476378
0.048872
0.0508514
0.0537203
0.0569
0.0594635
0.0612338
0.0623529
0.0629899
0.0632956
0.0633878
0.0633669
0.0633347
0.0633121
0.0436518
0.0436269
0.0435703
0.043533
0.0435958
0.0438352
0.0443533
0.0452823
0.0467683
0.0489188
0.0512969
0.0532055
0.0545198
0.0553453
0.0558099
0.0560274
0.0560867
0.0560636
0.0560355
0.0560173
0.0400936
0.040074
0.0400304
0.040002
0.0400492
0.0402293
0.0406184
0.041315
0.0424276
0.0440356
0.0458093
0.0472271
0.0482006
0.0488075
0.0491447
0.0492982
0.0493346
0.049311
0.0492868
0.0492722
0.0361639
0.0361483
0.0361138
0.0360906
0.0361242
0.0362575
0.0365472
0.0370664
0.0378955
0.0390931
0.0404115
0.041462
0.0421803
0.042624
0.0428671
0.0429737
0.042994
0.0429713
0.0429507
0.0429391
0.0319522
0.0319396
0.0319118
0.0318919
0.0319141
0.0320106
0.0322234
0.0326071
0.0332213
0.0341081
0.0350826
0.0358572
0.0363835
0.0367058
0.0368793
0.0369521
0.0369616
0.0369403
0.0369229
0.0369137
0.0275284
0.0275183
0.0274955
0.0274775
0.0274904
0.0275582
0.0277121
0.0279922
0.0284424
0.0290936
0.0298078
0.0303744
0.030756
0.030987
0.0311089
0.0311572
0.0311594
0.03114
0.0311253
0.031118
0.022945
0.0229369
0.0229179
0.0229016
0.0229075
0.0229533
0.023062
0.0232629
0.0235878
0.0240584
0.0245746
0.0249821
0.0252545
0.0254173
0.0255007
0.0255308
0.025528
0.0255104
0.025498
0.0254923
0.0182434
0.0182368
0.0182208
0.0182057
0.0182063
0.0182353
0.0183091
0.0184485
0.0186764
0.019008
0.0193706
0.019656
0.0198454
0.0199569
0.0200117
0.0200286
0.0200223
0.0200063
0.0199958
0.0199914
0.0134545
0.0134493
0.0134356
0.0134216
0.0134182
0.0134343
0.0134811
0.0135726
0.0137241
0.0139463
0.0141889
0.0143788
0.0145037
0.0145754
0.0146087
0.0146165
0.0146084
0.0145941
0.0145852
0.0145818
0.00860105
0.0085969
0.00858605
0.0085742
0.00856892
0.00857602
0.00860223
0.00865583
0.00874575
0.00887833
0.009023
0.00913579
0.00920907
0.0092502
0.00926774
0.00926918
0.0092607
0.00924878
0.00924162
0.00923911
0.00370127
0.00369985
0.0036958
0.00368798
0.00368125
0.00367883
0.00368445
0.00370022
0.00372944
0.00377549
0.00383579
0.00389146
0.00392978
0.00395289
0.0039642
0.00396615
0.00396155
0.00395409
0.00394784
0.00394502
-1.21461
-0.675637
-0.322062
-0.0703913
0.127924
0.286479
0.422779
0.546867
0.660893
0.641894
-0.46075
-0.24154
-0.0469151
0.120658
0.261475
0.379829
0.479319
0.552843
0.583214
0.594172
-0.115072
0.0204593
0.151962
0.267442
0.367137
0.450995
0.517439
0.564993
0.595662
0.61421
0.116862
0.207292
0.299268
0.381182
0.451955
0.511463
0.559453
0.59705
0.624224
0.643817
0.284682
0.349583
0.415193
0.474944
0.527338
0.572229
0.609937
0.640944
0.663635
0.682661
0.415805
0.464551
0.513725
0.559618
0.600599
0.636659
0.667936
0.693958
0.713159
0.731311
0.525803
0.565113
0.604016
0.641655
0.676494
0.707725
0.734808
0.75704
0.773499
0.79115
0.621662
0.657579
0.693331
0.727706
0.759519
0.788023
0.81271
0.832606
0.846849
0.863951
0.71734
0.754031
0.789793
0.82357
0.854542
0.881893
0.904867
0.922839
0.935569
0.9522
0.823403
0.863506
0.901084
0.935336
0.96559
0.991513
1.01289
1.02937
1.04146
1.05778
0.952015
0.994302
1.03223
1.06501
1.09303
1.11658
1.13606
1.1517
1.1645
1.18075
1.11056
1.14948
1.18163
1.20815
1.2313
1.25199
1.27057
1.28704
1.30131
1.31726
1.29367
1.31889
1.34062
1.35971
1.37774
1.39485
1.41146
1.42815
1.44388
1.45989
1.47973
1.49175
1.50642
1.52139
1.53531
1.54754
1.55894
1.57046
1.58348
1.60428
1.66721
1.67796
1.68496
1.68631
1.68854
1.6962
1.70949
1.72488
1.73797
1.76627
1.94443
1.88504
1.83772
1.80668
1.79365
1.79832
1.82161
1.86703
1.93762
2.01625
0.36539
0.357945
0.349171
0.336521
0.323293
0.311856
0.302851
0.296174
0.291748
0.289795
0.290738
0.294347
0.300168
0.308174
0.318529
0.331111
0.344569
0.35556
0.363213
0.36949
0.279163
0.287128
0.294417
0.299438
0.301009
0.299425
0.29604
0.292354
0.289326
0.287804
0.288662
0.291445
0.295187
0.299078
0.301921
0.302171
0.298882
0.292596
0.284451
0.278492
0.270469
0.273713
0.277332
0.280348
0.283218
0.285455
0.286251
0.285653
0.284572
0.283897
0.284525
0.285954
0.287243
0.287459
0.286043
0.283465
0.280618
0.277362
0.273731
0.27135
0.265026
0.266656
0.269222
0.27177
0.273635
0.274984
0.276208
0.277313
0.278067
0.278585
0.27878
0.27867
0.278127
0.277212
0.276161
0.27473
0.272591
0.269935
0.267804
0.266738
0.25983
0.260808
0.263277
0.266205
0.268798
0.270889
0.272373
0.273367
0.274067
0.274574
0.274902
0.274909
0.274521
0.273623
0.272043
0.269851
0.267176
0.264361
0.262657
0.262195
0.257928
0.258377
0.25982
0.261651
0.263533
0.265396
0.267197
0.268723
0.269858
0.27063
0.270957
0.270745
0.26996
0.268699
0.267117
0.265437
0.263673
0.262018
0.261107
0.260944
0.25696
0.257202
0.257936
0.258925
0.26
0.261232
0.262385
0.263567
0.264678
0.265563
0.26599
0.265902
0.265428
0.264716
0.263886
0.262922
0.262065
0.261251
0.260807
0.260709
0.255018
0.255148
0.255577
0.256243
0.257066
0.258042
0.259257
0.26049
0.261647
0.262643
0.263216
0.26326
0.262905
0.262278
0.261608
0.260994
0.260453
0.259998
0.25977
0.25972
0.252234
0.252303
0.252589
0.253084
0.253658
0.254271
0.255159
0.256174
0.257277
0.258352
0.259131
0.259469
0.259471
0.259262
0.259144
0.258878
0.258553
0.258279
0.258164
0.25814
0.249093
0.249136
0.249352
0.249768
0.250315
0.251016
0.251822
0.252804
0.253944
0.255175
0.256199
0.256815
0.257106
0.257204
0.257045
0.256913
0.256724
0.256566
0.256513
0.256502
0.245685
0.245718
0.245875
0.246192
0.246642
0.247246
0.248036
0.249053
0.250308
0.251756
0.253087
0.254019
0.254589
0.254904
0.255047
0.255079
0.255046
0.255007
0.254999
0.254991
0.241892
0.241927
0.242063
0.242336
0.242757
0.24336
0.244197
0.245319
0.246763
0.248517
0.25023
0.251516
0.252383
0.252939
0.253269
0.253452
0.253542
0.253587
0.253608
0.253602
0.237654
0.237685
0.237826
0.238101
0.238538
0.239192
0.240132
0.241436
0.243164
0.245328
0.247513
0.249216
0.250408
0.251217
0.251741
0.252067
0.252261
0.25237
0.252415
0.252409
0.232912
0.232948
0.233105
0.233415
0.233915
0.234676
0.235789
0.237358
0.239475
0.242172
0.244939
0.247144
0.248735
0.249819
0.250542
0.251007
0.251296
0.25146
0.251525
0.251519
0.227583
0.227626
0.227816
0.228188
0.228792
0.229715
0.231079
0.233016
0.23565
0.239035
0.242543
0.245363
0.247396
0.248807
0.249754
0.250371
0.250757
0.250978
0.251065
0.251057
0.221528
0.221582
0.221821
0.222285
0.223038
0.224191
0.225896
0.228325
0.231635
0.235899
0.240329
0.243896
0.246479
0.248276
0.249487
0.250277
0.250775
0.251059
0.25117
0.251162
0.214563
0.214633
0.214938
0.215531
0.216487
0.217949
0.22011
0.223186
0.227372
0.232756
0.23834
0.242831
0.246082
0.248346
0.249872
0.250871
0.251501
0.251861
0.252
0.251989
0.206433
0.206524
0.206921
0.207688
0.208916
0.210789
0.213554
0.217479
0.222797
0.229601
0.236628
0.242259
0.246329
0.24916
0.25107
0.252322
0.253114
0.253567
0.253741
0.253725
0.196794
0.196917
0.197442
0.198442
0.200032
0.202451
0.206026
0.211064
0.217839
0.226444
0.235266
0.2423
0.24737
0.250894
0.253272
0.254834
0.255826
0.256396
0.256613
0.256591
0.185173
0.185344
0.186048
0.187369
0.189456
0.192652
0.197306
0.203791
0.212438
0.223311
0.234351
0.243098
0.249385
0.253754
0.256703
0.258646
0.259888
0.260606
0.260877
0.260849
0.170886
0.171131
0.172103
0.173881
0.176677
0.180908
0.187023
0.195471
0.206552
0.220265
0.234013
0.244826
0.252584
0.257978
0.261627
0.264037
0.265586
0.26649
0.266833
0.266799
0.152925
0.153297
0.154687
0.15715
0.160993
0.166749
0.174925
0.185971
0.200173
0.217403
0.234404
0.247672
0.257187
0.263828
0.268341
0.27133
0.273256
0.274387
0.274816
0.27478
0.129783
0.13039
0.132448
0.135989
0.141466
0.149487
0.160567
0.175134
0.193337
0.21485
0.235681
0.251809
0.263399
0.271552
0.277151
0.280896
0.283325
0.284766
0.285325
0.285278
0.0990276
0.100088
0.103319
0.108733
0.116906
0.128418
0.143704
0.162999
0.186209
0.212796
0.238004
0.257377
0.271363
0.281332
0.288311
0.293082
0.296233
0.298123
0.298844
0.298786
0.0561764
0.0582881
0.064121
0.0732931
0.08623
0.103277
0.124529
0.149933
0.179165
0.211529
0.241549
0.264466
0.281127
0.293218
0.301925
0.308091
0.312344
0.314987
0.31598
0.31589
-0.00682259
-0.000949907
0.0112838
0.0280849
0.0492924
0.0745604
0.103716
0.136568
0.172685
0.211329
0.246411
0.273028
0.292531
0.306975
0.317733
0.325735
0.331566
0.335437
0.336958
0.336701
-0.0827681
-0.0716359
-0.0488981
-0.0210211
0.0101476
0.0445099
0.0821523
0.122951
0.166554
0.212347
0.253604
0.285106
0.308642
0.326626
0.340614
0.351634
0.360467
0.365988
0.368307
0.368977
-0.157727
-0.138448
-0.106124
-0.06839
-0.0278326
0.0154351
0.0614265
0.110072
0.161126
0.214078
0.261515
0.297825
0.325209
0.346467
0.363364
0.377025
0.388072
0.395994
0.400274
0.401174
-0.215826
-0.193473
-0.155181
-0.110458
-0.06244
-0.0115686
0.041894
0.0978137
0.155827
0.215413
0.268392
0.308676
0.33888
0.362177
0.380509
0.395111
0.406756
0.415156
0.419604
0.420582
-0.262546
-0.238258
-0.195917
-0.146224
-0.0926177
-0.0358306
0.0238726
0.0860923
0.150337
0.215866
0.2736
0.317058
0.349248
0.373714
0.392682
0.407595
0.41935
0.4279
0.432323
0.433276
-0.301008
-0.275909
-0.230704
-0.177117
-0.119133
-0.0575257
0.00738773
0.0750422
0.144788
0.215702
0.277799
0.32406
0.357879
0.383236
0.402625
0.417653
0.429336
0.437801
0.442131
0.443024
-0.334268
-0.308661
-0.261275
-0.20457
-0.142973
-0.0772551
-0.00787619
0.0646135
0.13939
0.215295
0.281401
0.3302
0.365479
0.391586
0.41129
0.426387
0.438026
0.446431
0.450733
0.451576
-0.363891
-0.337977
-0.288928
-0.22969
-0.165064
-0.0958131
-0.0224474
0.054381
0.133749
0.214312
0.284322
0.335675
0.372439
0.399342
0.419418
0.434641
0.446273
0.454646
0.458909
0.459674
-0.39104
-0.364904
-0.314423
-0.253068
-0.185876
-0.113602
-0.0367738
0.0439518
0.127638
0.212784
0.286752
0.34078
0.379155
0.406961
0.427486
0.442892
0.454555
0.462914
0.467158
0.467817
-0.416523
-0.390136
-0.338425
-0.275268
-0.205892
-0.130987
-0.0510464
0.033279
0.121038
0.210668
0.288689
0.345602
0.385801
0.414677
0.435776
0.451445
0.463193
0.471532
0.47573
0.476272
-0.440764
-0.41412
-0.361354
-0.296636
-0.225331
-0.148106
-0.0654004
0.0221914
0.11377
0.207816
0.290074
0.350154
0.392462
0.422638
0.444471
0.460508
0.472397
0.480744
0.484908
0.485364
-0.46408
-0.437146
-0.38345
-0.317403
-0.24444
-0.165184
-0.0800131
0.0105557
0.105749
0.204132
0.290799
0.354373
0.399138
0.430909
0.453688
0.470227
0.482339
0.490717
0.494847
0.495233
-0.486671
-0.459412
-0.404901
-0.337698
-0.2633
-0.182276
-0.0949182
-0.00165363
0.096902
0.199504
0.290711
0.358135
0.405748
0.439469
0.463464
0.480687
0.49313
0.501598
0.505654
0.506021
-0.508627
-0.48101
-0.425766
-0.357572
-0.281933
-0.199378
-0.110117
-0.0144413
0.0872016
0.193863
0.289664
0.361247
0.412136
0.448209
0.473754
0.491907
0.504834
0.513456
0.51744
0.517776
-0.530001
-0.502034
-0.446103
-0.377033
-0.300352
-0.216485
-0.125577
-0.0277887
0.0766544
0.18714
0.287515
0.363476
0.418052
0.456953
0.484463
0.503841
0.517452
0.526334
0.530226
0.530475
-0.550759
-0.522451
-0.465893
-0.396074
-0.318503
-0.23354
-0.141242
-0.0416319
0.0652862
0.179304
0.284107
0.364552
0.42321
0.46549
0.495463
0.516396
0.530854
0.540048
0.543869
0.543969
-0.570885
-0.542223
-0.485087
-0.414634
-0.336329
-0.250468
-0.157028
-0.0558916
0.0531701
0.170369
0.279331
0.364259
0.427294
0.473501
0.506548
0.529534
0.545076
0.554614
0.558281
0.558164
-0.59027
-0.561314
-0.503642
-0.43267
-0.353765
-0.267185
-0.172841
-0.070466
0.0404014
0.160363
0.273156
0.362402
0.429857
0.480399
0.51729
0.543077
0.559997
0.569718
0.573025
0.572676
-0.608979
-0.579668
-0.52151
-0.450121
-0.370734
-0.28361
-0.188574
-0.0852298
0.0270844
0.149374
0.265556
0.358774
0.430437
0.485492
0.527059
0.556901
0.576041
0.585536
0.587764
0.587056
-0.626837
-0.597257
-0.53867
-0.466932
-0.387178
-0.29966
-0.204143
-0.10009
0.0133691
0.137508
0.256542
0.35332
0.428855
0.488217
0.534955
0.570408
0.593875
0.603381
0.602326
0.600629
-0.643951
-0.614054
-0.555073
-0.483046
-0.403026
-0.315253
-0.219424
-0.114914
-0.00061808
0.124923
0.246223
0.345953
0.424923
0.487915
0.539658
0.581912
0.613074
0.627005
0.62184
0.60419
-0.660238
-0.630122
-0.570847
-0.498641
-0.418549
-0.330711
-0.234829
-0.130186
-0.0154441
0.111031
0.233941
0.336068
0.418042
0.483499
0.538934
0.587936
0.629098
0.651483
0.646125
0.653129
-0.67574
-0.645456
-0.585932
-0.513671
-0.43371
-0.345982
-0.250332
-0.145858
-0.0310873
0.0957952
0.21957
0.323224
0.407621
0.474186
0.528822
0.580436
0.621896
0.645983
0.602983
0.578289
-0.691044
-0.660092
-0.600084
-0.52787
-0.448207
-0.360738
-0.265761
-0.16166
-0.0472138
0.0795296
0.203235
0.307265
0.393474
0.460409
0.506561
0.55005
0.580718
0.564038
0.500018
0.454079
-0.709223
-0.674765
-0.6127
-0.540681
-0.461488
-0.37464
-0.28077
-0.17736
-0.0636809
0.0623668
0.185111
0.288291
0.374718
0.443916
0.48029
0.493391
0.491043
0.441063
0.366619
0.321185
-0.34331
-0.24482
-0.137577
-0.0189837
0.105847
0.218485
0.308865
0.159965
-0.715226
-0.706135
-0.667666
-0.604674
-0.530188
-0.448534
-0.359701
-0.26305
-0.157354
-0.0404774
0.0828107
0.192562
0.280539
0.350669
0.394193
0.353275
0.212117
0.121546
0.0517427
-0.734795
-0.723482
-0.681304
-0.617337
-0.54305
-0.462043
-0.374223
-0.278782
-0.174524
-0.0594998
0.0612587
0.166434
0.249394
0.303063
0.297994
0.178733
0.0122627
-0.103131
-0.199207
-0.753857
-0.742314
-0.69773
-0.633054
-0.559078
-0.478581
-0.391436
-0.297116
-0.194533
-0.0819861
0.0348066
0.133885
0.210376
0.247194
0.184612
-0.0106898
-0.210679
-0.357838
-0.49045
-0.771772
-0.760296
-0.714525
-0.649193
-0.575359
-0.495384
-0.409269
-0.316438
-0.215887
-0.106336
0.00616835
0.0988159
0.165282
0.178159
0.056305
-0.209347
-0.459705
-0.667791
-0.851924
-0.78891
-0.777663
-0.731328
-0.665648
-0.59191
-0.512521
-0.427574
-0.33652
-0.238271
-0.131798
-0.0227308
0.0651466
0.116298
0.0945788
-0.102928
-0.407603
-0.712672
-0.988137
-1.23729
-0.805678
-0.794757
-0.748371
-0.682625
-0.609081
-0.530327
-0.446538
-0.357314
-0.261452
-0.157983
-0.0520876
0.0284674
0.0642657
-0.00483403
-0.26298
-0.590724
-0.932609
-1.23966
-1.48375
-1.73548
-0.822651
-0.812029
-0.765791
-0.700226
-0.62707
-0.549091
-0.466679
-0.379557
-0.286414
-0.186262
-0.0850453
-0.0140986
0.00505443
-0.112909
-0.423109
-0.756735
-1.09716
-1.36581
-1.46691
-1.51196
-0.839951
-0.829558
-0.783601
-0.71835
-0.645725
-0.56875
-0.488027
-0.403403
-0.313799
-0.217269
-0.122243
-0.0591671
-0.0661419
-0.229504
-0.578274
-0.90179
-1.20281
-1.40115
-1.4504
-1.44879
-0.857699
-0.847434
-0.801697
-0.736772
-0.664806
-0.58904
-0.510338
-0.428696
-0.343396
-0.250645
-0.160748
-0.105828
-0.145657
-0.369266
-0.727405
-1.03305
-1.28458
-1.40779
-1.42243
-1.42034
-0.875627
-0.865467
-0.819869
-0.755239
-0.684031
-0.609691
-0.533332
-0.455524
-0.374847
-0.287107
-0.198307
-0.15496
-0.234566
-0.520203
-0.876316
-1.16668
-1.30692
-1.37967
-1.40885
-1.4208
-0.893345
-0.883227
-0.837714
-0.77337
-0.702971
-0.630265
-0.556702
-0.483324
-0.407985
-0.327481
-0.237288
-0.20506
-0.321698
-0.680745
-1.04432
-1.31935
-1.36542
-1.40581
-1.46355
-1.48539
-0.910091
-0.900048
-0.854642
-0.790564
-0.721044
-0.650143
-0.579894
-0.511466
-0.443719
-0.37241
-0.282064
-0.248306
-0.406538
-0.862078
-1.27339
-1.585
-1.61547
-1.58889
-1.62077
-1.63864
-0.925208
-0.915217
-0.869887
-0.80606
-0.737463
-0.668559
-0.602019
-0.539864
-0.482777
-0.422492
-0.331447
-0.288576
-0.489893
-1.03535
-1.55018
-1.8987
-1.92746
-1.85364
-1.84779
-1.85642
-0.937799
-0.927818
-0.88249
-0.818907
-0.751259
-0.684496
-0.622079
-0.567847
-0.524626
-0.479042
-0.390882
-0.353297
-0.585512
-1.18258
-1.78589
-2.1732
-2.25254
-2.21542
-2.16104
-2.14786
-0.946645
-0.936649
-0.891333
-0.827997
-0.76129
-0.69668
-0.638814
-0.593843
-0.567474
-0.549658
-0.486712
-0.482168
-0.701852
-1.32056
-1.99628
-2.52847
-2.7455
-2.75058
-2.61269
-2.52324
-0.950395
-0.940407
-0.895089
-0.832069
-0.766246
-0.703708
-0.650532
-0.616254
-0.61516
-0.651144
-0.672928
-0.739536
-0.918668
-1.36552
-2.07914
-2.71251
-3.03724
-3.07076
-2.905
-2.74627
-0.947807
-0.937789
-0.892498
-0.829864
-0.764796
-0.703965
-0.655158
-0.632466
-0.665583
-0.802542
-0.998557
-1.19856
-1.11481
-1.31184
-1.67494
-2.27454
-2.6343
-2.61044
-2.36469
-2.15799
-0.937886
-0.927773
-0.882452
-0.820221
-0.755668
-0.695837
-0.650172
-0.638051
-0.708689
-0.993577
-1.49878
-1.75101
-1.24487
-1.04304
-0.914516
-0.888172
-0.91121
-0.776525
-0.525045
-0.345362
-0.919543
-0.909368
-0.86401
-0.802186
-0.737804
-0.677925
-0.632961
-0.626176
-0.723011
-1.142
-2.10596
-2.22031
-1.2189
-0.46777
0.291605
0.800007
1.1275
1.36922
1.52286
1.59732
-0.891916
-0.88179
-0.836679
-0.775238
-0.710621
-0.649411
-0.601664
-0.590485
-0.682176
-1.12133
-2.21518
-2.08911
-0.9101
0.110612
0.991109
1.59958
1.99651
2.18451
2.26058
2.284
-0.854907
-0.844993
-0.8003
-0.739274
-0.674293
-0.610755
-0.556791
-0.530225
-0.579083
-0.859639
-1.50727
-1.2093
-0.308256
0.55027
1.1872
1.59274
1.84365
1.98157
2.05196
2.07919
-0.807974
-0.798233
-0.75485
-0.694897
-0.629779
-0.563752
-0.502182
-0.455126
-0.444715
-0.520676
-0.656062
-0.306088
0.267642
0.789441
1.15489
1.39497
1.55019
1.64816
1.70728
1.72762
-0.749348
-0.740214
-0.700355
-0.64257
-0.578274
-0.510867
-0.44308
-0.378407
-0.321223
-0.26855
-0.154317
0.115492
0.483002
0.795275
1.01471
1.16848
1.27651
1.35216
1.4
1.41842
-0.67999
-0.672116
-0.635984
-0.582335
-0.520376
-0.453979
-0.383446
-0.308607
-0.226433
-0.122878
0.037826
0.263635
0.499018
0.6959
0.842976
0.951655
1.03197
1.09046
1.12811
1.14601
-0.597265
-0.592533
-0.562855
-0.513115
-0.455962
-0.393419
-0.324623
-0.247705
-0.15818
-0.0443113
0.109359
0.285391
0.444742
0.573939
0.672602
0.746988
0.803531
0.846301
0.874788
0.887871
-0.489003
-0.486437
-0.467423
-0.428861
-0.381683
-0.328094
-0.267027
-0.196577
-0.112755
-0.00780679
0.12535
0.266144
0.386275
0.481648
0.553791
0.606951
0.645395
0.673266
0.692919
0.702054
-0.374702
-0.374443
-0.363032
-0.335762
-0.300961
-0.259363
-0.209648
-0.150151
-0.0773231
0.013618
0.125503
0.238157
0.330999
0.403004
0.456168
0.494211
0.520424
0.537631
0.548137
0.552076
-0.264413
-0.26476
-0.25867
-0.24207
-0.219276
-0.18989
-0.152839
-0.105783
-0.0461576
0.0296379
0.121255
0.210717
0.282415
0.336715
0.375832
0.402702
0.420538
0.431625
0.437764
0.439864
-0.165731
-0.166564
-0.164259
-0.156126
-0.143247
-0.124903
-0.0993467
-0.0644255
-0.0181199
0.0425941
0.116129
0.186909
0.2425
0.283445
0.312217
0.331512
0.343636
0.350509
0.353861
0.354759
-0.0872439
-0.0881001
-0.0884726
-0.08672
-0.0814086
-0.0710594
-0.0539738
-0.0291876
0.00600193
0.0533464
0.111181
0.166465
0.209129
0.240163
0.261431
0.275038
0.283152
0.287556
0.289453
0.289839
-0.032078
-0.0327809
-0.0342452
-0.035762
-0.0348686
-0.0300082
-0.0195284
-0.00193716
0.0242473
0.0606302
0.105581
0.148428
0.1811
0.204298
0.219824
0.229695
0.235408
0.238235
0.239308
0.239469
0.00289981
0.00241009
0.000918255
-0.00113815
-0.00176797
0.000354095
0.00659519
0.018581
0.0377772
0.0654243
0.0999929
0.13283
0.157643
0.175187
0.186799
0.193862
0.197723
0.199507
0.200068
0.200098
0.0238843
0.0235785
0.0225004
0.020834
0.0200638
0.0212785
0.0254375
0.0337686
0.0476741
0.0683866
0.0947903
0.119947
0.138805
0.151841
0.160225
0.165253
0.167925
0.169015
0.169242
0.169211
0.0363832
0.0361803
0.035517
0.0344388
0.0338808
0.0346361
0.0375717
0.0436991
0.054066
0.0696174
0.0895628
0.108538
0.122652
0.132391
0.138667
0.142335
0.14418
0.144854
0.144932
0.144887
0.0440858
0.0439489
0.0435422
0.0428799
0.04258
0.0431807
0.0452861
0.0496985
0.0573529
0.069041
0.0841545
0.0985495
0.109242
0.116538
0.121127
0.12376
0.125052
0.125486
0.125502
0.125456
0.0486331
0.0485401
0.0482742
0.047837
0.0476695
0.0481715
0.0497966
0.0531243
0.0588389
0.0675913
0.0789686
0.0898006
0.0977806
0.103192
0.106581
0.108501
0.109412
0.109688
0.109671
0.109628
0.0507885
0.0507238
0.0505412
0.0502339
0.0501278
0.0505158
0.0517303
0.0542182
0.0585086
0.0650881
0.0736495
0.0817965
0.0877888
0.0918338
0.0943375
0.095732
0.0963749
0.0965486
0.0965162
0.0964776
0.0511081
0.0510607
0.0509369
0.0507295
0.0506756
0.0509932
0.0519269
0.0538044
0.0570234
0.0619642
0.0684048
0.0745218
0.0790018
0.0820028
0.0838457
0.0848579
0.0853098
0.0854143
0.0853748
0.0853407
0.0500723
0.0500359
0.0499498
0.0498101
0.0497881
0.0500435
0.0507591
0.0521807
0.054606
0.0583183
0.0631526
0.0677385
0.0710856
0.073316
0.0746748
0.0754107
0.0757287
0.0757901
0.0757499
0.0757202
0.0480401
0.0480118
0.04795
0.0478549
0.0478511
0.0480558
0.0486044
0.04968
0.0515055
0.0542943
0.0579227
0.0613586
0.0638545
0.0655083
0.0665081
0.067042
0.0672649
0.0672983
0.06726
0.0672343
0.0452673
0.0452451
0.045199
0.0451313
0.0451343
0.0452945
0.045713
0.0465259
0.0478994
0.0499925
0.0527115
0.0552793
0.0571367
0.0583621
0.0590968
0.0594834
0.0596385
0.0596537
0.0596184
0.0595965
0.0419341
0.0419167
0.0418813
0.0418306
0.0418341
0.0419563
0.0422723
0.0428839
0.0439147
0.0454829
0.0475172
0.0494313
0.0508107
0.0517169
0.0522554
0.052534
0.0526404
0.0526436
0.0526119
0.0525935
0.0381755
0.0381619
0.038134
0.0380945
0.0380958
0.0381864
0.0384225
0.0388799
0.0396504
0.0408216
0.0423388
0.0437616
0.0447837
0.0454513
0.0458441
0.0460434
0.0461151
0.046111
0.0460829
0.0460676
0.0340939
0.0340832
0.0340609
0.034029
0.0340274
0.0340926
0.0342667
0.0346059
0.0351785
0.0360488
0.0371757
0.0382291
0.0389833
0.0394722
0.0397566
0.0398975
0.0399444
0.0399359
0.0399114
0.0398987
0.0297673
0.0297588
0.0297408
0.0297144
0.0297102
0.0297557
0.0298819
0.0301305
0.0305522
0.0311943
0.0320246
0.0328
0.0333527
0.0337075
0.0339111
0.0340091
0.034038
0.0340269
0.0340057
0.0339952
0.0252566
0.0252499
0.0252351
0.0252129
0.0252066
0.0252364
0.0253256
0.0255048
0.0258111
0.0262789
0.0268842
0.0274484
0.027848
0.0281024
0.0282461
0.0283127
0.0283291
0.0283167
0.0282984
0.0282897
0.0206092
0.0206041
0.0205919
0.0205728
0.0205646
0.0205823
0.0206429
0.0207686
0.0209862
0.0213206
0.0217536
0.0221557
0.0224391
0.0226176
0.0227162
0.0227594
0.0227668
0.0227541
0.0227383
0.0227312
0.0158594
0.0158555
0.0158454
0.0158292
0.0158198
0.0158286
0.0158673
0.0159518
0.0161004
0.0163307
0.016629
0.0169054
0.0170993
0.0172198
0.0172844
0.0173102
0.0173111
0.0172985
0.0172851
0.0172792
0.0110352
0.0110323
0.0110244
0.0110106
0.011001
0.0110033
0.0110255
0.0110777
0.0111717
0.0113185
0.0115096
0.011686
0.0118086
0.0118836
0.0119222
0.0119355
0.0119325
0.0119206
0.0119095
0.011905
0.00615772
0.00615603
0.00615009
0.00613913
0.00613077
0.00612948
0.00613926
0.0061656
0.00621459
0.00629198
0.00639326
0.00648644
0.00655067
0.00658931
0.00660828
0.00661302
0.00660865
0.00659878
0.00659002
0.00658699
0.00370059
0.00369848
0.00369205
0.00368429
0.00367926
0.00368055
0.0036909
0.00371292
0.00375013
0.00380558
0.00386579
0.00391271
0.00394302
0.00395985
0.00396628
0.0039644
0.00395802
0.00395045
0.00394646
0.00131146
-0.936539
-0.553903
-0.292109
-0.0657946
0.118849
0.270381
0.397772
0.508934
0.58361
0.582222
-0.352287
-0.182906
-0.0157958
0.132312
0.260663
0.369894
0.461063
0.530844
0.574465
0.595764
-0.0378825
0.0656119
0.177573
0.28099
0.371301
0.448391
0.511493
0.559998
0.595482
0.618994
0.170736
0.243462
0.322232
0.39617
0.461178
0.517082
0.563819
0.601857
0.631631
0.652744
0.327046
0.381071
0.437826
0.492768
0.541798
0.584712
0.621676
0.652955
0.677834
0.696207
0.451588
0.494586
0.537756
0.580508
0.619809
0.655089
0.686384
0.712969
0.733784
0.750142
0.557888
0.592707
0.629847
0.666316
0.700811
0.732224
0.759884
0.783343
0.801413
0.816105
0.65364
0.686476
0.722364
0.757419
0.789999
0.819622
0.845653
0.867135
0.883052
0.896346
0.751924
0.787321
0.824893
0.86056
0.893162
0.921883
0.946381
0.96618
0.980663
0.993286
0.866429
0.905166
0.945348
0.981558
1.01336
1.0406
1.06325
1.08137
1.09503
1.1081
1.00967
1.04859
1.08782
1.12092
1.14883
1.17267
1.19322
1.21065
1.22499
1.23902
1.18661
1.21703
1.24743
1.27198
1.29346
1.31312
1.33152
1.3491
1.36524
1.38022
1.38135
1.39593
1.41367
1.43056
1.44728
1.46295
1.47729
1.49144
1.50635
1.52258
1.57004
1.57484
1.58798
1.60013
1.61018
1.61958
1.62998
1.64084
1.65026
1.66249
1.79929
1.78594
1.77773
1.76288
1.75186
1.75144
1.76348
1.78729
1.81922
1.85505
2.17514
2.01589
1.91005
1.85151
1.82262
1.81614
1.83139
1.87266
1.95191
2.09706
-0.698431
-0.695778
-0.655184
-0.591001
-0.516369
-0.433691
0.388222
0.455112
0.449458
0.38812
0.320863
0.247728
-0.0201898
-0.286534
-0.621787
-1.04886
-1.6686
)
;

boundaryField
{
    wall-4
    {
        type            zeroGradient;
    }
    pressure-outlet-7
    {
        type            fixedValue;
        value           uniform 0;
    }
    velocity-inlet-6
    {
        type            zeroGradient;
    }
    velocity-inlet-5
    {
        type            zeroGradient;
    }
    frontAndBackPlanes
    {
        type            empty;
    }
}


// ************************************************************************* //
