/*--------------------------------*- C++ -*----------------------------------*\
  =========                 |
  \\      /  F ield         | OpenFOAM: The Open Source CFD Toolbox
   \\    /   O peration     | Website:  https://openfoam.org
    \\  /    A nd           | Version:  6
     \\/     M anipulation  |
\*---------------------------------------------------------------------------*/
FoamFile
{
    version     2.0;
    format      ascii;
    class       volScalarField;
    location    "15.6";
    object      p;
}
// * * * * * * * * * * * * * * * * * * * * * * * * * * * * * * * * * * * * * //

dimensions      [0 2 -2 0 0 0 0];

internalField   nonuniform List<scalar> 
8800
(
0.431477
0.382175
0.344228
0.316177
0.296032
0.281451
0.270852
0.263315
0.258421
0.256251
0.257313
0.2613
0.267785
0.276982
0.289555
0.306754
0.330541
0.363573
0.406465
0.45896
0.265935
0.272292
0.281465
0.285043
0.282482
0.276444
0.269558
0.263378
0.258558
0.255583
0.255124
0.257437
0.261769
0.267593
0.274436
0.281282
0.286016
0.285787
0.279044
0.270097
0.23935
0.245623
0.25021
0.254183
0.257247
0.258322
0.257326
0.255166
0.253038
0.251976
0.252722
0.254913
0.25754
0.259525
0.259739
0.257695
0.254124
0.249937
0.245047
0.241312
0.234975
0.237772
0.240468
0.24274
0.244605
0.2463
0.247463
0.247858
0.247672
0.247503
0.248015
0.248814
0.249154
0.248668
0.247378
0.245728
0.243818
0.241325
0.238795
0.237221
0.229818
0.231269
0.233291
0.23559
0.237466
0.238835
0.239962
0.240924
0.24167
0.242201
0.242511
0.242499
0.242121
0.241398
0.240424
0.238993
0.23699
0.234771
0.233244
0.232457
0.224915
0.225825
0.227276
0.229176
0.231137
0.232864
0.234263
0.235423
0.236426
0.237233
0.237536
0.237361
0.236843
0.235986
0.234721
0.233054
0.231226
0.229574
0.228567
0.228079
0.220367
0.221013
0.222325
0.224159
0.226088
0.228096
0.230003
0.231515
0.232601
0.233364
0.233858
0.233857
0.233245
0.232008
0.230353
0.228638
0.226908
0.225369
0.224538
0.224221
0.216445
0.21683
0.217954
0.219573
0.221206
0.222739
0.224241
0.225827
0.227322
0.228496
0.228979
0.228761
0.228047
0.227129
0.226069
0.22477
0.223312
0.221979
0.221345
0.22119
0.213938
0.214141
0.214968
0.216301
0.217743
0.219219
0.220712
0.222091
0.223382
0.224537
0.225273
0.225446
0.225161
0.224472
0.223525
0.222457
0.2213
0.220314
0.219914
0.219849
0.212146
0.212273
0.212722
0.213524
0.214517
0.215669
0.216947
0.218402
0.219903
0.221289
0.222222
0.222525
0.222372
0.221957
0.221417
0.220809
0.220217
0.219764
0.219574
0.219527
0.209741
0.209837
0.210092
0.210521
0.211215
0.212082
0.213129
0.214399
0.215853
0.21739
0.218639
0.219364
0.219671
0.219741
0.21952
0.219412
0.219267
0.219137
0.219048
0.219004
0.206438
0.206513
0.206757
0.207194
0.207721
0.208534
0.209701
0.211127
0.212803
0.214643
0.216237
0.217261
0.217799
0.218002
0.218175
0.218199
0.218194
0.218137
0.218087
0.218055
0.202527
0.202571
0.20281
0.203282
0.203939
0.204705
0.205876
0.207382
0.20925
0.211435
0.213481
0.214964
0.215923
0.216532
0.216902
0.217093
0.217137
0.217115
0.217107
0.21709
0.198239
0.198265
0.19849
0.198991
0.199735
0.200737
0.202053
0.203781
0.205976
0.208631
0.211229
0.213209
0.214553
0.215469
0.216056
0.216353
0.216457
0.216495
0.216526
0.216516
0.193602
0.193633
0.193856
0.194388
0.195206
0.196356
0.197865
0.199887
0.202523
0.205791
0.209086
0.211672
0.213531
0.21473
0.215536
0.216043
0.2163
0.216438
0.216503
0.216494
0.188409
0.18844
0.18869
0.189253
0.190161
0.191461
0.193263
0.195716
0.198951
0.203015
0.207164
0.210481
0.21286
0.214526
0.215625
0.216325
0.216744
0.216981
0.217074
0.217062
0.182398
0.182433
0.182739
0.183377
0.184421
0.185956
0.188142
0.191161
0.195177
0.200256
0.205474
0.209636
0.212713
0.21485
0.2163
0.217247
0.217839
0.218173
0.218295
0.218279
0.175301
0.175341
0.175711
0.176518
0.17777
0.179643
0.182357
0.186119
0.191139
0.197506
0.204052
0.209328
0.213173
0.215879
0.217723
0.218946
0.219722
0.220159
0.220311
0.220289
0.166841
0.166899
0.167367
0.168347
0.169953
0.172321
0.175723
0.180451
0.186771
0.194768
0.202974
0.209563
0.214356
0.217727
0.220041
0.221583
0.222563
0.223109
0.2233
0.223271
0.156642
0.156722
0.157323
0.158581
0.160629
0.163665
0.167998
0.174016
0.182014
0.192059
0.202295
0.210465
0.216397
0.220576
0.223449
0.225372
0.226598
0.227277
0.227511
0.227473
0.144145
0.144251
0.14504
0.146699
0.149382
0.153323
0.158943
0.16667
0.176814
0.189416
0.202128
0.212203
0.219499
0.224638
0.228178
0.230556
0.232075
0.232911
0.233199
0.233151
0.128562
0.128701
0.129768
0.132019
0.135617
0.140849
0.148221
0.158204
0.171118
0.186902
0.202599
0.214936
0.223852
0.230141
0.234488
0.237423
0.239305
0.240328
0.240676
0.240616
0.108763
0.108969
0.11046
0.113599
0.118535
0.125619
0.135433
0.148467
0.16494
0.184623
0.203853
0.218834
0.229652
0.237316
0.242647
0.246275
0.248622
0.249901
0.25032
0.250238
0.0829242
0.083244
0.0854576
0.0900602
0.0971231
0.107013
0.120338
0.137465
0.15842
0.182765
0.206072
0.224066
0.237076
0.246365
0.252902
0.257413
0.260357
0.261969
0.262486
0.262377
0.0478706
0.0484578
0.0521568
0.0595078
0.0702078
0.0845088
0.102859
0.125372
0.15183
0.181584
0.209446
0.230771
0.246242
0.257419
0.265428
0.271083
0.274845
0.276912
0.27755
0.2774
-0.00237202
-0.000578599
0.00695123
0.0199163
0.0369479
0.0580261
0.0833055
0.112627
0.145564
0.181346
0.214109
0.238987
0.257121
0.270422
0.280199
0.287328
0.292267
0.295075
0.295924
0.295713
-0.0770324
-0.0676502
-0.0506217
-0.0276029
-0.00108856
0.028984
0.0626875
0.099826
0.139952
0.182332
0.220477
0.249357
0.270624
0.286559
0.298688
0.308044
0.314904
0.319175
0.320699
0.320718
-0.15583
-0.136454
-0.108955
-0.075547
-0.0392787
-0.0001351
0.042044
0.0871613
0.134885
0.184619
0.229199
0.26318
0.28859
0.308093
0.323396
0.335604
0.345291
0.352132
0.354823
0.355013
-0.220653
-0.19759
-0.16209
-0.120254
-0.0754297
-0.0278428
0.0224509
0.0752784
0.130323
0.187023
0.237511
0.275938
0.304783
0.327055
0.344682
0.358811
0.369995
0.377883
0.380615
0.381015
-0.272388
-0.247061
-0.206645
-0.158945
-0.107582
-0.0530949
0.00419006
0.0639238
0.125667
0.188738
0.244452
0.286571
0.317961
0.342022
0.36086
0.375865
0.387641
0.395862
0.399026
0.399498
-0.314569
-0.288222
-0.244421
-0.19224
-0.135758
-0.0757364
-0.012605
0.053157
0.120839
0.189611
0.249885
0.294975
0.328197
0.353348
0.372814
0.388148
0.400063
0.408255
0.411602
0.412057
-0.350465
-0.323576
-0.277326
-0.221522
-0.160808
-0.0961369
-0.02803
0.0429435
0.115921
0.189799
0.25416
0.301892
0.336665
0.362658
0.3825
0.397886
0.409699
0.417793
0.421245
0.421717
-0.382105
-0.354926
-0.306765
-0.24801
-0.183759
-0.11509
-0.0425572
0.0330879
0.110914
0.18959
0.257834
0.308004
0.344143
0.370815
0.390906
0.4063
0.418018
0.425987
0.429457
0.42993
-0.410943
-0.383536
-0.33381
-0.272555
-0.205224
-0.133034
-0.0565823
0.023318
0.105633
0.18884
0.26076
0.31332
0.35085
0.378255
0.398677
0.414156
0.425833
0.433652
0.437122
0.437613
-0.437859
-0.410229
-0.35915
-0.295699
-0.225726
-0.150458
-0.0705
0.0132885
0.0997645
0.187308
0.263009
0.318128
0.357198
0.385464
0.406306
0.421938
0.433614
0.441336
0.444729
0.445261
-0.463515
-0.435583
-0.383315
-0.317901
-0.245604
-0.167596
-0.0844997
0.00282522
0.0932535
0.185097
0.264677
0.322536
0.363346
0.392641
0.414035
0.429923
0.441661
0.449305
0.452598
0.453122
-0.488165
-0.459949
-0.406582
-0.33943
-0.265053
-0.184601
-0.0986822
-0.00809179
0.0860679
0.182102
0.265647
0.326511
0.369339
0.399896
0.42202
0.438279
0.450158
0.457762
0.460924
0.461394
-0.512136
-0.483516
-0.429177
-0.360487
-0.284256
-0.201619
-0.11313
-0.0195604
0.078054
0.178159
0.265826
0.329985
0.375142
0.407243
0.430316
0.447099
0.459203
0.466807
0.469822
0.470193
-0.535465
-0.506445
-0.451199
-0.381137
-0.303263
-0.218677
-0.127912
-0.0316531
0.0691812
0.173229
0.265097
0.33284
0.380696
0.414656
0.438921
0.456404
0.468835
0.476473
0.479352
0.479575
-0.558226
-0.528794
-0.472713
-0.401411
-0.322086
-0.235796
-0.143014
-0.0443391
0.0594512
0.167229
0.263306
0.334906
0.385867
0.422068
0.4478
0.466161
0.479013
0.48669
0.489431
0.489508
-0.580457
-0.550596
-0.493709
-0.42131
-0.340723
-0.25293
-0.158372
-0.0575655
0.0488648
0.160115
0.260321
0.335949
0.390402
0.429305
0.45687
0.476332
0.48971
0.497428
0.499985
0.499911
-0.602172
-0.571828
-0.514173
-0.440798
-0.359102
-0.270015
-0.173928
-0.0712847
0.0374777
0.151876
0.256036
0.335775
0.394035
0.436151
0.466028
0.486858
0.500807
0.508485
0.51077
0.510555
-0.623206
-0.592421
-0.534051
-0.459831
-0.377175
-0.286983
-0.189609
-0.0853986
0.0253629
0.142537
0.250365
0.334171
0.396476
0.442331
0.475173
0.497769
0.512286
0.51972
0.52161
0.521238
-0.64352
-0.612326
-0.553309
-0.478352
-0.394878
-0.30376
-0.205308
-0.099809
0.0126185
0.132159
0.243269
0.330952
0.39737
0.447404
0.48406
0.509222
0.524361
0.530997
0.532148
0.531619
-0.663164
-0.631513
-0.571917
-0.496317
-0.412138
-0.320252
-0.220928
-0.114403
-0.000642198
0.120834
0.234747
0.325999
0.396356
0.450763
0.492146
0.521345
0.537879
0.5428
0.542058
0.541316
-0.681995
-0.649957
-0.589825
-0.51366
-0.428896
-0.336378
-0.236372
-0.129058
-0.0142845
0.108697
0.224854
0.319236
0.393189
0.451705
0.498411
0.533603
0.554154
0.558026
0.552736
0.549034
-0.700094
-0.667673
-0.607041
-0.530411
-0.445184
-0.352186
-0.251694
-0.14384
-0.0283748
0.0956819
0.21347
0.310439
0.387579
0.449424
0.501244
0.544091
0.572473
0.581287
0.571546
0.563935
-0.717402
-0.684723
-0.623705
-0.54675
-0.461285
-0.368002
-0.267297
-0.159236
-0.0434742
0.0811018
0.19987
0.298691
0.378757
0.442618
0.497448
0.547478
0.583061
0.59201
0.58239
0.566815
-0.733814
-0.701094
-0.639666
-0.562477
-0.476984
-0.383538
-0.282962
-0.174914
-0.0592447
0.0652867
0.184302
0.28379
0.366451
0.430976
0.482582
0.532753
0.566693
0.56274
0.501717
0.467043
-0.749238
-0.717461
-0.654475
-0.577101
-0.491699
-0.398349
-0.298445
-0.190621
-0.0754148
0.048451
0.166901
0.265617
0.350059
0.415647
0.455952
0.490057
0.506971
0.468577
0.401286
0.357988
-0.790199
-0.732742
-0.668128
-0.591374
-0.506118
-0.41326
-0.313638
-0.206458
-0.0921477
0.0303647
0.14737
0.244101
0.327323
0.398044
0.413548
0.418586
0.396752
0.340917
0.266543
0.225676
-0.763011
-0.745365
-0.688337
-0.612873
-0.527566
-0.435375
-0.336843
-0.230974
-0.118504
0.00110393
0.114234
0.206715
0.281276
0.34744
0.350082
0.24401
0.147757
0.0837321
0.0139974
0.0538052
-0.791818
-0.761432
-0.703846
-0.628353
-0.543623
-0.452043
-0.353722
-0.248917
-0.138065
-0.021065
0.0881738
0.176344
0.241952
0.275685
0.22597
0.0772583
-0.0461582
-0.12725
-0.220584
-0.156335
-0.813472
-0.780833
-0.721651
-0.645996
-0.56161
-0.470325
-0.372462
-0.268828
-0.159938
-0.0459907
0.0584624
0.140641
0.195464
0.195429
0.0777653
-0.110125
-0.264661
-0.370796
-0.484967
-0.434938
-0.834022
-0.800492
-0.740191
-0.66412
-0.579794
-0.488816
-0.391731
-0.289419
-0.18268
-0.0720357
0.0269523
0.102041
0.141946
0.10009
-0.0844796
-0.307064
-0.509114
-0.680021
-0.829237
-0.782413
-0.853851
-0.820183
-0.759292
-0.682882
-0.598567
-0.50798
-0.411769
-0.310932
-0.206499
-0.0995275
-0.00657823
0.0606346
0.0808345
-0.00505589
-0.247895
-0.503632
-0.751455
-0.964061
-1.23281
-1.32557
-0.873638
-0.840294
-0.779196
-0.7026
-0.618301
-0.528081
-0.432681
-0.333351
-0.231216
-0.12821
-0.0414875
0.0169892
0.016427
-0.129956
-0.399383
-0.679683
-0.9477
-1.17211
-1.35351
-1.57235
-0.894148
-0.861168
-0.800142
-0.723552
-0.639397
-0.549625
-0.455154
-0.357447
-0.257924
-0.15942
-0.0794494
-0.0310933
-0.0613216
-0.266325
-0.541531
-0.826005
-1.07486
-1.22374
-1.26518
-1.2854
-0.915602
-0.882992
-0.822164
-0.745741
-0.66189
-0.572701
-0.479403
-0.383514
-0.287178
-0.193652
-0.121116
-0.084601
-0.149556
-0.397532
-0.675847
-0.937975
-1.13937
-1.20708
-1.22388
-1.22502
-0.938228
-0.905822
-0.845218
-0.769058
-0.685629
-0.59721
-0.505283
-0.411495
-0.318931
-0.230657
-0.16621
-0.145617
-0.241795
-0.522274
-0.79965
-1.03781
-1.18023
-1.20031
-1.20219
-1.20172
-0.961794
-0.929613
-0.869228
-0.793384
-0.7105
-0.623007
-0.532596
-0.441317
-0.352779
-0.270295
-0.214135
-0.210894
-0.34073
-0.636227
-0.914121
-1.12421
-1.18835
-1.19501
-1.19305
-1.19164
-0.986069
-0.954082
-0.893993
-0.818522
-0.736284
-0.649861
-0.561136
-0.472663
-0.388316
-0.31254
-0.264313
-0.281067
-0.449839
-0.735046
-1.01813
-1.20044
-1.2048
-1.19619
-1.19014
-1.18704
-1.01033
-0.978806
-0.919164
-0.844147
-0.762624
-0.677434
-0.59056
-0.504909
-0.425332
-0.356864
-0.315651
-0.359405
-0.559381
-0.815392
-1.07978
-1.26489
-1.24833
-1.20462
-1.18423
-1.17912
-1.03401
-1.00324
-0.944226
-0.869771
-0.789017
-0.705207
-0.620281
-0.537478
-0.46296
-0.402623
-0.366838
-0.44572
-0.681387
-0.87287
-1.04049
-1.1777
-1.25038
-1.24214
-1.2271
-1.22098
-1.05677
-1.02671
-0.968509
-0.894689
-0.81486
-0.732399
-0.649523
-0.569905
-0.499335
-0.448856
-0.416598
-0.527194
-0.839723
-0.990067
-0.895096
-0.989941
-1.30693
-1.56204
-1.57213
-1.53514
-1.07724
-1.04827
-0.991171
-0.918074
-0.839297
-0.758056
-0.677412
-0.600893
-0.532904
-0.492195
-0.467371
-0.594843
-1.04749
-1.33551
-1.15385
-1.18253
-1.58645
-1.85466
-1.83816
-1.82703
-1.09422
-1.0668
-1.0111
-0.938962
-0.86108
-0.781314
-0.702621
-0.628298
-0.563777
-0.526736
-0.51816
-0.652319
-1.27141
-2.02795
-2.50151
-2.75879
-2.75996
-2.3769
-2.05982
-2.04011
-1.10653
-1.08102
-1.02711
-0.95605
-0.879038
-0.80081
-0.723496
-0.651039
-0.589496
-0.550062
-0.56497
-0.716393
-1.42159
-2.55242
-3.5988
-3.96945
-3.898
-3.50528
-3.01598
-2.80607
-1.11264
-1.08949
-1.03789
-0.967798
-0.891899
-0.814855
-0.738947
-0.667697
-0.605559
-0.563215
-0.577574
-0.738982
-1.34027
-2.26713
-3.26697
-3.53317
-3.49325
-3.31017
-3.05313
-2.88021
-1.11185
-1.09134
-1.04187
-0.972842
-0.897865
-0.822151
-0.747984
-0.677627
-0.612419
-0.556658
-0.573551
-0.5792
-0.96064
-1.30615
-1.73891
-2.02796
-1.93914
-1.70305
-1.4693
-1.33918
-1.10069
-1.08301
-1.0366
-0.969131
-0.895373
-0.821736
-0.749787
-0.68023
-0.610186
-0.537517
-0.482471
-0.416312
-0.330699
-0.274065
-0.0416811
0.267352
0.60423
0.897198
1.10737
1.19577
-1.07779
-1.06301
-1.01997
-0.954563
-0.883001
-0.812343
-0.74395
-0.676299
-0.604182
-0.508133
-0.395535
-0.27316
0.0399732
0.577382
1.20309
1.82289
2.31906
2.63447
2.79699
2.84798
-1.04092
-1.02891
-0.989377
-0.927199
-0.859677
-0.794016
-0.73198
-0.672939
-0.605369
-0.490581
-0.349293
-0.143747
0.143463
0.662402
1.32238
1.94141
2.39813
2.66334
2.78773
2.82083
-0.986391
-0.976902
-0.942334
-0.886543
-0.825564
-0.768077
-0.717447
-0.675498
-0.627829
-0.520906
-0.365413
-0.155181
0.131095
0.492231
0.986023
1.45301
1.78739
1.99758
2.09908
2.13142
-0.914498
-0.906798
-0.879607
-0.833301
-0.782644
-0.737037
-0.702613
-0.686937
-0.692872
-0.686178
-0.636106
-0.410055
-0.0562894
0.196763
0.578579
0.913338
1.18074
1.34831
1.4373
1.46449
-0.832288
-0.826352
-0.806099
-0.771772
-0.734249
-0.703352
-0.689734
-0.714945
-0.824548
-1.08732
-1.33161
-1.09024
-0.553936
-0.224814
0.112672
0.398358
0.616403
0.749101
0.810114
0.820537
-0.736214
-0.733459
-0.721656
-0.700638
-0.678014
-0.662863
-0.66939
-0.732109
-0.947856
-1.48482
-2.09623
-1.81273
-1.10461
-0.672578
-0.288686
0.0202782
0.234446
0.354478
0.410937
0.425154
-0.638037
-0.637412
-0.63094
-0.619307
-0.607937
-0.604244
-0.622469
-0.700979
-0.952412
-1.59774
-2.27694
-1.97249
-1.31853
-0.844524
-0.454464
-0.173668
-0.00990953
0.0671122
0.097971
0.10201
-0.535972
-0.536057
-0.532282
-0.525365
-0.519794
-0.520569
-0.539075
-0.605656
-0.80868
-1.31965
-1.82756
-1.64354
-1.16756
-0.738663
-0.423808
-0.236767
-0.152821
-0.117793
-0.104012
-0.101497
-0.427738
-0.428216
-0.425718
-0.421117
-0.417171
-0.416908
-0.426984
-0.464703
-0.577963
-0.855809
-1.10009
-0.951119
-0.665009
-0.406002
-0.251697
-0.188731
-0.168994
-0.163877
-0.161959
-0.16118
-0.318066
-0.318627
-0.317375
-0.314427
-0.311043
-0.308289
-0.308637
-0.318686
-0.354975
-0.441726
-0.49079
-0.408149
-0.245763
-0.151009
-0.109837
-0.109045
-0.117107
-0.124506
-0.127687
-0.128303
-0.217024
-0.217604
-0.217588
-0.216335
-0.213712
-0.20943
-0.203545
-0.196854
-0.19111
-0.183467
-0.143179
-0.0959273
-0.0367572
-0.022367
-0.02668
-0.040257
-0.0532507
-0.062088
-0.0661379
-0.0672809
-0.132659
-0.133198
-0.134059
-0.134217
-0.132774
-0.128668
-0.120801
-0.107805
-0.0875919
-0.0556521
-0.0104342
0.0187524
0.0384788
0.0357247
0.0232683
0.00975353
-0.00135798
-0.0086014
-0.0120981
-0.0132575
-0.0684696
-0.0689361
-0.070173
-0.0711304
-0.0705919
-0.0674486
-0.0603347
-0.0474706
-0.0264849
0.00500075
0.040089
0.0595949
0.0650253
0.0600558
0.0501432
0.0400992
0.0319315
0.0266507
0.0240258
0.0230662
-0.0229639
-0.0233301
-0.0246029
-0.0259448
-0.0260749
-0.0239572
-0.0184381
-0.00797432
0.00915432
0.0338045
0.0584117
0.0712258
0.0732779
0.0692465
0.0624094
0.0553807
0.04959
0.045791
0.0438899
0.0431703
0.00731685
0.00704224
0.00591381
0.00449628
0.00388824
0.00504147
0.00891355
0.0166017
0.029186
0.0468147
0.0635093
0.0720316
0.0732102
0.0703135
0.0657187
0.0608997
0.0567653
0.0539853
0.0526168
0.0521007
0.0261924
0.025993
0.0250796
0.0237923
0.0229912
0.0233901
0.0257561
0.0309841
0.0397724
0.051908
0.0630116
0.068552
0.0693227
0.0674226
0.0642934
0.060883
0.0578624
0.0557787
0.054782
0.0544195
0.0370561
0.0369079
0.0362188
0.0351457
0.0343443
0.0343561
0.0356972
0.0389525
0.0446766
0.0527294
0.0600962
0.0637958
0.0642961
0.0628912
0.0606217
0.0581334
0.055863
0.0542654
0.0535277
0.0532735
0.042619
0.0424991
0.0419781
0.0410981
0.0403499
0.0401116
0.0408047
0.0428387
0.0465196
0.0517148
0.0564244
0.0586757
0.0588224
0.0577347
0.0560502
0.0541812
0.0524495
0.0512212
0.0506727
0.0504933
0.0447554
0.0446524
0.0442335
0.0434888
0.0427873
0.0423878
0.0425736
0.0436515
0.045868
0.0491198
0.0520629
0.0534191
0.0533928
0.0525109
0.0512111
0.049791
0.0484718
0.0475379
0.0471334
0.047005
0.0446142
0.0445249
0.044175
0.0435386
0.0428944
0.0424327
0.0423526
0.0428487
0.0440782
0.0460038
0.0477578
0.0484636
0.0482517
0.0474851
0.0464553
0.0453536
0.0443379
0.0436263
0.0433262
0.0432329
0.042923
0.0428467
0.042548
0.0419956
0.0414036
0.0409095
0.0406518
0.0407712
0.0413742
0.0424201
0.0433552
0.04363
0.0433254
0.0426654
0.0418408
0.0409829
0.0402028
0.0396621
0.0394378
0.0393689
0.0401676
0.0401047
0.0398548
0.0393825
0.0388537
0.03837
0.0380248
0.0379093
0.0380997
0.0385805
0.039003
0.0390089
0.0386483
0.03807
0.0374001
0.0367251
0.0361213
0.0357067
0.0355368
0.0354854
0.0366923
0.036642
0.0364395
0.0360449
0.0355869
0.0351401
0.0347684
0.0345335
0.0344842
0.0346085
0.0346967
0.0345336
0.0341549
0.0336521
0.0331047
0.0325697
0.0320984
0.0317779
0.0316485
0.0316102
0.0327416
0.0327016
0.0325415
0.0322213
0.0318365
0.0314425
0.0310807
0.0307916
0.0306085
0.0305258
0.0304229
0.0301744
0.0298057
0.0293718
0.0289238
0.0284977
0.0281281
0.0278798
0.0277814
0.0277528
0.0284931
0.0284613
0.0283373
0.0280848
0.0277723
0.0274399
0.0271133
0.0268189
0.0265781
0.0263879
0.0261852
0.0259039
0.0255626
0.0251936
0.0248289
0.0244902
0.0242009
0.0240093
0.0239345
0.0239131
0.0240726
0.0240474
0.0239522
0.0237573
0.0235104
0.0232394
0.0229596
0.0226878
0.0224378
0.0222081
0.0219698
0.0216935
0.021393
0.0210863
0.0207938
0.0205277
0.0203037
0.0201571
0.0201002
0.0200841
0.0195603
0.0195408
0.0194687
0.0193209
0.0191305
0.0189167
0.0186884
0.0184559
0.0182278
0.0180028
0.0177714
0.0175252
0.0172739
0.0170276
0.0167983
0.0165934
0.0164227
0.0163118
0.016269
0.016257
0.0149995
0.0149849
0.0149314
0.0148218
0.0146793
0.0145175
0.0143417
0.0141578
0.0139708
0.0137798
0.0135839
0.0133842
0.013188
0.0130005
0.0128283
0.0126753
0.0125487
0.0124665
0.012435
0.0124262
0.0104095
0.010399
0.0103612
0.0102837
0.0101836
0.0100707
0.00994817
0.00981854
0.00968475
0.00954605
0.00940364
0.00926147
0.00912452
0.00899493
0.00887599
0.00876965
0.00868061
0.00862249
0.00860017
0.00859382
0.0057981
0.00579123
0.00576777
0.0057203
0.0056615
0.00559781
0.00552965
0.00545771
0.0053829
0.00530576
0.00522626
0.00514718
0.00507147
0.00499987
0.00493359
0.00487285
0.00481967
0.00478387
0.00476994
0.00476539
0.0011742
0.00117515
0.00118023
0.00117624
0.00116363
0.0011484
0.00113169
0.00111381
0.00109455
0.00107305
0.00105091
0.00102948
0.00100953
0.000990962
0.000973963
0.000958229
0.000944118
0.000934729
0.000935973
0.000939523
-0.61934
-0.380159
-0.154217
0.0300198
0.182095
0.306679
0.413942
0.502294
0.531088
0.527116
-0.24224
-0.0871088
0.0568072
0.18246
0.29014
0.38101
0.454029
0.504797
0.532412
0.548311
0.01166
0.112049
0.211944
0.300668
0.377291
0.441406
0.492173
0.530371
0.557585
0.576737
0.189898
0.260528
0.332229
0.396674
0.452541
0.499863
0.538997
0.570845
0.594541
0.613615
0.328174
0.379869
0.432784
0.481393
0.524299
0.561762
0.594006
0.620898
0.640891
0.659212
0.441735
0.482377
0.523075
0.561968
0.597391
0.629117
0.656844
0.67987
0.69705
0.714726
0.538858
0.574474
0.609876
0.64406
0.675787
0.704457
0.72944
0.74978
0.76466
0.78187
0.631064
0.665697
0.70035
0.733529
0.764036
0.791293
0.814607
0.833056
0.846124
0.862827
0.728808
0.766525
0.802714
0.836461
0.866726
0.892979
0.914882
0.931799
0.943818
0.960089
0.844098
0.885712
0.923512
0.957105
0.986231
1.01081
1.03093
1.04661
1.05878
1.07494
0.987076
1.0284
1.06414
1.09412
1.11974
1.14173
1.16057
1.17631
1.18959
1.2056
1.15926
1.19147
1.21881
1.2415
1.26186
1.28084
1.29876
1.31568
1.33071
1.34648
1.34584
1.36318
1.3805
1.3974
1.41367
1.42853
1.44256
1.45713
1.47244
1.4898
1.52958
1.53955
1.55281
1.56386
1.57333
1.5831
1.59382
1.6041
1.61345
1.63915
1.74763
1.74196
1.72902
1.71477
1.70854
1.71435
1.73253
1.76109
1.7949
1.83125
2.05039
1.91444
1.83504
1.79269
1.77542
1.77938
1.80687
1.86474
1.9724
2.15082
0.335146
0.328852
0.321144
0.310059
0.296521
0.283909
0.273559
0.265571
0.259847
0.256466
0.255942
0.258464
0.263408
0.270521
0.279864
0.291534
0.304983
0.317826
0.326751
0.334259
0.244164
0.250095
0.258206
0.264398
0.267538
0.267108
0.264086
0.26014
0.256548
0.254179
0.253842
0.25581
0.25927
0.26344
0.267308
0.269351
0.268107
0.263338
0.256187
0.248303
0.237284
0.239662
0.243005
0.245884
0.24847
0.250809
0.252147
0.2521
0.251143
0.250129
0.250094
0.251299
0.252826
0.253721
0.253302
0.251531
0.249116
0.246552
0.243416
0.240335
0.232401
0.233486
0.235503
0.238014
0.240055
0.24159
0.242894
0.243891
0.244447
0.244707
0.244997
0.245415
0.245529
0.245121
0.244206
0.242985
0.241365
0.239111
0.236788
0.235244
0.227324
0.227933
0.229174
0.231139
0.233187
0.234916
0.236214
0.23735
0.2384
0.239294
0.239828
0.239825
0.239437
0.23878
0.237907
0.236632
0.234858
0.232906
0.231311
0.230456
0.222599
0.222995
0.223953
0.225649
0.22761
0.229612
0.231485
0.232959
0.23404
0.234862
0.235454
0.235672
0.235447
0.234703
0.233384
0.231681
0.229879
0.228138
0.226838
0.226246
0.218266
0.218498
0.219283
0.220843
0.222628
0.224394
0.22619
0.227962
0.229533
0.230729
0.231478
0.231636
0.231119
0.230083
0.228748
0.2273
0.225754
0.224173
0.223033
0.222629
0.215017
0.215113
0.215691
0.217023
0.218581
0.220104
0.221525
0.222904
0.22428
0.225576
0.226502
0.22677
0.226535
0.225964
0.225151
0.22407
0.222795
0.221475
0.220572
0.220346
0.213048
0.213093
0.21344
0.214332
0.215524
0.216815
0.218279
0.219779
0.221234
0.222581
0.223652
0.22418
0.224136
0.223639
0.22286
0.222034
0.221148
0.220301
0.219791
0.21967
0.211067
0.211108
0.211308
0.211766
0.212458
0.21332
0.214312
0.215515
0.216915
0.218403
0.219722
0.220523
0.220801
0.220805
0.220609
0.220231
0.219913
0.219614
0.219423
0.219348
0.208186
0.208216
0.208368
0.208693
0.209158
0.209926
0.210897
0.212149
0.213608
0.215236
0.216832
0.217991
0.218606
0.218804
0.218846
0.218853
0.218782
0.218714
0.218632
0.218581
0.204537
0.204549
0.204686
0.205035
0.205566
0.206211
0.207187
0.208471
0.210088
0.211989
0.213956
0.215506
0.216474
0.217053
0.217367
0.217546
0.217638
0.217618
0.217578
0.217557
0.200423
0.200419
0.200538
0.20092
0.201546
0.20229
0.203306
0.204746
0.206559
0.208777
0.211211
0.21327
0.214688
0.215614
0.216247
0.216576
0.216724
0.216743
0.21675
0.216752
0.19597
0.195964
0.196065
0.196444
0.197089
0.198016
0.199302
0.200879
0.203001
0.205683
0.208712
0.211365
0.213269
0.214566
0.215406
0.215968
0.216238
0.216361
0.216432
0.216449
0.191099
0.191086
0.191211
0.191602
0.192298
0.193308
0.194715
0.196638
0.1992
0.202486
0.20627
0.209673
0.212197
0.213942
0.215106
0.215861
0.216314
0.216571
0.216705
0.21673
0.185538
0.185524
0.185674
0.186105
0.186862
0.188015
0.189684
0.192015
0.195163
0.199241
0.203987
0.208299
0.211418
0.213733
0.215302
0.216337
0.216999
0.217399
0.217594
0.217625
0.17903
0.179014
0.179198
0.179717
0.180602
0.181983
0.184011
0.186878
0.190787
0.195883
0.201834
0.207245
0.211296
0.214167
0.216163
0.217507
0.21839
0.218933
0.219189
0.21923
0.171297
0.171275
0.171505
0.172137
0.173259
0.174986
0.1775
0.181089
0.185997
0.19239
0.19985
0.206636
0.211703
0.215315
0.217815
0.219512
0.220638
0.221331
0.221654
0.221708
0.162004
0.161974
0.162278
0.163102
0.164524
0.166714
0.169926
0.174482
0.18068
0.188723
0.198069
0.206531
0.212818
0.217306
0.220422
0.222537
0.223945
0.224819
0.225224
0.225288
0.150702
0.150666
0.151076
0.152162
0.15401
0.156842
0.16099
0.166821
0.174698
0.184849
0.196535
0.207034
0.214797
0.220336
0.224186
0.226804
0.228549
0.229634
0.230136
0.230214
0.136747
0.136709
0.137283
0.138738
0.141178
0.144904
0.150313
0.157857
0.167952
0.180775
0.195337
0.208285
0.217811
0.224605
0.229338
0.232566
0.234723
0.236069
0.236693
0.236785
0.119182
0.11915
0.119974
0.121971
0.125284
0.130299
0.137501
0.147402
0.160389
0.176563
0.194605
0.210452
0.222053
0.230334
0.236125
0.240097
0.242763
0.24443
0.245207
0.245318
0.0965112
0.096504
0.0977468
0.100612
0.105295
0.112267
0.122082
0.135223
0.151992
0.17233
0.194505
0.213708
0.227709
0.237737
0.2448
0.249688
0.252996
0.255074
0.256039
0.256175
0.0664005
0.0664899
0.0685048
0.0728482
0.0798058
0.0898871
0.10358
0.121215
0.142881
0.16827
0.195222
0.218209
0.234921
0.246969
0.255561
0.261598
0.265744
0.268368
0.269576
0.269739
0.024541
0.0249204
0.0286207
0.036067
0.0472408
0.0624913
0.0819563
0.105662
0.133415
0.164697
0.196969
0.224076
0.243752
0.258068
0.268465
0.27595
0.281233
0.284633
0.286171
0.28636
-0.0369878
-0.0351598
-0.0264364
-0.0121995
0.00686859
0.0303477
0.0578726
0.0892493
0.124159
0.161998
0.199945
0.231351
0.254128
0.270873
0.283294
0.292537
0.299288
0.30377
0.305849
0.306114
-0.111374
-0.107703
-0.0909649
-0.0659941
-0.0364314
-0.00343878
0.0328449
0.0724238
0.115042
0.160183
0.204828
0.241731
0.268802
0.289149
0.304707
0.316759
0.326188
0.332418
0.335008
0.335802
-0.186802
-0.177614
-0.15271
-0.117818
-0.0785196
-0.0363585
0.00860578
0.0563458
0.106656
0.159118
0.210532
0.252974
0.284302
0.308143
0.326756
0.341511
0.353218
0.361318
0.365622
0.367072
-0.245028
-0.234671
-0.204872
-0.163255
-0.116587
-0.0667589
-0.0141117
0.0411198
0.0986386
0.157963
0.215586
0.26287
0.297669
0.324121
0.344717
0.361031
0.373895
0.383118
0.388222
0.389865
-0.292183
-0.281178
-0.248067
-0.201703
-0.149573
-0.0937741
-0.0348456
0.0268206
0.0907705
0.1563
0.219477
0.270885
0.308343
0.336508
0.358194
0.375177
0.388525
0.398226
0.40362
0.405305
-0.331221
-0.320145
-0.28497
-0.234952
-0.178422
-0.117759
-0.0536064
0.0135686
0.0831077
0.154177
0.222274
0.277194
0.3168
0.346224
0.368611
0.385938
0.399375
0.409075
0.414415
0.416106
-0.365136
-0.354077
-0.317371
-0.264434
-0.204284
-0.139536
-0.0709006
0.00110095
0.0756374
0.151713
0.224375
0.28259
0.324134
0.354619
0.377494
0.394953
0.408344
0.418002
0.423324
0.424948
-0.395477
-0.384485
-0.346618
-0.291311
-0.228127
-0.159859
-0.0872321
-0.0109192
0.068211
0.14897
0.22596
0.287255
0.330603
0.362064
0.385396
0.403012
0.416404
0.426036
0.431362
0.432848
-0.423433
-0.412474
-0.3737
-0.316358
-0.250511
-0.179181
-0.103055
-0.0228507
0.0605013
0.145655
0.22677
0.291195
0.336462
0.369017
0.392911
0.410761
0.424207
0.433808
0.43911
0.4405
-0.449815
-0.438848
-0.399235
-0.340088
-0.271944
-0.19794
-0.118702
-0.0349807
0.0522422
0.141609
0.226926
0.294635
0.341993
0.375791
0.400368
0.418547
0.432108
0.441702
0.446983
0.448281
-0.475028
-0.464051
-0.423665
-0.362889
-0.292724
-0.216321
-0.134303
-0.0474071
0.0434333
0.136866
0.226385
0.297537
0.347227
0.382495
0.40794
0.426586
0.44036
0.449989
0.455219
0.456459
-0.499408
-0.488355
-0.447254
-0.385024
-0.313057
-0.234518
-0.150004
-0.0601925
0.0340083
0.131282
0.224988
0.299838
0.352172
0.389197
0.415723
0.434995
0.449087
0.458803
0.463948
0.465151
-0.52315
-0.511932
-0.47014
-0.406634
-0.333062
-0.252628
-0.165868
-0.0734383
0.0238256
0.12476
0.222661
0.301427
0.356743
0.395864
0.423729
0.443801
0.458328
0.468203
0.473265
0.474423
-0.546281
-0.534879
-0.492447
-0.427777
-0.352773
-0.270657
-0.181927
-0.0871626
0.0129013
0.117273
0.219288
0.302141
0.360763
0.402354
0.431896
0.453006
0.468107
0.478201
0.483192
0.484235
-0.568895
-0.55726
-0.514212
-0.44847
-0.372209
-0.288623
-0.198153
-0.101313
0.0012701
0.108797
0.214774
0.301821
0.364076
0.408535
0.440134
0.462547
0.478381
0.488744
0.493648
0.494546
-0.590912
-0.579068
-0.535418
-0.468706
-0.391337
-0.306462
-0.214473
-0.115834
-0.0110456
0.0993275
0.209044
0.300289
0.366465
0.414254
0.448351
0.472379
0.48909
0.499739
0.504527
0.505228
-0.612354
-0.60027
-0.556018
-0.48844
-0.410105
-0.324118
-0.230833
-0.130652
-0.0239605
0.0889159
0.202053
0.297381
0.367621
0.419186
0.456354
0.482451
0.500189
0.511028
0.515543
0.516019
-0.633041
-0.6208
-0.575967
-0.507626
-0.428454
-0.341514
-0.247153
-0.145674
-0.0373835
0.077636
0.193805
0.292975
0.367276
0.422925
0.463846
0.492742
0.511801
0.522592
0.526517
0.526675
-0.653085
-0.640621
-0.595228
-0.52623
-0.446341
-0.358594
-0.263325
-0.160802
-0.0512072
0.065591
0.184329
0.286995
0.365212
0.425039
0.470351
0.50315
0.524339
0.534737
0.537222
0.536799
-0.672343
-0.659664
-0.61379
-0.544198
-0.463679
-0.375269
-0.279264
-0.175911
-0.0653054
0.0528809
0.173714
0.279394
0.361224
0.425052
0.475085
0.51313
0.538375
0.549018
0.548399
0.546001
-0.690876
-0.677997
-0.631599
-0.561477
-0.480431
-0.391473
-0.294885
-0.190913
-0.0795544
0.0396627
0.162091
0.270178
0.355222
0.422523
0.47699
0.521281
0.553345
0.568017
0.565395
0.553159
-0.708591
-0.695587
-0.648747
-0.57823
-0.496805
-0.40749
-0.310526
-0.206221
-0.0944294
0.0253893
0.148855
0.258647
0.346527
0.416717
0.474447
0.525019
0.566079
0.588267
0.588485
0.582667
-0.725479
-0.712512
-0.665248
-0.594386
-0.512777
-0.423301
-0.326144
-0.221838
-0.109936
0.00999154
0.133895
0.24453
0.33461
0.407149
0.46511
0.51836
0.563694
0.589421
0.569767
0.523363
-0.74139
-0.728637
-0.681101
-0.609837
-0.528342
-0.438928
-0.341719
-0.237623
-0.125977
-0.00642461
0.117231
0.227783
0.318826
0.393836
0.448419
0.492736
0.533707
0.539082
0.490149
0.426253
-0.758914
-0.743223
-0.695989
-0.624345
-0.543422
-0.454111
-0.357544
-0.253517
-0.142444
-0.0237055
0.0988886
0.208402
0.298248
0.377581
0.426682
0.466668
0.4613
0.43598
0.373119
0.305775
-0.746938
-0.72346
-0.675605
-0.601347
-0.516104
-0.42331
-0.32206
-0.215275
-0.101526
0.0201389
0.136159
0.231873
0.313014
0.390125
0.437676
0.373234
0.337633
0.283466
0.212934
0.166958
-0.7597
-0.752084
-0.71372
-0.647567
-0.566908
-0.477996
-0.381659
-0.278492
-0.168758
-0.0520086
0.0674211
0.173634
0.257657
0.334045
0.395271
0.389393
0.291134
0.214584
0.156829
0.0735529
-0.779337
-0.769015
-0.727304
-0.659928
-0.579018
-0.490831
-0.39583
-0.293887
-0.185559
-0.0707578
0.0458523
0.149012
0.228946
0.292311
0.314362
0.242276
0.102241
0.0139724
-0.0549207
-0.140536
-0.800741
-0.789323
-0.744545
-0.676205
-0.595425
-0.507474
-0.412715
-0.311376
-0.204385
-0.091609
0.0213374
0.119307
0.19242
0.236712
0.206669
0.0688203
-0.0894742
-0.199904
-0.286107
-0.413908
-0.821251
-0.809854
-0.763514
-0.694236
-0.613506
-0.525737
-0.43133
-0.330908
-0.225431
-0.1151
-0.00630676
0.085582
0.150196
0.172492
0.0957215
-0.108145
-0.302437
-0.454757
-0.577512
-0.734968
-0.841216
-0.82995
-0.782752
-0.712763
-0.631866
-0.544283
-0.450465
-0.351203
-0.247439
-0.139972
-0.0357325
0.049409
0.104029
0.0970009
-0.0451688
-0.286917
-0.523186
-0.74425
-0.917803
-1.23504
-0.86104
-0.850041
-0.802486
-0.732109
-0.651081
-0.563666
-0.470471
-0.372361
-0.27044
-0.166116
-0.0667031
0.011115
0.0546292
0.00580789
-0.194314
-0.459665
-0.729918
-0.970892
-1.20657
-1.61946
-0.881235
-0.870505
-0.822962
-0.752445
-0.671383
-0.584151
-0.49157
-0.394561
-0.294622
-0.193516
-0.0990872
-0.0290453
0.000533645
-0.0868713
-0.336814
-0.613439
-0.895014
-1.1327
-1.26318
-1.33426
-0.902334
-0.891819
-0.844419
-0.773978
-0.693066
-0.60617
-0.514348
-0.41866
-0.321076
-0.223501
-0.134757
-0.0734119
-0.0623106
-0.188402
-0.474251
-0.751671
-1.00634
-1.17898
-1.23254
-1.24554
-0.924452
-0.914118
-0.866878
-0.79663
-0.71599
-0.629591
-0.538692
-0.444617
-0.349667
-0.256169
-0.173763
-0.122562
-0.132649
-0.311255
-0.602479
-0.869963
-1.09105
-1.18922
-1.20894
-1.21118
-0.947641
-0.937442
-0.890336
-0.820309
-0.740042
-0.654295
-0.564475
-0.472317
-0.380199
-0.291589
-0.215806
-0.175865
-0.215287
-0.432275
-0.721699
-0.980199
-1.15081
-1.20026
-1.19691
-1.19676
-0.971653
-0.961596
-0.914667
-0.844881
-0.765063
-0.680096
-0.591539
-0.501472
-0.412556
-0.329496
-0.260261
-0.232342
-0.301887
-0.544938
-0.829929
-1.08459
-1.18409
-1.19459
-1.19265
-1.19019
-0.996107
-0.986233
-0.939545
-0.870087
-0.790787
-0.706731
-0.619595
-0.531719
-0.4465
-0.369204
-0.306679
-0.292354
-0.391162
-0.646736
-0.917423
-1.17246
-1.24012
-1.21176
-1.19363
-1.18557
-1.02053
-1.01082
-0.96452
-0.895513
-0.816808
-0.733753
-0.648187
-0.562672
-0.481177
-0.410207
-0.354387
-0.354717
-0.489302
-0.739296
-0.956885
-1.18017
-1.27952
-1.23042
-1.19428
-1.18393
-1.04403
-1.03464
-0.98904
-0.92055
-0.842575
-0.760529
-0.67673
-0.593734
-0.515449
-0.451444
-0.403115
-0.413162
-0.608971
-0.859763
-0.931795
-1.03483
-1.15849
-1.31462
-1.36461
-1.34493
-1.06599
-1.05704
-1.01232
-0.94446
-0.867291
-0.786353
-0.704336
-0.623768
-0.548762
-0.49034
-0.453043
-0.465371
-0.741145
-1.06688
-1.05083
-0.818576
-1.1669
-1.63448
-1.79055
-1.74143
-1.08518
-1.07676
-1.03331
-0.966322
-0.889958
-0.810341
-0.729798
-0.651505
-0.580414
-0.523894
-0.502301
-0.518895
-0.863668
-1.44087
-1.76504
-1.74572
-1.92257
-1.99861
-1.89729
-1.85604
-1.10047
-1.09267
-1.05089
-0.984935
-0.90954
-0.831079
-0.752027
-0.675975
-0.607561
-0.552178
-0.542343
-0.56864
-0.970229
-1.84308
-2.85476
-3.41907
-3.57943
-3.26963
-2.75191
-2.42362
-1.1104
-1.10332
-1.0637
-0.99903
-0.924629
-0.847191
-0.769794
-0.695282
-0.627665
-0.573607
-0.563286
-0.609903
-1.02512
-1.92791
-3.1704
-3.87128
-3.96864
-3.7676
-3.42831
-3.11662
-1.11342
-1.10703
-1.07062
-1.00706
-0.933635
-0.857411
-0.781568
-0.708103
-0.639751
-0.582436
-0.563558
-0.572429
-0.917703
-1.49128
-2.18618
-2.75319
-2.88384
-2.77937
-2.57219
-2.37201
-1.10784
-1.10271
-1.06944
-1.00756
-0.934939
-0.860229
-0.785939
-0.713835
-0.645442
-0.580301
-0.521267
-0.533579
-0.552532
-0.735202
-0.852272
-0.955308
-0.82743
-0.557333
-0.304262
-0.126466
-1.09138
-1.0872
-1.05745
-0.998033
-0.926721
-0.854063
-0.782415
-0.713072
-0.645496
-0.566829
-0.478057
-0.41487
-0.209334
0.0606129
0.45949
0.988784
1.4746
1.86261
2.11445
2.23296
-1.06182
-1.05858
-1.03263
-0.976288
-0.907408
-0.838089
-0.770939
-0.707334
-0.642521
-0.556731
-0.43873
-0.28416
-0.0844374
0.374706
1.0204
1.70983
2.29879
2.69989
2.90789
2.97682
-1.01718
-1.01479
-0.992124
-0.940051
-0.876099
-0.81221
-0.752596
-0.698004
-0.644691
-0.567444
-0.43341
-0.249613
0.0106128
0.337984
0.881909
1.45763
1.9361
2.24931
2.41946
2.48253
-0.953064
-0.951621
-0.932429
-0.888427
-0.832762
-0.778008
-0.729856
-0.692021
-0.664928
-0.618981
-0.525781
-0.369605
-0.0779085
0.20091
0.553282
1.00154
1.34656
1.59398
1.73097
1.79148
-0.874777
-0.873001
-0.85875
-0.82494
-0.780967
-0.738525
-0.70584
-0.693146
-0.719795
-0.794483
-0.888514
-0.85355
-0.472361
-0.0995643
0.183017
0.509299
0.784012
0.984421
1.10878
1.16681
-0.786118
-0.784567
-0.775503
-0.752654
-0.722385
-0.694534
-0.67934
-0.695263
-0.78949
-1.07531
-1.57534
-1.70927
-1.17885
-0.655574
-0.287282
0.039846
0.298656
0.466084
0.555108
0.600094
-0.687392
-0.687117
-0.682515
-0.669755
-0.652785
-0.639117
-0.63888
-0.674981
-0.811527
-1.21828
-2.01103
-2.23198
-1.58124
-1.01846
-0.586859
-0.235342
0.0151949
0.162275
0.231591
0.253226
-0.587383
-0.587827
-0.585824
-0.578455
-0.569514
-0.564317
-0.571356
-0.611973
-0.746764
-1.14126
-1.88009
-2.09135
-1.56677
-1.05498
-0.631681
-0.325166
-0.146929
-0.0655074
-0.0300318
-0.0187712
-0.482228
-0.48307
-0.481992
-0.477088
-0.471603
-0.469035
-0.475042
-0.504176
-0.596634
-0.859765
-1.32442
-1.43983
-1.12409
-0.751649
-0.447606
-0.272245
-0.192561
-0.162669
-0.151622
-0.147371
-0.371957
-0.372855
-0.372387
-0.369294
-0.365367
-0.362479
-0.363351
-0.375038
-0.416089
-0.532192
-0.728009
-0.741605
-0.528036
-0.33405
-0.201776
-0.155726
-0.146827
-0.148653
-0.151469
-0.151742
-0.265487
-0.266305
-0.266383
-0.264972
-0.262293
-0.258806
-0.255066
-0.252862
-0.257149
-0.276867
-0.292508
-0.255461
-0.166926
-0.0930992
-0.065766
-0.0666464
-0.0788987
-0.0896658
-0.0959893
-0.0980531
-0.172033
-0.172689
-0.173213
-0.173402
-0.172226
-0.169128
-0.163333
-0.154304
-0.141265
-0.122455
-0.0877153
-0.0394982
-0.00493689
0.0135445
0.0077153
-0.00522339
-0.0192913
-0.0297356
-0.035633
-0.0379286
-0.0977975
-0.0982896
-0.0990426
-0.100162
-0.100081
-0.0979161
-0.0924216
-0.0821037
-0.0649077
-0.0380772
0.000552997
0.0365113
0.0510684
0.0540573
0.0449112
0.0329566
0.0219758
0.0139878
0.00946721
0.00753994
-0.0433817
-0.043732
-0.0445026
-0.0460197
-0.0466309
-0.0453833
-0.041092
-0.0322779
-0.0169843
0.00676481
0.037508
0.0618938
0.0700251
0.0689416
0.0619753
0.0533964
0.0455641
0.0398444
0.0365798
0.0351329
-0.00603267
-0.00627274
-0.00694822
-0.00849615
-0.00949903
-0.00901258
-0.00599078
0.000705299
0.0124771
0.0304889
0.0524613
0.0686118
0.0739739
0.0726549
0.0677971
0.0619086
0.0564482
0.0523395
0.0499683
0.0489322
0.0180449
0.0178833
0.0173377
0.015957
0.0148215
0.0146961
0.0164745
0.021115
0.0295337
0.0423352
0.0574386
0.0680847
0.0716128
0.0706033
0.0673666
0.063369
0.0595016
0.0564916
0.0547435
0.0540131
0.0325011
0.0323873
0.0319759
0.030854
0.0297942
0.0293963
0.0302811
0.0331456
0.0387383
0.0474114
0.0575206
0.0645198
0.0669109
0.0662684
0.0640182
0.0611676
0.058351
0.0560869
0.054768
0.0542515
0.0404118
0.0403219
0.040015
0.0391487
0.0382284
0.0377158
0.0380962
0.039832
0.0433825
0.0490119
0.0556534
0.0602234
0.0616953
0.061095
0.0594214
0.0573245
0.0552091
0.0534704
0.0524626
0.0520935
0.0440696
0.043994
0.0437506
0.0430641
0.0422558
0.0416818
0.0416738
0.0425949
0.0447898
0.0483745
0.0525711
0.0553843
0.0561988
0.0556715
0.0544019
0.0528181
0.0512168
0.0498885
0.0491263
0.0488614
0.0449482
0.044885
0.0446808
0.0441134
0.0433973
0.042812
0.042582
0.0429378
0.0441211
0.0462599
0.0488613
0.050578
0.0509668
0.0504408
0.0494149
0.0481906
0.0469626
0.0459457
0.0453723
0.0451805
0.0439526
0.0439012
0.043726
0.0432452
0.0426108
0.0420398
0.0416903
0.0417282
0.0423103
0.0435024
0.0449872
0.0459002
0.0459605
0.0454387
0.0445997
0.0436382
0.0426892
0.0419104
0.0414784
0.0413373
0.0416731
0.0416322
0.0414834
0.0410728
0.0405122
0.03997
0.0395532
0.0393727
0.0395422
0.040115
0.0408845
0.0412973
0.0411715
0.0406725
0.0399766
0.0392149
0.0384792
0.0378824
0.037555
0.03745
0.0385173
0.0384855
0.0383641
0.0380221
0.0375404
0.03705
0.0366258
0.0363421
0.0362726
0.0364531
0.0367584
0.0368429
0.0365957
0.036124
0.0355411
0.034931
0.0343549
0.0338925
0.0336415
0.0335624
0.0347754
0.0347507
0.0346542
0.0343762
0.0339722
0.0335437
0.0331409
0.0328137
0.0326126
0.0325612
0.032582
0.0324702
0.0321671
0.0317366
0.0312488
0.0307582
0.0303044
0.0299441
0.0297511
0.0296915
0.0306539
0.0306344
0.0305586
0.0303393
0.0300118
0.0296521
0.0292932
0.0289676
0.0287081
0.0285308
0.0283925
0.0281781
0.0278596
0.027475
0.0270679
0.0266728
0.0263144
0.0260337
0.0258854
0.0258404
0.0263046
0.0262891
0.0262301
0.0260608
0.0258029
0.0255107
0.0252053
0.0249075
0.0246386
0.0244085
0.0241945
0.0239391
0.0236342
0.0233011
0.0229659
0.0226502
0.0223692
0.0221524
0.0220392
0.022005
0.0218294
0.0218172
0.0217718
0.021643
0.0214441
0.021213
0.0209631
0.0207072
0.0204587
0.0202238
0.0199916
0.0197383
0.0194668
0.0191883
0.0189187
0.0186706
0.0184533
0.0182878
0.018202
0.0181762
0.0172874
0.017278
0.0172438
0.0171474
0.0169971
0.0168199
0.0166243
0.0164177
0.0162082
0.0159992
0.0157865
0.015564
0.0153392
0.0151173
0.0149082
0.0147185
0.0145542
0.0144299
0.014366
0.0143466
0.0127093
0.0127023
0.0126776
0.0126074
0.0124977
0.0123684
0.0122249
0.0120712
0.0119118
0.0117483
0.0115795
0.0114063
0.0112369
0.0110736
0.0109214
0.0107839
0.0106645
0.0105739
0.0105276
0.0105138
0.00810725
0.00810227
0.0080857
0.0080382
0.00796495
0.00788075
0.00778869
0.00769036
0.00758756
0.00748133
0.00737111
0.00725878
0.00715039
0.00704668
0.00695005
0.00686184
0.00678344
0.00672252
0.00669132
0.00668209
0.00117379
0.00117803
0.00118003
0.00117061
0.00115626
0.00114014
0.00112282
0.00110414
0.00108386
0.00106303
0.00104069
0.00101926
0.000999946
0.000982295
0.000965982
0.000950924
0.000938392
0.000934121
0.000938684
0.00285819
-1.42992
-0.836547
-0.435768
-0.169198
0.0338802
0.194525
0.325352
0.43996
0.554582
0.612455
-0.525397
-0.311424
-0.126888
0.0381161
0.177672
0.29491
0.393097
0.472109
0.518592
0.530819
-0.156371
-0.0426909
0.0813832
0.194149
0.292177
0.375774
0.444155
0.495639
0.530609
0.553404
0.0704128
0.148009
0.23378
0.314117
0.384425
0.444359
0.493585
0.532814
0.563151
0.585056
0.233615
0.292816
0.354178
0.412876
0.465004
0.510157
0.548566
0.580901
0.606742
0.625918
0.365157
0.409863
0.456032
0.50078
0.541626
0.578025
0.609983
0.637381
0.659138
0.676237
0.473072
0.51106
0.548097
0.58471
0.619375
0.651001
0.679085
0.703123
0.72189
0.737197
0.569915
0.602197
0.637043
0.67105
0.703204
0.732659
0.758688
0.780544
0.797042
0.810903
0.663069
0.696492
0.732249
0.766582
0.798502
0.827151
0.851909
0.872213
0.88707
0.899856
0.766491
0.803686
0.842485
0.877991
0.909927
0.937679
0.960981
0.979677
0.993454
1.00615
0.89354
0.933324
0.973674
1.00834
1.03827
1.06376
1.08506
1.10248
1.11618
1.12977
1.05397
1.08947
1.12513
1.15415
1.17868
1.20035
1.21985
1.23734
1.25245
1.267
1.24237
1.2647
1.28856
1.30871
1.32727
1.34485
1.36154
1.37808
1.39439
1.41004
1.43519
1.44342
1.45733
1.47231
1.48689
1.49994
1.5117
1.52305
1.53486
1.55101
1.631
1.63099
1.64106
1.64452
1.64548
1.64995
1.66059
1.67562
1.69002
1.70447
1.92825
1.87277
1.81829
1.77864
1.75647
1.75246
1.76598
1.7998
1.85769
1.93806
0.457261
0.404777
0.361911
0.328924
0.305204
0.288107
0.275685
0.266705
0.260523
0.256942
0.256377
0.259009
0.264256
0.272049
0.282831
0.297537
0.317764
0.345869
0.383852
0.433173
0.26832
0.27729
0.284075
0.284363
0.279717
0.273001
0.266345
0.260788
0.256827
0.254995
0.255969
0.259367
0.264503
0.270908
0.277949
0.284096
0.286729
0.283201
0.274059
0.267715
0.240878
0.243093
0.248019
0.252266
0.255923
0.25809
0.258048
0.256309
0.254024
0.252304
0.252116
0.25371
0.256239
0.25869
0.259893
0.258963
0.256001
0.252101
0.247562
0.242839
0.235586
0.236552
0.239122
0.241687
0.243698
0.24549
0.246985
0.247758
0.247811
0.24753
0.247666
0.248436
0.24907
0.249014
0.248095
0.24657
0.244825
0.242638
0.239999
0.237833
0.230128
0.230607
0.232177
0.23448
0.236605
0.238204
0.239417
0.240476
0.241326
0.24196
0.242384
0.24255
0.242354
0.241788
0.240947
0.239777
0.238044
0.235847
0.23389
0.232769
0.225113
0.225403
0.226455
0.228203
0.230177
0.232049
0.233604
0.234865
0.235947
0.23687
0.237456
0.237489
0.237141
0.23646
0.235403
0.233921
0.232132
0.230353
0.228973
0.228279
0.220492
0.220683
0.221562
0.223214
0.225119
0.227088
0.229092
0.230823
0.23211
0.233014
0.233649
0.233931
0.233624
0.232693
0.231202
0.229491
0.227775
0.226082
0.224852
0.224349
0.216503
0.216599
0.217284
0.218742
0.220401
0.221988
0.223483
0.225031
0.226607
0.227972
0.228833
0.228939
0.228445
0.227599
0.22662
0.225443
0.224052
0.222597
0.221558
0.221251
0.213956
0.213999
0.21446
0.215602
0.217022
0.218479
0.219978
0.221418
0.222747
0.223989
0.224969
0.225422
0.225356
0.224858
0.22402
0.223004
0.221881
0.220756
0.220037
0.219873
0.212156
0.212188
0.212445
0.213088
0.214009
0.215068
0.216295
0.217665
0.21916
0.220625
0.221824
0.222443
0.222488
0.222192
0.221685
0.221108
0.220509
0.219961
0.219637
0.219544
0.20975
0.209777
0.209941
0.210288
0.210816
0.21165
0.212563
0.213742
0.215109
0.216625
0.218065
0.219062
0.219558
0.219725
0.219656
0.21946
0.219338
0.2192
0.219084
0.219022
0.206443
0.206462
0.20661
0.20695
0.207461
0.208059
0.209087
0.210381
0.211941
0.213715
0.215489
0.216819
0.217577
0.217935
0.218087
0.218196
0.218205
0.218168
0.218107
0.21807
0.202524
0.20253
0.202659
0.203021
0.203594
0.204289
0.205255
0.206583
0.208274
0.210312
0.212497
0.214297
0.215501
0.216268
0.216739
0.217007
0.217131
0.217127
0.217109
0.217102
0.198231
0.198236
0.198344
0.198711
0.199318
0.200215
0.201349
0.202862
0.204819
0.207253
0.209968
0.212306
0.213954
0.215032
0.215817
0.216233
0.216418
0.216477
0.216514
0.216526
0.193589
0.193591
0.193707
0.194084
0.194764
0.195737
0.197054
0.198806
0.201126
0.204087
0.207469
0.210475
0.212687
0.214219
0.21516
0.215834
0.216191
0.216377
0.216481
0.216504
0.188394
0.188396
0.188539
0.188923
0.189665
0.190756
0.19229
0.1944
0.197232
0.200885
0.205118
0.208951
0.21177
0.213779
0.215134
0.216018
0.216561
0.216881
0.217044
0.217075
0.182378
0.182382
0.182545
0.183014
0.183844
0.185118
0.186956
0.189537
0.193039
0.197591
0.202901
0.207721
0.211286
0.213881
0.215649
0.216826
0.217579
0.218034
0.218256
0.218296
0.175276
0.175279
0.175476
0.176055
0.177086
0.178611
0.180885
0.184093
0.188464
0.194164
0.200825
0.206882
0.211422
0.214648
0.216891
0.2184
0.219381
0.219979
0.220265
0.220311
0.16681
0.166817
0.167074
0.167786
0.169065
0.171025
0.173876
0.177904
0.183404
0.190573
0.198929
0.206514
0.212163
0.216195
0.218996
0.220893
0.222133
0.222884
0.223241
0.223299
0.156603
0.156613
0.156947
0.157862
0.159494
0.162008
0.165644
0.170776
0.177761
0.186799
0.197256
0.20669
0.213682
0.218676
0.222151
0.224511
0.22606
0.226998
0.22744
0.227509
0.144095
0.144109
0.144545
0.145751
0.1479
0.151172
0.155895
0.162523
0.171434
0.182836
0.195885
0.207553
0.21616
0.222301
0.226577
0.22949
0.231409
0.232567
0.23311
0.233195
0.128493
0.128512
0.129097
0.130736
0.133635
0.137999
0.144238
0.152865
0.164296
0.178694
0.194912
0.20925
0.219772
0.227279
0.23252
0.236104
0.238479
0.239912
0.240569
0.240672
0.108673
0.108703
0.109521
0.111812
0.115828
0.121772
0.130153
0.141532
0.15629
0.174443
0.194469
0.211937
0.224698
0.233823
0.240229
0.244641
0.247591
0.249382
0.250194
0.250309
0.0827971
0.0828472
0.084068
0.0874464
0.0932774
0.101676
0.113222
0.128429
0.147501
0.170254
0.194741
0.215788
0.23111
0.24212
0.249927
0.255375
0.259062
0.261315
0.262334
0.262467
0.0476801
0.0477811
0.049852
0.055384
0.0644544
0.0768795
0.093177
0.113624
0.138171
0.166403
0.195954
0.220965
0.239132
0.25229
0.261763
0.268512
0.273184
0.276077
0.277369
0.277518
-0.00261929
-0.00220522
0.00243016
0.0128588
0.0279713
0.0469792
0.0701747
0.0975195
0.128732
0.163226
0.198305
0.227549
0.248766
0.264287
0.275691
0.284057
0.29006
0.293936
0.295692
0.295874
-0.0760572
-0.0730839
-0.0600622
-0.0396133
-0.0147244
0.0135378
0.0454423
0.0809164
0.11963
0.161009
0.20212
0.236057
0.260781
0.279156
0.293027
0.303683
0.311784
0.317383
0.32023
0.320779
-0.15327
-0.146694
-0.123696
-0.0926372
-0.0576888
-0.0200133
0.0206533
0.0643343
0.110823
0.159658
0.207738
0.247484
0.276772
0.298965
0.316202
0.329844
0.340749
0.349156
0.354004
0.355003
-0.218067
-0.210631
-0.180965
-0.141564
-0.0980969
-0.0518939
-0.00292872
0.04867
0.102666
0.158633
0.21323
0.258182
0.291347
0.316615
0.336371
0.352153
0.36475
0.3745
0.379786
0.380916
-0.269716
-0.261657
-0.22815
-0.183274
-0.133578
-0.0806056
-0.0246679
0.0338937
0.0947171
0.157227
0.217708
0.267144
0.303367
0.330766
0.352005
0.368794
0.38215
0.392313
0.398004
0.399393
-0.311948
-0.30365
-0.267833
-0.218896
-0.164367
-0.106048
-0.0444064
0.0201197
0.0869502
0.155313
0.221024
0.274236
0.312797
0.341619
0.363689
0.380939
0.394537
0.404697
0.41049
0.411974
-0.347867
-0.339482
-0.30217
-0.250088
-0.191584
-0.128808
-0.0623515
0.00729798
0.0793934
0.153004
0.2234
0.279995
0.320598
0.350577
0.373234
0.390682
0.40423
0.414268
0.420066
0.421646
-0.379547
-0.371149
-0.332752
-0.278133
-0.216364
-0.149812
-0.0791267
-0.00490861
0.0719691
0.150424
0.225274
0.285051
0.327496
0.358461
0.381555
0.399111
0.412602
0.422519
0.428259
0.429866
-0.408421
-0.4
-0.360748
-0.30401
-0.239417
-0.16957
-0.0951445
-0.0168452
0.0644407
0.147438
0.226491
0.28932
0.333607
0.365596
0.389199
0.406946
0.420449
0.430261
0.435897
0.437553
-0.435337
-0.426888
-0.386932
-0.328311
-0.261286
-0.188586
-0.110862
-0.0288567
0.0564677
0.143734
0.226954
0.292996
0.339289
0.372441
0.396659
0.414676
0.428241
0.438005
0.443522
0.445183
-0.460949
-0.452444
-0.411811
-0.351563
-0.282373
-0.207137
-0.126476
-0.04113
0.0479267
0.13935
0.226772
0.296177
0.34467
0.379175
0.404157
0.422563
0.436276
0.446028
0.451427
0.453049
-0.48559
-0.477012
-0.435747
-0.37401
-0.302904
-0.225408
-0.142115
-0.0537305
0.0388273
0.134208
0.22581
0.298786
0.349759
0.385878
0.41183
0.430767
0.444726
0.454526
0.459814
0.461341
-0.509509
-0.500798
-0.45894
-0.395873
-0.323073
-0.243564
-0.157894
-0.0667366
0.029025
0.128151
0.223962
0.300742
0.35451
0.39254
0.419714
0.439367
0.45369
0.463594
0.468793
0.470176
-0.532773
-0.523942
-0.481505
-0.417246
-0.342932
-0.261632
-0.173858
-0.0802277
0.0184682
0.121152
0.221126
0.301914
0.358827
0.399114
0.427796
0.448374
0.463199
0.473271
0.478408
0.479612
-0.555471
-0.546506
-0.50352
-0.438168
-0.362506
-0.279636
-0.190012
-0.0941753
0.00718876
0.11317
0.217192
0.302138
0.36255
0.405512
0.436024
0.457754
0.473219
0.483504
0.488564
0.489608
-0.577659
-0.568555
-0.524979
-0.458639
-0.381798
-0.297549
-0.206292
-0.108516
-0.00479883
0.104189
0.21207
0.301224
0.365426
0.411512
0.444278
0.467454
0.483717
0.494269
0.499213
0.500074
-0.599294
-0.590018
-0.54587
-0.478631
-0.400757
-0.315302
-0.222645
-0.123201
-0.0174279
0.094246
0.205716
0.299021
0.367214
0.41685
0.452403
0.477403
0.494614
0.505403
0.510131
0.510768
-0.62027
-0.610851
-0.566132
-0.498098
-0.419325
-0.332845
-0.238994
-0.13814
-0.0306083
0.0833874
0.198094
0.29538
0.36766
0.421227
0.460197
0.487588
0.505937
0.51682
0.521145
0.521502
-0.640551
-0.630998
-0.585726
-0.517003
-0.437449
-0.350097
-0.255254
-0.153226
-0.0442471
0.0717098
0.189218
0.290193
0.366488
0.424225
0.467273
0.497969
0.517938
0.528576
0.531974
0.531916
-0.660138
-0.650427
-0.604633
-0.535295
-0.455073
-0.366975
-0.271323
-0.168357
-0.0582268
0.0593119
0.179165
0.2834
0.363469
0.425346
0.473
0.508277
0.53118
0.54148
0.542643
0.541573
-0.678926
-0.669076
-0.622825
-0.552927
-0.472128
-0.383423
-0.28712
-0.183433
-0.072421
0.0463264
0.168018
0.27499
0.358484
0.42413
0.476459
0.517588
0.545908
0.557911
0.555656
0.550355
-0.696986
-0.687002
-0.640281
-0.569908
-0.488643
-0.39947
-0.302672
-0.198489
-0.0868633
0.0327164
0.155732
0.264768
0.351284
0.420103
0.476426
0.524038
0.560512
0.579408
0.578228
0.563246
-0.714276
-0.704235
-0.657116
-0.586402
-0.504845
-0.41542
-0.318345
-0.213989
-0.102107
0.0178252
0.141591
0.251921
0.341012
0.412417
0.470712
0.523409
0.56821
0.589586
0.593518
0.56229
-0.730893
-0.720813
-0.6733
-0.602216
-0.520582
-0.431121
-0.333921
-0.229696
-0.117878
0.00192341
0.125792
0.236499
0.327273
0.400966
0.457582
0.50832
0.55268
0.573985
0.534725
0.475609
-0.748448
-0.735964
-0.688811
-0.617321
-0.536036
-0.446682
-0.349597
-0.245578
-0.134178
-0.0149881
0.108243
0.218406
0.309173
0.385953
0.438114
0.470994
0.502845
0.493509
0.435846
0.370262
-0.770006
-0.767235
-0.705625
-0.629868
-0.549195
-0.459952
-0.365099
-0.261047
-0.150359
-0.0321578
0.0895767
0.198171
0.286566
0.369571
0.405051
0.398719
0.412856
0.371333
0.304905
0.234977
-0.746916
-0.73915
-0.683368
-0.608429
-0.52314
-0.430603
-0.331447
-0.225078
-0.111947
0.00873191
0.123457
0.217724
0.295706
0.371738
0.402586
0.314528
0.244118
0.187906
0.117757
-0.0311547
-0.77945
-0.75281
-0.695608
-0.620083
-0.535039
-0.443188
-0.34478
-0.239431
-0.127708
-0.00933156
0.101962
0.192464
0.262913
0.313467
0.289903
0.164663
0.0528561
-0.019663
-0.0994352
-0.26474
-0.803088
-0.771074
-0.712627
-0.637085
-0.552569
-0.461168
-0.363023
-0.258789
-0.148887
-0.033391
0.0735563
0.158899
0.219432
0.236378
0.156709
-0.014993
-0.151296
-0.241675
-0.345374
-0.572568
-0.824115
-0.790779
-0.730899
-0.655024
-0.570683
-0.479538
-0.382028
-0.279035
-0.171205
-0.0588784
0.0429102
0.121614
0.169555
0.14938
-0.00329486
-0.207818
-0.385099
-0.516227
-0.650299
-0.986826
-0.844256
-0.810414
-0.749683
-0.673392
-0.589073
-0.498278
-0.401633
-0.300043
-0.19444
-0.0855828
0.01044
0.0816509
0.111833
0.0491174
-0.166693
-0.40604
-0.634959
-0.835341
-1.04429
-1.60473
-0.863951
-0.830306
-0.76918
-0.692627
-0.608313
-0.517917
-0.422122
-0.322048
-0.218766
-0.113761
-0.0239242
0.0389503
0.0486172
-0.0650477
-0.325814
-0.595342
-0.855731
-1.08303
-1.36252
-1.95844
-0.884112
-0.850778
-0.789585
-0.712923
-0.628671
-0.538658
-0.443702
-0.345156
-0.244268
-0.143436
-0.0600278
-0.00665445
-0.0193763
-0.198655
-0.471517
-0.75773
-1.02241
-1.21327
-1.2974
-1.35735
-0.905129
-0.872132
-0.811085
-0.734511
-0.65048
-0.560984
-0.467067
-0.370243
-0.272238
-0.17618
-0.0998644
-0.0571997
-0.104618
-0.332637
-0.609344
-0.885208
-1.11041
-1.21322
-1.24091
-1.24705
-0.927233
-0.894481
-0.833645
-0.757283
-0.673619
-0.584791
-0.492156
-0.397279
-0.302765
-0.211835
-0.143328
-0.114182
-0.196027
-0.460885
-0.73888
-0.988111
-1.16265
-1.20674
-1.21069
-1.2108
-0.9504
-0.917853
-0.857211
-0.781118
-0.697941
-0.609968
-0.518783
-0.426199
-0.335636
-0.250156
-0.189898
-0.178116
-0.290098
-0.581247
-0.857565
-1.08217
-1.18241
-1.19765
-1.19689
-1.19629
-0.974428
-0.942087
-0.881646
-0.805887
-0.723302
-0.636332
-0.54674
-0.456847
-0.37037
-0.291111
-0.238938
-0.245709
-0.39503
-0.688362
-0.967263
-1.16048
-1.1977
-1.19375
-1.19139
-1.18933
-0.998757
-0.966845
-0.906677
-0.831319
-0.74942
-0.663595
-0.57578
-0.48873
-0.406681
-0.334494
-0.290149
-0.318629
-0.504594
-0.779171
-1.056
-1.23408
-1.2232
-1.20162
-1.18846
-1.18399
-1.02296
-0.991623
-0.931863
-0.857022
-0.775858
-0.691349
-0.605445
-0.521197
-0.444189
-0.379639
-0.341583
-0.402432
-0.616667
-0.845578
-1.07525
-1.25002
-1.26001
-1.20849
-1.18673
-1.18222
-1.04646
-1.01584
-0.956627
-0.882395
-0.802059
-0.718953
-0.635031
-0.553776
-0.481471
-0.425815
-0.391698
-0.488401
-0.754329
-0.913098
-0.963998
-1.09171
-1.24401
-1.35686
-1.35624
-1.33579
-1.06835
-1.03873
-0.980224
-0.906646
-0.827332
-0.745495
-0.663721
-0.58573
-0.516511
-0.471208
-0.441888
-0.563359
-0.93834
-1.11671
-0.911295
-0.934658
-1.41725
-1.76617
-1.76637
-1.72923
-1.08738
-1.05912
-1.00167
-0.928887
-0.850608
-0.770067
-0.690491
-0.615175
-0.548767
-0.510958
-0.492651
-0.625598
-1.16132
-1.65646
-1.71736
-1.84046
-1.96382
-1.96954
-1.85264
-1.86776
-1.10246
-1.0759
-1.01979
-0.948018
-0.870615
-0.791678
-0.713689
-0.640333
-0.577661
-0.539677
-0.543689
-0.686662
-1.36131
-2.36402
-3.20286
-3.56371
-3.47108
-3.01012
-2.54294
-2.40484
-1.1121
-1.08763
-1.03335
-0.962544
-0.88621
-0.808633
-0.732024
-0.660224
-0.598929
-0.558749
-0.576158
-0.739426
-1.42405
-2.52092
-3.65294
-3.96499
-3.89344
-3.61365
-3.24788
-3.05196
-1.11543
-1.09301
-1.04102
-0.971057
-0.895844
-0.819428
-0.744323
-0.673503
-0.609746
-0.561238
-0.580259
-0.680564
-1.19353
-1.82124
-2.53254
-2.85625
-2.85364
-2.68448
-2.4622
-2.31997
-1.10942
-1.09036
-1.04086
-0.972022
-0.897715
-0.823035
-0.749886
-0.679962
-0.612969
-0.548756
-0.536767
-0.481876
-0.655019
-0.798393
-0.906685
-0.931525
-0.690564
-0.428509
-0.200916
-0.0852772
-1.09258
-1.07652
-1.03031
-0.963144
-0.890478
-0.818224
-0.747861
-0.678894
-0.60655
-0.522665
-0.43286
-0.351865
-0.0804481
0.239784
0.713732
1.2444
1.68112
2.00848
2.18889
2.25358
-1.06269
-1.04965
-1.00727
-0.942419
-0.872741
-0.804279
-0.738497
-0.674172
-0.603551
-0.497322
-0.366435
-0.205749
0.108455
0.675209
1.36797
2.02434
2.52733
2.82384
2.95644
2.98447
-1.01766
-1.0072
-0.968893
-0.90866
-0.843946
-0.781916
-0.724955
-0.67343
-0.61214
-0.494252
-0.342471
-0.128898
0.141442
0.592301
1.17285
1.71619
2.11171
2.35267
2.46036
2.49269
-0.953417
-0.945335
-0.912861
-0.861199
-0.80497
-0.753018
-0.709809
-0.679311
-0.656652
-0.582618
-0.452873
-0.244223
0.0822181
0.355593
0.781872
1.18679
1.48506
1.67363
1.76956
1.80008
-0.875292
-0.868147
-0.84395
-0.803502
-0.759104
-0.720577
-0.696201
-0.699275
-0.746738
-0.849486
-0.935394
-0.681074
-0.260878
0.0214303
0.357051
0.651238
0.895331
1.05569
1.14626
1.17507
-0.785675
-0.781583
-0.765624
-0.737826
-0.707661
-0.684706
-0.68174
-0.727876
-0.898123
-1.31048
-1.76892
-1.50713
-0.864476
-0.481534
-0.115596
0.181086
0.393729
0.51798
0.581781
0.608202
-0.687406
-0.685736
-0.677018
-0.661411
-0.645095
-0.636499
-0.650177
-0.724015
-0.967767
-1.59125
-2.27192
-1.96271
-1.25745
-0.793955
-0.404075
-0.0965192
0.101796
0.204351
0.247189
0.253336
-0.587612
-0.587446
-0.582682
-0.573868
-0.566096
-0.565534
-0.58538
-0.661211
-0.8976
-1.50013
-2.11901
-1.87022
-1.29779
-0.830626
-0.460354
-0.221184
-0.0978259
-0.0436645
-0.0219771
-0.0185943
-0.482648
-0.482992
-0.479861
-0.474229
-0.469754
-0.470425
-0.485312
-0.538333
-0.697683
-1.09307
-1.46428
-1.31169
-0.928727
-0.582027
-0.344487
-0.222312
-0.174153
-0.155852
-0.148821
-0.147189
-0.372409
-0.372937
-0.371067
-0.367338
-0.363707
-0.362185
-0.367178
-0.390043
-0.460988
-0.633422
-0.778741
-0.638706
-0.432612
-0.258881
-0.171023
-0.148487
-0.147104
-0.15039
-0.151798
-0.151815
-0.265912
-0.266493
-0.265871
-0.263742
-0.260647
-0.256918
-0.25358
-0.253743
-0.264643
-0.291107
-0.269467
-0.230295
-0.118522
-0.0750174
-0.063287
-0.0726879
-0.0846781
-0.0934888
-0.0973953
-0.0983668
-0.172384
-0.172946
-0.173437
-0.17298
-0.170966
-0.166603
-0.159259
-0.148342
-0.132871
-0.10801
-0.0618058
-0.0245125
0.0108935
0.0128476
0.00181552
-0.0126385
-0.0250628
-0.0332509
-0.0371168
-0.0383104
-0.0980635
-0.0985726
-0.0996737
-0.100289
-0.0993263
-0.0956576
-0.0879597
-0.0745181
-0.0529103
-0.0196913
0.0209683
0.0448742
0.0551375
0.0505467
0.038976
0.0271488
0.0175427
0.0113136
0.00825737
0.0071849
-0.0435731
-0.0439896
-0.0452775
-0.0464741
-0.0463005
-0.043689
-0.0373456
-0.0255646
-0.00626095
0.0220763
0.0516765
0.0674786
0.070578
0.0659593
0.0577109
0.0492766
0.0423904
0.0379216
0.0356837
0.0348457
-0.00616514
-0.00648378
-0.00769733
-0.00910831
-0.00950221
-0.00786697
-0.00317648
0.00587901
0.0206824
0.0416556
0.0619606
0.07242
0.0739628
0.0705135
0.064879
0.0590634
0.0541828
0.0509398
0.0493275
0.0487159
0.017955
0.0177204
0.0166939
0.0153225
0.0145797
0.0153037
0.0183866
0.0248065
0.0353977
0.0500946
0.063745
0.0706129
0.071523
0.0691665
0.0654105
0.0613756
0.0578525
0.0554543
0.0542888
0.0538557
0.0324377
0.0322673
0.0314697
0.0302867
0.0294729
0.0296469
0.0314258
0.0355671
0.0427103
0.0526328
0.0616744
0.0662106
0.0668794
0.0652835
0.0626286
0.0597277
0.0571191
0.0552984
0.0544424
0.054139
0.040363
0.0402311
0.0396356
0.0386659
0.0378914
0.0377702
0.0387715
0.0413578
0.0459472
0.0524392
0.0583766
0.0612979
0.0615945
0.0603509
0.0584031
0.0562504
0.0542664
0.0528633
0.0522265
0.0520133
0.0440303
0.0439196
0.0434557
0.0426487
0.0419233
0.041589
0.0419984
0.043521
0.04642
0.0505473
0.0542644
0.0560099
0.0560681
0.0551047
0.0536321
0.0520069
0.0504974
0.0494261
0.0489551
0.0488036
0.0449169
0.0448209
0.0444395
0.043752
0.0430789
0.0426417
0.0426739
0.043416
0.0450759
0.0476027
0.0499083
0.0509208
0.0507951
0.049972
0.0488171
0.0475681
0.046411
0.0455957
0.0452476
0.0451384
0.0439282
0.0438454
0.0435224
0.0429299
0.0423116
0.0418296
0.0416525
0.0419464
0.0428339
0.0442706
0.0455654
0.0460255
0.0457577
0.0450476
0.0441275
0.0431558
0.0422656
0.0416455
0.0413864
0.0413064
0.0416544
0.0415848
0.0413103
0.0407976
0.0402352
0.0397411
0.0394281
0.0394104
0.039781
0.0405141
0.041167
0.0412951
0.0409594
0.0403418
0.0395996
0.0388395
0.0381539
0.0376811
0.0374863
0.0374269
0.0385031
0.0384469
0.0382211
0.0377879
0.0372938
0.0368266
0.0364635
0.036279
0.0363333
0.0366131
0.0368479
0.0367567
0.036382
0.0358421
0.0352367
0.0346358
0.0341024
0.0337377
0.0335895
0.0335452
0.0347647
0.03472
0.0345391
0.0341816
0.0337595
0.0333372
0.0329661
0.0326966
0.0325693
0.0325754
0.032554
0.0323403
0.0319645
0.0314971
0.0310021
0.0305248
0.0301072
0.0298247
0.0297118
0.0296787
0.0306457
0.03061
0.0304684
0.030183
0.029835
0.0294715
0.0291253
0.0288291
0.0286097
0.0284632
0.0283012
0.0280309
0.0276738
0.0272726
0.0268679
0.0264878
0.0261603
0.0259416
0.0258556
0.0258308
0.0262983
0.0262698
0.0261608
0.0259387
0.0256603
0.025359
0.0250549
0.0247691
0.0245189
0.0243021
0.0240751
0.0237925
0.0234704
0.0231327
0.0228052
0.0225045
0.0222498
0.022082
0.0220165
0.0219978
0.0218245
0.0218021
0.0217192
0.0215494
0.021332
0.0210901
0.0208356
0.0205817
0.0203397
0.0201079
0.0198688
0.0196049
0.0193281
0.0190518
0.0187918
0.0185575
0.0183619
0.0182344
0.0181848
0.0181708
0.0172837
0.0172665
0.0172044
0.017077
0.0169115
0.0167243
0.0165222
0.0163131
0.0161037
0.015893
0.0156767
0.0154521
0.0152277
0.0150109
0.0148109
0.0146329
0.0144854
0.0143901
0.0143532
0.0143426
0.0127065
0.012694
0.012649
0.012556
0.0124352
0.0122984
0.0121492
0.011992
0.0118306
0.0116641
0.0114933
0.0113213
0.0111544
0.0109961
0.0108509
0.0107217
0.0106144
0.010545
0.0105185
0.0105108
0.00810515
0.00809673
0.00806635
0.0080037
0.00792402
0.00783569
0.00774033
0.00763941
0.00753488
0.00742648
0.00731504
0.00720423
0.00709796
0.0069975
0.00690498
0.00682129
0.00674989
0.00670295
0.00668528
0.00667987
0.00348367
0.00348103
0.003475
0.00345238
0.00341765
0.00338024
0.00334026
0.00329806
0.00325374
0.00320729
0.00315985
0.00311167
0.00306505
0.00302046
0.00297885
0.00294024
0.00290442
0.00287518
0.00286151
0.00285666
-1.09236
-0.612988
-0.292901
-0.0633894
0.117747
0.261935
0.384767
0.49594
0.599399
0.583941
-0.412846
-0.217656
-0.040866
0.110972
0.238952
0.346169
0.435511
0.500658
0.526279
0.538288
-0.10268
0.019872
0.139652
0.244996
0.335791
0.411967
0.472083
0.514966
0.543116
0.56185
0.107589
0.190741
0.275169
0.350568
0.415716
0.470304
0.514342
0.549133
0.57476
0.594358
0.26326
0.32331
0.384263
0.439825
0.488446
0.530166
0.565454
0.594788
0.616433
0.635418
0.38711
0.432887
0.478794
0.521763
0.56038
0.594559
0.624278
0.649096
0.66764
0.685765
0.492071
0.529604
0.56654
0.602385
0.635603
0.665513
0.691663
0.71327
0.729241
0.746831
0.584963
0.619676
0.654212
0.687422
0.718312
0.746144
0.770197
0.789531
0.803482
0.820529
0.678534
0.714534
0.749637
0.782905
0.813277
0.840046
0.862664
0.880362
0.892826
0.909368
0.78358
0.82353
0.860633
0.894447
0.92435
0.949901
0.970919
0.987154
0.99912
1.0154
0.911754
0.954243
0.991648
1.02386
1.05156
1.07491
1.09424
1.10975
1.12243
1.13861
1.07009
1.10817
1.14038
1.16683
1.18981
1.21036
1.22885
1.24521
1.2594
1.27534
1.25222
1.27715
1.29898
1.31811
1.33619
1.35327
1.36978
1.38638
1.4021
1.41813
1.43818
1.45006
1.46479
1.47975
1.49362
1.50594
1.51736
1.52884
1.5418
1.56257
1.62651
1.63658
1.64355
1.64489
1.647
1.65453
1.66781
1.68324
1.69637
1.72467
1.90304
1.84401
1.79638
1.76529
1.75228
1.75691
1.78014
1.8255
1.89606
1.97469
0.332538
0.325049
0.316162
0.303375
0.290011
0.278467
0.269306
0.262453
0.257868
0.25582
0.256843
0.260635
0.266668
0.274873
0.285375
0.298091
0.311699
0.322829
0.330565
0.336871
0.246443
0.254352
0.261549
0.266384
0.267722
0.265814
0.262144
0.258252
0.255177
0.253708
0.254575
0.25739
0.261309
0.26549
0.268677
0.269217
0.266156
0.26002
0.251946
0.246025
0.238242
0.241344
0.244533
0.247177
0.249704
0.251633
0.252274
0.251689
0.250581
0.249942
0.250582
0.252086
0.253405
0.253715
0.252563
0.250357
0.247867
0.245054
0.24175
0.239377
0.232818
0.234381
0.236763
0.239108
0.240858
0.242265
0.243439
0.244216
0.2446
0.244825
0.24522
0.245528
0.245404
0.244717
0.243632
0.242252
0.24032
0.237884
0.235909
0.234825
0.227569
0.228442
0.230107
0.232172
0.234103
0.235601
0.23679
0.237884
0.238871
0.23963
0.239889
0.239675
0.239141
0.238375
0.237343
0.235802
0.233886
0.232014
0.230817
0.230208
0.222758
0.223368
0.224743
0.226613
0.228608
0.230577
0.232273
0.233539
0.234473
0.235197
0.235622
0.23562
0.235148
0.23412
0.232564
0.230787
0.228987
0.227393
0.226481
0.226084
0.218356
0.218778
0.220002
0.221735
0.223507
0.225285
0.227083
0.22878
0.230177
0.23117
0.231645
0.231464
0.230658
0.229442
0.228038
0.226544
0.224946
0.223505
0.222769
0.222535
0.21505
0.215298
0.216296
0.217798
0.219348
0.220822
0.222214
0.223593
0.224944
0.226119
0.226719
0.226706
0.226285
0.225591
0.224645
0.223453
0.222123
0.220928
0.220406
0.220308
0.213059
0.213201
0.213829
0.21491
0.216155
0.217524
0.219024
0.220514
0.221924
0.223175
0.224
0.224221
0.22394
0.223267
0.222457
0.221598
0.220703
0.219986
0.219702
0.219652
0.211078
0.211179
0.211505
0.212083
0.212861
0.21381
0.21488
0.216191
0.217656
0.219119
0.220203
0.220715
0.220823
0.220755
0.220409
0.220077
0.219752
0.219503
0.219376
0.21933
0.208193
0.20827
0.20851
0.208914
0.209507
0.210369
0.211498
0.212851
0.214403
0.216076
0.21749
0.218358
0.218758
0.218826
0.218856
0.218813
0.218753
0.218672
0.218603
0.218564
0.204537
0.204594
0.204835
0.20528
0.205864
0.206665
0.207788
0.209238
0.211005
0.213009
0.214815
0.216052
0.216797
0.217229
0.217485
0.21761
0.217634
0.217596
0.217568
0.217544
0.200419
0.200453
0.200693
0.201203
0.201908
0.202712
0.203986
0.205601
0.207617
0.210019
0.212327
0.21405
0.215205
0.215966
0.21643
0.216675
0.216742
0.216744
0.216755
0.216742
0.195959
0.195989
0.196218
0.196739
0.197491
0.198675
0.200019
0.20187
0.204271
0.207213
0.210141
0.212406
0.213981
0.215038
0.215715
0.216135
0.216313
0.216401
0.216449
0.216439
0.191085
0.191129
0.191363
0.191913
0.192759
0.193956
0.195604
0.197831
0.200747
0.204392
0.208097
0.211024
0.213146
0.214592
0.215525
0.216119
0.216462
0.216653
0.21673
0.216717
0.185521
0.18557
0.185854
0.186438
0.187383
0.188777
0.190756
0.193477
0.19708
0.201625
0.206282
0.210005
0.212681
0.214595
0.215875
0.216708
0.217228
0.217521
0.217626
0.217609
0.179009
0.179073
0.179412
0.18011
0.18122
0.182906
0.185326
0.188689
0.19318
0.198868
0.204723
0.209415
0.212865
0.215261
0.216903
0.217997
0.2187
0.219094
0.219231
0.21921
0.171269
0.17135
0.171765
0.172631
0.174039
0.176126
0.179144
0.183362
0.188999
0.196134
0.203466
0.20937
0.213668
0.216683
0.218748
0.220135
0.221035
0.221535
0.221708
0.221683
0.161967
0.162072
0.162621
0.163732
0.16551
0.168172
0.172016
0.177357
0.18446
0.193418
0.202585
0.209925
0.215259
0.219011
0.221584
0.223316
0.224445
0.225076
0.225289
0.225257
0.150655
0.150798
0.151531
0.152983
0.155285
0.15873
0.16367
0.17048
0.17948
0.190734
0.202147
0.211226
0.217809
0.222442
0.225625
0.227769
0.229169
0.229953
0.230216
0.230175
0.136687
0.136898
0.137897
0.139822
0.14286
0.147369
0.153787
0.162561
0.174014
0.188131
0.202272
0.213432
0.221505
0.227192
0.23111
0.233758
0.235491
0.236468
0.236789
0.236736
0.119106
0.11943
0.120823
0.123446
0.127553
0.133592
0.142081
0.153485
0.168072
0.185713
0.20311
0.216722
0.226552
0.233495
0.238303
0.241569
0.243714
0.244925
0.245325
0.245257
0.096416
0.0969374
0.0989761
0.102704
0.108461
0.116784
0.128204
0.143133
0.161716
0.18363
0.204833
0.221275
0.23315
0.241585
0.247474
0.251512
0.254183
0.255689
0.256184
0.2561
0.066295
0.0672155
0.0703878
0.0759688
0.0844215
0.0962504
0.111877
0.131531
0.155115
0.182078
0.20761
0.227235
0.241442
0.251634
0.258852
0.263876
0.267243
0.269142
0.269754
0.269645
0.0244588
0.026294
0.0319096
0.0411576
0.0543383
0.0716741
0.0932596
0.11902
0.148615
0.181322
0.211605
0.234691
0.251474
0.263683
0.27252
0.278833
0.283177
0.285624
0.286387
0.286242
-0.0368301
-0.0316164
-0.0198967
-0.0032769
0.018058
0.0435838
0.0730484
0.106239
0.142699
0.181652
0.216932
0.243622
0.263126
0.277535
0.288257
0.296193
0.301831
0.305103
0.306165
0.305934
-0.110776
-0.100819
-0.0791697
-0.0517217
-0.0203991
0.0142238
0.0521619
0.0932972
0.137247
0.183348
0.224767
0.256261
0.279666
0.297431
0.311096
0.321778
0.329788
0.334105
0.335548
0.335842
-0.184172
-0.166925
-0.13607
-0.0986322
-0.0578604
-0.0143137
0.0320444
0.0811011
0.132545
0.185829
0.233448
0.269749
0.296984
0.317987
0.334547
0.347713
0.357834
0.363857
0.366671
0.367179
-0.242196
-0.221853
-0.185013
-0.140444
-0.0921355
-0.040874
0.0130872
0.0694952
0.127987
0.187956
0.241142
0.281513
0.311742
0.335024
0.353327
0.367864
0.379032
0.386162
0.389421
0.389968
-0.289276
-0.26697
-0.225959
-0.176247
-0.122194
-0.0647931
-0.00445407
0.0584158
0.123239
0.189245
0.247323
0.291003
0.32337
0.34802
0.367179
0.382265
0.393906
0.401454
0.404854
0.405392
-0.3284
-0.305188
-0.261158
-0.207372
-0.148669
-0.086214
-0.020501
0.0479496
0.118356
0.189753
0.252094
0.298524
0.332545
0.358142
0.377807
0.393094
0.404751
0.412297
0.415629
0.416198
-0.3624
-0.338584
-0.292228
-0.235109
-0.172551
-0.105807
-0.0354227
0.0379495
0.113395
0.189714
0.25605
0.305026
0.340499
0.366839
0.386789
0.402099
0.413682
0.421233
0.424498
0.425024
-0.392822
-0.368611
-0.320395
-0.260544
-0.194693
-0.124195
-0.0496369
0.0281842
0.108297
0.189275
0.259375
0.310722
0.34754
0.374562
0.394799
0.410173
0.421712
0.429287
0.432468
0.432898
-0.420822
-0.396302
-0.346577
-0.284306
-0.215605
-0.141823
-0.0635689
0.0183281
0.102763
0.188132
0.261928
0.315751
0.35403
0.381851
0.402462
0.417964
0.42951
0.43704
0.440185
0.44049
-0.447243
-0.422383
-0.371308
-0.306929
-0.235765
-0.159083
-0.0775115
0.00808777
0.0965633
0.186274
0.263901
0.320365
0.360268
0.389024
0.410118
0.425828
0.437419
0.444923
0.448022
0.448236
-0.472488
-0.447312
-0.395011
-0.328765
-0.255397
-0.176128
-0.0915841
-0.00259441
0.0897351
0.183693
0.265238
0.324559
0.36633
0.396222
0.417964
0.433999
0.445708
0.453186
0.456234
0.45639
-0.496872
-0.471363
-0.417934
-0.350035
-0.274705
-0.193129
-0.105886
-0.0137614
0.0821537
0.180235
0.26583
0.328302
0.372255
0.403536
0.426108
0.4426
0.454505
0.461964
0.464941
0.465064
-0.520573
-0.494678
-0.440235
-0.370883
-0.293805
-0.210158
-0.120496
-0.025545
0.0737119
0.175812
0.265574
0.331499
0.37798
0.410955
0.434569
0.451662
0.46386
0.471347
0.474215
0.474325
-0.543664
-0.517372
-0.462007
-0.391338
-0.312713
-0.227247
-0.135443
-0.0379385
0.0644136
0.170353
0.264327
0.333969
0.383339
0.418377
0.443324
0.461204
0.473792
0.481337
0.484067
0.48412
-0.566214
-0.539507
-0.483264
-0.411424
-0.331448
-0.24438
-0.150676
-0.050895
0.0542543
0.163804
0.261959
0.335548
0.388183
0.425688
0.452297
0.471176
0.484254
0.49187
0.494436
0.494394
-0.588184
-0.561074
-0.504005
-0.431123
-0.34996
-0.261494
-0.16614
-0.0643777
0.0432559
0.156126
0.258336
0.336021
0.392331
0.432769
0.461427
0.481529
0.495174
0.502841
0.505208
0.505024
-0.609546
-0.582038
-0.524184
-0.450385
-0.368191
-0.278531
-0.181769
-0.0783074
0.0314977
0.147336
0.253369
0.335155
0.39543
0.439346
0.470604
0.492238
0.50646
0.514017
0.516086
0.515771
-0.630199
-0.602327
-0.543754
-0.46917
-0.386089
-0.295411
-0.19747
-0.0925837
0.0190589
0.137467
0.246988
0.332762
0.397129
0.445033
0.479658
0.503393
0.518187
0.525289
0.526847
0.526389
-0.650188
-0.621893
-0.562693
-0.487418
-0.403577
-0.312053
-0.213139
-0.107091
0.00603727
0.1266
0.239181
0.328694
0.397108
0.449332
0.488242
0.515183
0.530825
0.536689
0.537118
0.536508
-0.669375
-0.640726
-0.580957
-0.505074
-0.420594
-0.328372
-0.228692
-0.121738
-0.00743374
0.114856
0.229961
0.32284
0.395051
0.451583
0.495591
0.527511
0.545595
0.54961
0.546895
0.545834
-0.687856
-0.658823
-0.598491
-0.522085
-0.437069
-0.344286
-0.244006
-0.136383
-0.0212098
0.102364
0.219419
0.315161
0.390736
0.45104
0.500388
0.53916
0.563196
0.568534
0.560427
0.544069
-0.705549
-0.676213
-0.615441
-0.53865
-0.453287
-0.360125
-0.259493
-0.151503
-0.035839
0.0885412
0.206908
0.30492
0.383564
0.44663
0.500503
0.547171
0.580338
0.591012
0.581015
0.587486
-0.722479
-0.692914
-0.631775
-0.554709
-0.469214
-0.37584
-0.275135
-0.167062
-0.0513071
0.0733197
0.192312
0.291637
0.373044
0.437352
0.491771
0.542995
0.578837
0.590709
0.542973
0.522754
-0.739165
-0.709071
-0.647243
-0.569975
-0.484529
-0.391086
-0.290762
-0.182795
-0.0673067
0.056962
0.175802
0.275079
0.3588
0.42362
0.470475
0.516194
0.542934
0.520664
0.456237
0.412788
-0.758738
-0.725994
-0.661282
-0.583926
-0.498611
-0.405498
-0.306004
-0.198444
-0.0836271
0.0396427
0.157494
0.255347
0.339799
0.407231
0.443869
0.458087
0.455139
0.406675
0.336997
0.29416
-0.371716
-0.267872
-0.15757
-0.0399709
0.0805619
0.187673
0.273524
0.147416
-0.768877
-0.759755
-0.72016
-0.653542
-0.572718
-0.484262
-0.388753
-0.286333
-0.177318
-0.061535
0.0566039
0.161623
0.243955
0.315147
0.360387
0.323958
0.193765
0.114103
0.0512391
-0.790019
-0.778828
-0.735455
-0.667618
-0.586752
-0.498696
-0.403864
-0.302227
-0.194551
-0.0807286
0.0341262
0.134876
0.211677
0.2653
0.261947
0.155521
0.00917039
-0.0893673
-0.170216
-0.810934
-0.799527
-0.753905
-0.685144
-0.604421
-0.516573
-0.421944
-0.321006
-0.214746
-0.103134
0.00778618
0.102799
0.171922
0.20609
0.152184
-0.0191808
-0.19354
-0.321971
-0.422824
-0.831119
-0.819794
-0.773024
-0.703413
-0.622613
-0.534938
-0.440809
-0.340949
-0.236318
-0.127371
-0.0207963
0.0678359
0.127739
0.137035
0.0293829
-0.197485
-0.412896
-0.597985
-0.754754
-0.85093
-0.839824
-0.792448
-0.722302
-0.64135
-0.553844
-0.46035
-0.361678
-0.258822
-0.152918
-0.0510898
0.0304469
0.079987
0.0514604
-0.12093
-0.375381
-0.631214
-0.861373
-1.0771
-0.870796
-0.859988
-0.812501
-0.742105
-0.661051
-0.573704
-0.480807
-0.383232
-0.282251
-0.179495
-0.0824851
-0.00844496
0.0292986
-0.0402502
-0.265969
-0.537802
-0.817363
-1.06757
-1.26293
-1.46009
-0.891384
-0.880845
-0.83344
-0.763046
-0.68206
-0.594969
-0.502752
-0.406366
-0.307564
-0.208174
-0.116484
-0.0505943
-0.0302217
-0.134625
-0.406634
-0.684839
-0.956936
-1.16735
-1.24517
-1.27902
-0.912891
-0.902579
-0.855383
-0.785147
-0.704375
-0.617712
-0.526321
-0.431402
-0.33511
-0.239485
-0.153833
-0.0972469
-0.0967683
-0.248466
-0.539669
-0.812601
-1.051
-1.18896
-1.21987
-1.225
-0.935481
-0.925306
-0.878339
-0.808316
-0.727878
-0.641788
-0.551402
-0.458261
-0.364692
-0.273528
-0.194414
-0.148699
-0.172506
-0.372458
-0.662992
-0.926535
-1.12661
-1.19524
-1.20129
-1.20229
-0.959009
-0.948963
-0.902252
-0.832451
-0.752444
-0.667061
-0.577855
-0.486725
-0.396142
-0.310253
-0.237767
-0.203491
-0.257082
-0.489032
-0.777305
-1.03437
-1.17306
-1.19513
-1.19386
-1.19228
-0.983193
-0.973251
-0.926883
-0.857372
-0.777855
-0.693323
-0.605456
-0.516465
-0.429352
-0.349153
-0.283276
-0.261496
-0.347035
-0.596952
-0.877447
-1.1351
-1.20484
-1.20033
-1.19275
-1.18823
-1.00744
-0.997701
-0.951857
-0.882739
-0.803788
-0.72022
-0.633844
-0.547122
-0.463796
-0.389573
-0.330311
-0.323407
-0.438412
-0.692163
-0.945078
-1.19646
-1.27674
-1.22333
-1.19175
-1.18085
-1.0311
-1.02169
-0.976663
-0.908046
-0.829766
-0.7472
-0.662496
-0.578234
-0.498392
-0.430874
-0.378575
-0.384735
-0.546217
-0.79308
-0.949562
-1.12576
-1.2249
-1.24914
-1.23366
-1.2236
-1.05381
-1.04467
-1.00063
-0.932612
-0.855125
-0.773589
-0.690702
-0.608941
-0.532204
-0.471384
-0.428108
-0.439163
-0.67436
-0.946417
-0.950096
-0.88786
-1.13754
-1.46321
-1.58596
-1.54849
-1.07432
-1.0656
-1.02282
-0.955654
-0.878939
-0.798635
-0.717398
-0.637962
-0.564881
-0.507807
-0.47809
-0.491363
-0.804335
-1.23468
-1.30683
-1.09736
-1.36363
-1.77396
-1.85898
-1.82908
-1.09142
-1.08329
-1.04216
-0.976093
-0.900209
-0.82119
-0.741343
-0.664244
-0.594786
-0.53863
-0.524367
-0.543263
-0.919756
-1.65517
-2.33933
-2.62719
-2.81789
-2.59158
-2.18065
-2.02767
-1.10388
-1.09646
-1.0574
-0.992689
-0.917748
-0.839769
-0.761548
-0.686324
-0.61853
-0.564026
-0.554954
-0.592353
-1.01009
-1.94564
-3.16467
-3.83637
-3.9867
-3.73065
-3.24117
-2.86584
-1.11024
-1.10366
-1.06719
-1.00409
-0.930014
-0.853093
-0.77649
-0.702561
-0.634615
-0.57956
-0.567851
-0.603128
-0.997492
-1.77266
-2.81472
-3.46315
-3.53744
-3.41339
-3.18419
-2.94525
-1.11008
-1.10428
-1.07028
-1.00866
-0.935401
-0.859837
-0.784697
-0.711788
-0.643294
-0.58284
-0.545979
-0.546937
-0.765048
-1.13599
-1.51021
-1.93022
-2.0223
-1.82423
-1.57835
-1.38976
-1.09931
-1.09451
-1.06361
-1.00442
-0.932169
-0.85831
-0.785156
-0.714123
-0.646193
-0.574329
-0.499453
-0.492289
-0.359556
-0.308337
-0.184689
0.112702
0.440229
0.756061
1.01625
1.16548
-1.07678
-1.07294
-1.04543
-0.988962
-0.918603
-0.847294
-0.77759
-0.710754
-0.643589
-0.559686
-0.458258
-0.337749
-0.126618
0.28827
0.88906
1.52063
2.09208
2.50028
2.73079
2.83258
-1.0402
-1.0373
-1.01308
-0.959859
-0.893281
-0.826271
-0.762482
-0.702666
-0.642576
-0.558851
-0.427715
-0.255553
-0.0244034
0.37694
0.989907
1.64745
2.19483
2.54949
2.74094
2.81129
-0.985823
-0.983664
-0.963414
-0.91588
-0.855789
-0.79597
-0.741533
-0.694399
-0.649968
-0.584933
-0.45533
-0.277818
0.0088016
0.285437
0.733207
1.23464
1.63614
1.90865
2.05832
2.12191
-0.913792
-0.911887
-0.896425
-0.857835
-0.80765
-0.758705
-0.717839
-0.691713
-0.688711
-0.686867
-0.661363
-0.557206
-0.235797
0.0733927
0.371198
0.759353
1.05692
1.27581
1.40106
1.45864
-0.831708
-0.830262
-0.818555
-0.789987
-0.752659
-0.717293
-0.693296
-0.695165
-0.756796
-0.942345
-1.21838
-1.26898
-0.8272
-0.3665
-0.0517041
0.259835
0.518964
0.692646
0.786761
0.819245
-0.736397
-0.735551
-0.729009
-0.711913
-0.688927
-0.66873
-0.661846
-0.689568
-0.809393
-1.16817
-1.85633
-2.04817
-1.43456
-0.878535
-0.466661
-0.122783
0.138926
0.304775
0.388986
0.422146
-0.637868
-0.638165
-0.635082
-0.625468
-0.613132
-0.604472
-0.608938
-0.649533
-0.79153
-1.21176
-2.01811
-2.23875
-1.62181
-1.07374
-0.639327
-0.29856
-0.0783256
0.0356919
0.0867899
0.10205
-0.535641
-0.536281
-0.534806
-0.528907
-0.522135
-0.518874
-0.526287
-0.562671
-0.679543
-1.01675
-1.63119
-1.80719
-1.39752
-0.947297
-0.565322
-0.315038
-0.185316
-0.131533
-0.109247
-0.101709
-0.427285
-0.4282
-0.427445
-0.423475
-0.41886
-0.416274
-0.419879
-0.440331
-0.506305
-0.692311
-1.0124
-1.06721
-0.815742
-0.52428
-0.312565
-0.213357
-0.176176
-0.16542
-0.162899
-0.161265
-0.317623
-0.318489
-0.318297
-0.316031
-0.312709
-0.309468
-0.30778
-0.311674
-0.331787
-0.391534
-0.485111
-0.465589
-0.31158
-0.191353
-0.122755
-0.10705
-0.11292
-0.121197
-0.126624
-0.128084
-0.216631
-0.217376
-0.2177
-0.21715
-0.215221
-0.211779
-0.206651
-0.200211
-0.193716
-0.188584
-0.169198
-0.118225
-0.0637761
-0.0276364
-0.0233475
-0.0328396
-0.0471419
-0.058288
-0.0646223
-0.066918
-0.132352
-0.132922
-0.13359
-0.134328
-0.133768
-0.131132
-0.125286
-0.115064
-0.0987661
-0.07366
-0.0341076
0.00818569
0.0298498
0.0386257
0.0296888
0.0164793
0.00377865
-0.00549101
-0.010732
-0.0128806
-0.0682422
-0.0686609
-0.0694436
-0.0708167
-0.071123
-0.0694323
-0.0645019
-0.0547743
-0.0381489
-0.0121917
0.0229584
0.0527676
0.0633633
0.0634469
0.0552408
0.0450115
0.0356962
0.0289189
0.0250739
0.0233895
-0.0228042
-0.0230949
-0.0238257
-0.0253932
-0.0262315
-0.0253756
-0.0217214
-0.0139479
-0.000348768
0.0205965
0.0467958
0.0666313
0.0731466
0.071785
0.0659543
0.0588118
0.0522657
0.0474287
0.0446495
0.0434209
0.00742604
0.007229
0.00661637
0.00513527
0.00403157
0.00417425
0.00655808
0.0122022
0.022215
0.0374718
0.0557491
0.0689014
0.0732865
0.0720886
0.0680991
0.0632696
0.0586927
0.0551863
0.0531564
0.0522859
0.0262672
0.0261332
0.0256563
0.0243994
0.0232864
0.0229905
0.0242588
0.0279527
0.0349023
0.0455196
0.0579055
0.0665033
0.0693782
0.0685898
0.0659315
0.0625719
0.0592825
0.0566809
0.0551661
0.0545528
0.0371111
0.0370115
0.0366575
0.0356693
0.034679
0.0342132
0.034819
0.0370396
0.0414816
0.0484829
0.0567103
0.0624169
0.0643527
0.0637476
0.0618072
0.0593722
0.0569391
0.0549572
0.0538047
0.0533685
0.0426628
0.0425805
0.0423098
0.0415443
0.0406852
0.0401371
0.0403106
0.0416262
0.044461
0.0489768
0.0542733
0.0578608
0.0589465
0.0583785
0.0569323
0.0551143
0.0532738
0.0517522
0.0508738
0.0505612
0.0447905
0.0447213
0.0444992
0.0438767
0.0431146
0.0425282
0.0423861
0.0429781
0.0446078
0.0474019
0.0507232
0.0529405
0.0535386
0.0530233
0.0518873
0.0504994
0.0491008
0.04794
0.0472792
0.0470542
0.044642
0.0445847
0.0443959
0.0438754
0.0432028
0.0426245
0.0423304
0.0425142
0.0433638
0.0449765
0.0469666
0.0482428
0.0484446
0.0479136
0.0469861
0.0459017
0.0448217
0.043931
0.0434331
0.043269
0.0429445
0.0428984
0.0427362
0.0422909
0.0416929
0.0411329
0.0407404
0.0406533
0.0410073
0.0418578
0.0429428
0.0435756
0.043533
0.0430239
0.0422618
0.0414078
0.0405735
0.0398927
0.0395173
0.0393957
0.0401839
0.0401477
0.0400127
0.0396369
0.0391159
0.0385981
0.0381728
0.0379302
0.0379618
0.0383138
0.0388268
0.0390584
0.0388632
0.0383755
0.0377386
0.0370576
0.0364074
0.035883
0.0355966
0.0355053
0.0367046
0.0366766
0.036568
0.036259
0.0358167
0.0353563
0.0349396
0.0346281
0.0344826
0.0345313
0.0346746
0.0346459
0.0343641
0.0339121
0.0333787
0.0328319
0.0323212
0.0319137
0.0316938
0.031625
0.0327509
0.032729
0.0326435
0.0323962
0.0320313
0.0316368
0.0312539
0.0309229
0.0306846
0.030559
0.0304877
0.0303157
0.0300006
0.0295923
0.0291461
0.0287056
0.0283023
0.0279845
0.0278156
0.0277638
0.0285002
0.028483
0.0284163
0.0282234
0.0279318
0.0276061
0.0272734
0.0269594
0.0266905
0.0264794
0.0262944
0.0260527
0.0257379
0.0253787
0.0250085
0.0246547
0.0243368
0.0240897
0.0239604
0.0239213
0.0240781
0.0240644
0.0240127
0.0238647
0.0236373
0.0233764
0.023099
0.022821
0.0225594
0.0223221
0.0220934
0.0218347
0.0215445
0.0212385
0.0209369
0.0206564
0.0204085
0.0202184
0.0201199
0.0200903
0.0195645
0.019554
0.0195145
0.0194024
0.0192288
0.0190257
0.0188034
0.0185716
0.018341
0.0181159
0.0178894
0.0176486
0.0173992
0.0171488
0.01691
0.0166922
0.0165024
0.0163582
0.0162838
0.0162616
0.0150026
0.0149947
0.0149653
0.0148824
0.0147531
0.0146003
0.0144307
0.0142501
0.0140645
0.0138763
0.013683
0.0134832
0.0132851
0.0130924
0.012912
0.0127489
0.0126077
0.0125008
0.0124458
0.0124296
0.0104119
0.0104061
0.0103852
0.0103264
0.0102353
0.0101284
0.0100104
0.00988388
0.00975211
0.00961627
0.0094754
0.00933156
0.00919209
0.00905835
0.00893383
0.00882096
0.00872226
0.00864678
0.00860783
0.0085963
0.00579989
0.00579567
0.00578261
0.0057463
0.00569146
0.0056302
0.00556416
0.00549407
0.00542068
0.00534467
0.00526609
0.00518605
0.00510885
0.00503494
0.00496593
0.00490243
0.00484484
0.00479888
0.00477477
0.00476727
0.00348221
0.00347931
0.00346614
0.00343574
0.00339925
0.00336056
0.00331941
0.00327606
0.00323054
0.00318428
0.00313619
0.00308815
0.00304242
0.00299931
0.00295924
0.00292198
0.00288835
0.00286618
0.00285951
0.000939955
-0.834827
-0.496338
-0.26398
-0.0584322
0.109137
0.247026
0.362094
0.461596
0.526986
0.523077
-0.315198
-0.164123
-0.0129934
0.121992
0.238477
0.337622
0.419974
0.482469
0.521138
0.541009
-0.0336381
0.0608557
0.163132
0.257849
0.340494
0.410959
0.468477
0.512685
0.54537
0.5679
0.156526
0.22445
0.296994
0.365537
0.425676
0.477259
0.520397
0.555798
0.583937
0.60432
0.302684
0.353607
0.406579
0.457807
0.503545
0.543692
0.578521
0.608176
0.631881
0.649784
0.420399
0.4622
0.502743
0.542921
0.580131
0.61373
0.643508
0.669022
0.689173
0.705211
0.522976
0.556625
0.592222
0.62723
0.660272
0.690536
0.71746
0.740276
0.75782
0.772258
0.616164
0.64824
0.683084
0.71724
0.749157
0.778108
0.80349
0.824522
0.840137
0.853248
0.712646
0.747688
0.784842
0.819982
0.852075
0.88037
0.904502
0.924025
0.938236
0.950706
0.826249
0.865134
0.905133
0.940859
0.972234
0.999084
1.02142
1.03934
1.0529
1.06588
0.969393
1.0081
1.04708
1.07975
1.10742
1.13115
1.15153
1.16884
1.18307
1.19701
1.14593
1.17558
1.20587
1.23055
1.25189
1.2715
1.28991
1.30739
1.32341
1.33836
1.33977
1.3542
1.37196
1.38897
1.40569
1.42128
1.43556
1.44972
1.46467
1.48089
1.52911
1.53343
1.54637
1.55863
1.56868
1.57808
1.58839
1.59915
1.60857
1.62084
1.75874
1.74517
1.73638
1.72134
1.7103
1.70986
1.72195
1.74578
1.77766
1.81347
2.13291
1.97438
1.86892
1.81023
1.78129
1.77473
1.78992
1.83119
1.91041
2.05554
-0.750306
-0.747275
-0.706407
-0.638394
-0.557763
-0.468488
0.353371
0.414985
0.413813
0.35587
0.295433
0.228156
-0.0160751
-0.257244
-0.541011
-0.908734
-1.43247
)
;

boundaryField
{
    wall-4
    {
        type            zeroGradient;
    }
    pressure-outlet-7
    {
        type            fixedValue;
        value           uniform 0;
    }
    velocity-inlet-6
    {
        type            zeroGradient;
    }
    velocity-inlet-5
    {
        type            zeroGradient;
    }
    frontAndBackPlanes
    {
        type            empty;
    }
}


// ************************************************************************* //
