/*--------------------------------*- C++ -*----------------------------------*\
  =========                 |
  \\      /  F ield         | OpenFOAM: The Open Source CFD Toolbox
   \\    /   O peration     | Website:  https://openfoam.org
    \\  /    A nd           | Version:  6
     \\/     M anipulation  |
\*---------------------------------------------------------------------------*/
FoamFile
{
    version     2.0;
    format      ascii;
    class       volScalarField;
    location    "111.6";
    object      p;
}
// * * * * * * * * * * * * * * * * * * * * * * * * * * * * * * * * * * * * * //

dimensions      [0 2 -2 0 0 0 0];

internalField   nonuniform List<scalar> 
8800
(
1.09078
1.04147
1.0035
0.975439
0.955284
0.940707
0.930123
0.922603
0.917744
0.91571
0.917119
0.921493
0.928312
0.937757
0.950507
0.967837
0.991721
1.02482
1.06776
1.12028
0.925265
0.931611
0.940765
0.944317
0.941715
0.935634
0.928706
0.922481
0.917703
0.914866
0.914674
0.91734
0.922013
0.928164
0.935281
0.942328
0.947216
0.947098
0.940429
0.931534
0.898764
0.905001
0.909506
0.913383
0.91634
0.917301
0.916229
0.91413
0.91218
0.91138
0.912457
0.914949
0.917866
0.920159
0.920697
0.918922
0.915566
0.911561
0.906785
0.90307
0.894436
0.897204
0.899816
0.901981
0.903729
0.905312
0.906434
0.906812
0.906734
0.906878
0.907734
0.908922
0.9097
0.909578
0.908624
0.907287
0.90563
0.903338
0.900933
0.899368
0.889345
0.890771
0.892617
0.894708
0.896433
0.897743
0.898864
0.899875
0.900726
0.901517
0.902289
0.902803
0.902871
0.902543
0.901902
0.900808
0.899169
0.897288
0.895941
0.895139
0.884308
0.885212
0.886466
0.888105
0.889814
0.891368
0.89268
0.893839
0.894954
0.896038
0.896898
0.897354
0.897418
0.897094
0.896326
0.895165
0.893826
0.892576
0.891762
0.891238
0.87934
0.879997
0.880967
0.882299
0.883766
0.885309
0.886828
0.888238
0.889562
0.890848
0.89189
0.892466
0.892553
0.892171
0.891434
0.890527
0.889565
0.88868
0.888109
0.887724
0.874438
0.874944
0.875739
0.876897
0.878222
0.879671
0.881222
0.882819
0.884407
0.885962
0.887229
0.88794
0.888105
0.887854
0.887346
0.886703
0.886004
0.885366
0.884948
0.884648
0.869543
0.869945
0.870616
0.871658
0.872918
0.874322
0.875879
0.877588
0.879411
0.881278
0.882832
0.883766
0.88415
0.88415
0.883902
0.883494
0.883011
0.882574
0.882269
0.882024
0.864572
0.864899
0.865484
0.866453
0.867675
0.869079
0.870685
0.872515
0.87456
0.876762
0.878689
0.879968
0.880673
0.880967
0.880981
0.880821
0.88055
0.880281
0.880062
0.879856
0.859432
0.859703
0.86023
0.861158
0.862374
0.863818
0.865519
0.867516
0.869827
0.872421
0.874815
0.876536
0.877629
0.878258
0.878561
0.878655
0.8786
0.878484
0.878335
0.878155
0.854028
0.854255
0.854746
0.855664
0.856915
0.858444
0.860285
0.862509
0.865161
0.868239
0.871202
0.873452
0.874999
0.876015
0.876646
0.877002
0.877178
0.877207
0.877115
0.876953
0.84826
0.848453
0.848927
0.849866
0.851192
0.852852
0.854892
0.857414
0.860499
0.864178
0.867828
0.870709
0.872791
0.874253
0.875259
0.875927
0.876334
0.876498
0.876454
0.876304
0.842016
0.842182
0.842656
0.843644
0.845088
0.846932
0.84924
0.852146
0.855772
0.860185
0.864669
0.868305
0.871021
0.873004
0.874442
0.875459
0.87612
0.87642
0.876418
0.876274
0.835166
0.835309
0.835798
0.836864
0.838471
0.840561
0.843216
0.846609
0.850904
0.856214
0.861701
0.866241
0.86971
0.872309
0.874242
0.87566
0.876609
0.87705
0.877087
0.876944
0.827556
0.827676
0.828193
0.829367
0.831189
0.833595
0.836692
0.840692
0.845811
0.852211
0.858906
0.864524
0.868882
0.872209
0.874735
0.876619
0.877891
0.878479
0.87855
0.878405
0.818982
0.819085
0.819637
0.820954
0.823054
0.825861
0.829511
0.834267
0.840399
0.848121
0.856264
0.863162
0.86857
0.872755
0.875993
0.878424
0.880058
0.8808
0.880901
0.880749
0.809156
0.809257
0.809879
0.811376
0.813833
0.817145
0.821487
0.827181
0.834559
0.843886
0.853759
0.862169
0.868816
0.87401
0.878083
0.881155
0.883199
0.8841
0.884225
0.884062
0.797787
0.797865
0.798577
0.800327
0.803228
0.80718
0.812394
0.819259
0.828172
0.839443
0.851376
0.861561
0.869656
0.876036
0.881071
0.884895
0.887389
0.888447
0.888589
0.888412
0.784428
0.784495
0.785317
0.787383
0.790853
0.795627
0.801952
0.810293
0.821106
0.834734
0.849106
0.861359
0.871121
0.878873
0.885029
0.889701
0.892672
0.893874
0.894021
0.893826
0.76847
0.768528
0.769505
0.771996
0.776215
0.782062
0.789827
0.800051
0.813234
0.829716
0.846956
0.861586
0.873245
0.882558
0.889978
0.895586
0.89904
0.900355
0.90049
0.900275
0.749059
0.749113
0.750317
0.753408
0.758648
0.765945
0.775622
0.78829
0.804451
0.824379
0.844952
0.862268
0.876051
0.887104
0.895904
0.902517
0.906407
0.907778
0.907879
0.907645
0.724935
0.724995
0.726558
0.730552
0.737266
0.746597
0.758901
0.774799
0.794712
0.818768
0.84315
0.863446
0.879549
0.892491
0.902771
0.910371
0.914584
0.915924
0.915969
0.915719
0.694125
0.694217
0.696402
0.701869
0.710899
0.72324
0.739267
0.759473
0.784083
0.813007
0.841657
0.865175
0.883747
0.898659
0.910475
0.918933
0.923268
0.924466
0.924435
0.924178
0.653287
0.65352
0.656999
0.665192
0.678153
0.695193
0.716549
0.742433
0.77279
0.807309
0.840623
0.867535
0.888644
0.905567
0.918843
0.927883
0.932047
0.932988
0.932874
0.932623
0.596036
0.597239
0.604221
0.618128
0.637981
0.662313
0.691075
0.724139
0.761247
0.801968
0.840224
0.870621
0.894246
0.913086
0.927619
0.936806
0.940444
0.941052
0.940871
0.940637
0.513117
0.521277
0.537412
0.561825
0.592004
0.626109
0.663878
0.705143
0.749676
0.797081
0.840609
0.874745
0.901095
0.921946
0.937358
0.946206
0.949102
0.949389
0.949176
0.948987
0.424485
0.44248
0.468714
0.504426
0.545504
0.589486
0.63622
0.685723
0.737883
0.792411
0.841851
0.880362
0.90999
0.933003
0.948964
0.956679
0.958539
0.958561
0.95839
0.958279
0.348254
0.370286
0.404951
0.45032
0.501035
0.554326
0.609778
0.667346
0.726898
0.788161
0.843033
0.885427
0.91788
0.942569
0.958356
0.964691
0.965815
0.965757
0.965632
0.965555
0.285383
0.309887
0.350347
0.402642
0.460873
0.521901
0.585001
0.649914
0.716309
0.783819
0.843668
0.889583
0.924447
0.95031
0.965701
0.971066
0.971835
0.971755
0.971654
0.971593
0.232948
0.258972
0.303635
0.361292
0.4255
0.492843
0.562393
0.633713
0.706245
0.779446
0.843859
0.89299
0.930047
0.956885
0.97183
0.976435
0.976985
0.976893
0.976808
0.976752
0.188369
0.215295
0.263067
0.325051
0.39425
0.466939
0.542021
0.618935
0.696937
0.775291
0.843865
0.895922
0.934957
0.962596
0.977047
0.981074
0.981485
0.981385
0.981306
0.981253
0.149564
0.177077
0.227267
0.292831
0.36628
0.443614
0.52358
0.605499
0.688453
0.771506
0.843867
0.898549
0.939319
0.967556
0.981529
0.985125
0.985437
0.985321
0.985241
0.985188
0.115023
0.142976
0.195143
0.263752
0.340887
0.422304
0.506657
0.59315
0.680683
0.768098
0.843919
0.900931
0.943168
0.971835
0.985348
0.98862
0.988857
0.98872
0.988633
0.988575
0.0836857
0.112017
0.165848
0.237118
0.317505
0.402558
0.490885
0.581602
0.673449
0.764994
0.84403
0.903109
0.946551
0.975466
0.988522
0.991542
0.991724
0.991569
0.991472
0.991406
0.0547007
0.0834103
0.138727
0.2124
0.295683
0.384008
0.475964
0.570618
0.666572
0.762115
0.844233
0.905165
0.949546
0.978481
0.991056
0.993873
0.994029
0.993876
0.993776
0.9937
0.0276332
0.0566709
0.113338
0.189168
0.275065
0.366362
0.461658
0.560003
0.659912
0.759415
0.84459
0.907229
0.952291
0.980997
0.993023
0.995664
0.995828
0.995712
0.995626
0.995542
0.00194976
0.0313905
0.0893003
0.167105
0.255377
0.349385
0.447779
0.549602
0.653345
0.756843
0.845179
0.909472
0.954972
0.983193
0.994583
0.997057
0.997266
0.997224
0.997173
0.997087
-0.0225316
0.00730675
0.0663778
0.145986
0.236413
0.332908
0.434175
0.539287
0.646756
0.754339
0.846075
0.912105
0.957851
0.985316
0.995964
0.998268
0.998547
0.998605
0.998608
0.998526
-0.0460109
-0.0157666
0.0443861
0.125651
0.21804
0.316806
0.420731
0.528942
0.640033
0.751804
0.847302
0.91535
0.961234
0.987642
0.997397
0.999519
0.999889
1.00005
1.00011
1.00003
-0.0686378
-0.0379402
0.023218
0.106003
0.200155
0.300994
0.407368
0.518489
0.633077
0.749114
0.848822
0.919401
0.965498
0.990488
0.999053
1.00093
1.00144
1.0017
1.00177
1.0017
-0.0905338
-0.0593464
0.00281603
0.0869768
0.182713
0.285417
0.394037
0.507862
0.625798
0.746126
0.850517
0.924383
0.971074
0.994317
1.00108
1.00242
1.00312
1.00356
1.00368
1.00356
-0.111615
-0.0799678
-0.0168542
0.0685235
0.165677
0.270063
0.380707
0.497028
0.618131
0.742718
0.852196
0.930295
0.978396
0.999821
1.00391
1.0039
1.00459
1.00565
1.00619
1.00605
-0.131909
-0.0998332
-0.0358341
0.0506284
0.149042
0.254923
0.367388
0.485967
0.610031
0.73876
0.853638
0.936972
0.987772
1.00796
1.00881
1.00614
1.00609
1.0082
1.01019
1.01048
-0.151512
-0.118946
-0.0541486
0.0332789
0.132821
0.240023
0.3541
0.474691
0.60147
0.734153
0.854578
0.944106
0.999226
1.01966
1.0177
1.01168
1.00988
1.01308
1.01766
1.01967
-0.170317
-0.137315
-0.0717792
0.0165024
0.11703
0.2254
0.340881
0.463237
0.592459
0.72883
0.85476
0.951256
1.01239
1.0351
1.03196
1.02314
1.01863
1.02037
1.0256
1.02842
-0.188431
-0.154982
-0.0887552
0.000241386
0.101607
0.210988
0.327656
0.451517
0.582886
0.722659
0.853921
0.958004
1.02685
1.05393
1.05168
1.04142
1.0332
1.02692
1.02027
1.02496
-0.205811
-0.172019
-0.10523
-0.0157072
0.0862544
0.196466
0.314026
0.439077
0.57226
0.715097
0.851534
0.963785
1.04252
1.07626
1.07646
1.06605
1.05232
1.03689
1.01362
1.0189
-0.222358
-0.188433
-0.121065
-0.0311706
0.07121
0.182107
0.30015
0.426176
0.56077
0.706188
0.847233
0.967222
1.05752
1.09997
1.10197
1.08946
1.07075
1.03757
0.983293
0.961724
-0.237984
-0.205284
-0.135852
-0.0457209
0.0572795
0.168398
0.286301
0.413077
0.548666
0.696032
0.840841
0.967243
1.0694
1.12225
1.12088
1.10213
1.06946
1.00936
0.947827
0.911028
-0.279816
-0.221959
-0.149304
-0.0603508
0.0436797
0.154313
0.272625
0.399629
0.535686
0.684152
0.831636
0.962514
1.07434
1.13597
1.13123
1.08876
1.01955
0.943022
0.871379
0.831789
-0.252397
-0.23321
-0.169725
-0.0801227
0.0225257
0.133114
0.251018
0.377908
0.514003
0.662833
0.811804
0.945267
1.05378
1.12282
1.08172
0.945376
0.839011
0.765278
0.69555
0.713875
-0.282041
-0.249657
-0.185273
-0.0960513
0.00627238
0.116826
0.235139
0.3617
0.497321
0.645372
0.793189
0.92439
1.02146
1.0607
0.980852
0.817491
0.693006
0.609098
0.521277
0.557205
-0.304551
-0.26988
-0.203779
-0.114481
-0.0121681
0.0984837
0.216864
0.342902
0.477584
0.623927
0.76871
0.894271
0.979047
0.979931
0.845498
0.671652
0.529239
0.426333
0.325914
0.347921
-0.326201
-0.290584
-0.223188
-0.133257
-0.0308389
0.0797754
0.197764
0.323039
0.456432
0.600381
0.74054
0.856324
0.922429
0.888797
0.705517
0.514058
0.34415
0.203069
0.0736549
0.0756102
-0.347399
-0.311503
-0.243286
-0.152806
-0.0502499
0.0601873
0.177588
0.301874
0.433556
0.574424
0.708468
0.813403
0.857319
0.769911
0.566707
0.358213
0.164892
0.00653754
-0.199116
-0.280316
-0.368837
-0.33312
-0.264479
-0.173649
-0.0709647
0.0392936
0.156118
0.279292
0.408992
0.546223
0.673105
0.767964
0.781787
0.643684
0.438768
0.221049
0.0241725
-0.138596
-0.260595
-0.3714
-0.391568
-0.355906
-0.287116
-0.196169
-0.093521
0.01642
0.13252
0.254324
0.381555
0.51431
0.633249
0.713525
0.697717
0.523325
0.318313
0.107305
-0.0726011
-0.170945
-0.196538
-0.209371
-0.415748
-0.380159
-0.311325
-0.22045
-0.118063
-0.00866108
0.106405
0.22643
0.35059
0.477861
0.587612
0.648343
0.609687
0.407399
0.205034
0.0147264
-0.121428
-0.159768
-0.167912
-0.16829
-0.441674
-0.406012
-0.337146
-0.246481
-0.144544
-0.0359695
0.0777275
0.195526
0.315984
0.436849
0.536657
0.579068
0.502261
0.300579
0.105322
-0.0600653
-0.136191
-0.150195
-0.151121
-0.15099
-0.469348
-0.433501
-0.364612
-0.274271
-0.172994
-0.0655148
0.0464548
0.161565
0.277727
0.391365
0.480343
0.504329
0.388993
0.203161
0.0192376
-0.111717
-0.140594
-0.141173
-0.14167
-0.141257
-0.498527
-0.462475
-0.393635
-0.303753
-0.203347
-0.0972657
0.0125864
0.124544
0.235867
0.341539
0.419536
0.422293
0.289203
0.114623
-0.0477513
-0.123475
-0.138013
-0.135927
-0.135604
-0.135197
-0.528664
-0.492591
-0.423963
-0.334712
-0.235429
-0.131083
-0.023747
0.0845684
0.190638
0.287946
0.354391
0.340171
0.198297
0.0373658
-0.0924072
-0.131731
-0.13097
-0.13141
-0.131162
-0.130851
-0.559317
-0.523327
-0.455119
-0.366742
-0.268904
-0.166656
-0.0622698
0.0419131
0.142349
0.231595
0.284103
0.263115
0.117539
-0.0229755
-0.117806
-0.126348
-0.127922
-0.128253
-0.128195
-0.128027
-0.5895
-0.553825
-0.486392
-0.399225
-0.303228
-0.203512
-0.102517
-0.00291782
0.0914444
0.173369
0.214376
0.185491
0.049344
-0.064937
-0.122037
-0.1324
-0.127176
-0.126156
-0.125807
-0.125646
-0.617641
-0.582831
-0.516759
-0.431286
-0.33763
-0.240944
-0.14381
-0.0491644
0.0387486
0.113745
0.149812
0.106629
-0.0056584
-0.0969888
-0.120203
-0.123684
-0.124464
-0.12402
-0.123827
-0.123697
-0.642441
-0.608859
-0.544845
-0.461735
-0.371057
-0.278011
-0.185258
-0.0958795
-0.014445
0.0533243
0.0868836
0.039152
-0.0472228
-0.11568
-0.136599
-0.127257
-0.123986
-0.122922
-0.122591
-0.122431
-0.661338
-0.629834
-0.568916
-0.489075
-0.402205
-0.313527
-0.22574
-0.141971
-0.066806
-0.00601674
0.0245054
-0.0135941
-0.0748632
-0.119374
-0.124779
-0.124319
-0.122849
-0.122277
-0.122067
-0.121909
-0.672366
-0.643718
-0.58694
-0.511589
-0.429564
-0.346111
-0.263932
-0.186163
-0.117202
-0.0616336
-0.0323398
-0.0576602
-0.0916767
-0.117546
-0.117521
-0.120934
-0.122271
-0.122405
-0.122399
-0.122321
-0.672884
-0.648186
-0.596873
-0.527466
-0.451521
-0.374309
-0.29841
-0.226956
-0.164381
-0.112895
-0.0797427
-0.0973624
-0.106347
-0.12065
-0.122955
-0.123174
-0.123671
-0.123896
-0.123989
-0.123973
-0.660498
-0.640562
-0.596598
-0.534998
-0.466635
-0.396758
-0.327848
-0.26284
-0.206547
-0.160974
-0.11546
-0.134212
-0.12187
-0.130821
-0.131203
-0.128466
-0.127529
-0.127589
-0.127738
-0.127723
-0.633305
-0.618798
-0.584375
-0.533016
-0.473887
-0.412488
-0.351225
-0.292736
-0.24193
-0.20393
-0.155956
-0.150256
-0.140872
-0.144861
-0.13898
-0.13631
-0.134468
-0.13447
-0.134789
-0.134822
-0.594797
-0.585575
-0.561533
-0.521875
-0.473355
-0.421265
-0.367992
-0.316042
-0.270037
-0.237504
-0.205901
-0.177679
-0.149122
-0.151253
-0.157571
-0.151593
-0.148313
-0.14789
-0.148406
-0.148436
-0.551996
-0.546734
-0.532967
-0.504695
-0.46715
-0.423971
-0.378266
-0.332408
-0.290297
-0.259027
-0.230933
-0.203784
-0.170434
-0.146055
-0.127839
-0.136377
-0.159257
-0.172267
-0.175893
-0.176256
-0.514526
-0.511298
-0.504702
-0.486723
-0.458105
-0.42241
-0.383065
-0.34183
-0.301671
-0.268856
-0.243102
-0.226255
-0.218779
-0.232177
-0.258091
-0.291429
-0.295836
-0.262088
-0.243087
-0.244985
-0.487512
-0.485598
-0.482277
-0.471652
-0.449813
-0.419656
-0.384306
-0.34526
-0.304845
-0.268201
-0.240664
-0.233838
-0.270566
-0.338969
-0.41145
-0.452743
-0.458894
-0.424329
-0.377774
-0.361232
-0.467695
-0.467023
-0.465917
-0.460675
-0.444712
-0.418176
-0.383992
-0.34459
-0.301285
-0.257867
-0.227097
-0.202317
-0.193677
-0.217451
-0.270585
-0.283451
-0.271672
-0.246466
-0.215149
-0.198895
-0.456048
-0.455828
-0.455228
-0.452857
-0.442053
-0.417679
-0.383107
-0.341525
-0.293464
-0.24045
-0.195263
-0.133018
-0.0570392
0.0100496
0.0432155
0.0661869
0.102099
0.139593
0.171675
0.187594
-0.447939
-0.447794
-0.447395
-0.446748
-0.440194
-0.418287
-0.382681
-0.337578
-0.283765
-0.218636
-0.151499
-0.0645118
0.0758597
0.249946
0.414072
0.545644
0.636643
0.695286
0.729365
0.743525
-0.442585
-0.442543
-0.442432
-0.442288
-0.43845
-0.420063
-0.383438
-0.334027
-0.274238
-0.198474
-0.113115
-0.0166544
0.168369
0.428618
0.701469
0.941457
1.11063
1.20159
1.23911
1.25084
-0.43818
-0.438174
-0.438103
-0.43801
-0.436647
-0.422249
-0.385564
-0.332533
-0.267083
-0.184139
-0.0874109
0.01524
0.211577
0.502368
0.819351
1.10844
1.32651
1.44499
1.4888
1.50058
-0.434425
-0.434416
-0.43429
-0.434027
-0.433847
-0.423862
-0.388993
-0.333994
-0.264343
-0.177649
-0.0763759
0.0284435
0.207257
0.484115
0.788204
1.06926
1.28879
1.41186
1.45983
1.47221
-0.431605
-0.431609
-0.431555
-0.431493
-0.431865
-0.424891
-0.393615
-0.338005
-0.266657
-0.179338
-0.0803761
0.0174257
0.166119
0.411864
0.67256
0.906133
1.0944
1.20632
1.25076
1.26182
-0.428808
-0.428896
-0.429128
-0.429547
-0.429831
-0.426133
-0.398627
-0.344316
-0.27376
-0.189224
-0.0971989
-0.0109005
0.102368
0.304287
0.519632
0.701179
0.845544
0.933374
0.968427
0.976759
-0.425808
-0.42597
-0.42624
-0.426617
-0.427049
-0.425842
-0.402717
-0.351743
-0.28457
-0.205307
-0.121823
-0.0471758
0.0364193
0.192564
0.361179
0.49752
0.6036
0.667495
0.691794
0.69667
-0.422907
-0.423089
-0.423321
-0.423606
-0.424192
-0.423894
-0.404953
-0.359082
-0.29769
-0.224722
-0.150298
-0.0868531
-0.0264446
0.0901536
0.217387
0.316441
0.391005
0.43531
0.451647
0.453996
-0.420555
-0.420637
-0.42052
-0.420012
-0.419416
-0.419072
-0.404963
-0.366066
-0.311683
-0.245354
-0.179528
-0.126417
-0.0807128
0.00408055
0.0980608
0.168651
0.219116
0.248024
0.258137
0.259663
-0.420419
-0.420289
-0.419546
-0.417491
-0.414103
-0.412131
-0.404292
-0.37373
-0.325402
-0.264471
-0.208128
-0.163105
-0.127299
-0.0637865
0.00413907
0.0527576
0.0869747
0.105484
0.111775
0.112693
-0.424252
-0.424085
-0.423408
-0.421613
-0.418434
-0.415798
-0.410296
-0.384877
-0.337911
-0.282626
-0.234997
-0.195736
-0.167105
-0.11967
-0.0678864
-0.0320167
-0.00819636
0.00494562
0.00934639
0.00975907
-0.430381
-0.430662
-0.431751
-0.434865
-0.43946
-0.440861
-0.432701
-0.400475
-0.349411
-0.30025
-0.258405
-0.223301
-0.199185
-0.162211
-0.121661
-0.0935252
-0.0739403
-0.0631759
-0.0595606
-0.0595203
-0.433173
-0.434116
-0.437752
-0.448652
-0.46582
-0.47231
-0.457846
-0.412243
-0.36016
-0.316869
-0.27779
-0.244338
-0.226475
-0.194688
-0.15933
-0.134683
-0.117106
-0.107456
-0.104456
-0.104742
-0.430575
-0.431494
-0.43495
-0.444786
-0.463247
-0.475141
-0.453408
-0.409523
-0.366999
-0.329285
-0.28892
-0.260588
-0.245504
-0.218509
-0.187221
-0.16432
-0.147672
-0.138413
-0.135679
-0.136151
-0.429791
-0.430286
-0.430744
-0.424147
-0.406676
-0.396346
-0.39886
-0.387079
-0.366852
-0.33228
-0.294185
-0.270821
-0.258132
-0.230948
-0.202658
-0.182453
-0.167674
-0.159828
-0.157469
-0.158024
-0.435663
-0.435312
-0.431791
-0.408878
-0.361105
-0.328798
-0.344745
-0.367304
-0.363505
-0.329073
-0.294674
-0.273992
-0.261262
-0.235775
-0.209457
-0.191312
-0.178888
-0.172756
-0.170754
-0.171229
-0.452333
-0.450039
-0.446447
-0.431495
-0.400645
-0.374011
-0.381222
-0.396649
-0.375186
-0.329097
-0.291171
-0.270622
-0.254374
-0.229394
-0.206452
-0.190525
-0.17984
-0.174353
-0.172525
-0.1729
-0.507743
-0.508665
-0.524788
-0.549141
-0.555026
-0.533713
-0.505025
-0.460804
-0.396253
-0.327633
-0.285698
-0.259984
-0.239432
-0.214565
-0.193289
-0.178131
-0.167806
-0.162399
-0.1606
-0.160981
-0.601489
-0.611698
-0.642388
-0.674751
-0.684655
-0.662918
-0.611932
-0.518553
-0.40799
-0.320376
-0.273991
-0.24069
-0.217063
-0.194642
-0.173266
-0.156517
-0.144814
-0.138502
-0.136566
-0.137105
-0.656593
-0.668944
-0.693392
-0.715824
-0.724024
-0.702915
-0.639889
-0.517873
-0.390947
-0.302043
-0.247842
-0.21164
-0.191452
-0.169385
-0.146514
-0.128241
-0.114975
-0.107567
-0.105688
-0.106457
-0.621196
-0.629415
-0.647152
-0.665512
-0.674148
-0.655409
-0.587602
-0.454144
-0.338148
-0.258743
-0.203605
-0.175229
-0.16116
-0.138633
-0.115051
-0.0967327
-0.0833707
-0.0762259
-0.0748658
-0.0758634
-0.491574
-0.501711
-0.518955
-0.536686
-0.545837
-0.530114
-0.4616
-0.349349
-0.259075
-0.18972
-0.146726
-0.132377
-0.122808
-0.102373
-0.0821635
-0.0665868
-0.0550798
-0.049724
-0.0491161
-0.0500931
-0.290473
-0.302122
-0.321415
-0.343916
-0.356034
-0.337633
-0.276588
-0.207788
-0.152146
-0.106928
-0.0862488
-0.079448
-0.0758816
-0.0604216
-0.046755
-0.0363997
-0.0288576
-0.0259903
-0.0264112
-0.0273771
0.00961241
-0.00540775
-0.0480051
-0.0803255
-0.0867214
-0.0806723
-0.0675778
-0.0506522
-0.0373601
-0.0259273
-0.0217158
-0.0175669
-0.0166237
-0.0150331
-0.0105989
-0.0110141
-0.0108446
-0.0108613
-0.00882721
-0.007773
0.196958
0.377646
0.542019
0.679894
0.787765
0.870446
0.937908
0.992681
1.00567
1.00327
0.468606
0.583317
0.690368
0.781908
0.857813
0.919624
0.968038
1.00078
1.01849
1.03572
0.652181
0.728086
0.80303
0.868327
0.923535
0.969165
1.00524
1.0331
1.05414
1.0735
0.788619
0.842755
0.897054
0.945668
0.987566
1.02329
1.05346
1.07891
1.09855
1.11746
0.899857
0.940814
0.981261
1.01924
1.05328
1.08349
1.11001
1.13263
1.15026
1.16836
0.993106
1.02734
1.06097
1.09327
1.12315
1.15031
1.17439
1.19473
1.2102
1.22769
1.07899
1.11005
1.14133
1.17165
1.19991
1.22566
1.2483
1.26689
1.28058
1.29757
1.16438
1.19643
1.22826
1.25895
1.28729
1.31269
1.3345
1.35179
1.364
1.38049
1.25784
1.29406
1.3285
1.36064
1.38951
1.41459
1.43549
1.4516
1.46309
1.47919
1.37047
1.41117
1.44793
1.48055
1.50878
1.53259
1.55206
1.56722
1.57902
1.59505
1.51184
1.55261
1.58771
1.61709
1.64214
1.66364
1.68205
1.69746
1.71052
1.72644
1.68301
1.71489
1.74182
1.76414
1.78417
1.80283
1.82052
1.83725
1.85213
1.86783
1.86899
1.88616
1.90322
1.91988
1.93595
1.95066
1.96454
1.979
1.99421
2.01151
2.05235
2.06223
2.07539
2.08635
2.09576
2.1054
2.11599
2.12614
2.13542
2.16109
2.2701
2.2644
2.25144
2.23719
2.23088
2.23656
2.2547
2.28322
2.31698
2.3533
2.57294
2.43699
2.35746
2.31488
2.29755
2.30155
2.32896
2.38682
2.49447
2.67288
0.994471
0.988169
0.980443
0.969334
0.955772
0.943136
0.932758
0.924774
0.919097
0.915821
0.915542
0.918444
0.923733
0.931131
0.940711
0.952562
0.966139
0.979078
0.988075
0.99562
0.90352
0.909441
0.917518
0.923658
0.926737
0.92624
0.923175
0.91921
0.915664
0.91344
0.913382
0.915711
0.919526
0.924017
0.928151
0.930421
0.929365
0.924741
0.917693
0.909864
0.896738
0.899111
0.902384
0.905166
0.90763
0.909836
0.91104
0.910928
0.910039
0.909299
0.9096
0.9111
0.912951
0.914232
0.914196
0.912758
0.910621
0.908275
0.905304
0.902291
0.891903
0.892992
0.894915
0.897264
0.899152
0.900572
0.901819
0.902852
0.903508
0.903964
0.904618
0.905461
0.906008
0.905952
0.905371
0.904484
0.903179
0.901229
0.899136
0.897663
0.886819
0.887453
0.888589
0.890361
0.892224
0.893843
0.895129
0.89624
0.897289
0.898279
0.899183
0.899822
0.900055
0.899923
0.899444
0.898514
0.897119
0.895534
0.894213
0.893415
0.881818
0.882256
0.883052
0.884373
0.885919
0.887514
0.889034
0.890387
0.891621
0.892817
0.893911
0.894655
0.89495
0.894805
0.894212
0.893268
0.892156
0.891044
0.890159
0.88963
0.876887
0.877214
0.877834
0.878923
0.880248
0.881686
0.883215
0.884758
0.886244
0.887677
0.888992
0.889909
0.890278
0.890145
0.889636
0.888921
0.888129
0.887313
0.886674
0.886286
0.871999
0.872251
0.872753
0.873688
0.874896
0.87625
0.877733
0.879343
0.881034
0.882752
0.884351
0.885478
0.885994
0.886034
0.885763
0.885303
0.884737
0.884158
0.883703
0.883408
0.867077
0.867278
0.867697
0.868526
0.869662
0.870979
0.87246
0.874131
0.875987
0.877982
0.879917
0.881353
0.882146
0.882464
0.882461
0.88225
0.881908
0.881534
0.881223
0.880992
0.862034
0.862194
0.862556
0.863315
0.864414
0.865723
0.867249
0.869025
0.871067
0.873359
0.875694
0.877548
0.878718
0.87937
0.879658
0.879707
0.879601
0.879417
0.879226
0.879041
0.856774
0.856903
0.857224
0.857943
0.859034
0.860381
0.861993
0.863922
0.866209
0.868865
0.871688
0.874058
0.87568
0.876721
0.877342
0.877674
0.877806
0.877811
0.877725
0.877576
0.851201
0.851304
0.851598
0.852303
0.853422
0.854852
0.856598
0.858737
0.861343
0.864459
0.867879
0.870868
0.873024
0.874517
0.875518
0.876163
0.876563
0.876754
0.876759
0.876637
0.84521
0.845291
0.84557
0.846286
0.847469
0.849025
0.85096
0.853381
0.856395
0.860081
0.864231
0.867964
0.870756
0.872778
0.874217
0.875238
0.875921
0.876298
0.876387
0.876286
0.838681
0.838741
0.839015
0.839764
0.841049
0.842778
0.844969
0.847756
0.851282
0.855671
0.860707
0.865335
0.868884
0.871532
0.873479
0.874918
0.875927
0.87651
0.876681
0.876595
0.831472
0.831509
0.831787
0.832593
0.834018
0.835977
0.8385
0.84175
0.845914
0.851163
0.857271
0.862973
0.867423
0.870811
0.873361
0.875283
0.876668
0.877475
0.877726
0.877651
0.823408
0.823427
0.823709
0.824594
0.826202
0.828457
0.831401
0.835231
0.840184
0.846485
0.853888
0.860872
0.866389
0.870651
0.873918
0.876423
0.878236
0.879284
0.879614
0.879546
0.814234
0.814241
0.81455
0.815541
0.817388
0.820017
0.823489
0.828043
0.833973
0.841559
0.85052
0.859031
0.865811
0.871101
0.875211
0.878411
0.880717
0.882029
0.882436
0.88237
0.803684
0.803665
0.804014
0.805155
0.807302
0.810405
0.814543
0.820002
0.827139
0.836295
0.847132
0.857449
0.865714
0.872215
0.87732
0.88132
0.884197
0.885792
0.886272
0.886202
0.79137
0.79133
0.79173
0.793062
0.795591
0.799301
0.804285
0.810883
0.819524
0.830602
0.843688
0.856133
0.866126
0.874034
0.880305
0.885225
0.888744
0.890631
0.891171
0.891092
0.776774
0.776711
0.777193
0.778779
0.781799
0.786297
0.79237
0.800424
0.810952
0.82439
0.840165
0.855093
0.867074
0.87659
0.884209
0.890174
0.894387
0.896556
0.897137
0.897041
0.75917
0.759085
0.759696
0.76164
0.765319
0.770863
0.778374
0.788319
0.801246
0.817588
0.836561
0.854355
0.868585
0.879918
0.889025
0.896159
0.901101
0.903511
0.904099
0.903978
0.737518
0.737416
0.73824
0.740706
0.745313
0.752308
0.761779
0.774244
0.790256
0.810175
0.832909
0.853956
0.870687
0.88402
0.894755
0.903146
0.908777
0.911342
0.911892
0.911738
0.710235
0.710135
0.711315
0.714595
0.720623
0.729739
0.742003
0.757907
0.77791
0.802205
0.829299
0.853956
0.873405
0.888885
0.901352
0.911013
0.917202
0.919782
0.920238
0.92005
0.674754
0.674713
0.676544
0.681238
0.689655
0.702131
0.718523
0.739169
0.764293
0.793845
0.825883
0.854458
0.876772
0.89449
0.908727
0.919557
0.926047
0.928449
0.92876
0.928541
0.626516
0.626716
0.629994
0.637682
0.650572
0.668603
0.691156
0.718224
0.749727
0.785391
0.822876
0.855593
0.880839
0.900782
0.916745
0.928493
0.934872
0.936877
0.937014
0.936779
0.556968
0.558498
0.566519
0.581144
0.602331
0.629241
0.660506
0.695754
0.734781
0.777245
0.820505
0.857463
0.885639
0.907686
0.925117
0.937312
0.943102
0.944534
0.944518
0.944299
0.473821
0.476762
0.49243
0.517798
0.550398
0.58775
0.628403
0.672224
0.719134
0.768889
0.818604
0.860572
0.892401
0.917121
0.935984
0.947982
0.952883
0.953822
0.953757
0.953629
0.388406
0.396065
0.419666
0.455753
0.499345
0.546935
0.596967
0.64938
0.704171
0.76116
0.817251
0.864134
0.899484
0.926814
0.946953
0.958192
0.961687
0.96208
0.961988
0.961914
0.318202
0.328104
0.356707
0.400379
0.452562
0.508782
0.567233
0.627666
0.689921
0.753734
0.815734
0.867069
0.905515
0.934914
0.955575
0.965849
0.968509
0.968725
0.968647
0.968601
0.260435
0.271115
0.30354
0.352814
0.411469
0.474545
0.540015
0.607428
0.676394
0.746452
0.813881
0.86929
0.91054
0.941668
0.962625
0.972087
0.974188
0.974307
0.974243
0.974213
0.21184
0.222909
0.257979
0.311603
0.375505
0.44423
0.515574
0.588974
0.663846
0.739525
0.811904
0.871037
0.914852
0.947534
0.968643
0.977364
0.979077
0.979139
0.979083
0.979061
0.170007
0.181251
0.218285
0.275386
0.343647
0.41719
0.493624
0.572269
0.652399
0.733151
0.810036
0.872546
0.91867
0.952688
0.973815
0.981912
0.983358
0.983376
0.983318
0.9833
0.133218
0.144523
0.183088
0.243059
0.315021
0.392737
0.473668
0.55703
0.641951
0.727359
0.808374
0.873935
0.922088
0.957202
0.978261
0.98584
0.987093
0.987071
0.987004
0.986981
0.100215
0.111537
0.151307
0.213746
0.288922
0.370306
0.455253
0.542915
0.632275
0.722055
0.806916
0.875235
0.925134
0.961133
0.982024
0.989167
0.99028
0.990222
0.99014
0.990109
0.0699645
0.0813181
0.12215
0.18677
0.264799
0.349445
0.438011
0.529622
0.623148
0.717099
0.805634
0.876487
0.92788
0.96451
0.985123
0.991879
0.992891
0.992811
0.992721
0.992682
0.0418782
0.0532702
0.0950427
0.161625
0.242205
0.329786
0.42165
0.516914
0.614378
0.712375
0.804518
0.877782
0.930435
0.967418
0.987614
0.993995
0.99494
0.99487
0.994792
0.994749
0.0154583
0.0268993
0.069544
0.137912
0.220799
0.311044
0.405933
0.504597
0.605815
0.707789
0.803583
0.879239
0.932963
0.970019
0.989621
0.995614
0.99652
0.996502
0.996466
0.996431
-0.00970004
0.00187502
0.0453299
0.115347
0.200332
0.292996
0.390674
0.492521
0.597321
0.703248
0.80284
0.880999
0.935681
0.972536
0.991358
0.996931
0.997817
0.997886
0.99792
0.997906
-0.0337512
-0.0220248
0.0221986
0.0937226
0.180619
0.275494
0.375735
0.480557
0.588784
0.698637
0.802259
0.883212
0.938855
0.975245
0.993071
0.998176
0.999056
0.999231
0.999348
0.999364
-0.0569115
-0.0449839
-2.73416e-05
0.0729105
0.16154
0.258421
0.361015
0.468607
0.580103
0.693852
0.801761
0.885978
0.942785
0.978478
0.995005
0.999541
1.00044
1.00073
1.00091
1.00095
-0.0792011
-0.0670912
-0.0214347
0.0528285
0.143019
0.24171
0.346455
0.456608
0.571197
0.688769
0.801217
0.889324
0.94778
0.982661
0.997425
1.00108
1.00199
1.00246
1.00268
1.00271
-0.100754
-0.0884122
-0.0420441
0.0334294
0.125005
0.225319
0.332012
0.44452
0.562005
0.683288
0.800462
0.893174
0.954097
0.988359
1.00076
1.0028
1.00347
1.00426
1.00475
1.00483
-0.121445
-0.108963
-0.061896
0.0146692
0.10748
0.209253
0.317676
0.432321
0.552489
0.677329
0.799316
0.897342
0.961865
0.99622
1.0059
1.00524
1.00478
1.00596
1.00749
1.00808
-0.141454
-0.128755
-0.0810108
-0.00348052
0.0904248
0.193494
0.303472
0.420011
0.54263
0.670835
0.797604
0.901551
0.970995
1.00683
1.01427
1.0102
1.00737
1.00853
1.01195
1.01412
-0.160673
-0.147755
-0.0994162
-0.0210125
0.0738767
0.178077
0.289427
0.407641
0.532442
0.66374
0.795166
0.905458
0.981159
1.02034
1.02709
1.02007
1.01426
1.01447
1.0197
1.02487
-0.179197
-0.166065
-0.11709
-0.0379019
0.0578354
0.163031
0.275583
0.395233
0.521953
0.656059
0.791871
0.908658
0.991805
1.03626
1.0444
1.03608
1.02751
1.02418
1.02348
1.01977
-0.196954
-0.183671
-0.13413
-0.054329
0.0420721
0.148076
0.261617
0.382412
0.510766
0.647375
0.78734
0.910815
1.00284
1.05482
1.06648
1.05865
1.04784
1.03667
1.0246
1.02599
-0.213947
-0.200674
-0.150567
-0.0702538
0.0265783
0.133227
0.247535
0.369124
0.498796
0.637471
0.781202
0.911094
1.01301
1.07493
1.09134
1.08485
1.07039
1.05568
1.01879
0.982555
-0.230005
-0.216948
-0.166401
-0.0855544
0.0113309
0.118458
0.233304
0.355464
0.486049
0.626279
0.773153
0.908688
1.02028
1.09438
1.11624
1.10714
1.08711
1.0528
0.9988
0.947597
-0.247832
-0.231418
-0.181445
-0.0997663
-0.00339256
0.104004
0.21853
0.341451
0.472575
0.613838
0.762966
0.902893
1.02213
1.1112
1.13964
1.1241
1.07924
1.01679
0.946083
0.886824
-0.235906
-0.210728
-0.155911
-0.0703222
0.033326
0.143997
0.264622
0.391631
0.527757
0.676479
0.824798
0.956978
1.06912
1.1483
1.14251
1.05346
0.985055
0.910961
0.840297
0.7956
-0.248993
-0.240958
-0.198854
-0.12277
-0.0261926
0.0804317
0.195546
0.318601
0.449973
0.591744
0.742197
0.88552
1.00852
1.10321
1.14343
1.09438
0.966775
0.876653
0.810155
0.734125
-0.26918
-0.258364
-0.212682
-0.135142
-0.0379191
0.0682736
0.182487
0.304826
0.435763
0.577075
0.72744
0.871362
0.992601
1.07426
1.08021
0.964065
0.819595
0.724884
0.652674
0.574217
-0.291262
-0.279302
-0.230484
-0.15199
-0.0547845
0.0517052
0.166162
0.288542
0.419031
0.559609
0.708281
0.849089
0.960668
1.02537
0.986608
0.826724
0.674564
0.565913
0.480153
0.369662
-0.312747
-0.300796
-0.250365
-0.170741
-0.0735164
0.0331364
0.1476
0.269625
0.39933
0.53851
0.684329
0.819554
0.920239
0.958497
0.871862
0.682592
0.510503
0.375363
0.265484
0.122192
-0.33393
-0.322072
-0.270662
-0.190042
-0.0925124
0.0141597
0.128297
0.249602
0.378147
0.515318
0.657315
0.785424
0.875744
0.872321
0.735807
0.535106
0.338797
0.167131
0.0217073
-0.222246
-0.355269
-0.343608
-0.291654
-0.210408
-0.112609
-0.00592208
0.107822
0.228305
0.355436
0.490107
0.627454
0.745833
0.8212
0.785663
0.602118
0.393814
0.184821
0.00386329
-0.164868
-0.414401
-0.377332
-0.365858
-0.313723
-0.23214
-0.134192
-0.0275343
0.0858031
0.20541
0.330935
0.46267
0.594705
0.701609
0.758669
0.691927
0.479795
0.26647
0.0616357
-0.110413
-0.196541
-0.243875
-0.400816
-0.389463
-0.337221
-0.255533
-0.157669
-0.0512569
0.061461
0.179879
0.303331
0.431374
0.556952
0.652947
0.684304
0.571986
0.363734
0.154422
-0.0280704
-0.14246
-0.177505
-0.183082
-0.425912
-0.414614
-0.362266
-0.280594
-0.182984
-0.0770571
0.0347517
0.151619
0.272474
0.396042
0.513933
0.599368
0.595294
0.454752
0.253589
0.0595971
-0.0931694
-0.147187
-0.15599
-0.158278
-0.452764
-0.441449
-0.388925
-0.307342
-0.210143
-0.104952
0.00564703
0.120555
0.238294
0.356677
0.465819
0.538361
0.508596
0.343421
0.155204
-0.0243173
-0.12298
-0.145428
-0.145698
-0.145871
-0.48126
-0.469894
-0.417177
-0.335761
-0.23913
-0.134917
-0.0258689
0.0866672
0.200786
0.313282
0.41308
0.469867
0.428238
0.243105
0.0687491
-0.0827403
-0.135948
-0.13774
-0.138398
-0.138322
-0.511044
-0.499661
-0.446817
-0.365705
-0.269831
-0.16687
-0.0597284
0.0499997
0.160001
0.266125
0.356022
0.39908
0.337528
0.15572
-0.00569275
-0.111546
-0.134458
-0.133861
-0.133389
-0.133066
-0.541678
-0.530303
-0.477465
-0.396837
-0.301963
-0.200576
-0.0957138
0.0107459
0.116141
0.215722
0.295063
0.324971
0.241723
0.0795454
-0.0629153
-0.116475
-0.128135
-0.129128
-0.129621
-0.129491
-0.572409
-0.561138
-0.508514
-0.428605
-0.335058
-0.235621
-0.133467
-0.0307265
0.069573
0.162537
0.232262
0.244713
0.156862
0.0178176
-0.0949247
-0.134328
-0.128628
-0.12768
-0.127219
-0.127044
-0.602169
-0.591106
-0.539029
-0.460215
-0.368423
-0.271391
-0.172406
-0.0738193
0.0209635
0.107029
0.170061
0.169199
0.0818144
-0.0328334
-0.10901
-0.126759
-0.126366
-0.125284
-0.124935
-0.124797
-0.629159
-0.618587
-0.567697
-0.490559
-0.401094
-0.307028
-0.211746
-0.117736
-0.0287199
0.0502059
0.108028
0.102263
0.0183956
-0.0702775
-0.122842
-0.125042
-0.124581
-0.123795
-0.12336
-0.12322
-0.651856
-0.642009
-0.592927
-0.518176
-0.431813
-0.341415
-0.250451
-0.161482
-0.0783331
-0.00635363
0.0450719
0.0430236
-0.0295838
-0.0932859
-0.126359
-0.130832
-0.124818
-0.122975
-0.122479
-0.122295
-0.667733
-0.658806
-0.612593
-0.541311
-0.459073
-0.373207
-0.287268
-0.203845
-0.126738
-0.0610466
-0.0149238
-0.0112544
-0.0635044
-0.103007
-0.117809
-0.120274
-0.122283
-0.122443
-0.122327
-0.122223
-0.674711
-0.666622
-0.624391
-0.55805
-0.481172
-0.400905
-0.320798
-0.243424
-0.172627
-0.112743
-0.068293
-0.0617817
-0.0905307
-0.108601
-0.120799
-0.120389
-0.122423
-0.123018
-0.123153
-0.123153
-0.668788
-0.662105
-0.626596
-0.5665
-0.496394
-0.423022
-0.349637
-0.278771
-0.214342
-0.160694
-0.116041
-0.103567
-0.11697
-0.117557
-0.126271
-0.125609
-0.12546
-0.125441
-0.125602
-0.125642
-0.648615
-0.644007
-0.616575
-0.565168
-0.503484
-0.438308
-0.372594
-0.308654
-0.250272
-0.203045
-0.164075
-0.141965
-0.132549
-0.118085
-0.132177
-0.132058
-0.13075
-0.130584
-0.130857
-0.13093
-0.615021
-0.611801
-0.593477
-0.553391
-0.501914
-0.446176
-0.388932
-0.332244
-0.279609
-0.237507
-0.210789
-0.174548
-0.149864
-0.141152
-0.145656
-0.146313
-0.142452
-0.140327
-0.140473
-0.140658
-0.573159
-0.571147
-0.560973
-0.533533
-0.493095
-0.447257
-0.398627
-0.349143
-0.301988
-0.263538
-0.237892
-0.209936
-0.171668
-0.149816
-0.142479
-0.138686
-0.148017
-0.157215
-0.160406
-0.16064
-0.531849
-0.530667
-0.525825
-0.510048
-0.480709
-0.443505
-0.402646
-0.359495
-0.316773
-0.279481
-0.252909
-0.228953
-0.202423
-0.180344
-0.16075
-0.161747
-0.180209
-0.193003
-0.196469
-0.198103
-0.499393
-0.498735
-0.496245
-0.487513
-0.46746
-0.438005
-0.40292
-0.364241
-0.323913
-0.285646
-0.257602
-0.233639
-0.246341
-0.276356
-0.342615
-0.392516
-0.416246
-0.404563
-0.357881
-0.330069
-0.476643
-0.475985
-0.474691
-0.471161
-0.457766
-0.433802
-0.401995
-0.365237
-0.324697
-0.282878
-0.248859
-0.223025
-0.233463
-0.260555
-0.331368
-0.379426
-0.387511
-0.372694
-0.336624
-0.306797
-0.46135
-0.461131
-0.460626
-0.45879
-0.451504
-0.431788
-0.401572
-0.364138
-0.321055
-0.273576
-0.23067
-0.192258
-0.148018
-0.112811
-0.117871
-0.134428
-0.123459
-0.0976197
-0.0663173
-0.0417678
-0.451595
-0.451558
-0.451238
-0.450674
-0.447169
-0.431258
-0.401574
-0.361997
-0.315182
-0.260137
-0.20084
-0.142676
-0.0445396
0.0750975
0.185396
0.26735
0.332919
0.385552
0.42588
0.450375
-0.445049
-0.445028
-0.444814
-0.444622
-0.442976
-0.431523
-0.402556
-0.360379
-0.308556
-0.245362
-0.169664
-0.0919153
0.0362931
0.235099
0.466429
0.679017
0.840628
0.940584
0.992381
1.01374
-0.440236
-0.440243
-0.440186
-0.440039
-0.439543
-0.432358
-0.404893
-0.360019
-0.303021
-0.233035
-0.145422
-0.0533815
0.0863899
0.331145
0.634657
0.924804
1.16612
1.31805
1.38763
1.40957
-0.436221
-0.436253
-0.436249
-0.43617
-0.436191
-0.432129
-0.407927
-0.361727
-0.300637
-0.225239
-0.131523
-0.0294811
0.106016
0.351053
0.661704
0.969796
1.23389
1.40781
1.48718
1.51246
-0.432903
-0.432912
-0.432833
-0.432576
-0.432477
-0.430919
-0.411211
-0.365637
-0.301926
-0.223746
-0.12869
-0.0255074
0.094107
0.315756
0.596753
0.871685
1.11051
1.2747
1.35345
1.37871
-0.430264
-0.430282
-0.43035
-0.430528
-0.43088
-0.429783
-0.414881
-0.371155
-0.307012
-0.228706
-0.136553
-0.0401044
0.0577904
0.241524
0.483009
0.706557
0.895513
1.03177
1.09884
1.12013
-0.42726
-0.427362
-0.427543
-0.427899
-0.428259
-0.428574
-0.417843
-0.377099
-0.315072
-0.239347
-0.15336
-0.0667773
0.0115743
0.151515
0.34671
0.522511
0.663734
0.765629
0.816117
0.831639
-0.424264
-0.424424
-0.424642
-0.424976
-0.425371
-0.426372
-0.418874
-0.382409
-0.324653
-0.254066
-0.175373
-0.0990941
-0.0365581
0.0662004
0.216862
0.349696
0.451848
0.523822
0.558277
0.568184
-0.421507
-0.421671
-0.421805
-0.421861
-0.421879
-0.422529
-0.417531
-0.386158
-0.335106
-0.271116
-0.199648
-0.133871
-0.08358
-0.0103697
0.101377
0.198907
0.271988
0.322114
0.344739
0.350799
-0.42
-0.420093
-0.419908
-0.419101
-0.417416
-0.415968
-0.412671
-0.389243
-0.346025
-0.28776
-0.223962
-0.167474
-0.126388
-0.0718437
0.0107058
0.080158
0.129187
0.161739
0.1765
0.180099
-0.42181
-0.421784
-0.421328
-0.419792
-0.416396
-0.412206
-0.410411
-0.395465
-0.357356
-0.303266
-0.246823
-0.19933
-0.16483
-0.123967
-0.0618201
-0.0112616
0.0226944
0.044706
0.0540787
0.0565018
-0.427323
-0.427329
-0.427303
-0.427335
-0.427305
-0.426656
-0.424657
-0.409729
-0.369787
-0.317058
-0.268677
-0.227493
-0.196578
-0.165579
-0.11819
-0.0799796
-0.054114
-0.0376184
-0.0303007
-0.0284609
-0.432426
-0.432772
-0.433979
-0.438475
-0.44803
-0.45705
-0.454814
-0.430529
-0.38107
-0.330547
-0.289057
-0.249954
-0.223936
-0.198614
-0.159021
-0.127481
-0.105871
-0.0914835
-0.0852807
-0.0840803
-0.431969
-0.432665
-0.434677
-0.442373
-0.459967
-0.479632
-0.475866
-0.439186
-0.38714
-0.344081
-0.304031
-0.267044
-0.244148
-0.224834
-0.190287
-0.161756
-0.141551
-0.128007
-0.122343
-0.121419
-0.429159
-0.429703
-0.430998
-0.434055
-0.437113
-0.441607
-0.43975
-0.418917
-0.383506
-0.351196
-0.311694
-0.277364
-0.2593
-0.24092
-0.210084
-0.184664
-0.166165
-0.153574
-0.148375
-0.147699
-0.431618
-0.431812
-0.431865
-0.425661
-0.397505
-0.360687
-0.358122
-0.369116
-0.372804
-0.35005
-0.31181
-0.282336
-0.267121
-0.249586
-0.21972
-0.196501
-0.180395
-0.170099
-0.165946
-0.165428
-0.441687
-0.441129
-0.439156
-0.427022
-0.388856
-0.343061
-0.336192
-0.364903
-0.377216
-0.349723
-0.309178
-0.281816
-0.266105
-0.247626
-0.220696
-0.200191
-0.186018
-0.177359
-0.173768
-0.173269
-0.474172
-0.471356
-0.471706
-0.476858
-0.478759
-0.459255
-0.438972
-0.435442
-0.409462
-0.357319
-0.306129
-0.276225
-0.257345
-0.235774
-0.210791
-0.192616
-0.179983
-0.172216
-0.168869
-0.168331
-0.555554
-0.554179
-0.570658
-0.604462
-0.629051
-0.622402
-0.590869
-0.534295
-0.449286
-0.361142
-0.299507
-0.265653
-0.239663
-0.217257
-0.193993
-0.17563
-0.162113
-0.153838
-0.150226
-0.149791
-0.639216
-0.6421
-0.663792
-0.695089
-0.714583
-0.710439
-0.670798
-0.588378
-0.462959
-0.352897
-0.285703
-0.243838
-0.214854
-0.19424
-0.17111
-0.151399
-0.136203
-0.126403
-0.122057
-0.121785
-0.650128
-0.654736
-0.671795
-0.692488
-0.707731
-0.704245
-0.664025
-0.563249
-0.424595
-0.3216
-0.253876
-0.208362
-0.185185
-0.166982
-0.142099
-0.121145
-0.104991
-0.0943286
-0.0899282
-0.0900347
-0.566133
-0.56972
-0.582265
-0.599639
-0.615091
-0.614697
-0.577206
-0.471472
-0.348417
-0.261797
-0.197742
-0.163083
-0.148841
-0.133144
-0.109166
-0.0895749
-0.0746281
-0.0649505
-0.0613679
-0.0617353
-0.394233
-0.400823
-0.417053
-0.439144
-0.457879
-0.456015
-0.416173
-0.327182
-0.243682
-0.177221
-0.129248
-0.111067
-0.104285
-0.0924452
-0.0726276
-0.0576499
-0.0460019
-0.0391539
-0.0372093
-0.0378064
0.00513645
-0.0245859
-0.0678948
-0.0854572
-0.08486
-0.0746295
-0.0586449
-0.0443565
-0.0308483
-0.02305
-0.0201465
-0.0157115
-0.0182195
-0.0115996
-0.0107345
-0.0109573
-0.0110508
-0.00997281
-0.00791905
-0.0157726
-0.4044
0.00412588
0.329209
0.539625
0.690475
0.802433
0.886442
0.953316
1.02866
1.08001
0.265591
0.421659
0.55821
0.680042
0.780645
0.861195
0.925538
0.975935
1.00313
1.00958
0.527298
0.613216
0.706312
0.789705
0.860306
0.91897
0.966055
1.00113
1.02536
1.04448
0.693856
0.756113
0.820598
0.880675
0.93258
0.976422
1.0126
1.04211
1.06595
1.08491
0.823427
0.86997
0.917133
0.961922
1.00192
1.03687
1.06716
1.09329
1.11475
1.13238
0.929106
0.967283
1.00349
1.03893
1.07208
1.10212
1.12893
1.15233
1.17134
1.18729
1.02187
1.05261
1.08488
1.11639
1.1463
1.1739
1.19872
1.2202
1.23714
1.25158
1.10758
1.13686
1.16811
1.19892
1.22817
1.25508
1.27899
1.2992
1.31447
1.32766
1.19463
1.22646
1.26005
1.29228
1.32233
1.34937
1.3728
1.39199
1.406
1.41831
1.29442
1.33066
1.36816
1.40238
1.43313
1.45985
1.48226
1.50022
1.51344
1.52584
1.41924
1.45843
1.49798
1.5319
1.56111
1.58592
1.60665
1.62359
1.63692
1.6503
1.5783
1.61344
1.6486
1.67716
1.70125
1.72251
1.74164
1.75885
1.77374
1.78815
1.76587
1.78799
1.81154
1.8314
1.84968
1.86702
1.88352
1.89988
1.91606
1.93162
1.95815
1.96627
1.98004
1.99487
2.0093
2.02224
2.03387
2.04509
2.05679
2.07287
2.15358
2.15351
2.16353
2.167
2.168
2.17238
2.18287
2.19776
2.21209
2.2265
2.45069
2.39517
2.34067
2.30103
2.27877
2.27462
2.28814
2.32194
2.3798
2.46014
1.11656
1.06407
1.0212
0.988192
0.96446
0.947359
0.934948
0.925986
0.919822
0.916312
0.915989
0.919013
0.924625
0.932711
0.943701
0.958558
0.9789
1.00709
1.04513
1.09449
0.927648
0.936599
0.943364
0.943617
0.938928
0.93217
0.925467
0.9199
0.916026
0.9144
0.91569
0.919446
0.92491
0.931628
0.938902
0.945223
0.94799
0.944551
0.935474
0.92916
0.900291
0.902495
0.907362
0.911514
0.915071
0.917124
0.916976
0.915227
0.913061
0.911566
0.911678
0.913601
0.916421
0.919162
0.920695
0.920064
0.917343
0.913639
0.909253
0.904598
0.895052
0.896011
0.898515
0.900982
0.902883
0.904554
0.905966
0.906718
0.906792
0.906728
0.907215
0.908338
0.9094
0.909755
0.909171
0.90798
0.906517
0.904559
0.902088
0.899987
0.88967
0.890149
0.891604
0.893698
0.895636
0.897131
0.898318
0.899391
0.900322
0.901117
0.90191
0.902594
0.902892
0.902745
0.902262
0.90142
0.900039
0.898205
0.896525
0.89547
0.88453
0.884828
0.885758
0.887265
0.888972
0.890625
0.892055
0.893272
0.894402
0.895505
0.896505
0.897176
0.897431
0.897305
0.896762
0.895779
0.894495
0.89317
0.892107
0.891469
0.879504
0.879716
0.880413
0.881604
0.883022
0.884536
0.886083
0.887551
0.88891
0.890213
0.89141
0.892239
0.892568
0.892413
0.891832
0.890989
0.890051
0.8891
0.88835
0.8879
0.874563
0.874724
0.875279
0.876285
0.877543
0.878934
0.880439
0.882023
0.88362
0.885193
0.886644
0.887656
0.888082
0.888019
0.887621
0.887035
0.886359
0.885667
0.885126
0.884788
0.869641
0.869768
0.870224
0.871099
0.872268
0.873604
0.875083
0.876719
0.878492
0.880349
0.882109
0.883376
0.884014
0.884187
0.884049
0.883712
0.883255
0.882781
0.882402
0.882141
0.864649
0.864751
0.865138
0.865927
0.867042
0.868355
0.869857
0.871574
0.873516
0.875653
0.877779
0.87941
0.88038
0.880861
0.881001
0.880915
0.880692
0.880412
0.880163
0.879956
0.859492
0.859575
0.859914
0.860648
0.86174
0.863068
0.864636
0.866481
0.868636
0.871098
0.873665
0.875764
0.877149
0.877991
0.878442
0.878625
0.87864
0.878547
0.87841
0.878244
0.854074
0.854143
0.854448
0.855154
0.856255
0.857646
0.859323
0.861348
0.863783
0.866655
0.869762
0.872426
0.874302
0.875563
0.876371
0.876851
0.87711
0.877209
0.87717
0.877036
0.848295
0.848351
0.848635
0.849339
0.850487
0.851983
0.85382
0.856089
0.858886
0.862271
0.866038
0.869381
0.871839
0.873588
0.874804
0.87563
0.876163
0.876445
0.876493
0.876382
0.84204
0.842087
0.84236
0.843084
0.844314
0.845962
0.848021
0.850612
0.853866
0.857885
0.862457
0.866615
0.869767
0.872093
0.873781
0.875004
0.875834
0.876313
0.876444
0.876351
0.835179
0.835217
0.835489
0.836255
0.837606
0.839457
0.841809
0.844812
0.848638
0.853434
0.858981
0.86412
0.868099
0.871106
0.873347
0.875013
0.876196
0.876889
0.877102
0.877022
0.827557
0.827585
0.827863
0.828691
0.830203
0.832319
0.835046
0.838568
0.843103
0.848851
0.855576
0.861889
0.866849
0.870661
0.873562
0.875753
0.877338
0.878264
0.878556
0.878485
0.818976
0.819001
0.819276
0.820189
0.821915
0.824368
0.827567
0.831736
0.837149
0.84406
0.852205
0.859919
0.86604
0.8708
0.874481
0.877303
0.87935
0.88053
0.8809
0.880834
0.809134
0.80915
0.809481
0.810496
0.812497
0.81538
0.819171
0.824147
0.830645
0.838976
0.848832
0.858208
0.8657
0.871576
0.876174
0.879738
0.882319
0.883775
0.88422
0.884154
0.797751
0.797758
0.798115
0.799298
0.801645
0.80507
0.809608
0.815598
0.823443
0.833509
0.84542
0.856759
0.865853
0.873039
0.87871
0.883133
0.886325
0.88807
0.888584
0.888511
0.784376
0.784376
0.784778
0.786167
0.788952
0.793075
0.798571
0.805845
0.815372
0.827567
0.841939
0.855581
0.866529
0.875223
0.882148
0.887554
0.891418
0.893454
0.894021
0.893934
0.768398
0.768391
0.768862
0.770527
0.773897
0.778934
0.785675
0.794604
0.806255
0.821067
0.838375
0.854689
0.867756
0.878164
0.88651
0.893018
0.897603
0.899907
0.900499
0.900392
0.748961
0.748947
0.749522
0.751587
0.755763
0.762041
0.770451
0.781555
0.795922
0.813959
0.83474
0.854116
0.86956
0.881884
0.891781
0.899511
0.904817
0.907327
0.907905
0.907769
0.724803
0.724782
0.725524
0.728206
0.733568
0.74161
0.752341
0.76638
0.784256
0.806255
0.831094
0.853907
0.871966
0.886375
0.897954
0.906954
0.912901
0.915505
0.916018
0.915847
0.693944
0.693918
0.69496
0.698676
0.705956
0.716656
0.730766
0.748844
0.771251
0.798061
0.827558
0.854145
0.875003
0.891618
0.904951
0.915188
0.921589
0.924118
0.924511
0.924306
0.653028
0.653015
0.654735
0.660464
0.671132
0.686172
0.70533
0.728951
0.757104
0.789609
0.824317
0.854947
0.878714
0.897579
0.912676
0.923966
0.930504
0.932748
0.932975
0.932743
0.595699
0.595924
0.599889
0.610336
0.627449
0.649621
0.67618
0.707127
0.742265
0.781256
0.821602
0.856445
0.88315
0.904207
0.920932
0.932957
0.939177
0.940936
0.940988
0.940745
0.513929
0.516488
0.528245
0.548713
0.576417
0.608641
0.644611
0.684159
0.727105
0.773148
0.819513
0.858854
0.888727
0.912174
0.930378
0.942651
0.948173
0.949381
0.949292
0.949069
0.427224
0.433316
0.454298
0.485621
0.524625
0.567234
0.612594
0.660723
0.711589
0.764993
0.81795
0.862449
0.896113
0.922294
0.941967
0.953783
0.958031
0.95862
0.958473
0.958325
0.350985
0.35822
0.386035
0.426681
0.475378
0.527509
0.581896
0.63842
0.697014
0.757471
0.816573
0.86574
0.902703
0.93121
0.951681
0.962496
0.965555
0.965821
0.965689
0.965587
0.288143
0.295985
0.328301
0.375468
0.431411
0.491229
0.553338
0.617386
0.683093
0.750101
0.814872
0.868293
0.908194
0.938545
0.959392
0.969313
0.971682
0.971814
0.971698
0.971619
0.235711
0.243937
0.279241
0.331361
0.392999
0.459002
0.527511
0.598018
0.670023
0.742961
0.812921
0.870238
0.912819
0.944808
0.96588
0.975004
0.976894
0.97695
0.976845
0.976777
0.191113
0.199543
0.23689
0.292858
0.359198
0.430408
0.504366
0.580459
0.658022
0.736294
0.810975
0.87184
0.916855
0.95029
0.971445
0.97987
0.981433
0.981441
0.98134
0.981277
0.152291
0.160829
0.199665
0.258753
0.329042
0.404731
0.483469
0.564526
0.647094
0.730214
0.809203
0.873278
0.920464
0.955109
0.976235
0.98408
0.985414
0.985381
0.985275
0.985212
0.11771
0.126333
0.16636
0.22806
0.30175
0.381346
0.464331
0.549885
0.63706
0.724679
0.807644
0.874618
0.923682
0.95931
0.980326
0.98769
0.988858
0.988788
0.98867
0.988601
0.0863694
0.0950585
0.136065
0.200003
0.276691
0.359743
0.446539
0.53621
0.627681
0.719564
0.806274
0.875883
0.926564
0.96295
0.983745
0.990697
0.991744
0.991644
0.991514
0.991436
0.0574156
0.066173
0.108061
0.174002
0.253375
0.33952
0.429764
0.523233
0.618752
0.714734
0.805074
0.877142
0.929193
0.966062
0.986517
0.993089
0.994055
0.993949
0.99382
0.993735
0.0303377
0.0391654
0.0818737
0.149619
0.231406
0.320347
0.413748
0.510741
0.6101
0.710088
0.804044
0.878498
0.931708
0.968786
0.988735
0.994927
0.995841
0.995769
0.995666
0.995583
0.00468845
0.0136306
0.057088
0.126512
0.210489
0.30197
0.398278
0.498558
0.601584
0.705536
0.803205
0.880088
0.934299
0.971307
0.990566
0.996356
0.997247
0.997245
0.997201
0.997132
-0.0197433
-0.0106964
0.0334687
0.10444
0.190414
0.28421
0.383189
0.48655
0.593081
0.700973
0.802547
0.882058
0.937209
0.973875
0.992253
0.997601
0.998481
0.99858
0.998617
0.998573
-0.0431735
-0.0340054
0.0108343
0.0832329
0.171029
0.266928
0.368368
0.474601
0.584485
0.696288
0.802022
0.884536
0.940721
0.976797
0.99404
0.998884
0.999768
0.999979
1.00009
1.00008
-0.0657711
-0.0564664
-0.0109339
0.0627888
0.152233
0.250042
0.353734
0.462635
0.575693
0.691362
0.801516
0.887594
0.945146
0.980441
0.996169
1.00033
1.00124
1.00159
1.00175
1.00175
-0.0875977
-0.0781346
-0.0319173
0.0430531
0.133963
0.233494
0.339229
0.45059
0.566647
0.686096
0.800887
0.891208
0.950775
0.985302
0.998968
1.00195
1.00279
1.00339
1.00365
1.00364
-0.108631
-0.0990181
-0.0521245
0.0239744
0.116192
0.217257
0.324843
0.438441
0.557298
0.680384
0.799959
0.895249
0.957816
0.991998
1.00305
1.0039
1.00415
1.00514
1.006
1.00618
-0.128899
-0.119157
-0.0715889
0.00551541
0.098903
0.201338
0.310569
0.426186
0.54761
0.674162
0.798549
0.899476
0.966294
1.00118
1.00962
1.0073
1.00577
1.00701
1.00937
1.01052
-0.14845
-0.138546
-0.0903368
-0.012327
0.0820927
0.185757
0.296435
0.413842
0.537581
0.667367
0.796496
0.90358
0.975997
1.01326
1.02012
1.01443
1.01012
1.01101
1.01552
1.01904
-0.167213
-0.157157
-0.108377
-0.0295449
0.0657905
0.17052
0.282477
0.401438
0.527231
0.659974
0.793635
0.907187
0.986488
1.02808
1.03526
1.02736
1.0201
1.0189
1.02287
1.02738
-0.185286
-0.175075
-0.125706
-0.0461654
0.049938
0.155584
0.26865
0.388918
0.5165
0.651901
0.789813
0.909935
0.997338
1.04522
1.05487
1.0466
1.03691
1.02996
1.02408
1.01584
-0.202646
-0.192352
-0.142448
-0.0623823
0.0342811
0.140644
0.254589
0.375836
0.504885
0.642583
0.784497
0.911265
1.00819
1.06483
1.07877
1.0716
1.05923
1.04507
1.03051
1.00379
-0.219399
-0.209053
-0.158587
-0.0780203
0.0189446
0.125861
0.240463
0.362362
0.49254
0.63206
0.777449
0.910306
1.01722
1.08494
1.10387
1.09739
1.07985
1.05651
1.01046
0.964295
-0.23718
-0.22428
-0.174064
-0.0929573
0.00374123
0.111083
0.225994
0.348484
0.479385
0.620184
0.768306
0.906255
1.02209
1.10324
1.12816
1.10968
1.08787
1.04147
0.977843
0.922446
-0.259436
-0.256769
-0.194337
-0.105098
-0.00847714
0.0987541
0.211455
0.334816
0.466094
0.607711
0.75757
0.899094
1.02088
1.11947
1.12904
1.10935
1.05443
0.980245
0.906251
0.843677
-0.235918
-0.227042
-0.164953
-0.0766122
0.0264202
0.137045
0.255397
0.382397
0.518518
0.66729
0.81605
0.949203
1.06089
1.14111
1.11429
1.00547
0.914432
0.843572
0.773235
0.65085
-0.269328
-0.240777
-0.176905
-0.0873969
0.015035
0.125598
0.243685
0.370432
0.50637
0.654949
0.803576
0.936446
1.03886
1.09445
1.03765
0.883944
0.767065
0.688551
0.61139
0.476227
-0.293714
-0.259679
-0.194372
-0.105207
-0.00289215
0.107696
0.226115
0.352439
0.487635
0.634908
0.781429
0.910207
1.00136
1.0228
0.914349
0.746323
0.614707
0.523596
0.426645
0.243979
-0.315721
-0.280336
-0.213463
-0.123843
-0.0214782
0.0891784
0.207417
0.333103
0.467182
0.612407
0.755052
0.876209
0.952203
0.935709
0.775956
0.593458
0.438269
0.319429
0.203936
-0.0713384
-0.337087
-0.301101
-0.233164
-0.142894
-0.0404049
0.0701378
0.187838
0.312642
0.445233
0.58772
0.725006
0.835028
0.890935
0.833581
0.635576
0.43526
0.247905
0.0973871
-0.0862699
-0.425738
-0.358276
-0.322346
-0.253788
-0.163071
-0.0604343
0.0499094
0.167015
0.290748
0.421467
0.56056
0.691077
0.791011
0.821027
0.705098
0.500915
0.28641
0.0903411
-0.0786984
-0.26713
-0.58216
-0.380396
-0.34451
-0.275675
-0.184705
-0.0819961
0.028131
0.144616
0.267158
0.395694
0.53081
0.653831
0.741816
0.740607
0.58328
0.377663
0.160965
-0.0314747
-0.16543
-0.220847
-0.25807
-0.403856
-0.36803
-0.299106
-0.208115
-0.105548
0.00415136
0.119778
0.240749
0.366512
0.496647
0.61104
0.681788
0.654539
0.464391
0.260095
0.0599646
-0.0997724
-0.162863
-0.180741
-0.183894
-0.42896
-0.393093
-0.324139
-0.23328
-0.131068
-0.0220418
0.0923844
0.211347
0.333738
0.457897
0.562783
0.6139
0.558713
0.352822
0.153733
-0.0249843
-0.134923
-0.153275
-0.157766
-0.158003
-0.455848
-0.419797
-0.350812
-0.26019
-0.158531
-0.0504706
0.0624068
0.178919
0.2973
0.414651
0.508992
0.543025
0.444227
0.250749
0.0606387
-0.0885999
-0.139044
-0.145687
-0.145917
-0.145616
-0.484402
-0.448099
-0.379102
-0.288852
-0.187945
-0.0811307
0.0298296
0.143426
0.25722
0.366947
0.450249
0.463662
0.337595
0.157701
-0.0159656
-0.123766
-0.137958
-0.138134
-0.138451
-0.138139
-0.51419
-0.477767
-0.408844
-0.319119
-0.219195
-0.113942
-0.00529866
0.1049
0.213641
0.315134
0.38732
0.381213
0.242521
0.0751856
-0.0727551
-0.124266
-0.134573
-0.133582
-0.133228
-0.132906
-0.544849
-0.508366
-0.439679
-0.350687
-0.252032
-0.148689
-0.0427772
0.0635356
0.166838
0.260022
0.319431
0.300502
0.156382
0.00592194
-0.106484
-0.129222
-0.128429
-0.129552
-0.129578
-0.129393
-0.575466
-0.539284
-0.471009
-0.383048
-0.286014
-0.184978
-0.0822371
0.0197072
0.117163
0.202653
0.248307
0.225115
0.0817292
-0.0436586
-0.123759
-0.130064
-0.128051
-0.127394
-0.127113
-0.126996
-0.605037
-0.569494
-0.501983
-0.415461
-0.320492
-0.222228
-0.123106
-0.025942
0.065226
0.143678
0.181229
0.145347
0.0202519
-0.0806111
-0.116393
-0.127349
-0.125662
-0.125062
-0.124855
-0.124748
-0.632019
-0.597553
-0.531396
-0.446897
-0.354556
-0.259613
-0.164609
-0.0725586
0.0121021
0.0835202
0.118191
0.070731
-0.0275763
-0.10664
-0.128669
-0.124678
-0.12421
-0.123511
-0.123277
-0.123173
-0.654489
-0.621833
-0.557703
-0.476001
-0.387025
-0.296068
-0.205731
-0.119114
-0.0408323
0.0232947
0.0549576
0.011038
-0.0619687
-0.117896
-0.133713
-0.127177
-0.123586
-0.122651
-0.122375
-0.122224
-0.670174
-0.639966
-0.578998
-0.501145
-0.416478
-0.330302
-0.245247
-0.164434
-0.0923543
-0.0344388
-0.00524914
-0.0365034
-0.0831761
-0.116532
-0.118201
-0.121698
-0.122455
-0.122383
-0.122278
-0.122167
-0.676772
-0.649497
-0.593186
-0.520533
-0.441337
-0.360877
-0.28176
-0.207127
-0.141335
-0.0877729
-0.0577761
-0.077913
-0.0978885
-0.117398
-0.119533
-0.12157
-0.122851
-0.12311
-0.123166
-0.123126
-0.671222
-0.648224
-0.598521
-0.532304
-0.460022
-0.386357
-0.313869
-0.245634
-0.186271
-0.137349
-0.0994013
-0.116251
-0.112958
-0.12263
-0.125638
-0.125574
-0.125388
-0.12553
-0.125641
-0.125619
-0.650539
-0.633755
-0.592979
-0.535137
-0.47126
-0.405532
-0.340379
-0.278614
-0.225191
-0.183372
-0.142913
-0.145752
-0.118873
-0.123149
-0.132628
-0.131305
-0.130509
-0.130736
-0.130925
-0.130899
-0.616648
-0.605298
-0.57562
-0.528548
-0.474389
-0.417758
-0.360485
-0.305264
-0.256888
-0.222474
-0.187815
-0.164035
-0.142685
-0.142375
-0.146711
-0.144428
-0.140959
-0.140286
-0.140619
-0.140617
-0.574487
-0.56765
-0.549473
-0.514345
-0.470643
-0.423299
-0.373941
-0.325122
-0.281239
-0.249915
-0.222411
-0.192583
-0.157881
-0.145106
-0.140048
-0.141838
-0.153445
-0.159457
-0.160684
-0.160504
-0.532801
-0.529066
-0.519608
-0.496778
-0.462822
-0.423603
-0.381289
-0.337974
-0.297073
-0.265283
-0.238133
-0.21754
-0.189739
-0.17189
-0.156536
-0.171672
-0.186141
-0.196159
-0.196948
-0.198913
-0.499956
-0.497912
-0.493098
-0.478864
-0.453741
-0.4208
-0.384021
-0.3442
-0.304226
-0.269981
-0.244759
-0.236989
-0.253992
-0.307759
-0.370553
-0.408519
-0.415167
-0.383794
-0.337862
-0.330678
-0.476397
-0.475405
-0.47357
-0.465916
-0.446893
-0.418738
-0.384305
-0.345356
-0.3038
-0.263941
-0.235173
-0.22095
-0.243191
-0.294402
-0.361815
-0.387354
-0.382367
-0.357742
-0.317277
-0.303764
-0.461286
-0.460896
-0.460141
-0.45636
-0.443164
-0.41783
-0.383499
-0.343315
-0.297776
-0.250054
-0.213629
-0.170312
-0.127814
-0.109776
-0.129205
-0.131926
-0.111261
-0.0827402
-0.0515048
-0.0382719
-0.451599
-0.451435
-0.450963
-0.449622
-0.44112
-0.41784
-0.382806
-0.339629
-0.288763
-0.229661
-0.17368
-0.0967931
0.0129002
0.135559
0.229551
0.301113
0.361034
0.407421
0.440447
0.455889
-0.445055
-0.444945
-0.444669
-0.444507
-0.439206
-0.419016
-0.382921
-0.335691
-0.278769
-0.207988
-0.130917
-0.0377757
0.127935
0.350202
0.5764
0.767783
0.897668
0.971711
1.00585
1.01806
-0.440246
-0.440222
-0.440127
-0.439907
-0.437759
-0.421187
-0.384302
-0.33278
-0.270171
-0.190375
-0.0985125
0.000856294
0.196479
0.479545
0.782499
1.05484
1.25426
1.36137
1.40243
1.41326
-0.43624
-0.436254
-0.43622
-0.436144
-0.435193
-0.423149
-0.387048
-0.332759
-0.265074
-0.179889
-0.0800103
0.0248665
0.214563
0.501454
0.818744
1.11018
1.33424
1.45747
1.50411
1.51642
-0.432914
-0.432887
-0.432731
-0.432421
-0.432784
-0.424374
-0.391083
-0.335686
-0.26496
-0.17749
-0.076553
0.0256845
0.190791
0.453693
0.736724
0.997404
1.20422
1.3235
1.37051
1.38244
-0.430269
-0.430307
-0.430422
-0.430684
-0.430987
-0.425613
-0.3961
-0.341167
-0.26974
-0.183337
-0.08748
0.00484287
0.135499
0.360761
0.598692
0.805361
0.972432
1.07329
1.11331
1.12302
-0.427305
-0.427435
-0.427696
-0.428102
-0.42842
-0.426253
-0.400939
-0.348108
-0.278776
-0.19669
-0.108834
-0.0284647
0.0690465
0.247428
0.439089
0.596876
0.72103
0.796928
0.826839
0.833446
-0.424337
-0.42452
-0.424792
-0.425162
-0.425744
-0.425029
-0.404328
-0.355348
-0.290868
-0.21464
-0.135756
-0.0668011
0.00452956
0.140054
0.287416
0.404032
0.49253
0.545391
0.565249
0.568983
-0.421589
-0.42174
-0.42185
-0.421859
-0.422077
-0.421983
-0.405262
-0.362363
-0.304659
-0.235062
-0.16498
-0.106974
-0.0546939
0.0440873
0.153577
0.237993
0.300598
0.33645
0.349116
0.351125
-0.420065
-0.420047
-0.41961
-0.418352
-0.416493
-0.415549
-0.403902
-0.369586
-0.318659
-0.255144
-0.193886
-0.145183
-0.104751
-0.0314302
0.0483641
0.10675
0.147791
0.171082
0.179142
0.180215
-0.421827
-0.421634
-0.420749
-0.418341
-0.414142
-0.411291
-0.405726
-0.378889
-0.331894
-0.273611
-0.222027
-0.179865
-0.148641
-0.0934814
-0.0340355
0.00729509
0.0353836
0.050661
0.0559084
0.0564278
-0.427327
-0.427319
-0.427304
-0.42734
-0.427135
-0.426154
-0.42003
-0.392459
-0.343812
-0.291599
-0.247051
-0.210165
-0.183918
-0.14232
-0.0972297
-0.0658518
-0.0445684
-0.0329223
-0.0289325
-0.0286196
-0.432547
-0.433181
-0.435615
-0.442713
-0.453547
-0.45724
-0.446599
-0.407496
-0.355047
-0.30866
-0.268861
-0.23467
-0.213733
-0.179149
-0.14165
-0.115836
-0.0975747
-0.087517
-0.0842242
-0.0843792
-0.432264
-0.433331
-0.437462
-0.450031
-0.470912
-0.481781
-0.461057
-0.413363
-0.364272
-0.32394
-0.284418
-0.25323
-0.236867
-0.208033
-0.174731
-0.150929
-0.133744
-0.124349
-0.121436
-0.121813
-0.429426
-0.430149
-0.432337
-0.435842
-0.438431
-0.443556
-0.432708
-0.401029
-0.367656
-0.332131
-0.292083
-0.266708
-0.252369
-0.225755
-0.196297
-0.174816
-0.158896
-0.150202
-0.147605
-0.148121
-0.431735
-0.431875
-0.430608
-0.414401
-0.377876
-0.353411
-0.364132
-0.372447
-0.364656
-0.330683
-0.295204
-0.273087
-0.26101
-0.234679
-0.206945
-0.187817
-0.174343
-0.167447
-0.165304
-0.165837
-0.441553
-0.440418
-0.435532
-0.411217
-0.364545
-0.332472
-0.349122
-0.376159
-0.366978
-0.328713
-0.293241
-0.272989
-0.258868
-0.234006
-0.209413
-0.192519
-0.180903
-0.175083
-0.173193
-0.173626
-0.472902
-0.470627
-0.474651
-0.478022
-0.472012
-0.44718
-0.438028
-0.426235
-0.385527
-0.329045
-0.288672
-0.266217
-0.247883
-0.222776
-0.200849
-0.185704
-0.175445
-0.170096
-0.168302
-0.168656
-0.553872
-0.559925
-0.585709
-0.620068
-0.629558
-0.608644
-0.566909
-0.493864
-0.404425
-0.324668
-0.281152
-0.251498
-0.228933
-0.205258
-0.184159
-0.168265
-0.157304
-0.151541
-0.149688
-0.150157
-0.638834
-0.650795
-0.679881
-0.706843
-0.716172
-0.695036
-0.63631
-0.5275
-0.404068
-0.313641
-0.262988
-0.227466
-0.204788
-0.182711
-0.160682
-0.143181
-0.13059
-0.123575
-0.121561
-0.122204
-0.65087
-0.662074
-0.68218
-0.701377
-0.709246
-0.689476
-0.623011
-0.492156
-0.368462
-0.283967
-0.228082
-0.194285
-0.177228
-0.154649
-0.130985
-0.112446
-0.0989022
-0.0913396
-0.0896181
-0.0905419
-0.566863
-0.575121
-0.590626
-0.608178
-0.617927
-0.601836
-0.533956
-0.406291
-0.301706
-0.226704
-0.17594
-0.154723
-0.142977
-0.121174
-0.0987071
-0.0815667
-0.0689764
-0.0624532
-0.0612587
-0.062252
-0.396401
-0.40786
-0.427749
-0.449686
-0.460627
-0.441794
-0.374985
-0.283145
-0.209078
-0.149399
-0.116973
-0.107291
-0.100337
-0.0821918
-0.0646743
-0.0513671
-0.0418452
-0.0376946
-0.0373515
-0.0382696
-0.141738
-0.156973
-0.191207
-0.219634
-0.232938
-0.226671
-0.193347
-0.145836
-0.107933
-0.0752756
-0.0583267
-0.0502672
-0.0494579
-0.0440864
-0.031565
-0.0254488
-0.0197009
-0.0161985
-0.0154186
-0.0161283
-0.180836
0.183615
0.444018
0.619107
0.750089
0.846533
0.922072
0.987591
1.06556
1.06092
0.347328
0.49082
0.621828
0.733085
0.823273
0.89508
0.952763
0.993392
1.00595
1.02018
0.568306
0.660171
0.749647
0.826564
0.89108
0.943984
0.985097
1.01441
1.03488
1.05423
0.724759
0.788315
0.851605
0.907675
0.955484
0.995431
1.02808
1.0548
1.07526
1.09488
0.84641
0.893565
0.940051
0.982573
1.02
1.05256
1.08072
1.10472
1.12346
1.1421
0.948457
0.985442
1.0214
1.05588
1.0875
1.11593
1.14108
1.16249
1.17905
1.19697
1.03648
1.06879
1.10078
1.1316
1.16042
1.18669
1.20993
1.22933
1.24391
1.26128
1.12135
1.15251
1.18364
1.2138
1.24195
1.26745
1.28962
1.30752
1.32048
1.33729
1.20944
1.24344
1.27636
1.30763
1.33627
1.36157
1.38297
1.39968
1.41146
1.4278
1.31113
1.34986
1.38566
1.41822
1.44702
1.47161
1.49181
1.50739
1.51893
1.53505
1.43722
1.47895
1.51558
1.54706
1.57404
1.59677
1.61558
1.63065
1.64304
1.65912
1.59427
1.63188
1.66362
1.68962
1.71218
1.73232
1.7505
1.7666
1.78061
1.79646
1.77564
1.80028
1.8218
1.84066
1.85848
1.87534
1.89167
1.9081
1.92372
1.93969
1.9611
1.97284
1.98743
2.00223
2.01598
2.02817
2.03947
2.05082
2.06369
2.08441
2.14907
2.15907
2.16601
2.1674
2.16949
2.17689
2.19001
2.20534
2.21842
2.24669
2.42547
2.3664
2.31877
2.28766
2.2745
2.27905
2.3023
2.34762
2.41816
2.49677
0.991859
0.98436
0.975449
0.962638
0.949251
0.937679
0.928503
0.921673
0.917158
0.915275
0.916633
0.920797
0.927141
0.935606
0.94632
0.959187
0.972906
0.98412
0.991912
0.99824
0.905798
0.913684
0.920839
0.925615
0.926886
0.924921
0.921218
0.917335
0.914352
0.913097
0.914291
0.917469
0.92173
0.926208
0.929636
0.930389
0.92749
0.92148
0.913487
0.90759
0.897699
0.900765
0.903865
0.906401
0.908797
0.910593
0.911124
0.910525
0.909596
0.909284
0.910241
0.912035
0.913721
0.914415
0.913632
0.91173
0.909489
0.906867
0.903688
0.901327
0.892329
0.893852
0.896099
0.898279
0.899895
0.901207
0.902372
0.903222
0.903735
0.904255
0.905046
0.9058
0.906064
0.905713
0.904965
0.903908
0.90229
0.900133
0.898315
0.897231
0.887084
0.887928
0.889428
0.891297
0.893072
0.894516
0.895693
0.896769
0.897788
0.898756
0.899554
0.899991
0.900033
0.899734
0.899047
0.897869
0.896337
0.8948
0.893778
0.893143
0.882007
0.882581
0.88367
0.885129
0.886714
0.888288
0.889728
0.89101
0.892219
0.8934
0.894344
0.894858
0.894937
0.894566
0.893776
0.892726
0.891589
0.890549
0.889874
0.889429
0.87703
0.877461
0.878336
0.879573
0.880951
0.88244
0.883987
0.885506
0.886962
0.888374
0.889523
0.890162
0.890271
0.88993
0.889297
0.88853
0.88771
0.886956
0.886468
0.88613
0.872109
0.872448
0.873176
0.87427
0.875556
0.876972
0.878521
0.880179
0.881889
0.883598
0.884999
0.885807
0.886065
0.88593
0.885553
0.885028
0.884439
0.883907
0.88355
0.88328
0.867164
0.86744
0.868064
0.869065
0.8703
0.871695
0.873269
0.875035
0.876968
0.878998
0.880727
0.881821
0.882356
0.882496
0.882377
0.882093
0.881717
0.881367
0.881108
0.880884
0.862102
0.862332
0.862886
0.863831
0.865042
0.866455
0.868102
0.87001
0.872181
0.874569
0.876718
0.878209
0.879099
0.879552
0.879706
0.879675
0.879511
0.879321
0.879139
0.878947
0.856827
0.857022
0.85753
0.858451
0.859675
0.861149
0.862913
0.865016
0.867489
0.870312
0.872976
0.874953
0.876263
0.877076
0.877538
0.877766
0.87782
0.87778
0.87766
0.87749
0.851242
0.851411
0.851893
0.852821
0.854099
0.855679
0.857611
0.859975
0.862833
0.866196
0.869486
0.87204
0.873843
0.87507
0.875879
0.876388
0.876684
0.87678
0.876712
0.876557
0.845239
0.84539
0.845865
0.846828
0.848202
0.849937
0.852101
0.854805
0.858148
0.862175
0.866222
0.869467
0.87185
0.873559
0.874771
0.875617
0.876147
0.876378
0.876355
0.876209
0.838699
0.838835
0.839319
0.840349
0.84186
0.843807
0.846277
0.849415
0.85336
0.858199
0.863161
0.867233
0.870307
0.872581
0.874248
0.875473
0.876275
0.876644
0.876661
0.876518
0.831478
0.831602
0.832111
0.833236
0.834932
0.837157
0.84002
0.843703
0.84839
0.854219
0.860282
0.865341
0.869234
0.872177
0.874386
0.876043
0.877149
0.877662
0.877715
0.877572
0.823406
0.823514
0.824061
0.825315
0.82725
0.82983
0.833188
0.837549
0.84315
0.85018
0.857566
0.8638
0.868658
0.872392
0.875255
0.877417
0.878863
0.879526
0.879611
0.879463
0.814219
0.81434
0.81494
0.816364
0.818606
0.821633
0.825611
0.830814
0.837538
0.846025
0.854993
0.862621
0.868619
0.873283
0.876922
0.879677
0.881507
0.882326
0.882439
0.882282
0.803655
0.80377
0.804463
0.806106
0.808735
0.812328
0.817083
0.823334
0.83144
0.841693
0.85255
0.861817
0.869158
0.874916
0.879456
0.882906
0.885165
0.886143
0.886277
0.886107
0.791326
0.791449
0.792256
0.794177
0.797298
0.801614
0.807353
0.814916
0.82473
0.837124
0.850224
0.861408
0.870306
0.877343
0.882929
0.887176
0.8899
0.891029
0.891174
0.890988
0.776711
0.776853
0.777822
0.780106
0.783863
0.789113
0.796115
0.805342
0.817276
0.832264
0.848011
0.861417
0.872096
0.880596
0.887392
0.892525
0.895731
0.896991
0.897133
0.896928
0.759086
0.759267
0.760473
0.763252
0.767857
0.774345
0.783002
0.79437
0.808958
0.827085
0.845929
0.861866
0.874559
0.884709
0.892832
0.898944
0.902616
0.903962
0.904082
0.903857
0.737409
0.737669
0.739238
0.742723
0.748512
0.756703
0.767593
0.781766
0.799698
0.8216
0.844016
0.862791
0.877708
0.889675
0.899243
0.906358
0.910418
0.91178
0.911854
0.911612
0.710099
0.710515
0.71266
0.717239
0.724795
0.735444
0.749455
0.767359
0.789496
0.815893
0.842351
0.864234
0.881554
0.895456
0.90655
0.9146
0.918891
0.920168
0.920176
0.919922
0.674596
0.675336
0.678488
0.684944
0.695402
0.709807
0.728276
0.751141
0.778494
0.810131
0.841066
0.866262
0.886105
0.901994
0.914618
0.923397
0.927668
0.928745
0.928672
0.928418
0.626371
0.627893
0.633239
0.643454
0.658995
0.679295
0.704095
0.733392
0.767013
0.804572
0.840328
0.868974
0.891354
0.909208
0.92324
0.932377
0.936281
0.937054
0.936906
0.936667
0.557028
0.561708
0.57302
0.590914
0.615161
0.644321
0.677591
0.714752
0.755542
0.799526
0.840297
0.872426
0.897296
0.916925
0.932011
0.940979
0.94417
0.944595
0.944409
0.944207
0.473959
0.48318
0.504101
0.53327
0.568567
0.607608
0.649838
0.695214
0.743578
0.79459
0.841129
0.877497
0.905523
0.927276
0.942974
0.951201
0.953625
0.953822
0.953689
0.953582
0.390475
0.405935
0.436541
0.476758
0.522713
0.571561
0.622768
0.676375
0.732289
0.790245
0.84246
0.882952
0.91402
0.937864
0.953784
0.960657
0.962037
0.96204
0.961946
0.961891
0.320983
0.340156
0.377108
0.425639
0.480235
0.537636
0.597084
0.658449
0.721513
0.785972
0.843386
0.887568
0.92123
0.946471
0.96203
0.967788
0.96872
0.968685
0.96862
0.968587
0.263314
0.284776
0.326568
0.381236
0.442525
0.506883
0.573357
0.641597
0.711157
0.781588
0.843771
0.891321
0.927267
0.953588
0.96873
0.973658
0.974319
0.974272
0.974225
0.974204
0.214736
0.237606
0.283027
0.342575
0.409338
0.479473
0.551893
0.626104
0.701453
0.777297
0.843843
0.894467
0.932506
0.959728
0.974396
0.978669
0.979162
0.979106
0.97907
0.979054
0.172874
0.196681
0.244919
0.308459
0.379835
0.454941
0.532542
0.612027
0.692564
0.773323
0.843835
0.897238
0.937143
0.965059
0.979246
0.983031
0.983409
0.98334
0.983307
0.983293
0.136035
0.1605
0.211024
0.277904
0.353243
0.432693
0.514916
0.599174
0.684462
0.769733
0.843862
0.899744
0.941256
0.969679
0.983407
0.986827
0.987117
0.987029
0.98699
0.986975
0.102993
0.127919
0.180356
0.250125
0.328926
0.412222
0.498613
0.587263
0.676986
0.766491
0.843945
0.902019
0.944875
0.973645
0.986917
0.990056
0.990281
0.990171
0.990121
0.9901
0.0727023
0.0980658
0.15218
0.224514
0.306381
0.39312
0.483303
0.576027
0.669952
0.76351
0.844098
0.904125
0.94806
0.976966
0.98978
0.992697
0.992877
0.992756
0.992698
0.992668
0.0445889
0.0703547
0.125942
0.200591
0.285207
0.375058
0.468719
0.565252
0.663203
0.760725
0.844371
0.906168
0.950914
0.979726
0.992028
0.994759
0.994927
0.994822
0.994769
0.994729
0.01814
0.044308
0.101235
0.177982
0.265088
0.357774
0.454654
0.554765
0.656605
0.758101
0.844833
0.908298
0.953602
0.982065
0.993776
0.996335
0.99653
0.99648
0.996452
0.996406
-0.0069956
0.0195898
0.0777565
0.156419
0.245787
0.341072
0.44093
0.544424
0.650043
0.755573
0.845571
0.910711
0.95635
0.984201
0.995226
0.997615
0.997867
0.997905
0.997923
0.997878
-0.0310292
-0.00400765
0.0552988
0.135711
0.227137
0.324796
0.427419
0.534108
0.643406
0.753069
0.846633
0.913623
0.95944
0.986397
0.996614
0.998827
0.999157
0.999298
0.999372
0.999337
-0.0541447
-0.0266739
0.033717
0.115733
0.209021
0.30885
0.414028
0.523721
0.636579
0.750472
0.848017
0.917248
0.963214
0.988943
0.998148
1.00016
1.0006
1.00083
1.00095
1.00092
-0.076404
-0.0485125
0.0129274
0.0964036
0.191366
0.293162
0.400686
0.513189
0.629468
0.747654
0.849641
0.921755
0.968078
0.992213
0.999971
1.00164
1.00226
1.0026
1.00272
1.00267
-0.0978897
-0.0695656
-0.00710525
0.0776737
0.17413
0.277696
0.387358
0.502461
0.622006
0.744475
0.851359
0.927213
0.974476
0.996783
1.00231
1.0031
1.00387
1.00457
1.00485
1.00474
-0.118557
-0.0898472
-0.0264255
0.0594997
0.157293
0.262452
0.374035
0.491513
0.614131
0.740804
0.852952
0.933538
0.9828
1.00347
1.00594
1.00475
1.00522
1.00679
1.00795
1.00798
-0.138519
-0.109354
-0.045074
0.0418811
0.140867
0.247432
0.36073
0.480352
0.605798
0.736534
0.854176
0.940491
0.993233
1.01331
1.01261
1.00828
1.00747
1.01017
1.01336
1.01433
-0.15767
-0.12811
-0.0630493
0.0248223
0.124857
0.232665
0.347461
0.468974
0.597008
0.731579
0.854769
0.947693
1.00562
1.02692
1.02411
1.01654
1.0135
1.01671
1.02268
1.02624
-0.176143
-0.146144
-0.0803271
0.00834491
0.109299
0.218197
0.334304
0.457448
0.587786
0.72588
0.854478
0.954645
1.01938
1.04398
1.04102
1.03131
1.02513
1.02386
1.0227
1.01374
-0.193876
-0.163502
-0.0970619
-0.0077706
0.0938896
0.203707
0.320861
0.44535
0.577678
0.719032
0.852933
0.961082
1.03464
1.06479
1.06367
1.05324
1.04223
1.03129
1.02188
1.03704
-0.21091
-0.180208
-0.113245
-0.0234954
0.0786516
0.189223
0.307102
0.432659
0.566591
0.710788
0.849621
0.965835
1.0502
1.08806
1.08941
1.07833
1.06177
1.0448
0.994889
0.990665
-0.227762
-0.196518
-0.128633
-0.0385641
0.0640134
0.175107
0.293174
0.419614
0.554766
0.701238
0.844287
0.967665
1.064
1.11161
1.11279
1.09833
1.07259
1.02751
0.970285
0.936952
-0.247703
-0.214479
-0.142729
-0.0526219
0.0508539
0.16175
0.279519
0.406489
0.542388
0.690417
0.836726
0.965595
1.07256
1.13077
1.14119
1.09768
1.0507
0.979782
0.913386
0.874108
0.205534
0.329026
0.460473
0.602385
0.752628
0.895069
1.01771
0.787053
-0.258444
-0.248899
-0.205397
-0.128663
-0.0317512
0.0745049
0.188995
0.311529
0.442673
0.584234
0.734831
0.878946
1.00179
1.09135
1.11871
1.03303
0.889446
0.800205
0.731385
-0.280157
-0.26844
-0.221044
-0.143066
-0.0458017
0.0605321
0.174829
0.297183
0.42793
0.568942
0.718634
0.861385
0.979013
1.05269
1.03382
0.896408
0.74909
0.648264
0.567613
-0.30191
-0.289955
-0.240263
-0.161282
-0.064114
0.0424697
0.156993
0.279271
0.409417
0.549382
0.69675
0.835044
0.940675
0.993899
0.934496
0.755388
0.594912
0.474302
0.377761
-0.323196
-0.311297
-0.260376
-0.180279
-0.0829259
0.02374
0.138064
0.259764
0.388918
0.527164
0.671199
0.803048
0.899227
0.916935
0.804253
0.608738
0.4249
0.269618
0.141201
-0.344364
-0.332631
-0.280941
-0.200039
-0.102392
0.00429557
0.118226
0.23912
0.366985
0.502952
0.642695
0.766426
0.849915
0.82776
0.667872
0.462525
0.257324
0.0833919
-0.0825165
-0.365905
-0.354398
-0.302403
-0.221037
-0.123159
-0.0164596
0.0970937
0.217166
0.343551
0.476851
0.611684
0.724459
0.790978
0.743052
0.540179
0.329275
0.11947
-0.0636206
-0.201331
-0.320597
-0.388626
-0.377287
-0.325144
-0.243593
-0.145695
-0.0391269
0.073929
0.192989
0.317537
0.447528
0.576505
0.677913
0.723547
0.63332
0.421055
0.207927
0.0120679
-0.134284
-0.185329
-0.205186
-0.412826
-0.401603
-0.349385
-0.267813
-0.170088
-0.0638994
0.0484146
0.166103
0.288321
0.414225
0.536109
0.627217
0.640179
0.512501
0.307495
0.105619
-0.0659348
-0.143526
-0.165881
-0.168505
-0.438728
-0.427539
-0.375211
-0.293701
-0.196322
-0.0907407
0.0205102
0.136442
0.255808
0.37688
0.490545
0.570185
0.550957
0.398242
0.202905
0.0152586
-0.112041
-0.151885
-0.150416
-0.151296
-0.466328
-0.455121
-0.402657
-0.321273
-0.224403
-0.119668
-0.00980616
0.103974
0.219965
0.335494
0.440016
0.505008
0.468421
0.291285
0.110317
-0.0585126
-0.128225
-0.140528
-0.14156
-0.141519
-0.495406
-0.484147
-0.431615
-0.350466
-0.254263
-0.150648
-0.0425034
0.0686889
0.180803
0.290157
0.385131
0.434876
0.384799
0.198541
0.0285984
-0.0990889
-0.141633
-0.136413
-0.135773
-0.135399
-0.525475
-0.514224
-0.461803
-0.381033
-0.285722
-0.183518
-0.0774602
0.0306945
0.138457
0.241314
0.326023
0.362981
0.289362
0.115801
-0.0380536
-0.117619
-0.130649
-0.131323
-0.131296
-0.131009
-0.556017
-0.544802
-0.49273
-0.41254
-0.318404
-0.217951
-0.114385
-0.00972698
0.093181
0.189473
0.263808
0.285268
0.198106
0.0464512
-0.083289
-0.122558
-0.127345
-0.128183
-0.128247
-0.128111
-0.586088
-0.574993
-0.523608
-0.444325
-0.351732
-0.253449
-0.152812
-0.0520925
0.0454897
0.135048
0.20118
0.205805
0.118587
-0.010119
-0.103069
-0.137932
-0.128742
-0.12652
-0.125937
-0.125717
-0.614168
-0.603423
-0.553304
-0.475458
-0.384882
-0.289274
-0.192062
-0.095703
-0.00379146
0.078712
0.139324
0.134732
0.0485597
-0.054825
-0.116953
-0.121344
-0.12454
-0.124206
-0.123904
-0.123759
-0.638971
-0.628641
-0.580357
-0.504652
-0.416745
-0.32444
-0.231225
-0.139667
-0.0535757
0.0218105
0.0767468
0.0715808
-0.00750984
-0.0850046
-0.128396
-0.131168
-0.125143
-0.123316
-0.12271
-0.122505
-0.657912
-0.648295
-0.602895
-0.530288
-0.445933
-0.357708
-0.269152
-0.182882
-0.102723
-0.0339947
0.0145851
0.0158129
-0.0479473
-0.101009
-0.121836
-0.12516
-0.123422
-0.122488
-0.122152
-0.121986
-0.669084
-0.660524
-0.618761
-0.550523
-0.470836
-0.387643
-0.304502
-0.224035
-0.150048
-0.08729
-0.042277
-0.0370546
-0.0775987
-0.107186
-0.11897
-0.119202
-0.121936
-0.12236
-0.122411
-0.122365
-0.670041
-0.6629
-0.625805
-0.56344
-0.489724
-0.412726
-0.335851
-0.261673
-0.194067
-0.137234
-0.0923189
-0.0838087
-0.104864
-0.113831
-0.124555
-0.122818
-0.123478
-0.123807
-0.123954
-0.123992
-0.658394
-0.652599
-0.621742
-0.567094
-0.501079
-0.431552
-0.361872
-0.294423
-0.233055
-0.182707
-0.13939
-0.118825
-0.127875
-0.127718
-0.134088
-0.129423
-0.12785
-0.127505
-0.127678
-0.127746
-0.631601
-0.62754
-0.604438
-0.560098
-0.503891
-0.44315
-0.381571
-0.321242
-0.265752
-0.221346
-0.185741
-0.149457
-0.141552
-0.147544
-0.141167
-0.137759
-0.135172
-0.13433
-0.134654
-0.134835
-0.593338
-0.590765
-0.57607
-0.543152
-0.498323
-0.447494
-0.394527
-0.341505
-0.291701
-0.251629
-0.225059
-0.192214
-0.159514
-0.147371
-0.155775
-0.154577
-0.149631
-0.14782
-0.148172
-0.148474
-0.550758
-0.549135
-0.541895
-0.520295
-0.486881
-0.445878
-0.401208
-0.355063
-0.310375
-0.272808
-0.246575
-0.218657
-0.185739
-0.157782
-0.134764
-0.129719
-0.147655
-0.167294
-0.174806
-0.176208
-0.513671
-0.512597
-0.5091
-0.497391
-0.473467
-0.440829
-0.403066
-0.362432
-0.321251
-0.283684
-0.256746
-0.232426
-0.221263
-0.223093
-0.243724
-0.274838
-0.299798
-0.279061
-0.249835
-0.242799
-0.487054
-0.486444
-0.484253
-0.478509
-0.46197
-0.435585
-0.402449
-0.365047
-0.324937
-0.285357
-0.254304
-0.229194
-0.252369
-0.29917
-0.379282
-0.435773
-0.460931
-0.445835
-0.399258
-0.364409
-0.467825
-0.467422
-0.466605
-0.464315
-0.454266
-0.432553
-0.401763
-0.364849
-0.32324
-0.278774
-0.241461
-0.210375
-0.198509
-0.197824
-0.243896
-0.281653
-0.279639
-0.260102
-0.231005
-0.202997
-0.45607
-0.455975
-0.455617
-0.454392
-0.449277
-0.431386
-0.401469
-0.363118
-0.318215
-0.267236
-0.216721
-0.169096
-0.0950422
-0.0196526
0.0294769
0.0529132
0.0833739
0.120797
0.157137
0.182083
-0.447927
-0.447904
-0.447613
-0.447263
-0.445066
-0.431323
-0.401935
-0.360947
-0.311886
-0.252682
-0.184821
-0.116264
-0.000152797
0.161601
0.335083
0.4853
0.596148
0.669086
0.715082
0.738465
-0.442581
-0.442576
-0.442487
-0.442414
-0.441052
-0.431951
-0.403617
-0.360008
-0.30558
-0.238801
-0.156397
-0.071027
0.0651213
0.292626
0.568501
0.828224
1.03632
1.16456
1.22484
1.24686
-0.438168
-0.438184
-0.438155
-0.438024
-0.438137
-0.43238
-0.406399
-0.360686
-0.301496
-0.228445
-0.1371
-0.0392577
0.0999958
0.349897
0.66375
0.969518
1.22943
1.39726
1.47316
1.49658
-0.434403
-0.434434
-0.43437
-0.434168
-0.434011
-0.43166
-0.409528
-0.363607
-0.300808
-0.223599
-0.128716
-0.0249233
0.103932
0.338874
0.637542
0.933654
1.19
1.36189
1.44237
1.46828
-0.431602
-0.431609
-0.431593
-0.431507
-0.431625
-0.430256
-0.413021
-0.368239
-0.303857
-0.225385
-0.131309
-0.0307595
0.0780507
0.282544
0.544831
0.793877
1.00825
1.16032
1.23464
1.25843
-0.428785
-0.428842
-0.428986
-0.429323
-0.429742
-0.429294
-0.416632
-0.373878
-0.310684
-0.233382
-0.144068
-0.0524417
0.0352523
0.19643
0.41538
0.615128
0.778991
0.897148
0.955727
0.974359
-0.425746
-0.425883
-0.426088
-0.426434
-0.426781
-0.427579
-0.418591
-0.379758
-0.319756
-0.24633
-0.163987
-0.082451
-0.0122695
0.108037
0.280218
0.433497
0.554709
0.641347
0.683212
0.695472
-0.422827
-0.422996
-0.423198
-0.423457
-0.423801
-0.42481
-0.418358
-0.384661
-0.329809
-0.262533
-0.187394
-0.116441
-0.060555
0.0262268
0.156724
0.270424
0.356751
0.417288
0.445982
0.453688
-0.420476
-0.420616
-0.420618
-0.420316
-0.419654
-0.419486
-0.41534
-0.388061
-0.34048
-0.27967
-0.211945
-0.150907
-0.105634
-0.0425748
0.0532874
0.136375
0.196118
0.236458
0.254631
0.259475
-0.420376
-0.420407
-0.420037
-0.418721
-0.415882
-0.412749
-0.410847
-0.391636
-0.351653
-0.295729
-0.235513
-0.18358
-0.146436
-0.0986974
-0.0276437
0.0305934
0.0715443
0.0981834
0.109668
0.112659
-0.424253
-0.424209
-0.423845
-0.422702
-0.42015
-0.416853
-0.414715
-0.400709
-0.363541
-0.310187
-0.257834
-0.21417
-0.181376
-0.14607
-0.0920911
-0.0480766
-0.0188781
-0.000253122
0.00783881
0.00985515
-0.430335
-0.430481
-0.431016
-0.433022
-0.437177
-0.440794
-0.43867
-0.420313
-0.375788
-0.32363
-0.279277
-0.239409
-0.210698
-0.182998
-0.140472
-0.106239
-0.0827808
-0.0674246
-0.0607952
-0.0592867
-0.43296
-0.433517
-0.435301
-0.44208
-0.456989
-0.471821
-0.468464
-0.438246
-0.384986
-0.337725
-0.297484
-0.259287
-0.234689
-0.213033
-0.175675
-0.145871
-0.125071
-0.111252
-0.105386
-0.104383
-0.430269
-0.430928
-0.432638
-0.438828
-0.453069
-0.472053
-0.468784
-0.432594
-0.386583
-0.348804
-0.308818
-0.272865
-0.25235
-0.23421
-0.201908
-0.174772
-0.155269
-0.142028
-0.136487
-0.135739
-0.429593
-0.429984
-0.430747
-0.429071
-0.415959
-0.399808
-0.39721
-0.395097
-0.378282
-0.351571
-0.31249
-0.280364
-0.264621
-0.246294
-0.215735
-0.191693
-0.174363
-0.162858
-0.158162
-0.157597
-0.435604
-0.43559
-0.434595
-0.424184
-0.386845
-0.338701
-0.334103
-0.356873
-0.370839
-0.348694
-0.310386
-0.282834
-0.267756
-0.25001
-0.221602
-0.199484
-0.184434
-0.1751
-0.171362
-0.170852
-0.452871
-0.451255
-0.448634
-0.441941
-0.416203
-0.384962
-0.371874
-0.392188
-0.391015
-0.353208
-0.307937
-0.279591
-0.262786
-0.242715
-0.216927
-0.197786
-0.184522
-0.176533
-0.173098
-0.172565
-0.509524
-0.506542
-0.515092
-0.536597
-0.556446
-0.546369
-0.519789
-0.486012
-0.430402
-0.360461
-0.303364
-0.272013
-0.249697
-0.227111
-0.203102
-0.185038
-0.172357
-0.164549
-0.161158
-0.160647
-0.602674
-0.60357
-0.624954
-0.660879
-0.683323
-0.678233
-0.641291
-0.570645
-0.461935
-0.358952
-0.294202
-0.256498
-0.2278
-0.206095
-0.183385
-0.164296
-0.149967
-0.141043
-0.137091
-0.136718
-0.656318
-0.660537
-0.680431
-0.705715
-0.72267
-0.718316
-0.67796
-0.585331
-0.450031
-0.34091
-0.272636
-0.22765
-0.200508
-0.18116
-0.157298
-0.136819
-0.120921
-0.110523
-0.106094
-0.106002
-0.620262
-0.623845
-0.637728
-0.6568
-0.672156
-0.669622
-0.629955
-0.524772
-0.389888
-0.29503
-0.228546
-0.186466
-0.167993
-0.151178
-0.12612
-0.105274
-0.0893785
-0.0789776
-0.0750346
-0.0753414
-0.49013
-0.495399
-0.509857
-0.528211
-0.543326
-0.542595
-0.505139
-0.404902
-0.300264
-0.222344
-0.164072
-0.137802
-0.128055
-0.113635
-0.0916769
-0.0739054
-0.0601977
-0.0516534
-0.0490342
-0.049603
-0.287432
-0.295294
-0.311043
-0.333021
-0.352517
-0.352067
-0.312047
-0.240077
-0.17869
-0.127364
-0.0939134
-0.0819968
-0.0781951
-0.0690049
-0.0529251
-0.0413149
-0.0321763
-0.0268232
-0.0260034
-0.0269314
-0.146786
-0.172972
-0.207147
-0.228504
-0.232341
-0.213679
-0.169149
-0.126195
-0.0906838
-0.0642499
-0.0542033
-0.0482382
-0.0495835
-0.0369942
-0.0281113
-0.0225886
-0.0175176
-0.0155732
-0.0154893
-0.00764086
0.0389027
0.294465
0.460076
0.614489
0.736655
0.831686
0.905585
0.967395
1.00702
0.995767
0.41415
0.52627
0.638487
0.738173
0.821742
0.890367
0.94558
0.986551
1.01094
1.02645
0.616501
0.689534
0.766496
0.837004
0.897137
0.947543
0.988373
1.02004
1.04457
1.06375
0.76176
0.815401
0.870347
0.922229
0.967418
1.00617
1.03902
1.06676
1.0897
1.10771
0.877808
0.9206
0.961127
1.00072
1.03675
1.06885
1.0972
1.12186
1.14207
1.15875
0.977206
1.01032
1.04422
1.07739
1.10853
1.13709
1.16276
1.18511
1.20303
1.21806
1.0651
1.09444
1.1257
1.15672
1.18606
1.21313
1.23742
1.25819
1.27425
1.28793
1.15031
1.18036
1.21238
1.24386
1.27345
1.30039
1.32409
1.3438
1.35839
1.37092
1.24214
1.27604
1.3115
1.34494
1.37552
1.40255
1.42559
1.4442
1.45772
1.46984
1.35291
1.39109
1.43007
1.46478
1.49522
1.52123
1.54286
1.56019
1.57329
1.58602
1.49433
1.53261
1.57097
1.60301
1.6301
1.65329
1.67322
1.69015
1.7041
1.71787
1.66978
1.69918
1.72909
1.75337
1.77436
1.79364
1.81178
1.82906
1.8449
1.85974
1.86298
1.87728
1.89481
1.91156
1.92806
1.94348
1.95761
1.97164
1.98648
2.00263
2.05189
2.05617
2.069
2.08116
2.09115
2.10045
2.11062
2.12125
2.13058
2.14278
2.28122
2.26763
2.25881
2.24377
2.23269
2.23213
2.24413
2.26793
2.29976
2.33553
2.65544
2.49694
2.39143
2.33253
2.30342
2.29688
2.31206
2.35326
2.43249
2.5776
-0.23942
-0.235786
-0.19154
-0.113912
-0.0166888
0.0902453
1.11556
1.14827
1.10913
1.01793
0.934024
0.859615
0.667229
0.486457
0.277033
-0.00175771
-0.326327
)
;

boundaryField
{
    wall-4
    {
        type            zeroGradient;
    }
    pressure-outlet-7
    {
        type            fixedValue;
        value           uniform 0;
    }
    velocity-inlet-6
    {
        type            zeroGradient;
    }
    velocity-inlet-5
    {
        type            zeroGradient;
    }
    frontAndBackPlanes
    {
        type            empty;
    }
}


// ************************************************************************* //
