/*--------------------------------*- C++ -*----------------------------------*\
  =========                 |
  \\      /  F ield         | OpenFOAM: The Open Source CFD Toolbox
   \\    /   O peration     | Website:  https://openfoam.org
    \\  /    A nd           | Version:  6
     \\/     M anipulation  |
\*---------------------------------------------------------------------------*/
FoamFile
{
    version     2.0;
    format      ascii;
    class       volScalarField;
    location    "18.5";
    object      p;
}
// * * * * * * * * * * * * * * * * * * * * * * * * * * * * * * * * * * * * * //

dimensions      [0 2 -2 0 0 0 0];

internalField   nonuniform List<scalar> 
8800
(
0.427249
0.377938
0.339978
0.311912
0.291749
0.277145
0.266525
0.258956
0.25401
0.251793
0.252911
0.256972
0.263524
0.272758
0.285365
0.302593
0.326401
0.35945
0.402356
0.454857
0.261733
0.268081
0.277239
0.280802
0.278206
0.272129
0.265197
0.258923
0.254045
0.25106
0.250622
0.252952
0.257346
0.263278
0.270202
0.277098
0.281878
0.281678
0.274949
0.266021
0.235232
0.241482
0.246004
0.249907
0.252894
0.253881
0.252807
0.25067
0.248588
0.247537
0.248312
0.250491
0.25311
0.255137
0.255461
0.253506
0.250016
0.245911
0.241071
0.237342
0.230899
0.233681
0.23635
0.238581
0.240394
0.242025
0.243167
0.243478
0.243192
0.243013
0.243544
0.244453
0.244923
0.244496
0.243263
0.241689
0.239835
0.237379
0.234879
0.23331
0.225862
0.227301
0.229209
0.231373
0.233149
0.234469
0.235534
0.23645
0.237166
0.237671
0.238033
0.238089
0.237763
0.237139
0.23623
0.23489
0.23302
0.230948
0.229495
0.228696
0.220921
0.221829
0.223183
0.224952
0.226771
0.228374
0.229684
0.230791
0.231762
0.232549
0.232896
0.23279
0.232363
0.231599
0.230468
0.228957
0.227288
0.225766
0.224825
0.224319
0.216196
0.216846
0.217982
0.219564
0.22128
0.223054
0.224726
0.226109
0.227195
0.22805
0.228535
0.228535
0.228031
0.227023
0.225652
0.224169
0.222694
0.221405
0.220673
0.220326
0.211867
0.212342
0.213331
0.214805
0.216398
0.218038
0.219733
0.221391
0.222833
0.223917
0.224508
0.224428
0.223754
0.222717
0.221514
0.22023
0.218896
0.217762
0.217177
0.216936
0.207858
0.208173
0.209034
0.210386
0.211864
0.213329
0.214757
0.216221
0.217696
0.219023
0.219736
0.219799
0.219439
0.218813
0.217949
0.216875
0.215712
0.214721
0.214269
0.214126
0.204651
0.20483
0.205559
0.20682
0.208247
0.209759
0.21138
0.212965
0.214478
0.215865
0.216868
0.217258
0.21709
0.216474
0.215643
0.214703
0.213672
0.212837
0.212519
0.212455
0.202212
0.202309
0.202768
0.203664
0.204753
0.205934
0.207219
0.208731
0.210402
0.212087
0.213362
0.213993
0.214157
0.214049
0.213704
0.213188
0.212601
0.212153
0.212001
0.211966
0.199665
0.199744
0.200018
0.200582
0.201376
0.202405
0.203668
0.20517
0.206896
0.208797
0.210467
0.211568
0.21215
0.212333
0.212322
0.212229
0.212064
0.211951
0.211895
0.211859
0.196333
0.196408
0.196636
0.197069
0.197756
0.198693
0.199969
0.201614
0.203637
0.20595
0.208062
0.209541
0.210479
0.210967
0.211268
0.211488
0.211621
0.21167
0.211652
0.211614
0.192135
0.192192
0.19244
0.192905
0.193552
0.194547
0.195935
0.197764
0.20008
0.202866
0.205553
0.207574
0.208916
0.209891
0.210559
0.210939
0.211202
0.2113
0.211307
0.211275
0.187229
0.187271
0.187545
0.188137
0.188981
0.190113
0.191771
0.193968
0.196779
0.200199
0.203582
0.206198
0.208049
0.20931
0.210169
0.210732
0.211038
0.211164
0.211206
0.211185
0.181725
0.181756
0.182058
0.182769
0.183845
0.185198
0.187166
0.189807
0.193212
0.197433
0.201703
0.205069
0.207506
0.209215
0.210346
0.211084
0.211469
0.211664
0.211745
0.211727
0.175603
0.175635
0.17595
0.176747
0.178019
0.179769
0.182158
0.185345
0.189531
0.194775
0.200129
0.204402
0.207518
0.209681
0.211195
0.212145
0.212702
0.213005
0.21312
0.213099
0.168612
0.168651
0.169057
0.169923
0.171397
0.173507
0.176412
0.180365
0.185575
0.192117
0.198814
0.204204
0.208094
0.210911
0.212813
0.214065
0.214837
0.215264
0.215413
0.215387
0.160317
0.160365
0.160837
0.161925
0.163668
0.166235
0.169839
0.174786
0.181307
0.189486
0.19785
0.204558
0.209491
0.212975
0.215376
0.216982
0.217999
0.218559
0.218745
0.21871
0.150246
0.150309
0.150914
0.152251
0.154448
0.157665
0.162218
0.168452
0.176648
0.186888
0.197302
0.205629
0.211734
0.216046
0.219036
0.221054
0.222344
0.223045
0.223274
0.223229
0.137883
0.137967
0.138757
0.140485
0.143302
0.147423
0.153238
0.161167
0.171529
0.18435
0.197266
0.207531
0.21501
0.220317
0.224006
0.226509
0.228112
0.228977
0.229257
0.229199
0.122456
0.122575
0.123629
0.125923
0.129642
0.135035
0.142588
0.152788
0.165931
0.181946
0.197863
0.210407
0.219519
0.225998
0.230519
0.233606
0.23559
0.236645
0.236981
0.236909
0.102791
0.102956
0.104422
0.107606
0.11269
0.119947
0.129956
0.143197
0.159886
0.179798
0.199253
0.21444
0.225453
0.233309
0.238826
0.242625
0.245085
0.246397
0.246797
0.2467
0.0771091
0.0773709
0.0795437
0.084198
0.0914198
0.101485
0.114997
0.132327
0.153504
0.178083
0.201609
0.219794
0.232982
0.242447
0.249162
0.253838
0.256887
0.258508
0.258988
0.258862
0.0423522
0.0428598
0.0464445
0.0538094
0.0646345
0.0790834
0.0976211
0.120356
0.147047
0.177036
0.205104
0.226595
0.24221
0.253529
0.261685
0.267472
0.271297
0.273323
0.27389
0.27372
-0.00744439
-0.0058094
0.00148967
0.0144097
0.031553
0.0527806
0.0782479
0.107779
0.14094
0.17695
0.209897
0.234901
0.253125
0.266505
0.276357
0.283537
0.288429
0.291063
0.291767
0.291529
-0.0811601
-0.0723011
-0.0557348
-0.0329011
-0.00628519
0.0239339
0.0578167
0.0951625
0.135521
0.178134
0.216446
0.245405
0.266691
0.282606
0.294711
0.30396
0.31054
0.314343
0.315517
0.315454
-0.159125
-0.140656
-0.113983
-0.0807606
-0.0443701
-0.00505513
0.0373293
0.0826918
0.130681
0.180676
0.225438
0.259473
0.284843
0.30424
0.319375
0.331375
0.34046
0.346273
0.348307
0.348403
-0.223948
-0.201809
-0.167094
-0.125349
-0.0803973
-0.0326157
0.0179268
0.0710366
0.126374
0.183373
0.234082
0.272608
0.301442
0.323627
0.341102
0.354952
0.365678
0.372525
0.374516
0.374777
-0.275916
-0.251523
-0.211826
-0.16419
-0.112602
-0.0578458
-0.000227524
0.0598849
0.122007
0.185447
0.241461
0.283757
0.31525
0.339354
0.358208
0.373127
0.384554
0.391878
0.394317
0.394713
-0.318455
-0.292979
-0.249803
-0.197587
-0.140793
-0.080405
-0.0168772
0.0492906
0.117448
0.186669
0.247348
0.292762
0.326226
0.351576
0.371204
0.386623
0.398343
0.405884
0.408566
0.408925
-0.354716
-0.328635
-0.282954
-0.22705
-0.165952
-0.100837
-0.0322351
0.0392482
0.11275
0.187188
0.252009
0.300093
0.335162
0.361421
0.381508
0.397071
0.408773
0.416251
0.419083
0.419443
-0.38672
-0.36028
-0.312672
-0.253707
-0.188967
-0.119753
-0.0466851
0.0295375
0.10791
0.187143
0.255887
0.306492
0.343003
0.36999
0.390351
0.405925
0.417542
0.42496
0.427865
0.428221
-0.415908
-0.389161
-0.33993
-0.2784
-0.21054
-0.137756
-0.0606893
0.019855
0.102785
0.1866
0.259109
0.312111
0.349997
0.377699
0.39837
0.414021
0.425598
0.432911
0.435845
0.436205
-0.443156
-0.416137
-0.365516
-0.301746
-0.231153
-0.155197
-0.0745413
0.00993595
0.097115
0.185308
0.261521
0.317053
0.356468
0.385027
0.406111
0.421907
0.43349
0.440685
0.443582
0.443996
-0.469147
-0.441791
-0.389913
-0.324131
-0.251124
-0.172372
-0.088507
-0.00042117
0.0907152
0.183191
0.263291
0.321552
0.362673
0.392242
0.413865
0.4299
0.441535
0.448654
0.451461
0.451868
-0.494148
-0.466442
-0.413432
-0.345866
-0.270727
-0.189462
-0.102698
-0.0113065
0.0835935
0.180303
0.264372
0.325583
0.368671
0.399462
0.421804
0.438211
0.449976
0.457049
0.45972
0.460057
-0.518489
-0.49035
-0.436302
-0.367124
-0.290067
-0.206546
-0.117164
-0.0227337
0.0756902
0.176475
0.264615
0.329083
0.374468
0.406746
0.429995
0.44691
0.458884
0.465939
0.468458
0.468699
-0.542221
-0.513638
-0.458616
-0.38799
-0.309231
-0.2237
-0.131966
-0.0347722
0.0668908
0.17162
0.263949
0.331946
0.37997
0.414051
0.438437
0.456012
0.468278
0.475335
0.477713
0.477817
-0.565406
-0.536359
-0.480439
-0.408515
-0.328237
-0.240924
-0.147103
-0.0474483
0.0572072
0.165701
0.262227
0.334027
0.385053
0.4213
0.447091
0.465488
0.478104
0.485133
0.487354
0.487328
-0.588079
-0.558567
-0.50177
-0.428675
-0.34706
-0.258178
-0.162526
-0.0606798
0.0466733
0.158662
0.259321
0.335131
0.389568
0.428396
0.455904
0.47529
0.488303
0.495256
0.497269
0.49712
-0.610255
-0.580214
-0.522583
-0.448441
-0.36565
-0.275408
-0.178158
-0.0744074
0.0353178
0.150486
0.255124
0.33504
0.393259
0.435178
0.464828
0.4854
0.498804
0.50559
0.507314
0.507046
-0.631776
-0.601243
-0.542834
-0.467774
-0.383954
-0.29253
-0.193924
-0.088549
0.0232172
0.141206
0.249554
0.333565
0.395814
0.441389
0.473808
0.495873
0.509546
0.515903
0.51723
0.516844
-0.652597
-0.621609
-0.562481
-0.486608
-0.401897
-0.309471
-0.209726
-0.103009
0.010478
0.130874
0.242565
0.330526
0.396927
0.446657
0.482711
0.506958
0.520781
0.5261
0.526729
0.526244
-0.672765
-0.641272
-0.581495
-0.5049
-0.419412
-0.326147
-0.225464
-0.117665
-0.00279445
0.119578
0.23415
0.325795
0.396253
0.450424
0.491122
0.518965
0.533444
0.536677
0.535569
0.534975
-0.692128
-0.660202
-0.599819
-0.522584
-0.43644
-0.342471
-0.241037
-0.132401
-0.0164662
0.107456
0.224354
0.319285
0.393515
0.451993
0.498112
0.531607
0.549135
0.550554
0.545079
0.541744
-0.710763
-0.678408
-0.617461
-0.539687
-0.453008
-0.358487
-0.256501
-0.147278
-0.0306076
0.0944396
0.213051
0.310755
0.388425
0.450555
0.502148
0.543231
0.567686
0.572744
0.561878
0.555323
-0.728609
-0.695952
-0.634555
-0.556393
-0.469404
-0.374529
-0.272267
-0.162788
-0.0457863
0.0798418
0.199504
0.299282
0.380224
0.444818
0.500142
0.548777
0.580077
0.583817
0.573397
0.559145
-0.745555
-0.712821
-0.650951
-0.572496
-0.48541
-0.390304
-0.288116
-0.178597
-0.0616654
0.0639858
0.183951
0.284613
0.368588
0.434299
0.48745
0.536843
0.568065
0.559398
0.497454
0.464597
-0.761504
-0.729732
-0.666208
-0.587502
-0.500424
-0.405357
-0.303798
-0.19445
-0.0779681
0.0470738
0.166529
0.266577
0.352848
0.419996
0.462009
0.498322
0.512104
0.471471
0.404248
0.361608
-0.803129
-0.745661
-0.680293
-0.602144
-0.515145
-0.42053
-0.319199
-0.210446
-0.0948594
0.0288516
0.14695
0.245066
0.330503
0.403251
0.419004
0.426677
0.403665
0.34788
0.275033
0.234843
-0.776679
-0.758891
-0.70122
-0.624157
-0.537112
-0.443074
-0.342775
-0.235275
-0.121534
-0.000737151
0.11365
0.207535
0.284481
0.353785
0.356946
0.254643
0.161285
0.0987608
0.030762
0.069139
-0.806133
-0.775468
-0.717173
-0.640135
-0.553567
-0.460075
-0.359917
-0.253453
-0.141311
-0.0231805
0.0874021
0.17683
0.24497
0.281435
0.234961
0.0916926
-0.0263308
-0.104642
-0.195426
-0.133917
-0.828485
-0.795532
-0.735558
-0.65832
-0.572022
-0.478762
-0.378984
-0.273685
-0.163423
-0.0484513
0.0574469
0.140799
0.197635
0.200123
0.0878521
-0.0906544
-0.237216
-0.338428
-0.450003
-0.40198
-0.849841
-0.815948
-0.754768
-0.677031
-0.59072
-0.497698
-0.398636
-0.29464
-0.186444
-0.0749692
0.0254629
0.101723
0.142718
0.105605
-0.0703752
-0.28111
-0.472248
-0.632972
-0.776559
-0.735884
-0.870582
-0.836478
-0.77461
-0.696444
-0.61006
-0.517345
-0.419118
-0.316533
-0.210643
-0.103028
-0.00867529
0.0596968
0.080633
0.000446331
-0.228451
-0.469696
-0.702245
-0.901472
-1.15471
-1.24688
-0.891375
-0.857523
-0.795343
-0.716891
-0.630433
-0.537986
-0.440534
-0.339352
-0.235856
-0.132293
-0.0442984
0.0150718
0.0145383
-0.12474
-0.374415
-0.637669
-0.887803
-1.0983
-1.26743
-1.4626
-0.913067
-0.879456
-0.81723
-0.738678
-0.652262
-0.560166
-0.463573
-0.363951
-0.26316
-0.164132
-0.0830663
-0.0339689
-0.0651721
-0.257247
-0.51151
-0.776565
-1.00769
-1.14461
-1.18333
-1.20144
-0.935846
-0.902482
-0.840327
-0.761829
-0.675602
-0.584003
-0.488457
-0.390704
-0.293008
-0.199104
-0.125592
-0.0889848
-0.153455
-0.384722
-0.637472
-0.882822
-1.0703
-1.12562
-1.14183
-1.14317
-0.95995
-0.92667
-0.864606
-0.78625
-0.70032
-0.609403
-0.515078
-0.419536
-0.32531
-0.237056
-0.172003
-0.15194
-0.246584
-0.507978
-0.751624
-0.973
-1.10328
-1.12173
-1.12106
-1.12068
-0.98521
-0.952004
-0.890008
-0.811847
-0.726329
-0.636226
-0.543309
-0.450261
-0.359932
-0.27771
-0.222341
-0.217338
-0.353804
-0.625394
-0.856598
-1.04093
-1.10454
-1.10969
-1.10904
-1.10802
-1.01139
-0.978233
-0.916349
-0.838444
-0.753436
-0.664259
-0.572964
-0.482558
-0.396753
-0.32054
-0.276324
-0.285695
-0.468429
-0.744253
-0.956111
-1.07754
-1.09235
-1.09971
-1.10212
-1.10177
-1.03783
-1.00494
-0.943322
-0.865731
-0.781331
-0.693197
-0.603659
-0.515977
-0.43533
-0.364996
-0.332256
-0.363673
-0.569755
-0.8663
-1.07474
-1.10166
-1.11369
-1.10293
-1.09523
-1.09434
-1.06394
-1.03159
-0.97043
-0.893255
-0.809539
-0.722579
-0.634829
-0.549923
-0.474702
-0.410864
-0.386945
-0.450899
-0.656439
-0.969625
-1.2657
-1.24814
-1.18152
-1.1388
-1.1131
-1.10374
-1.08916
-1.05747
-0.997008
-0.920385
-0.837442
-0.751713
-0.665829
-0.583505
-0.513354
-0.45786
-0.438264
-0.540148
-0.754509
-0.9939
-1.39424
-1.46927
-1.34551
-1.29626
-1.25861
-1.23674
-1.11243
-1.08168
-1.02224
-0.94632
-0.864273
-0.779679
-0.695754
-0.615697
-0.549077
-0.504897
-0.486322
-0.615804
-0.872661
-0.92518
-1.02328
-1.1266
-1.40334
-1.53879
-1.50392
-1.48544
-1.13237
-1.10308
-1.04509
-0.970139
-0.889023
-0.805562
-0.723121
-0.645517
-0.579804
-0.547539
-0.531172
-0.672457
-0.976659
-0.967045
-0.654245
-0.870991
-1.31917
-1.48295
-1.48831
-1.49665
-1.14774
-1.12042
-1.06443
-0.990723
-0.910569
-0.828249
-0.746469
-0.671079
-0.60491
-0.576551
-0.583514
-0.707533
-1.19551
-1.54187
-1.69302
-1.99607
-2.09687
-1.84075
-1.65185
-1.65592
-1.15752
-1.13261
-1.07913
-1.00693
-0.927816
-0.846172
-0.76508
-0.689483
-0.623665
-0.588461
-0.600537
-0.787943
-1.44604
-2.41075
-3.07641
-3.41848
-3.34203
-3.02315
-2.62608
-2.47819
-1.16005
-1.13821
-1.08815
-1.01774
-0.939502
-0.858355
-0.777408
-0.699711
-0.631645
-0.58714
-0.582478
-0.828261
-1.40922
-2.41123
-3.22028
-3.47643
-3.48779
-3.29008
-3.01513
-2.81375
-1.15493
-1.13676
-1.09057
-1.02233
-0.944806
-0.864039
-0.782184
-0.701413
-0.628969
-0.556799
-0.555965
-0.570251
-1.03487
-1.56135
-2.22608
-2.37215
-2.08761
-1.70278
-1.40838
-1.26316
-1.14106
-1.12661
-1.08552
-1.02004
-0.943445
-0.862587
-0.77914
-0.695558
-0.610262
-0.518316
-0.448796
-0.310469
-0.302409
-0.178837
0.140726
0.501616
0.926921
1.25794
1.43568
1.50391
-1.11894
-1.10844
-1.07283
-1.01047
-0.934641
-0.85384
-0.770099
-0.682685
-0.58586
-0.476431
-0.336201
-0.214768
0.139496
0.680849
1.36145
2.04003
2.52167
2.80494
2.93643
2.9755
-1.08883
-1.08207
-1.05217
-0.99332
-0.917956
-0.839393
-0.756847
-0.667676
-0.566954
-0.437486
-0.286715
-0.148618
0.066304
0.616128
1.27938
1.8594
2.27408
2.51448
2.62699
2.66302
-1.04882
-1.04529
-1.02085
-0.965347
-0.894382
-0.8189
-0.740424
-0.656542
-0.557732
-0.425987
-0.262911
-0.132241
-0.0186349
0.34456
0.834988
1.25563
1.56341
1.74866
1.84682
1.8825
-0.992749
-0.990486
-0.971694
-0.924086
-0.860335
-0.793177
-0.725697
-0.654725
-0.56618
-0.443473
-0.268785
-0.133671
-0.00247297
0.186805
0.478951
0.742581
0.947395
1.08664
1.15949
1.18262
-0.911091
-0.909368
-0.896358
-0.862628
-0.814742
-0.76375
-0.714
-0.663126
-0.59712
-0.480812
-0.319967
-0.180962
-0.0112117
0.106665
0.284954
0.455184
0.584153
0.673018
0.72323
0.740841
-0.826285
-0.824316
-0.816139
-0.796608
-0.767863
-0.73683
-0.7081
-0.68233
-0.65015
-0.572346
-0.443968
-0.315837
-0.129414
-0.0315559
0.0689487
0.197607
0.290554
0.355201
0.386138
0.392667
-0.764184
-0.762782
-0.758354
-0.749342
-0.736197
-0.723877
-0.718414
-0.72709
-0.75135
-0.772562
-0.725576
-0.579412
-0.350427
-0.250203
-0.169889
-0.0676802
0.0285195
0.0922793
0.126013
0.130871
-0.72474
-0.724649
-0.723812
-0.721635
-0.72026
-0.724924
-0.744868
-0.797663
-0.913199
-1.10186
-1.22981
-1.04874
-0.708379
-0.518851
-0.39745
-0.282445
-0.176052
-0.106748
-0.0738563
-0.0735333
-0.688951
-0.690301
-0.692113
-0.695104
-0.703058
-0.722612
-0.767261
-0.868741
-1.10183
-1.53183
-1.89844
-1.67619
-1.19084
-0.909248
-0.718274
-0.524112
-0.37842
-0.284782
-0.250367
-0.25261
-0.637936
-0.640189
-0.643979
-0.65078
-0.665162
-0.694836
-0.756482
-0.892525
-1.21209
-1.85136
-2.36283
-2.07462
-1.50474
-1.17341
-0.917278
-0.705525
-0.558115
-0.478941
-0.455369
-0.456232
-0.563693
-0.566213
-0.570753
-0.579061
-0.595115
-0.626646
-0.689921
-0.827073
-1.14978
-1.80294
-2.2926
-1.9914
-1.52772
-1.22168
-0.960692
-0.788194
-0.704423
-0.675114
-0.662706
-0.65924
-0.468282
-0.470391
-0.474387
-0.481481
-0.49486
-0.520265
-0.569861
-0.674583
-0.916017
-1.40289
-1.77251
-1.59389
-1.29452
-1.03101
-0.842946
-0.751415
-0.738632
-0.742583
-0.735641
-0.730296
-0.36227
-0.363594
-0.366264
-0.370728
-0.379039
-0.394295
-0.423176
-0.481967
-0.612053
-0.874672
-1.08527
-0.98397
-0.805637
-0.641849
-0.567333
-0.576578
-0.610495
-0.626441
-0.626965
-0.624372
-0.258932
-0.259476
-0.260758
-0.262738
-0.266199
-0.272094
-0.282619
-0.302972
-0.345138
-0.42427
-0.484913
-0.43534
-0.340589
-0.309595
-0.349522
-0.396256
-0.426835
-0.440234
-0.443596
-0.443761
-0.169048
-0.169054
-0.169396
-0.169765
-0.17009
-0.170065
-0.169425
-0.167964
-0.165105
-0.155225
-0.128185
-0.0895738
-0.0941445
-0.137569
-0.192626
-0.235628
-0.258687
-0.269805
-0.274278
-0.275342
-0.0981564
-0.0979024
-0.0978077
-0.097498
-0.0964407
-0.0938509
-0.0886892
-0.0792516
-0.0628778
-0.0359862
-0.00741105
0.00407244
-0.0171724
-0.0575277
-0.0966851
-0.12492
-0.140569
-0.148249
-0.152056
-0.153266
-0.0467272
-0.0464152
-0.046215
-0.0458207
-0.0445705
-0.0415595
-0.035762
-0.0257078
-0.00952322
0.0133331
0.0315452
0.0308845
0.0115484
-0.0164548
-0.0414318
-0.0587324
-0.0685823
-0.0736895
-0.0763471
-0.0772437
-0.0120911
-0.011828
-0.0116822
-0.011472
-0.0105687
-0.00818605
-0.00348022
0.00456816
0.0167865
0.0321624
0.0416453
0.0372135
0.0226807
0.00484616
-0.010508
-0.0212222
-0.0275574
-0.030925
-0.0326567
-0.0332417
0.00959409
0.0097743
0.00981932
0.00978357
0.0102198
0.0117358
0.0149041
0.0203439
0.0283653
0.0376128
0.0418391
0.0371511
0.0270576
0.0158098
0.00626657
-0.00056387
-0.00479563
-0.00708538
-0.00819071
-0.0085509
0.0220208
0.022123
0.0220756
0.0218512
0.0218903
0.0226542
0.0245332
0.0278603
0.0326362
0.0377092
0.0391287
0.0351083
0.0281976
0.0209587
0.0148561
0.010355
0.00743709
0.0058358
0.00509975
0.00487626
0.0281567
0.0282023
0.0280868
0.0277309
0.0274998
0.0277002
0.0286002
0.0303939
0.0329919
0.0354794
0.0354436
0.0321912
0.027441
0.0226681
0.0186431
0.015598
0.0135517
0.0124202
0.0119289
0.0117803
0.030143
0.0301533
0.0299998
0.0295872
0.0291979
0.0290415
0.0292968
0.0300597
0.0312303
0.0321864
0.0315043
0.0289463
0.0256143
0.0223689
0.0196324
0.0175211
0.0160631
0.0152538
0.0149185
0.0148198
0.029456
0.029447
0.0292845
0.0288743
0.0284227
0.0280776
0.0279586
0.028116
0.0284576
0.0285536
0.0275911
0.02556
0.0231632
0.020894
0.0189815
0.0174849
0.016431
0.0158461
0.0156137
0.0155471
0.0270943
0.0270771
0.0269239
0.0265469
0.0260939
0.0256706
0.0253534
0.0251664
0.0250417
0.0246993
0.0236895
0.0220882
0.0203359
0.0187148
0.0173516
0.0162757
0.0155085
0.0150831
0.0149198
0.0148744
0.0237065
0.0236878
0.0235556
0.0232294
0.0228159
0.0223901
0.0220017
0.0216617
0.0213193
0.0207935
0.0198499
0.018592
0.0172962
0.016122
0.0151381
0.0143576
0.0137964
0.0134853
0.0133695
0.013338
0.0197003
0.0196836
0.019577
0.0193092
0.0189544
0.0185706
0.0181875
0.0178102
0.0174036
0.0168526
0.0160426
0.0150758
0.0141242
0.0132755
0.0125663
0.0120008
0.011591
0.0113646
0.011283
0.0112613
0.015324
0.0153105
0.0152296
0.0150218
0.0147375
0.0144222
0.0140936
0.0137538
0.0133793
0.0128986
0.0122615
0.011552
0.0108749
0.0102769
0.00977643
0.00937365
0.00907917
0.00891757
0.00886163
0.00884687
0.0107299
0.0107197
0.0106621
0.0105121
0.0103041
0.0100732
0.0098298
0.00957376
0.00929013
0.0089373
0.00849483
0.0080215
0.00757806
0.00718741
0.0068571
0.00658619
0.00638481
0.00627496
0.00623814
0.00622814
0.00600944
0.00600237
0.00596701
0.00587376
0.00574839
0.00561458
0.00547516
0.00532859
0.00516667
0.00496976
0.00472911
0.0044762
0.0042417
0.00403422
0.00385563
0.0037036
0.00358579
0.00352149
0.00350027
0.00349323
0.00122918
0.00123257
0.00125052
0.00125859
0.00123774
0.00120412
0.00116596
0.00112603
0.00108202
0.00102896
0.000964836
0.000896672
0.000833649
0.000777709
0.000730409
0.000691752
0.000664339
0.000657382
0.00067117
0.000680594
-0.577705
-0.348596
-0.132246
0.0454437
0.191865
0.311545
0.414067
0.498123
0.524272
0.520323
-0.216934
-0.0679572
0.0707597
0.19188
0.295538
0.382794
0.452641
0.500866
0.526984
0.542959
0.0268186
0.123765
0.220411
0.306172
0.380046
0.441717
0.490443
0.527128
0.553467
0.572605
0.19944
0.267951
0.337534
0.399907
0.453822
0.499482
0.537324
0.568245
0.591347
0.610379
0.334645
0.385163
0.436088
0.483027
0.524598
0.561007
0.592441
0.618726
0.638375
0.656642
0.445512
0.485093
0.524468
0.562411
0.597093
0.628192
0.655424
0.678064
0.694999
0.712636
0.540107
0.575099
0.6102
0.643909
0.675196
0.703476
0.728133
0.748237
0.762955
0.780125
0.631574
0.665878
0.700188
0.733064
0.763293
0.790306
0.813426
0.831719
0.844663
0.86133
0.728806
0.76635
0.802313
0.835829
0.865908
0.892024
0.913776
0.930576
0.942535
0.958781
0.843738
0.885241
0.922921
0.956387
0.985384
1.00986
1.0299
1.0455
1.05762
1.07376
0.986525
1.02777
1.06343
1.09335
1.11887
1.1408
1.15957
1.17526
1.18852
1.20452
1.15856
1.19072
1.218
1.24066
1.26099
1.2799
1.2978
1.3147
1.32971
1.34547
1.34508
1.36239
1.37966
1.39654
1.41278
1.42763
1.44163
1.45619
1.47149
1.48883
1.52878
1.53873
1.55197
1.563
1.57246
1.58221
1.59292
1.60317
1.61252
1.63821
1.74677
1.7411
1.72815
1.71389
1.70766
1.71345
1.73162
1.76018
1.79398
1.83032
2.04953
1.91356
1.83415
1.79179
1.7745
1.77846
1.80595
1.86382
1.97149
2.1499
0.330937
0.324638
0.316914
0.305807
0.292242
0.279596
0.269192
0.26116
0.255416
0.252022
0.251498
0.254065
0.25905
0.266216
0.275627
0.287351
0.300834
0.313706
0.322656
0.330174
0.239975
0.245898
0.253996
0.260156
0.263259
0.262783
0.259733
0.255762
0.252116
0.249695
0.249367
0.251394
0.254941
0.259167
0.263069
0.265163
0.26397
0.259244
0.252118
0.244246
0.233203
0.235579
0.238876
0.241697
0.244203
0.246456
0.247695
0.247552
0.246524
0.245557
0.245553
0.246736
0.248303
0.249324
0.249021
0.247351
0.245031
0.24254
0.239466
0.236411
0.228388
0.229474
0.231438
0.233853
0.235801
0.237263
0.238514
0.239504
0.240089
0.240307
0.24061
0.241092
0.241246
0.240837
0.23998
0.238842
0.237316
0.235173
0.232936
0.231418
0.223365
0.223989
0.225181
0.22706
0.229027
0.230705
0.231984
0.23302
0.233925
0.234709
0.235226
0.235365
0.23515
0.234651
0.233851
0.232618
0.230929
0.229073
0.22756
0.22672
0.218523
0.218941
0.219804
0.221275
0.222983
0.22472
0.226326
0.22771
0.228866
0.229835
0.230491
0.23062
0.230321
0.22962
0.228528
0.227134
0.225604
0.224131
0.223011
0.222444
0.213986
0.214271
0.214991
0.216363
0.218013
0.219746
0.221554
0.223228
0.224592
0.225623
0.226367
0.226697
0.22643
0.22559
0.224315
0.222889
0.221459
0.220076
0.219097
0.218679
0.209807
0.209996
0.21057
0.211768
0.213243
0.21474
0.216217
0.217773
0.2194
0.220866
0.221843
0.22206
0.221651
0.220909
0.220031
0.218988
0.217793
0.216617
0.215817
0.215522
0.206125
0.206217
0.206681
0.207816
0.209259
0.210768
0.212312
0.213821
0.215235
0.216598
0.217729
0.218318
0.218373
0.217964
0.217195
0.216214
0.215114
0.214026
0.213337
0.213156
0.203382
0.203417
0.203732
0.20462
0.205848
0.207165
0.208599
0.210147
0.211819
0.213455
0.214832
0.215614
0.215754
0.215475
0.214936
0.21426
0.213454
0.212667
0.212221
0.212128
0.201006
0.201029
0.201215
0.201749
0.202584
0.203571
0.20471
0.206041
0.20757
0.209289
0.210963
0.212168
0.212816
0.213074
0.213046
0.212801
0.212483
0.212149
0.211981
0.21193
0.198113
0.198138
0.198284
0.198638
0.199236
0.200097
0.201227
0.202679
0.204428
0.206444
0.208501
0.210097
0.211064
0.211523
0.211714
0.21183
0.211854
0.21185
0.211824
0.211785
0.194329
0.194349
0.194494
0.194823
0.195369
0.196144
0.197242
0.198723
0.200651
0.203007
0.205544
0.207655
0.209078
0.210065
0.210616
0.211014
0.211312
0.211469
0.211497
0.21147
0.189764
0.189769
0.189916
0.190306
0.190911
0.191815
0.193085
0.194839
0.19712
0.19994
0.203091
0.205816
0.207743
0.209045
0.209956
0.210554
0.210964
0.211158
0.211215
0.211209
0.184561
0.184557
0.184698
0.185167
0.185959
0.187006
0.188539
0.19062
0.193357
0.196816
0.200743
0.20421
0.206734
0.208509
0.209733
0.210554
0.211039
0.211282
0.211388
0.211403
0.17877
0.178749
0.178898
0.179418
0.180299
0.181765
0.183625
0.186088
0.1894
0.193644
0.198526
0.202925
0.206185
0.208506
0.210096
0.21116
0.211789
0.212143
0.212316
0.212347
0.172265
0.172237
0.172433
0.172999
0.174097
0.175716
0.177957
0.181025
0.185123
0.190387
0.196486
0.202021
0.206134
0.209039
0.211111
0.2125
0.213371
0.213885
0.214133
0.214173
0.164669
0.164638
0.16487
0.165599
0.166833
0.168739
0.17149
0.175296
0.180397
0.186971
0.194598
0.201527
0.20667
0.210418
0.213002
0.214756
0.215907
0.216607
0.216931
0.216977
0.155526
0.155489
0.155788
0.156657
0.158215
0.160568
0.163979
0.168734
0.175136
0.183383
0.192915
0.201541
0.207968
0.212602
0.215838
0.21805
0.219524
0.220428
0.220834
0.22089
0.144383
0.144339
0.144746
0.145862
0.147809
0.150795
0.155117
0.16115
0.169251
0.179612
0.1915
0.202185
0.210131
0.21583
0.219828
0.222577
0.224422
0.225556
0.22606
0.226128
0.130552
0.1305
0.131059
0.132541
0.135092
0.138971
0.144566
0.152326
0.162629
0.175662
0.190437
0.203591
0.21331
0.220286
0.225187
0.228569
0.23085
0.232258
0.232883
0.232962
0.113103
0.113053
0.113855
0.115884
0.119305
0.124479
0.131867
0.141966
0.155166
0.171568
0.189838
0.205901
0.217703
0.226176
0.23215
0.236293
0.239101
0.240836
0.241606
0.241697
0.0906264
0.0906011
0.0918067
0.0946738
0.0994222
0.106542
0.116529
0.129875
0.146875
0.167449
0.189858
0.209277
0.223474
0.233692
0.240942
0.246011
0.249472
0.25161
0.252547
0.252655
0.0607317
0.0607884
0.0627196
0.0670477
0.0740764
0.0843183
0.098191
0.116029
0.137909
0.163527
0.190705
0.21389
0.230774
0.242986
0.251744
0.257948
0.262235
0.264886
0.266034
0.266155
0.0192161
0.0195369
0.0230728
0.0304466
0.0417033
0.057103
0.0767431
0.100639
0.128604
0.160117
0.192605
0.21988
0.239683
0.254112
0.264619
0.27222
0.277597
0.280931
0.282331
0.282457
-0.0416877
-0.0400031
-0.0315853
-0.0175504
0.00148948
0.0250943
0.052787
0.0843694
0.119508
0.15758
0.195735
0.22728
0.250133
0.266921
0.279372
0.288619
0.295322
0.299584
0.301363
0.30152
-0.115259
-0.111851
-0.0956878
-0.0711382
-0.0415885
-0.00849534
0.0279586
0.0677449
0.110599
0.155984
0.200845
0.237867
0.264959
0.285258
0.300707
0.31262
0.321723
0.32745
0.329607
0.330151
-0.190029
-0.181413
-0.157328
-0.122917
-0.0836189
-0.0412963
0.00386757
0.0518528
0.102446
0.155192
0.206842
0.249409
0.280748
0.304513
0.322983
0.337497
0.348793
0.35599
0.359518
0.360592
-0.248474
-0.238568
-0.209629
-0.168428
-0.121665
-0.0716255
-0.0187305
0.0367983
0.094648
0.154327
0.212261
0.25974
0.294617
0.321058
0.341589
0.357773
0.370307
0.378698
0.383023
0.384307
-0.295911
-0.285347
-0.253076
-0.207068
-0.15475
-0.0986512
-0.0393626
0.0226913
0.0870209
0.152972
0.216541
0.268245
0.30592
0.334246
0.356049
0.373111
0.386347
0.395477
0.400233
0.401547
-0.335321
-0.324636
-0.290235
-0.240492
-0.183673
-0.122645
-0.0580737
0.00955425
0.0795924
0.151131
0.219733
0.275071
0.314976
0.344649
0.36725
0.384754
0.398214
0.407542
0.412333
0.413712
-0.369592
-0.358886
-0.322931
-0.270212
-0.209693
-0.144479
-0.0753171
-0.0027937
0.0723054
0.14893
0.222089
0.280732
0.322639
0.353442
0.376603
0.394297
0.407755
0.417062
0.42182
0.423168
-0.400286
-0.389612
-0.35246
-0.297264
-0.233638
-0.164825
-0.0916366
-0.0147295
0.064988
0.146344
0.223885
0.2857
0.329454
0.36125
0.384861
0.402698
0.416152
0.425459
0.430224
0.431459
-0.428581
-0.417913
-0.379787
-0.322511
-0.256194
-0.184243
-0.107468
-0.0265855
0.0574123
0.143229
0.224979
0.289873
0.335517
0.368383
0.392549
0.410613
0.424115
0.433415
0.438187
0.439294
-0.455285
-0.44459
-0.405596
-0.346468
-0.277764
-0.203041
-0.123083
-0.0386283
0.0493235
0.139353
0.225243
0.293419
0.341155
0.375257
0.400092
0.418476
0.432088
0.441369
0.446095
0.447117
-0.480837
-0.470105
-0.430277
-0.369497
-0.2987
-0.221532
-0.13872
-0.0510141
0.0405852
0.13469
0.224801
0.29642
0.346451
0.381998
0.407665
0.426495
0.440308
0.449609
0.454286
0.455273
-0.505575
-0.49474
-0.454148
-0.391875
-0.319207
-0.239841
-0.154459
-0.0637988
0.0312066
0.129223
0.223524
0.298769
0.351375
0.38864
0.415372
0.434811
0.448937
0.458312
0.462889
0.46384
-0.529704
-0.518687
-0.477371
-0.41372
-0.339384
-0.258058
-0.170373
-0.0770266
0.0211115
0.1228
0.221272
0.300398
0.355915
0.395194
0.423242
0.443473
0.458021
0.46753
0.472002
0.472895
-0.553251
-0.542024
-0.500009
-0.435129
-0.359304
-0.276229
-0.186496
-0.09074
0.0102329
0.115378
0.217978
0.301166
0.359946
0.401605
0.431241
0.452456
0.467538
0.477207
0.481571
0.482345
-0.576297
-0.564815
-0.522137
-0.456113
-0.378961
-0.294338
-0.202797
-0.104918
-0.00137794
0.106972
0.213541
0.300901
0.36327
0.407735
0.439304
0.46172
0.477438
0.487273
0.49149
0.492119
-0.598764
-0.587057
-0.543719
-0.476653
-0.398319
-0.312342
-0.21922
-0.119474
-0.0136684
0.0975613
0.207889
0.299446
0.365678
0.413385
0.447332
0.471226
0.487674
0.49765
0.501675
0.502118
-0.620676
-0.608712
-0.564713
-0.496711
-0.417344
-0.330187
-0.235694
-0.134337
-0.0265778
0.08719
0.200979
0.296645
0.366938
0.418334
0.455215
0.480974
0.498224
0.508179
0.511848
0.512086
-0.641863
-0.629718
-0.58508
-0.516242
-0.435964
-0.347779
-0.252137
-0.149425
-0.0400136
0.0759391
0.192806
0.292372
0.366769
0.422237
0.462742
0.491026
0.50922
0.51881
0.521807
0.521778
-0.662421
-0.650033
-0.604777
-0.535203
-0.454133
-0.365069
-0.268453
-0.164636
-0.0538633
0.0639111
0.183397
0.286545
0.364942
0.424655
0.469497
0.501411
0.521184
0.529889
0.531384
0.530881
-0.682209
-0.669583
-0.623788
-0.553544
-0.47177
-0.381971
-0.284549
-0.17984
-0.0680079
0.0512009
0.172838
0.279112
0.361269
0.425121
0.474779
0.511765
0.534902
0.543029
0.541318
0.53914
-0.701275
-0.688429
-0.642055
-0.571206
-0.488832
-0.398412
-0.300338
-0.19495
-0.082323
0.0379704
0.161251
0.270061
0.355631
0.423187
0.477547
0.520834
0.550178
0.561202
0.556788
0.544849
-0.719528
-0.706536
-0.659665
-0.588353
-0.505531
-0.41468
-0.316164
-0.210384
-0.097285
0.0236615
0.14803
0.258689
0.347358
0.41813
0.476251
0.526236
0.564256
0.581752
0.579336
0.57296
-0.736953
-0.723983
-0.67663
-0.604912
-0.521842
-0.430756
-0.331985
-0.226146
-0.1129
0.00819908
0.133068
0.244698
0.335892
0.409422
0.468436
0.522001
0.564661
0.585691
0.561753
0.517281
-0.753384
-0.740633
-0.69295
-0.620769
-0.537757
-0.44666
-0.347777
-0.242096
-0.129071
-0.00832142
0.116382
0.228016
0.320514
0.397011
0.453132
0.498935
0.538765
0.540533
0.4896
0.42653
-0.77144
-0.755626
-0.708296
-0.635642
-0.553183
-0.462131
-0.363845
-0.258176
-0.145693
-0.0257524
0.0979836
0.208616
0.300179
0.381683
0.432004
0.4749
0.469064
0.441246
0.378429
0.312253
-0.760011
-0.736432
-0.687876
-0.612299
-0.525351
-0.430773
-0.327749
-0.219369
-0.104337
0.0185299
0.1357
0.232801
0.316251
0.396021
0.442814
0.379784
0.345777
0.292147
0.223264
0.178426
-0.773148
-0.765511
-0.726713
-0.65951
-0.577208
-0.486511
-0.388361
-0.283491
-0.172284
-0.0543706
0.0663269
0.173671
0.259575
0.338826
0.401518
0.398123
0.300068
0.225679
0.169101
0.088383
-0.79334
-0.78297
-0.740773
-0.672322
-0.589683
-0.499636
-0.402777
-0.299109
-0.189252
-0.0733362
0.044584
0.148933
0.230698
0.296785
0.321365
0.251673
0.117086
0.0317415
-0.0353958
-0.118611
-0.81536
-0.803862
-0.758587
-0.689109
-0.606558
-0.516663
-0.419982
-0.316867
-0.208306
-0.094477
0.0197225
0.118978
0.193636
0.240874
0.21398
0.0814271
-0.0690398
-0.174247
-0.257987
-0.381992
-0.836622
-0.825129
-0.778239
-0.707735
-0.625167
-0.535384
-0.438994
-0.336726
-0.229674
-0.11832
-0.00836163
0.0849166
0.150728
0.17562
0.10383
-0.0907481
-0.275102
-0.418951
-0.535642
-0.690432
-0.857442
-0.846055
-0.798235
-0.726922
-0.644102
-0.554429
-0.458571
-0.35739
-0.252088
-0.143566
-0.0382856
0.0483284
0.104093
0.0983208
-0.035864
-0.263477
-0.487031
-0.695062
-0.856826
-1.16229
-0.878229
-0.867075
-0.818807
-0.747005
-0.66396
-0.574369
-0.479059
-0.37898
-0.275544
-0.170068
-0.0698347
0.00950421
0.0535404
0.00683833
-0.181258
-0.429202
-0.683449
-0.909135
-1.12993
-1.50899
-0.899496
-0.888576
-0.840224
-0.768171
-0.684989
-0.595492
-0.50069
-0.401704
-0.300177
-0.197903
-0.103006
-0.0315134
-0.00305939
-0.0836311
-0.319696
-0.576745
-0.839636
-1.06092
-1.18214
-1.24812
-0.921819
-0.911073
-0.862749
-0.790656
-0.707511
-0.618258
-0.524096
-0.426436
-0.327122
-0.228534
-0.139709
-0.0771222
-0.0665592
-0.187653
-0.4509
-0.708055
-0.946484
-1.10184
-1.15214
-1.16368
-0.94533
-0.934713
-0.886427
-0.814397
-0.731405
-0.642542
-0.5492
-0.453098
-0.356363
-0.261951
-0.17992
-0.127127
-0.138991
-0.311559
-0.572613
-0.816877
-1.02571
-1.11323
-1.12706
-1.12988
-0.970092
-0.959554
-0.911258
-0.839322
-0.756578
-0.668239
-0.575902
-0.481559
-0.387826
-0.297985
-0.223556
-0.181121
-0.225792
-0.434631
-0.687343
-0.914427
-1.0749
-1.11911
-1.11533
-1.11442
-0.995894
-0.985435
-0.937144
-0.865315
-0.782899
-0.695188
-0.60404
-0.511618
-0.421315
-0.33642
-0.270038
-0.238787
-0.312161
-0.557801
-0.798639
-0.996599
-1.08504
-1.10062
-1.10393
-1.10465
-1.02236
-1.01202
-0.963796
-0.892141
-0.810128
-0.723165
-0.63332
-0.543006
-0.456413
-0.377006
-0.318138
-0.302969
-0.394947
-0.673935
-0.91816
-1.05738
-1.09812
-1.10028
-1.10007
-1.09925
-1.04902
-1.0388
-0.990781
-0.919414
-0.837876
-0.751782
-0.663318
-0.575262
-0.492397
-0.419458
-0.366569
-0.371301
-0.480513
-0.768378
-1.06917
-1.16206
-1.14128
-1.12391
-1.10024
-1.09201
-1.07505
-1.06506
-1.01752
-0.946576
-0.865616
-0.780453
-0.693513
-0.607672
-0.528313
-0.462941
-0.414872
-0.438493
-0.585017
-0.830796
-1.20074
-1.40566
-1.31537
-1.21948
-1.17799
-1.15445
-1.09966
-1.09006
-1.04328
-0.972897
-0.892638
-0.808451
-0.723074
-0.639418
-0.562874
-0.505514
-0.462814
-0.498718
-0.700746
-0.886701
-1.1092
-1.39908
-1.38842
-1.44537
-1.42272
-1.37707
-1.12171
-1.11265
-1.06703
-0.997496
-0.918056
-0.834937
-0.750844
-0.669514
-0.594855
-0.54352
-0.511366
-0.549725
-0.790231
-0.972817
-0.814908
-0.735285
-1.12475
-1.49698
-1.5331
-1.51793
-1.14005
-1.13161
-1.08765
-1.01929
-0.940888
-0.858788
-0.775739
-0.696196
-0.623462
-0.57263
-0.559571
-0.581225
-0.887547
-1.17237
-1.04391
-1.08414
-1.3982
-1.53687
-1.49191
-1.49731
-1.15325
-1.14558
-1.10394
-1.03716
-0.959978
-0.878713
-0.796765
-0.717422
-0.646846
-0.592009
-0.58751
-0.616565
-1.00498
-1.68198
-2.25692
-2.70255
-2.84781
-2.62412
-2.2334
-2.01212
-1.16017
-1.15344
-1.1147
-1.05011
-0.974072
-0.89367
-0.812278
-0.73251
-0.661245
-0.602007
-0.588291
-0.66302
-1.09044
-2.01829
-3.04646
-3.49327
-3.62642
-3.48126
-3.19385
-2.91011
-1.15905
-1.15324
-1.1193
-1.05705
-0.982229
-0.902625
-0.821034
-0.740431
-0.665429
-0.597113
-0.582736
-0.579401
-0.996394
-1.58913
-2.52853
-3.12235
-3.19559
-2.94786
-2.62992
-2.39446
-1.14968
-1.14544
-1.11665
-1.05742
-0.983652
-0.904754
-0.822681
-0.740476
-0.658619
-0.583646
-0.513474
-0.454946
-0.516349
-0.834829
-1.00052
-1.01308
-0.76703
-0.384179
-0.0507604
0.141029
-1.13183
-1.12875
-1.10534
-1.05064
-0.978507
-0.89961
-0.817667
-0.732516
-0.644836
-0.550772
-0.431605
-0.355355
-0.149783
0.202609
0.677224
1.2491
1.79327
2.181
2.41229
2.51745
-1.10566
-1.10373
-1.0862
-1.03664
-0.965782
-0.887684
-0.805749
-0.719553
-0.626947
-0.516532
-0.386836
-0.234792
-0.0554999
0.378325
1.06066
1.77756
2.34555
2.70464
2.88746
2.94692
-1.07115
-1.07017
-1.0571
-1.01315
-0.944662
-0.868721
-0.78936
-0.706764
-0.614034
-0.498849
-0.352607
-0.198559
-0.0820452
0.207267
0.776758
1.31517
1.74748
2.03703
2.19805
2.26663
-1.02355
-1.0233
-1.01427
-0.976507
-0.913806
-0.842707
-0.770385
-0.695192
-0.611301
-0.500499
-0.347991
-0.189527
-0.075597
0.0865118
0.44414
0.823236
1.12626
1.33414
1.4672
1.5361
-0.955234
-0.954967
-0.948413
-0.919742
-0.868351
-0.808764
-0.748786
-0.688042
-0.620658
-0.528124
-0.37932
-0.213163
-0.0741837
0.0609425
0.258757
0.476869
0.66307
0.798821
0.883586
0.927746
-0.86692
-0.86657
-0.861616
-0.843568
-0.810201
-0.769573
-0.728987
-0.690002
-0.647121
-0.571134
-0.448672
-0.307547
-0.142062
0.00176276
0.115155
0.261902
0.387171
0.478056
0.529784
0.554102
-0.79198
-0.791286
-0.787632
-0.777919
-0.760283
-0.738569
-0.718636
-0.705012
-0.69908
-0.675559
-0.6126
-0.510296
-0.318421
-0.162349
-0.105167
0.00746752
0.104805
0.188999
0.234239
0.252528
-0.742558
-0.74218
-0.740714
-0.736938
-0.730428
-0.724415
-0.725051
-0.741852
-0.789416
-0.873005
-0.940144
-0.898957
-0.643634
-0.419064
-0.329568
-0.222889
-0.122654
-0.0416077
0.00754039
0.0241136
-0.707692
-0.708168
-0.708901
-0.709224
-0.710706
-0.717669
-0.738228
-0.788696
-0.905988
-1.15275
-1.45482
-1.50894
-1.15359
-0.796673
-0.633133
-0.479498
-0.333608
-0.231129
-0.172573
-0.160786
-0.665654
-0.666831
-0.669264
-0.672877
-0.680667
-0.697966
-0.735203
-0.81604
-1.00205
-1.4161
-2.02497
-2.13218
-1.65593
-1.19532
-0.958584
-0.728169
-0.543207
-0.417149
-0.35604
-0.34761
-0.603278
-0.60486
-0.608237
-0.613941
-0.625068
-0.64747
-0.692401
-0.786664
-1.00246
-1.49806
-2.22474
-2.31738
-1.8052
-1.36409
-1.08432
-0.848102
-0.68755
-0.603693
-0.571986
-0.564642
-0.51751
-0.519085
-0.522394
-0.528293
-0.539157
-0.560296
-0.601134
-0.684769
-0.872909
-1.30699
-1.92723
-2.0051
-1.62402
-1.30012
-1.0276
-0.846153
-0.759059
-0.737516
-0.729059
-0.719957
-0.41526
-0.416492
-0.418947
-0.423376
-0.43133
-0.446314
-0.474526
-0.530636
-0.652554
-0.929085
-1.32592
-1.3979
-1.18759
-0.946899
-0.767771
-0.681256
-0.678807
-0.698081
-0.701384
-0.696264
-0.309123
-0.309885
-0.31121
-0.313705
-0.317935
-0.325573
-0.339399
-0.365831
-0.420614
-0.539385
-0.721316
-0.750618
-0.620717
-0.496389
-0.444819
-0.464157
-0.504814
-0.529497
-0.536954
-0.536693
-0.211608
-0.211959
-0.212346
-0.213291
-0.214609
-0.216599
-0.219674
-0.224989
-0.235283
-0.254475
-0.261449
-0.25016
-0.212494
-0.187485
-0.231597
-0.28999
-0.32673
-0.3453
-0.352646
-0.354923
-0.130981
-0.131062
-0.130917
-0.131027
-0.13078
-0.129749
-0.127276
-0.122309
-0.11321
-0.0965485
-0.0669352
-0.0379217
-0.0318092
-0.065853
-0.114998
-0.158322
-0.185134
-0.198667
-0.204806
-0.207557
-0.0700713
-0.0700244
-0.069682
-0.0695187
-0.0687909
-0.0667608
-0.0625325
-0.0547377
-0.0413272
-0.0197453
0.00782403
0.02215
0.0144069
-0.0159188
-0.0504961
-0.0775954
-0.0944611
-0.103359
-0.107899
-0.110036
-0.0275152
-0.0274342
-0.0270984
-0.0269713
-0.0263535
-0.024515
-0.020586
-0.0134588
-0.00181822
0.0152576
0.0334744
0.0388392
0.0282909
0.00713881
-0.0146435
-0.0312736
-0.0417848
-0.0475167
-0.0505112
-0.0519262
0.00014208
0.000210206
0.000452395
0.000433699
0.000743535
0.00197085
0.00481048
0.010045
0.0184396
0.0299299
0.0404126
0.0411991
0.0320985
0.0182432
0.00480391
-0.00551834
-0.0122634
-0.0160866
-0.018079
-0.0189428
0.0167728
0.0168141
0.0169474
0.0167937
0.0167859
0.0173913
0.0191301
0.0224695
0.0277685
0.0346966
0.0401897
0.0391567
0.032355
0.023328
0.0148768
0.00830044
0.00382455
0.00119121
-0.000145575
-0.000709152
0.0257351
0.0257524
0.0257949
0.0255495
0.0253127
0.0254353
0.0263008
0.0282074
0.0313009
0.0351509
0.0376446
0.0359341
0.0309693
0.0249898
0.0195193
0.0151953
0.0121398
0.0102821
0.00935826
0.00899509
0.0295747
0.0295769
0.0295589
0.0292626
0.0288716
0.0286722
0.0289158
0.0297808
0.0313257
0.0332048
0.0340276
0.0322367
0.0286482
0.0246048
0.0209549
0.0180339
0.015909
0.0145855
0.0139422
0.0137034
0.0300715
0.0300652
0.0300153
0.0297107
0.0292578
0.0288863
0.0287613
0.0289913
0.0295833
0.0302745
0.0301962
0.0285222
0.0258725
0.0230529
0.0205403
0.0185104
0.0170009
0.0160444
0.0155896
0.0154296
0.0284451
0.0284351
0.0283733
0.0280867
0.0276344
0.027192
0.0268681
0.0267276
0.0267651
0.0267929
0.0262687
0.0247857
0.0228035
0.0207931
0.0190211
0.0175811
0.0164939
0.0157978
0.0154727
0.0153633
0.0255047
0.0254942
0.0254335
0.025181
0.0247669
0.0243225
0.0239207
0.023598
0.0233439
0.0230318
0.0223379
0.0210792
0.0195823
0.0181222
0.0168494
0.0158127
0.0150225
0.0145129
0.0142785
0.0142029
0.0217669
0.0217575
0.0217052
0.0214953
0.0211376
0.0207345
0.0203312
0.0199505
0.0195819
0.0191402
0.0184323
0.0173977
0.016269
0.0152033
0.0142831
0.0135329
0.012957
0.0125834
0.0124141
0.0123617
0.0175496
0.0175417
0.0175003
0.0173351
0.0170439
0.0167044
0.0163465
0.015984
0.0156085
0.0151645
0.0145408
0.0137329
0.0129016
0.0121347
0.0114766
0.0109383
0.0105216
0.0102504
0.01013
0.0100941
0.0130481
0.0130417
0.0130112
0.0128889
0.0126676
0.012405
0.012122
0.0118273
0.0115139
0.0111469
0.0106637
0.0100806
0.0095027
0.00897697
0.00852591
0.0081531
0.00786039
0.00766916
0.00758667
0.00756289
0.00838068
0.00837559
0.00835489
0.00827169
0.00811998
0.00794303
0.00775433
0.00755716
0.0073463
0.00710185
0.00679136
0.0064302
0.00607959
0.00576248
0.00548827
0.00525659
0.00506887
0.00494423
0.00489171
0.00487672
0.00122898
0.0012406
0.00125857
0.00125156
0.00122199
0.00118513
0.00114631
0.0011042
0.00105627
0.000999639
0.000932184
0.000864452
0.000804587
0.000753056
0.000710052
0.0006764
0.000657743
0.00066318
0.000677856
0.00210445
-1.3544
-0.791817
-0.404177
-0.146467
0.0495694
0.204333
0.329814
0.43911
0.548744
0.604891
-0.487704
-0.283086
-0.105855
0.052934
0.187356
0.300095
0.394167
0.469497
0.513167
0.524391
-0.134786
-0.0254386
0.0942982
0.20315
0.29768
0.378125
0.443718
0.492921
0.526328
0.548554
0.0831487
0.158706
0.241732
0.319546
0.387475
0.44524
0.492636
0.530451
0.559825
0.581332
0.241954
0.299771
0.359393
0.416192
0.466542
0.510192
0.547426
0.578876
0.604105
0.623007
0.370593
0.415186
0.459218
0.502343
0.542058
0.577551
0.608786
0.63563
0.656989
0.673912
0.476999
0.512258
0.549172
0.585132
0.619169
0.650276
0.677919
0.7016
0.720108
0.735289
0.571134
0.602852
0.637228
0.670907
0.702702
0.731824
0.757558
0.779202
0.795534
0.809293
0.663366
0.696623
0.73209
0.766146
0.797818
0.826267
0.850864
0.871007
0.885741
0.898464
0.766349
0.803438
0.842069
0.8774
0.909163
0.936788
0.959964
0.978554
0.99226
1.00492
0.893108
0.93281
0.973054
1.00764
1.03747
1.06285
1.08409
1.10144
1.11508
1.12864
1.05336
1.08881
1.12439
1.15335
1.17783
1.19945
1.21889
1.23635
1.25143
1.26596
1.24167
1.26396
1.28776
1.30787
1.3264
1.34395
1.36062
1.37713
1.39342
1.40906
1.4344
1.44261
1.45651
1.47146
1.48602
1.49906
1.5108
1.52213
1.53392
1.55007
1.63016
1.63014
1.64019
1.64365
1.64462
1.64908
1.6597
1.67471
1.68909
1.70355
1.92737
1.8719
1.81742
1.77778
1.75558
1.75155
1.76508
1.79889
1.85677
1.93714
0.453035
0.400545
0.357668
0.324666
0.300931
0.283813
0.271368
0.262367
0.256139
0.252505
0.251936
0.254643
0.259964
0.267809
0.278623
0.293361
0.313614
0.341738
0.379736
0.429068
0.264116
0.27307
0.279843
0.280106
0.275422
0.268666
0.261942
0.256298
0.252299
0.250491
0.251465
0.25491
0.260128
0.266642
0.273742
0.279935
0.282609
0.279098
0.269976
0.263641
0.23676
0.238969
0.24385
0.248024
0.251608
0.253694
0.253558
0.251798
0.249547
0.247863
0.247687
0.249299
0.251813
0.254263
0.255562
0.254732
0.251856
0.248033
0.243566
0.23887
0.231512
0.232473
0.235017
0.23755
0.239517
0.241245
0.242697
0.243431
0.243377
0.243032
0.243186
0.244007
0.244778
0.244826
0.243943
0.242495
0.240814
0.238677
0.23607
0.233924
0.226181
0.226662
0.228162
0.230327
0.232332
0.233857
0.235026
0.236013
0.236841
0.237442
0.237869
0.238108
0.237967
0.237482
0.236722
0.235622
0.234004
0.231953
0.230117
0.229018
0.221132
0.221426
0.222417
0.224048
0.22588
0.227617
0.229063
0.230264
0.231292
0.232192
0.232784
0.232888
0.232615
0.232018
0.231081
0.229745
0.228118
0.226484
0.225211
0.224534
0.21634
0.216541
0.217327
0.218742
0.220414
0.222169
0.223922
0.225462
0.226689
0.227652
0.228347
0.228591
0.228344
0.227583
0.226363
0.22491
0.223427
0.222006
0.22096
0.220475
0.211965
0.212105
0.212749
0.214033
0.215598
0.217215
0.218885
0.220581
0.222156
0.223427
0.22428
0.224552
0.224146
0.223264
0.222123
0.220879
0.219563
0.218281
0.217396
0.217039
0.207913
0.207997
0.208514
0.209677
0.211123
0.212605
0.214047
0.215487
0.216966
0.218403
0.219469
0.219828
0.219658
0.219153
0.218407
0.21743
0.216294
0.215169
0.214423
0.214188
0.204671
0.204709
0.205105
0.20615
0.207529
0.20899
0.210566
0.212181
0.213738
0.215196
0.216427
0.217136
0.217236
0.216819
0.216073
0.215186
0.214186
0.213204
0.212615
0.212483
0.202216
0.202236
0.202475
0.203175
0.204199
0.205332
0.206563
0.207949
0.209555
0.211261
0.212791
0.21375
0.214114
0.214136
0.213901
0.213457
0.212896
0.212342
0.212046
0.211981
0.199669
0.199689
0.199847
0.200264
0.200957
0.201863
0.202999
0.204399
0.206007
0.207835
0.20968
0.211088
0.211918
0.212271
0.212344
0.21228
0.212147
0.211998
0.211918
0.211875
0.196337
0.196357
0.196498
0.196825
0.197373
0.198194
0.199285
0.200743
0.202585
0.20477
0.207054
0.208882
0.21007
0.210766
0.211128
0.211398
0.211562
0.211656
0.211665
0.211633
0.192133
0.192145
0.192288
0.192647
0.193206
0.194003
0.195186
0.196792
0.198863
0.201425
0.204248
0.206655
0.208313
0.20944
0.21027
0.210757
0.211094
0.211268
0.211309
0.211293
0.187222
0.187229
0.187369
0.187802
0.188524
0.18948
0.190884
0.192793
0.195297
0.198419
0.201933
0.205003
0.207207
0.208737
0.209787
0.210479
0.210914
0.211115
0.211192
0.211201
0.181709
0.181713
0.181859
0.18236
0.183292
0.184456
0.186102
0.188403
0.191408
0.195231
0.199607
0.20351
0.206391
0.208439
0.209836
0.210777
0.211302
0.211582
0.211718
0.211744
0.175581
0.175581
0.175744
0.176291
0.177312
0.178827
0.180882
0.183637
0.187309
0.19203
0.197487
0.202433
0.206093
0.208701
0.210521
0.211731
0.212461
0.212877
0.213083
0.213119
0.168585
0.168586
0.168803
0.169413
0.170594
0.172361
0.174843
0.178244
0.182807
0.188689
0.195512
0.201711
0.206314
0.209621
0.211954
0.21351
0.214499
0.215087
0.215368
0.215411
0.160284
0.160287
0.160535
0.161299
0.162704
0.16484
0.167887
0.17213
0.177843
0.185202
0.193727
0.201455
0.207219
0.211394
0.214291
0.216264
0.217553
0.218329
0.218689
0.21874
0.150203
0.150207
0.150531
0.151481
0.153235
0.155914
0.159753
0.165107
0.172298
0.181531
0.192176
0.201776
0.208938
0.214081
0.217682
0.220149
0.221778
0.222761
0.223206
0.223268
0.137827
0.137834
0.138257
0.139493
0.141747
0.145178
0.150093
0.156917
0.166039
0.177661
0.190922
0.202788
0.211583
0.217898
0.222333
0.225384
0.22741
0.228625
0.229174
0.229248
0.122383
0.122395
0.122961
0.124607
0.127593
0.132102
0.13851
0.147337
0.158996
0.173622
0.190066
0.204619
0.215342
0.223043
0.228467
0.232216
0.234721
0.236221
0.236882
0.236969
0.102692
0.102709
0.10349
0.105785
0.109898
0.116014
0.124576
0.13616
0.151127
0.169501
0.189757
0.207442
0.220403
0.229721
0.236316
0.24091
0.244006
0.245871
0.246683
0.246777
0.0769721
0.0770037
0.0781641
0.0815502
0.087481
0.0960587
0.107787
0.123187
0.142471
0.165454
0.19017
0.211423
0.226928
0.238115
0.246099
0.251722
0.255549
0.257861
0.258855
0.258958
0.042151
0.0422278
0.0441887
0.0496582
0.0588071
0.0713746
0.0878415
0.108494
0.133271
0.161738
0.191512
0.21671
0.23503
0.24833
0.257946
0.26484
0.269614
0.272519
0.27374
0.273843
-0.00770822
-0.00734387
-0.00292651
0.00733787
0.0225145
0.041656
0.0650178
0.0925654
0.123995
0.158717
0.194007
0.223406
0.244727
0.260331
0.271812
0.280248
0.286262
0.290021
0.291593
0.291692
-0.0802582
-0.0774619
-0.0649824
-0.044855
-0.0199861
0.00840516
0.0404827
0.0761439
0.115082
0.156699
0.198016
0.232075
0.256845
0.275215
0.289064
0.299671
0.307578
0.312801
0.315182
0.315537
-0.156671
-0.150409
-0.128352
-0.0978613
-0.0628387
-0.025025
0.0158281
0.0597411
0.106485
0.155587
0.203899
0.243764
0.273053
0.295175
0.312266
0.325736
0.336299
0.343821
0.347717
0.348413
-0.221447
-0.214318
-0.185677
-0.146677
-0.103143
-0.0567654
-0.00758437
0.0442833
0.098572
0.154837
0.209703
0.254817
0.288024
0.313235
0.332881
0.34845
0.360678
0.369749
0.373953
0.374704
-0.273335
-0.265601
-0.233074
-0.188554
-0.138719
-0.0854978
-0.0292575
0.0296647
0.0908635
0.153755
0.214581
0.264252
0.300611
0.328084
0.349347
0.366124
0.379269
0.388853
0.39354
0.394622
-0.315913
-0.307921
-0.273015
-0.224319
-0.169565
-0.110907
-0.0488781
0.016049
0.0833209
0.152146
0.218287
0.271873
0.310713
0.339752
0.362003
0.379391
0.392948
0.402724
0.407714
0.408852
-0.35219
-0.344085
-0.307625
-0.255723
-0.196932
-0.133739
-0.0668049
0.00334098
0.0759697
0.150111
0.221031
0.27803
0.318952
0.34921
0.372123
0.389794
0.403412
0.413089
0.418157
0.419385
-0.384223
-0.376077
-0.33849
-0.284016
-0.221825
-0.154749
-0.0835191
-0.00875458
0.0686919
0.147708
0.223082
0.283329
0.326179
0.357484
0.380872
0.398664
0.412226
0.421813
0.426896
0.428178
-0.413441
-0.405246
-0.366718
-0.31007
-0.245006
-0.17459
-0.0995659
-0.0206218
0.0612768
0.144892
0.224556
0.287904
0.332584
0.364898
0.388773
0.406743
0.42031
0.429814
0.434848
0.436171
-0.440685
-0.432445
-0.393154
-0.334607
-0.267043
-0.193665
-0.115253
-0.0325461
0.0534663
0.141417
0.225217
0.291727
0.338392
0.371865
0.39635
0.414579
0.428213
0.437655
0.44258
0.443943
-0.466625
-0.458316
-0.418309
-0.358061
-0.288259
-0.212284
-0.130869
-0.04475
0.0450563
0.137131
0.225136
0.295009
0.343847
0.378645
0.403879
0.422482
0.436248
0.445677
0.45049
0.451819
-0.491612
-0.483204
-0.442511
-0.380738
-0.308971
-0.230679
-0.146552
-0.0573349
0.0359964
0.132084
0.224297
0.297698
0.34897
0.385328
0.411511
0.43064
0.444649
0.454114
0.458814
0.460035
-0.515898
-0.50735
-0.466009
-0.40284
-0.329307
-0.248935
-0.162371
-0.0703358
0.0262697
0.126151
0.222535
0.2997
0.353732
0.391955
0.419305
0.439127
0.453486
0.463035
0.467634
0.468711
-0.539561
-0.530877
-0.488905
-0.424462
-0.349354
-0.267129
-0.178395
-0.0838069
0.0157833
0.119225
0.219774
0.300911
0.358023
0.398454
0.427248
0.447949
0.462775
0.472456
0.476969
0.47788
-0.56268
-0.553848
-0.511261
-0.445663
-0.369148
-0.285279
-0.194614
-0.0977629
0.00452966
0.11131
0.215921
0.301183
0.36171
0.404723
0.435284
0.457076
0.47248
0.482299
0.48669
0.487445
-0.585306
-0.576321
-0.533092
-0.466432
-0.388662
-0.303342
-0.210985
-0.112138
-0.00743247
0.102396
0.210878
0.300344
0.364617
0.410638
0.443339
0.466461
0.482547
0.492499
0.496704
0.497285
-0.607399
-0.598228
-0.554366
-0.486738
-0.407865
-0.321275
-0.227449
-0.126862
-0.0200454
0.0925011
0.2046
0.298228
0.366481
0.415985
0.451316
0.476087
0.492937
0.502962
0.506878
0.507251
-0.628856
-0.619526
-0.575035
-0.506541
-0.426698
-0.339011
-0.243915
-0.141855
-0.0332299
0.081678
0.197058
0.294708
0.367052
0.42045
0.459052
0.485977
0.50367
0.513525
0.516954
0.517086
-0.649639
-0.64016
-0.595056
-0.525797
-0.445098
-0.356465
-0.260306
-0.157017
-0.0468877
0.0700239
0.188255
0.289664
0.366088
0.423667
0.466259
0.496205
0.515057
0.524278
0.526707
0.526497
-0.669743
-0.66009
-0.614405
-0.544454
-0.463013
-0.373561
-0.276528
-0.172236
-0.0609032
0.0576339
0.178263
0.283035
0.363353
0.425169
0.472382
0.506668
0.527815
0.536058
0.536203
0.535155
-0.689058
-0.679251
-0.633051
-0.562465
-0.480374
-0.390243
-0.292489
-0.187414
-0.0751539
0.0446429
0.167163
0.274793
0.358706
0.424481
0.476545
0.516611
0.54249
0.551415
0.547887
0.542936
-0.707648
-0.69769
-0.650967
-0.579834
-0.497205
-0.406532
-0.308215
-0.202586
-0.0896719
0.03101
0.154903
0.264732
0.351896
0.421121
0.477552
0.524316
0.55785
0.572542
0.568779
0.553673
-0.725474
-0.715443
-0.668265
-0.596727
-0.513739
-0.422741
-0.324082
-0.218222
-0.105013
0.0160692
0.140766
0.252031
0.342065
0.414252
0.473258
0.525722
0.56758
0.583932
0.584837
0.553965
-0.742624
-0.732547
-0.684915
-0.612951
-0.529821
-0.438712
-0.339867
-0.234083
-0.120903
8.41473e-05
0.124953
0.236706
0.328763
0.403683
0.461655
0.513233
0.55547
0.57279
0.530361
0.472479
-0.760712
-0.748194
-0.700883
-0.628453
-0.54563
-0.454558
-0.355774
-0.250141
-0.137346
-0.0169547
0.107369
0.218633
0.311012
0.389578
0.443221
0.478667
0.509238
0.497259
0.438496
0.373831
-0.782873
-0.779829
-0.718646
-0.641325
-0.559087
-0.468091
-0.371524
-0.265804
-0.153693
-0.0342975
0.0886199
0.198355
0.288567
0.374163
0.409662
0.407201
0.420448
0.378119
0.31252
0.244201
-0.760284
-0.752467
-0.696031
-0.619561
-0.532563
-0.43821
-0.337296
-0.22931
-0.114893
0.00698839
0.12293
0.218599
0.29888
0.378118
0.408442
0.323393
0.254571
0.199521
0.131093
-0.0129215
-0.793457
-0.766571
-0.708698
-0.631606
-0.544771
-0.45104
-0.350833
-0.243837
-0.130843
-0.0113024
0.101281
0.193097
0.265919
0.319599
0.297682
0.177176
0.0694388
-0.000999999
-0.0787336
-0.238475
-0.817741
-0.785425
-0.72623
-0.649135
-0.56274
-0.469396
-0.369374
-0.263477
-0.15225
-0.0356663
0.0726787
0.159227
0.221871
0.242069
0.165471
0.00172922
-0.127825
-0.214604
-0.315869
-0.533908
-0.839521
-0.805848
-0.745133
-0.667635
-0.581346
-0.488194
-0.388734
-0.284071
-0.174821
-0.0615533
0.0416935
0.121581
0.171146
0.154281
0.00887642
-0.185461
-0.353209
-0.477191
-0.606825
-0.931769
-0.86052
-0.826278
-0.764623
-0.686619
-0.600274
-0.507396
-0.408752
-0.305453
-0.198379
-0.088794
0.00866278
0.0810361
0.112424
0.054903
-0.149862
-0.376371
-0.592498
-0.779454
-0.979813
-1.49743
-0.881171
-0.847056
-0.784904
-0.706544
-0.620115
-0.527544
-0.429717
-0.327845
-0.223146
-0.117556
-0.0263714
0.0375374
0.0482085
-0.0602819
-0.303431
-0.557375
-0.801057
-1.01467
-1.27508
-1.81211
-0.902436
-0.868521
-0.806191
-0.727619
-0.641156
-0.548867
-0.45183
-0.351389
-0.249199
-0.147831
-0.0632388
-0.00896935
-0.0234606
-0.191802
-0.44399
-0.71133
-0.958394
-1.13583
-1.21414
-1.26944
-0.924699
-0.891007
-0.828698
-0.750103
-0.663753
-0.571889
-0.475794
-0.377064
-0.277778
-0.181244
-0.103918
-0.0608313
-0.10855
-0.321553
-0.575945
-0.832655
-1.04168
-1.13157
-1.15985
-1.16484
-0.948202
-0.914635
-0.852409
-0.773906
-0.687802
-0.596522
-0.501563
-0.40488
-0.308867
-0.21772
-0.148324
-0.119726
-0.199666
-0.447184
-0.69548
-0.928552
-1.09135
-1.12683
-1.12903
-1.12971
-0.972963
-0.939442
-0.877284
-0.798926
-0.713178
-0.622657
-0.529012
-0.434692
-0.342355
-0.25709
-0.19678
-0.18502
-0.298164
-0.56742
-0.80408
-1.01046
-1.10291
-1.11685
-1.11477
-1.11398
-0.9988
-0.965319
-0.903206
-0.825059
-0.739764
-0.65012
-0.557988
-0.466248
-0.378109
-0.298934
-0.249121
-0.250753
-0.411713
-0.684385
-0.904684
-1.0615
-1.10046
-1.10234
-1.10471
-1.10432
-1.02519
-0.991938
-0.929926
-0.852052
-0.767314
-0.67865
-0.588226
-0.499169
-0.415878
-0.342606
-0.304458
-0.323568
-0.521291
-0.806192
-1.00599
-1.08238
-1.09809
-1.10085
-1.09948
-1.0992
-1.05169
-1.01881
-0.957046
-0.879531
-0.795435
-0.707882
-0.619242
-0.532946
-0.455012
-0.38776
-0.360111
-0.406382
-0.613994
-0.923304
-1.15644
-1.14691
-1.13561
-1.11053
-1.09423
-1.09107
-1.0776
-1.04535
-0.983983
-0.906957
-0.823572
-0.737246
-0.650417
-0.566849
-0.494268
-0.434261
-0.413259
-0.496041
-0.703206
-0.996471
-1.36261
-1.38463
-1.25671
-1.19609
-1.16376
-1.14944
-1.1022
-1.07078
-1.01
-0.933602
-0.851045
-0.765918
-0.681022
-0.599853
-0.531771
-0.481501
-0.463229
-0.580183
-0.814598
-0.967064
-1.27721
-1.40676
-1.4148
-1.4438
-1.39758
-1.36701
-1.12413
-1.09399
-1.03418
-0.958606
-0.876968
-0.792959
-0.709887
-0.631008
-0.5652
-0.527327
-0.509082
-0.646693
-0.917541
-0.903811
-0.753596
-0.868481
-1.35648
-1.54394
-1.52262
-1.51726
-1.14224
-1.1138
-1.0554
-0.980965
-0.900243
-0.817416
-0.735389
-0.659055
-0.593084
-0.564413
-0.555413
-0.691286
-1.06809
-1.16003
-0.960096
-1.252
-1.49574
-1.51728
-1.48634
-1.50435
-1.15524
-1.12894
-1.07255
-0.999462
-0.919788
-0.837898
-0.756445
-0.681339
-0.615347
-0.584312
-0.601271
-0.73981
-1.34002
-1.99049
-2.49508
-2.82256
-2.78259
-2.42145
-2.08603
-2.00973
-1.16182
-1.13822
-1.08453
-1.01306
-0.934386
-0.853049
-0.772152
-0.695649
-0.629174
-0.589634
-0.592843
-0.835667
-1.47373
-2.60041
-3.30646
-3.61238
-3.57594
-3.35635
-3.03081
-2.85026
-1.16103
-1.14047
-1.09052
-1.02076
-0.942896
-0.862073
-0.780829
-0.701648
-0.631926
-0.577234
-0.571664
-0.734168
-1.26549
-2.02051
-2.923
-3.21063
-3.09757
-2.78693
-2.49138
-2.34531
-1.15117
-1.13508
-1.08994
-1.0216
-0.94489
-0.864206
-0.781602
-0.699394
-0.621532
-0.535258
-0.51698
-0.405272
-0.685577
-0.935474
-1.02825
-0.92179
-0.582281
-0.201165
0.0633978
0.183436
-1.13295
-1.12081
-1.08126
-1.01587
-0.939936
-0.859108
-0.775153
-0.689843
-0.597701
-0.499187
-0.383854
-0.268624
0.00839263
0.422339
0.956618
1.53247
2.01093
2.31345
2.47968
2.53438
-1.10646
-1.09828
-1.06516
-1.00297
-0.927086
-0.847287
-0.764082
-0.674881
-0.575323
-0.45395
-0.30501
-0.168131
0.113198
0.69411
1.42739
2.08786
2.55012
2.81613
2.92844
2.95428
-1.07163
-1.06649
-1.03917
-0.980818
-0.907159
-0.829942
-0.748731
-0.661442
-0.560595
-0.428264
-0.272726
-0.137113
0.0161805
0.479703
1.0556
1.54806
1.91073
2.13133
2.24206
2.27808
-1.02371
-1.02119
-0.999416
-0.94706
-0.878843
-0.806618
-0.732709
-0.654138
-0.558973
-0.43088
-0.260489
-0.131533
-0.0187544
0.249406
0.640878
0.985257
1.24158
1.40946
1.50908
1.54889
-0.955184
-0.953395
-0.93744
-0.895955
-0.838962
-0.778863
-0.719516
-0.657882
-0.579599
-0.458173
-0.288531
-0.150901
0.00694608
0.143802
0.371419
0.576061
0.736556
0.848105
0.909684
0.93666
-0.866906
-0.865158
-0.854641
-0.828401
-0.790264
-0.749216
-0.709772
-0.670844
-0.619692
-0.514336
-0.37198
-0.235162
-0.0567156
0.0494475
0.184138
0.331331
0.436555
0.508454
0.54575
0.555243
-0.791847
-0.789958
-0.783742
-0.76996
-0.749572
-0.728123
-0.710622
-0.700636
-0.693076
-0.657244
-0.557469
-0.428261
-0.225869
-0.132162
-0.0533106
0.0589178
0.15148
0.214964
0.247414
0.253459
-0.742473
-0.74161
-0.739176
-0.733927
-0.727065
-0.723469
-0.730617
-0.760301
-0.825361
-0.920485
-0.950097
-0.783135
-0.507849
-0.374749
-0.275548
-0.175736
-0.0772376
-0.0130357
0.0199442
0.0226794
-0.707856
-0.708556
-0.709119
-0.709624
-0.713147
-0.725585
-0.758251
-0.835645
-1.00923
-1.31284
-1.55409
-1.36329
-0.947643
-0.70665
-0.554829
-0.402133
-0.277329
-0.195597
-0.16173
-0.163084
-0.66606
-0.667924
-0.670833
-0.675988
-0.687677
-0.713176
-0.767883
-0.889922
-1.17438
-1.72456
-2.18715
-1.93497
-1.38747
-1.07456
-0.842156
-0.627341
-0.471577
-0.378217
-0.347464
-0.349505
-0.603845
-0.606326
-0.610668
-0.618547
-0.63438
-0.666095
-0.73071
-0.872097
-1.20543
-1.87978
-2.3968
-2.08466
-1.54697
-1.21858
-0.958132
-0.759099
-0.63769
-0.58307
-0.566361
-0.565207
-0.518106
-0.52049
-0.524894
-0.53291
-0.548077
-0.577367
-0.635323
-0.759509
-1.04936
-1.63513
-2.07368
-1.8251
-1.44686
-1.16443
-0.920976
-0.792052
-0.744022
-0.733722
-0.723779
-0.718611
-0.415767
-0.417506
-0.420893
-0.426722
-0.437694
-0.458197
-0.497664
-0.57959
-0.765082
-1.13916
-1.42822
-1.30408
-1.06834
-0.842499
-0.71011
-0.671206
-0.689547
-0.701965
-0.698865
-0.694811
-0.309485
-0.310398
-0.312341
-0.315485
-0.321214
-0.331459
-0.350423
-0.388158
-0.469325
-0.6319
-0.771788
-0.687359
-0.56122
-0.455747
-0.448297
-0.485221
-0.519623
-0.534824
-0.537155
-0.536304
-0.21183
-0.212069
-0.212811
-0.213857
-0.215505
-0.217958
-0.221935
-0.229277
-0.243704
-0.263669
-0.254552
-0.233234
-0.186064
-0.205668
-0.262974
-0.311033
-0.337967
-0.34989
-0.354301
-0.35496
-0.131098
-0.130943
-0.131014
-0.130945
-0.130392
-0.128743
-0.125179
-0.118414
-0.106156
-0.0832029
-0.0523918
-0.0273922
-0.0458697
-0.0908098
-0.138243
-0.173792
-0.193357
-0.202219
-0.206579
-0.207859
-0.0701273
-0.0698252
-0.0696473
-0.0692447
-0.067983
-0.0649847
-0.0591816
-0.0488826
-0.0316865
-0.00572077
0.0178722
0.0217569
0.000635177
-0.0336147
-0.0651546
-0.0872806
-0.0996878
-0.106003
-0.109246
-0.110318
-0.0275416
-0.027246
-0.0270626
-0.0267403
-0.0256326
-0.0228675
-0.0174926
-0.0082823
0.00605827
0.0251347
0.0385516
0.035337
0.0183529
-0.00409302
-0.0236913
-0.0372625
-0.0451257
-0.0492583
-0.0513968
-0.0521266
0.000126673
0.000349509
0.000446964
0.000530704
0.00120098
0.00314952
0.00708133
0.0138178
0.0238788
0.035945
0.0423964
0.0375944
0.0254123
0.0112707
-0.000799275
-0.00932124
-0.0144787
-0.0172544
-0.0186306
-0.0190727
0.0167601
0.0168994
0.0168945
0.0167554
0.0169773
0.0180941
0.020575
0.0248677
0.0311078
0.0380366
0.0406477
0.0362704
0.0279254
0.0189289
0.0113285
0.00580646
0.0023039
0.000395023
-0.000501937
-0.00079607
0.025723
0.0257938
0.0257093
0.0254118
0.0253007
0.0257587
0.0271102
0.0296127
0.0331966
0.0368136
0.0373682
0.0337249
0.027999
0.0221405
0.0172024
0.0135103
0.0110703
0.00972504
0.00912414
0.00894211
0.0295636
0.0295891
0.0294501
0.0290563
0.028732
0.0287284
0.0292638
0.0304761
0.0322713
0.0338898
0.0334674
0.0305864
0.0266239
0.0227041
0.0193984
0.0168714
0.0151483
0.014193
0.0137877
0.0136667
0.0300617
0.0300606
0.0298998
0.0294834
0.0290539
0.0287866
0.0288292
0.0292502
0.029949
0.0304086
0.0295507
0.0272707
0.0244505
0.0217446
0.0194633
0.0176895
0.0164515
0.015764
0.0154853
0.0154045
0.0284369
0.0284225
0.0282628
0.0278665
0.0274077
0.0270116
0.0267741
0.0267308
0.0268025
0.0266393
0.0256325
0.0238283
0.0217834
0.0198704
0.0182593
0.0169923
0.0160941
0.0155957
0.015401
0.0153458
0.0254981
0.0254794
0.0253358
0.0249827
0.024546
0.0241144
0.0237497
0.0234678
0.0232096
0.0227508
0.0217645
0.0203437
0.0188374
0.017459
0.0163019
0.0153858
0.0147298
0.0143662
0.0142286
0.0141907
0.0217618
0.0217438
0.0216243
0.0213267
0.0209408
0.0205319
0.0201387
0.0197689
0.0193798
0.0188262
0.0179427
0.0168355
0.0157229
0.0147234
0.0138874
0.0132224
0.0127424
0.0124767
0.0123794
0.0123531
0.0175457
0.0175304
0.0174371
0.0171997
0.0168793
0.0165273
0.0161667
0.0158009
0.015401
0.0148762
0.0141495
0.0133149
0.0125074
0.0117914
0.0111931
0.0107141
0.0103657
0.0101739
0.0101062
0.010088
0.013045
0.0130331
0.0129649
0.0127869
0.0125404
0.0122657
0.011977
0.0116749
0.0113406
0.0109189
0.0103774
0.00978828
0.00923206
0.00874201
0.00833026
0.00799612
0.0077502
0.00761628
0.0075709
0.00755854
0.00837822
0.00836961
0.00832365
0.0082018
0.00803374
0.00785007
0.00765742
0.00745452
0.00723001
0.00695396
0.00661303
0.00625227
0.00591639
0.00562017
0.00536755
0.00515669
0.00499703
0.00491028
0.00488192
0.00487357
0.0036158
0.00361306
0.00360817
0.00357072
0.00349736
0.0034176
0.00333408
0.0032474
0.00315449
0.00304685
0.00291307
0.00276117
0.00261538
0.00248369
0.00236891
0.0022695
0.00218503
0.00212867
0.00210942
0.00210213
-1.03665
-0.575606
-0.265813
-0.044322
0.130397
0.269079
0.386553
0.492525
0.591683
0.577289
-0.38024
-0.193132
-0.0231195
0.123125
0.246321
0.349256
0.434667
0.496488
0.520055
0.532219
-0.0830939
0.0348798
0.150559
0.252203
0.339676
0.412873
0.47043
0.511365
0.538398
0.557149
0.119496
0.200046
0.281834
0.35479
0.417646
0.470221
0.512632
0.546229
0.571141
0.590704
0.270726
0.329457
0.388519
0.442226
0.489192
0.529574
0.563838
0.592421
0.613605
0.632538
0.392916
0.437167
0.481076
0.522723
0.560337
0.5937
0.622785
0.647123
0.665369
0.683453
0.493703
0.530816
0.567314
0.602477
0.635126
0.664558
0.690307
0.711604
0.727374
0.744928
0.585959
0.620049
0.65424
0.687098
0.71764
0.745152
0.768951
0.788103
0.801908
0.818917
0.678775
0.714523
0.749336
0.782341
0.812485
0.83908
0.861537
0.879088
0.891456
0.907971
0.783405
0.823197
0.860133
0.893765
0.923519
0.948947
0.969844
0.985993
0.997907
1.01416
0.911289
0.953671
0.990987
1.02312
1.0507
1.07397
1.09324
1.10867
1.12131
1.13749
1.06947
1.10746
1.13961
1.16601
1.18894
1.20942
1.22787
1.24421
1.25837
1.2743
1.25151
1.27638
1.29815
1.31726
1.33531
1.35236
1.36884
1.38541
1.40112
1.41715
1.43739
1.44925
1.46396
1.47889
1.49275
1.50504
1.51645
1.52791
1.54086
1.56162
1.62567
1.63572
1.64267
1.64403
1.64614
1.65365
1.66691
1.68233
1.69545
1.72374
1.90217
1.84315
1.79552
1.76442
1.75138
1.756
1.77923
1.82458
1.89514
1.97377
0.328326
0.32083
0.31192
0.29911
0.285717
0.274129
0.264915
0.258029
0.253427
0.251365
0.252424
0.25626
0.262332
0.2706
0.281168
0.293925
0.307565
0.318722
0.326477
0.332789
0.242252
0.25015
0.257327
0.262124
0.263419
0.261472
0.25778
0.253851
0.250716
0.249228
0.25012
0.253013
0.257012
0.261234
0.26446
0.265059
0.262041
0.255942
0.247883
0.241971
0.234164
0.237243
0.240375
0.242952
0.245394
0.247234
0.247777
0.24709
0.24598
0.245393
0.246031
0.247527
0.248945
0.249372
0.248336
0.246226
0.243823
0.241074
0.23782
0.235449
0.228809
0.230349
0.232653
0.234899
0.236568
0.237907
0.239048
0.23985
0.240217
0.240424
0.240859
0.241242
0.241112
0.240457
0.239446
0.238153
0.236325
0.233996
0.232079
0.230995
0.223621
0.224482
0.226071
0.22805
0.229912
0.231383
0.232519
0.233484
0.234337
0.235011
0.235351
0.235294
0.234938
0.234298
0.233302
0.231826
0.230006
0.228227
0.227084
0.226461
0.218698
0.219285
0.220491
0.222113
0.223854
0.225544
0.227044
0.228308
0.229371
0.230229
0.230619
0.230523
0.230028
0.229122
0.227864
0.226377
0.224848
0.223496
0.222684
0.222265
0.214104
0.214543
0.21562
0.217177
0.218864
0.220645
0.222419
0.223948
0.225142
0.226036
0.226607
0.226642
0.226081
0.224995
0.223608
0.222177
0.220742
0.219507
0.218844
0.218556
0.209884
0.210201
0.21111
0.212494
0.213993
0.215473
0.216975
0.218586
0.220163
0.221448
0.222049
0.221922
0.221305
0.220488
0.219536
0.218403
0.217183
0.216144
0.215632
0.215439
0.20616
0.206366
0.207183
0.208521
0.210006
0.211536
0.213077
0.214531
0.215923
0.217223
0.218104
0.218408
0.218226
0.21762
0.216726
0.215679
0.214549
0.213604
0.213211
0.213114
0.203392
0.203511
0.204112
0.205213
0.206495
0.207861
0.209352
0.210977
0.212646
0.214206
0.215319
0.215752
0.21566
0.215227
0.214617
0.213872
0.213039
0.212385
0.212152
0.212109
0.20101
0.201088
0.201435
0.202141
0.203057
0.204125
0.205341
0.206777
0.20841
0.210174
0.211647
0.212553
0.21298
0.213099
0.21294
0.212657
0.212302
0.212043
0.211949
0.211915
0.198117
0.198191
0.198431
0.19891
0.199627
0.200624
0.201917
0.203511
0.205406
0.207513
0.20939
0.210649
0.211358
0.211625
0.211781
0.211853
0.211855
0.21184
0.211806
0.211767
0.194331
0.1944
0.194635
0.195051
0.195737
0.196648
0.19793
0.199628
0.201776
0.204308
0.206696
0.208438
0.209619
0.210398
0.210815
0.211175
0.21141
0.211496
0.211487
0.21145
0.189761
0.189817
0.19008
0.190591
0.191311
0.192392
0.193902
0.19591
0.198459
0.201542
0.204562
0.206868
0.208455
0.209537
0.210295
0.210786
0.211085
0.211198
0.211219
0.21119
0.18455
0.184594
0.184891
0.18552
0.186449
0.187706
0.189501
0.191901
0.194995
0.198797
0.202601
0.205584
0.207702
0.20918
0.210178
0.210837
0.211185
0.211347
0.211407
0.211387
0.17875
0.178797
0.179105
0.179819
0.180941
0.182634
0.184758
0.187629
0.1914
0.1961
0.200883
0.204682
0.207448
0.209392
0.210684
0.211518
0.211996
0.212249
0.212348
0.212329
0.172239
0.172295
0.172653
0.173489
0.174829
0.176761
0.179373
0.182932
0.187601
0.193453
0.199436
0.204239
0.207714
0.21016
0.211882
0.212989
0.213666
0.21404
0.214174
0.214151
0.164637
0.164707
0.16517
0.166146
0.167691
0.169997
0.173245
0.177668
0.18349
0.190802
0.19829
0.204308
0.208694
0.211832
0.213967
0.215396
0.216309
0.216813
0.21698
0.21695
0.155486
0.155582
0.156142
0.157347
0.159277
0.162124
0.166168
0.17171
0.17902
0.188176
0.197516
0.205002
0.210488
0.214369
0.217052
0.218866
0.220043
0.220688
0.220895
0.220856
0.144332
0.144469
0.145208
0.146723
0.149155
0.152765
0.157893
0.164921
0.174139
0.185601
0.197208
0.206468
0.213225
0.218011
0.221334
0.223596
0.225074
0.22588
0.226135
0.226086
0.130486
0.13068
0.131677
0.133672
0.136844
0.141525
0.148147
0.157135
0.168795
0.183126
0.197477
0.208835
0.217096
0.222958
0.227039
0.229829
0.231659
0.232661
0.232972
0.232909
0.113021
0.113318
0.114711
0.117404
0.121648
0.127863
0.136545
0.148154
0.162963
0.180835
0.198454
0.212272
0.222299
0.22943
0.234415
0.237842
0.240098
0.241333
0.241713
0.241632
0.0905255
0.0910142
0.0930284
0.0967866
0.10266
0.111139
0.122749
0.137898
0.156716
0.178869
0.200297
0.216942
0.229009
0.237633
0.243708
0.247917
0.250703
0.252217
0.252676
0.252575
0.0606155
0.0614765
0.0645777
0.0701937
0.0787722
0.0907674
0.106588
0.12645
0.150255
0.177452
0.203198
0.223003
0.237376
0.247732
0.255119
0.260304
0.263765
0.265633
0.266185
0.266056
0.0191167
0.0208414
0.0263071
0.0355614
0.0488709
0.0663733
0.0881375
0.1141
0.143918
0.176855
0.207332
0.230561
0.247462
0.259781
0.268731
0.27516
0.279526
0.281853
0.282502
0.282335
-0.0415708
-0.0366032
-0.0251692
-0.00866464
0.0127374
0.0384056
0.068063
0.101471
0.138164
0.177346
0.212802
0.239595
0.259156
0.2736
0.284342
0.292264
0.297788
0.300756
0.301589
0.301353
-0.114749
-0.105231
-0.0841569
-0.0569086
-0.025513
0.00924977
0.047372
0.088734
0.132927
0.179267
0.220858
0.252417
0.275808
0.29349
0.307034
0.317517
0.325094
0.328896
0.329991
0.330161
-0.187591
-0.171162
-0.140981
-0.103755
-0.0628955
-0.0191541
0.0274246
0.0767436
0.128477
0.182035
0.229837
0.266204
0.293399
0.314299
0.330664
0.343541
0.352977
0.358121
0.360302
0.360674
-0.245772
-0.226201
-0.190057
-0.145597
-0.097109
-0.0456273
0.0086116
0.0653396
0.12417
0.184486
0.237934
0.278432
0.308696
0.331931
0.350151
0.364487
0.375091
0.381317
0.383961
0.384396
-0.293125
-0.271585
-0.231231
-0.181542
-0.127227
-0.0694966
-0.00878018
0.0544723
0.119702
0.186126
0.244548
0.288481
0.321031
0.345822
0.365081
0.380187
0.391487
0.398379
0.40122
0.401617
-0.332602
-0.310092
-0.266656
-0.21278
-0.153746
-0.0908973
-0.0247437
0.0441734
0.115076
0.186966
0.24978
0.29656
0.33085
0.356677
0.376541
0.391961
0.403457
0.410474
0.41335
0.413779
-0.366943
-0.343796
-0.297992
-0.240727
-0.177737
-0.110491
-0.0395807
0.0343371
0.110329
0.187194
0.25399
0.303355
0.339167
0.36581
0.386025
0.401514
0.41298
0.419997
0.422807
0.423226
-0.397707
-0.374119
-0.326395
-0.266297
-0.19994
-0.128879
-0.0537558
0.0246791
0.105371
0.186928
0.257574
0.309382
0.346565
0.373895
0.394383
0.409924
0.421363
0.42842
0.43115
0.431497
-0.42604
-0.402093
-0.35279
-0.290255
-0.220992
-0.146564
-0.0676457
0.0149162
0.10001
0.186043
0.26039
0.314626
0.353246
0.381358
0.402217
0.417881
0.42931
0.436395
0.439065
0.439267
-0.452775
-0.428464
-0.377772
-0.313072
-0.241228
-0.163829
-0.0815274
0.0047982
0.09399
0.184322
0.262468
0.319346
0.35959
0.388623
0.409954
0.425817
0.437293
0.444316
0.44694
0.447058
-0.478355
-0.453668
-0.401716
-0.335094
-0.260994
-0.180948
-0.0955945
-0.00581901
0.0872247
0.181835
0.26391
0.32362
0.365702
0.395841
0.417787
0.433963
0.445544
0.452529
0.455113
0.455201
-0.503089
-0.478017
-0.424916
-0.356573
-0.280448
-0.198022
-0.109911
-0.0169642
0.0797318
0.178502
0.264584
0.327378
0.37158
0.403087
0.425847
0.442466
0.454241
0.461187
0.463694
0.463748
-0.52717
-0.50169
-0.447504
-0.377621
-0.299689
-0.215129
-0.124539
-0.0286874
0.0713905
0.174166
0.264395
0.330586
0.377226
0.410376
0.434167
0.451379
0.46343
0.470372
0.472758
0.472792
-0.550671
-0.524744
-0.469573
-0.398314
-0.318773
-0.232323
-0.13951
-0.0410463
0.0621464
0.168785
0.263217
0.33309
0.382559
0.41767
0.442723
0.46068
0.473072
0.480014
0.48225
0.482224
-0.573648
-0.547271
-0.491156
-0.418656
-0.33769
-0.249564
-0.154795
-0.0540088
0.0520377
0.162312
0.260918
0.3347
0.387394
0.424869
0.451467
0.470326
0.48311
0.490028
0.492083
0.491961
-0.59606
-0.569249
-0.512238
-0.438623
-0.356399
-0.266812
-0.170332
-0.0674936
0.0410825
0.154706
0.257377
0.335232
0.391516
0.431826
0.46034
0.480283
0.493481
0.50033
0.502157
0.501923
-0.617891
-0.590637
-0.532777
-0.458176
-0.374854
-0.284
-0.18604
-0.0814414
0.0293469
0.145977
0.252506
0.334481
0.394685
0.438363
0.469302
0.490559
0.504102
0.510685
0.512198
0.511857
-0.639036
-0.611376
-0.55273
-0.477268
-0.392987
-0.301038
-0.201834
-0.0957575
0.0169164
0.136159
0.246231
0.33224
0.396566
0.444165
0.478272
0.501294
0.515033
0.520952
0.521967
0.521527
-0.659534
-0.631412
-0.572066
-0.495834
-0.410721
-0.317854
-0.217615
-0.11032
0.00389282
0.125331
0.238529
0.328372
0.396823
0.448763
0.48701
0.512813
0.526806
0.5312
0.53117
0.530648
-0.679244
-0.650726
-0.590741
-0.513825
-0.428002
-0.334365
-0.233291
-0.125039
-0.00959899
0.113608
0.229413
0.322759
0.395149
0.45153
0.494873
0.525241
0.540799
0.54282
0.539866
0.539075
-0.698254
-0.669311
-0.608698
-0.531182
-0.444751
-0.350482
-0.248739
-0.139771
-0.0234145
0.101123
0.218961
0.315338
0.391307
0.451719
0.50062
0.537607
0.558149
0.560455
0.551855
0.536055
-0.71648
-0.687193
-0.626076
-0.548106
-0.461257
-0.366537
-0.26438
-0.154996
-0.038108
0.0872921
0.206519
0.305377
0.38471
0.448278
0.502239
0.547243
0.576114
0.582664
0.571539
0.578038
-0.733945
-0.70439
-0.642844
-0.564537
-0.477487
-0.382486
-0.280196
-0.170679
-0.0536709
0.0720433
0.191961
0.292356
0.374844
0.440116
0.495526
0.545602
0.578039
0.58441
0.535587
0.517557
-0.75116
-0.721053
-0.658751
-0.580181
-0.493108
-0.397974
-0.296016
-0.18655
-0.0697914
0.0556293
0.175449
0.275991
0.361277
0.427484
0.476139
0.522276
0.546046
0.520801
0.455733
0.41343
-0.771282
-0.738585
-0.673254
-0.594512
-0.507479
-0.412629
-0.31146
-0.202349
-0.0862542
0.0382088
0.157108
0.25633
0.342853
0.412025
0.450435
0.466895
0.46093
0.41173
0.342888
0.300595
-0.378251
-0.272721
-0.160985
-0.0422086
0.0795418
0.187794
0.275523
0.159803
-0.782611
-0.773467
-0.733383
-0.665711
-0.583191
-0.492919
-0.395575
-0.291444
-0.180925
-0.0639999
0.0554448
0.161632
0.245878
0.31991
0.367009
0.333045
0.205747
0.128482
0.0670567
-0.80431
-0.793052
-0.749195
-0.680253
-0.59764
-0.50768
-0.410959
-0.307574
-0.198346
-0.0834418
0.0327029
0.134688
0.213226
0.270091
0.268697
0.166569
0.0266094
-0.0679073
-0.146487
-0.825915
-0.814421
-0.768277
-0.698335
-0.615813
-0.525985
-0.429403
-0.326656
-0.218816
-0.106175
0.00595765
0.102317
0.172816
0.209306
0.160342
-0.00428768
-0.169853
-0.291587
-0.389163
-0.846907
-0.835473
-0.788119
-0.717231
-0.634554
-0.544829
-0.448689
-0.346946
-0.240754
-0.13078
-0.0230994
0.0669528
0.127969
0.139205
0.037475
-0.177214
-0.381325
-0.556172
-0.702722
-0.867625
-0.856381
-0.808338
-0.736817
-0.653898
-0.56426
-0.468691
-0.368072
-0.263696
-0.15669
-0.0539126
0.0291415
0.0795195
0.0529582
-0.109672
-0.348479
-0.589728
-0.805499
-1.00713
-0.888506
-0.877526
-0.829276
-0.757399
-0.67428
-0.584714
-0.489651
-0.390098
-0.287579
-0.183639
-0.0859687
-0.010409
0.0264101
-0.0381981
-0.250961
-0.50413
-0.766338
-1.00014
-1.18308
-1.36454
-0.910245
-0.899494
-0.851216
-0.779228
-0.69607
-0.606669
-0.512171
-0.413814
-0.313354
-0.212858
-0.120881
-0.0536511
-0.0341775
-0.131955
-0.386674
-0.645578
-0.898757
-1.09254
-1.16475
-1.19565
-0.933066
-0.922498
-0.874296
-0.802346
-0.719286
-0.630216
-0.53643
-0.439524
-0.341452
-0.2449
-0.159357
-0.101457
-0.100964
-0.248252
-0.512854
-0.764779
-0.989527
-1.11176
-1.1366
-1.14329
-0.957137
-0.946665
-0.898541
-0.826679
-0.743832
-0.655218
-0.562349
-0.467112
-0.371816
-0.279644
-0.20132
-0.153519
-0.181576
-0.373295
-0.630607
-0.868019
-1.05533
-1.11921
-1.12092
-1.12111
-0.982347
-0.97195
-0.923915
-0.852145
-0.769604
-0.681558
-0.589799
-0.496393
-0.40432
-0.316891
-0.246454
-0.208997
-0.26889
-0.495815
-0.743141
-0.960384
-1.08638
-1.10971
-1.10924
-1.10855
-1.00843
-0.998084
-0.950206
-0.878581
-0.796414
-0.709059
-0.618549
-0.527153
-0.438692
-0.356443
-0.293894
-0.269578
-0.354966
-0.617748
-0.855169
-1.03273
-1.08622
-1.09614
-1.10162
-1.10199
-1.03483
-1.02461
-0.977072
-0.905673
-0.82396
-0.737417
-0.648245
-0.559048
-0.47433
-0.398028
-0.342327
-0.336522
-0.436222
-0.725182
-0.989164
-1.10305
-1.11429
-1.10894
-1.09791
-1.09454
-1.0609
-1.05092
-1.004
-0.932955
-0.85178
-0.766142
-0.678419
-0.591481
-0.510406
-0.441131
-0.390733
-0.404984
-0.529728
-0.802875
-1.14974
-1.26865
-1.21021
-1.15824
-1.1237
-1.10693
-1.08605
-1.07634
-1.0303
-0.959783
-0.879262
-0.794575
-0.708421
-0.623662
-0.545821
-0.484513
-0.438834
-0.469227
-0.643464
-0.855454
-1.19109
-1.49345
-1.39902
-1.31792
-1.27621
-1.24572
-1.10931
-1.09996
-1.05512
-0.985367
-0.905602
-0.821938
-0.737236
-0.654738
-0.579228
-0.525368
-0.486827
-0.525488
-0.748968
-0.932717
-0.966123
-1.04477
-1.25839
-1.50557
-1.52451
-1.49046
-1.12933
-1.12053
-1.07735
-1.00873
-0.92986
-0.847269
-0.763686
-0.683387
-0.609614
-0.559304
-0.536085
-0.568047
-0.835368
-1.04233
-0.792669
-0.702632
-1.09827
-1.44855
-1.48254
-1.49437
-1.14481
-1.13674
-1.09583
-1.02873
-0.950991
-0.869306
-0.786805
-0.707539
-0.635983
-0.583332
-0.577939
-0.59122
-0.945178
-1.4031
-1.61953
-1.85358
-2.09543
-1.98365
-1.71982
-1.64196
-1.15484
-1.14766
-1.10938
-1.04428
-0.96776
-0.886887
-0.805279
-0.725744
-0.655274
-0.598384
-0.588695
-0.649288
-1.05218
-1.93513
-2.78241
-3.29928
-3.41724
-3.2059
-2.80494
-2.51608
-1.15768
-1.15151
-1.11688
-1.0544
-0.979046
-0.898962
-0.817534
-0.737404
-0.664624
-0.601237
-0.588853
-0.639242
-1.08802
-1.86312
-2.92887
-3.37134
-3.51326
-3.40445
-3.15486
-2.88921
-1.1533
-1.14821
-1.11757
-1.05811
-0.984026
-0.904628
-0.822723
-0.741471
-0.663318
-0.591602
-0.558673
-0.507295
-0.784819
-1.27938
-1.9108
-2.37416
-2.25837
-1.89337
-1.537
-1.31855
-1.13979
-1.13594
-1.11005
-1.05487
-0.982399
-0.903097
-0.82094
-0.737399
-0.652357
-0.570074
-0.463835
-0.41142
-0.299459
-0.268181
-0.0324622
0.317408
0.713341
1.1131
1.36236
1.48
-1.11803
-1.11542
-1.09475
-1.04414
-0.973339
-0.894522
-0.812584
-0.726294
-0.636108
-0.531747
-0.409746
-0.285661
-0.0612241
0.384667
1.01616
1.717
2.30791
2.68481
2.8858
2.96337
-1.08818
-1.08673
-1.07132
-1.02565
-0.956381
-0.879184
-0.797771
-0.712978
-0.619372
-0.50568
-0.366702
-0.210967
-0.0764836
0.314894
0.952353
1.58538
2.09022
2.41354
2.58248
2.65197
-1.04846
-1.04796
-1.03728
-0.996294
-0.930758
-0.856573
-0.780322
-0.700792
-0.611331
-0.49696
-0.345934
-0.192114
-0.0816469
0.120747
0.594609
1.05799
1.42549
1.66865
1.8068
1.87126
-0.992561
-0.992285
-0.984615
-0.951163
-0.893065
-0.826718
-0.759579
-0.690569
-0.61427
-0.512086
-0.359978
-0.19368
-0.0718479
0.0769784
0.330646
0.616694
0.854297
1.02489
1.13037
1.17615
-0.911065
-0.910855
-0.905203
-0.882087
-0.839611
-0.789058
-0.738303
-0.687908
-0.631319
-0.546499
-0.406598
-0.246594
-0.0949014
0.0365989
0.197762
0.373057
0.524189
0.634447
0.701623
0.736444
-0.826378
-0.825721
-0.821467
-0.807887
-0.782964
-0.752172
-0.721979
-0.695141
-0.66873
-0.613337
-0.513957
-0.390764
-0.214198
-0.0640918
0.0114388
0.138271
0.245592
0.328631
0.373527
0.391562
-0.764314
-0.763721
-0.761091
-0.75456
-0.743014
-0.729525
-0.719864
-0.720896
-0.73967
-0.762122
-0.752537
-0.677623
-0.459523
-0.282476
-0.220545
-0.114412
-0.0192113
0.0650925
0.112845
0.131027
-0.724716
-0.724741
-0.7244
-0.722826
-0.720563
-0.721334
-0.732094
-0.765476
-0.84616
-1.00541
-1.17639
-1.17993
-0.878498
-0.588318
-0.460154
-0.340508
-0.22326
-0.137687
-0.0854814
-0.071348
-0.688656
-0.689519
-0.691183
-0.69324
-0.698137
-0.710721
-0.740362
-0.807273
-0.961367
-1.29783
-1.76359
-1.8423
-1.43006
-1.01417
-0.814566
-0.618251
-0.444718
-0.324411
-0.260562
-0.250454
-0.637437
-0.63886
-0.641885
-0.646754
-0.656654
-0.677307
-0.719828
-0.810228
-1.01778
-1.48819
-2.188
-2.29684
-1.78405
-1.31096
-1.04638
-0.803099
-0.623614
-0.510684
-0.462022
-0.454823
-0.563094
-0.564725
-0.568192
-0.574256
-0.585662
-0.608207
-0.652496
-0.744344
-0.953452
-1.43577
-2.13168
-2.2106
-1.74501
-1.36344
-1.08178
-0.86356
-0.738526
-0.685863
-0.668143
-0.659718
-0.467719
-0.469152
-0.472104
-0.477393
-0.487044
-0.505499
-0.540691
-0.611759
-0.769124
-1.13025
-1.64503
-1.72601
-1.43873
-1.16039
-0.920137
-0.786876
-0.737497
-0.741565
-0.739932
-0.731968
-0.361833
-0.362832
-0.364723
-0.368182
-0.374246
-0.385486
-0.406307
-0.446998
-0.533493
-0.726197
-1.00884
-1.05775
-0.89697
-0.713655
-0.593784
-0.561912
-0.595323
-0.621134
-0.62765
-0.625405
-0.258644
-0.259185
-0.259994
-0.261632
-0.264246
-0.268738
-0.276541
-0.291003
-0.320079
-0.380155
-0.469978
-0.477083
-0.377983
-0.324265
-0.324352
-0.374447
-0.413926
-0.435298
-0.442523
-0.443938
-0.168884
-0.16908
-0.169152
-0.169592
-0.169965
-0.170138
-0.16984
-0.16881
-0.166818
-0.162085
-0.141429
-0.107809
-0.0882153
-0.111526
-0.164201
-0.217011
-0.249135
-0.265337
-0.272583
-0.275137
-0.0980743
-0.0980767
-0.0977992
-0.0977199
-0.0971254
-0.095393
-0.0916905
-0.0846519
-0.0721637
-0.0509305
-0.0202015
0.000512505
-0.00231512
-0.036024
-0.0781604
-0.112592
-0.133994
-0.145086
-0.150483
-0.15296
-0.0466891
-0.0466166
-0.0462602
-0.046089
-0.0453746
-0.0433457
-0.0390984
-0.0313869
-0.0185027
0.00126134
0.0241928
0.033413
0.0234281
-0.00226371
-0.0298972
-0.051133
-0.0644157
-0.0715404
-0.0752415
-0.0770016
-0.0120718
-0.0119939
-0.0116996
-0.0116429
-0.0111658
-0.00961414
-0.0061931
5.61012e-05
0.010136
0.0243534
0.0383524
0.0409701
0.0308734
0.0136924
-0.00340246
-0.0164687
-0.0248521
-0.029507
-0.0319334
-0.0330841
0.00960756
0.00966264
0.00984925
0.00975856
0.0099014
0.0108047
0.0130695
0.0173009
0.0240504
0.0330802
0.0407611
0.0404156
0.0324937
0.0213308
0.0107097
0.00250251
-0.0029682
-0.00612694
-0.00774714
-0.00844694
0.0220331
0.0220615
0.0221462
0.0219422
0.021809
0.0221542
0.0234271
0.0260003
0.0300962
0.0353132
0.0391066
0.0376419
0.0318206
0.0244872
0.0177128
0.0123993
0.0087103
0.00650154
0.00538998
0.00493962
0.0281684
0.0281772
0.0281857
0.0279094
0.0275846
0.0275256
0.0280456
0.0293782
0.0316216
0.0343748
0.0359029
0.0341024
0.0298846
0.0249858
0.0205353
0.0169936
0.014452
0.0128868
0.012118
0.0118252
0.0301534
0.0301507
0.0301138
0.0298089
0.0293764
0.0290748
0.0291077
0.0296125
0.0306152
0.031817
0.0321205
0.0303795
0.0273053
0.0239402
0.0209228
0.0184956
0.0167086
0.015585
0.0150452
0.0148501
0.0294649
0.0294564
0.0293987
0.0291006
0.028642
0.0282251
0.0279835
0.028002
0.0282795
0.0285895
0.0282423
0.0266546
0.0243648
0.0219898
0.0198853
0.0181791
0.0168996
0.0160838
0.0156999
0.015568
0.0271016
0.0270912
0.0270288
0.0267575
0.0263209
0.0258704
0.0254949
0.0252432
0.0251064
0.0249314
0.0242977
0.0229269
0.0212061
0.0194958
0.0179965
0.0167764
0.0158504
0.0152551
0.0149794
0.0148889
0.0237123
0.0237023
0.0236453
0.0234134
0.0230261
0.0225986
0.0221887
0.0218253
0.0214973
0.0211003
0.0203839
0.0192365
0.0179344
0.0166862
0.0156037
0.0147216
0.014047
0.0136106
0.0134111
0.0133483
0.0197047
0.0196962
0.0196491
0.0194614
0.0191361
0.0187625
0.0183771
0.0179977
0.0176147
0.0171593
0.0164843
0.0155631
0.0145899
0.0136826
0.0129021
0.0122651
0.0117743
0.0114552
0.0113119
0.0112685
0.0153273
0.0153205
0.0152844
0.0151406
0.014884
0.0145816
0.0142583
0.0139248
0.0135735
0.0131602
0.012601
0.0119055
0.0112048
0.0105636
0.0100138
0.00956242
0.00921107
0.00898177
0.00888112
0.00885191
0.0107325
0.0107271
0.0107011
0.0105981
0.0104113
0.0101903
0.00995223
0.00970318
0.00943709
0.00912702
0.00872737
0.00825559
0.00779363
0.00737486
0.00701442
0.00671384
0.00647518
0.00631827
0.00625084
0.00623172
0.00601164
0.00600711
0.005991
0.00592701
0.00581213
0.00568214
0.00554524
0.00540276
0.00525061
0.00507488
0.00485431
0.00460062
0.00435566
0.00413404
0.00394127
0.00377608
0.003639
0.00354659
0.0035077
0.00349601
0.00361389
0.00361225
0.00359546
0.00353663
0.00345795
0.00337623
0.00329141
0.00320192
0.0031026
0.00298375
0.00283878
0.00268696
0.00254759
0.00242428
0.00231754
0.00222511
0.00215203
0.00211528
0.00210667
0.000680801
-0.784479
-0.459079
-0.237939
-0.0398165
0.121644
0.25431
0.364563
0.459492
0.521168
0.515953
-0.286763
-0.141984
0.00342755
0.133611
0.245829
0.341167
0.420105
0.479711
0.516289
0.535431
-0.017129
0.0743378
0.173166
0.264813
0.344592
0.412448
0.467711
0.510123
0.541603
0.563666
0.166728
0.233001
0.303337
0.3698
0.427906
0.477665
0.519325
0.553617
0.581008
0.601031
0.309496
0.359774
0.410846
0.460227
0.504473
0.543432
0.577333
0.606286
0.62948
0.647197
0.425678
0.465465
0.504782
0.543794
0.58019
0.613101
0.64232
0.667395
0.687224
0.70311
0.524869
0.557446
0.592722
0.627323
0.659892
0.689746
0.716304
0.738842
0.756185
0.770512
0.616816
0.648592
0.683088
0.716924
0.74855
0.777237
0.802399
0.823261
0.838731
0.851755
0.712697
0.74761
0.784557
0.819464
0.851339
0.879483
0.903473
0.922853
0.936974
0.949405
0.825931
0.864718
0.904603
0.940205
0.971452
0.998176
1.02042
1.03827
1.05176
1.06471
0.96887
1.00751
1.04641
1.07901
1.1066
1.13024
1.15057
1.16781
1.18201
1.19593
1.14525
1.17486
1.20509
1.22972
1.25104
1.27059
1.28897
1.30643
1.32242
1.33735
1.33903
1.35343
1.37114
1.38811
1.40481
1.42038
1.43464
1.44878
1.46372
1.47994
1.5283
1.53262
1.54554
1.55777
1.56782
1.5772
1.58749
1.59823
1.60764
1.6199
1.75788
1.74432
1.73552
1.72047
1.70942
1.70897
1.72104
1.74487
1.77674
1.81254
2.13204
1.97351
1.86804
1.80934
1.78038
1.77382
1.789
1.83027
1.9095
2.05463
-0.763456
-0.760302
-0.719207
-0.650074
-0.567838
-0.476803
0.358201
0.420254
0.420776
0.363357
0.304134
0.238146
0.00157212
-0.231215
-0.503923
-0.858585
-1.34022
)
;

boundaryField
{
    wall-4
    {
        type            zeroGradient;
    }
    pressure-outlet-7
    {
        type            fixedValue;
        value           uniform 0;
    }
    velocity-inlet-6
    {
        type            zeroGradient;
    }
    velocity-inlet-5
    {
        type            zeroGradient;
    }
    frontAndBackPlanes
    {
        type            empty;
    }
}


// ************************************************************************* //
