/*--------------------------------*- C++ -*----------------------------------*\
  =========                 |
  \\      /  F ield         | OpenFOAM: The Open Source CFD Toolbox
   \\    /   O peration     | Website:  https://openfoam.org
    \\  /    A nd           | Version:  6
     \\/     M anipulation  |
\*---------------------------------------------------------------------------*/
FoamFile
{
    version     2.0;
    format      ascii;
    class       volScalarField;
    location    "116.8";
    object      p;
}
// * * * * * * * * * * * * * * * * * * * * * * * * * * * * * * * * * * * * * //

dimensions      [0 2 -2 0 0 0 0];

internalField   nonuniform List<scalar> 
8800
(
1.2233
1.17399
1.13602
1.10796
1.08781
1.07323
1.06265
1.05513
1.05027
1.04824
1.04965
1.05403
1.06085
1.0703
1.08305
1.10038
1.12427
1.15737
1.20031
1.25282
1.05779
1.06413
1.07329
1.07684
1.07424
1.06816
1.06123
1.05501
1.05023
1.0474
1.04721
1.04988
1.05455
1.06071
1.06782
1.07487
1.07976
1.07964
1.07297
1.06408
1.03128
1.03752
1.04203
1.0459
1.04886
1.04982
1.04875
1.04665
1.04471
1.04391
1.04499
1.04749
1.05041
1.0527
1.05324
1.05147
1.04811
1.04411
1.03933
1.03562
1.02695
1.02972
1.03233
1.0345
1.03625
1.03783
1.03896
1.03934
1.03926
1.03941
1.04027
1.04146
1.04224
1.04212
1.04117
1.03983
1.03818
1.03589
1.03348
1.03192
1.02186
1.02329
1.02513
1.02722
1.02895
1.03026
1.03138
1.0324
1.03325
1.03405
1.03483
1.03534
1.03541
1.03509
1.03445
1.03336
1.03172
1.02984
1.02849
1.02769
1.01682
1.01772
1.01898
1.02062
1.02233
1.02388
1.0252
1.02636
1.02748
1.02857
1.02943
1.0299
1.02996
1.02964
1.02888
1.02772
1.02638
1.02513
1.02432
1.02379
1.01185
1.0125
1.01347
1.01481
1.01628
1.01782
1.01934
1.02076
1.02209
1.02338
1.02443
1.02501
1.0251
1.02472
1.02399
1.02308
1.02212
1.02124
1.02067
1.02028
1.00694
1.00745
1.00824
1.0094
1.01073
1.01218
1.01373
1.01534
1.01693
1.01849
1.01977
1.02048
1.02066
1.02041
1.01991
1.01927
1.01857
1.01793
1.01752
1.01721
1.00204
1.00244
1.00311
1.00416
1.00542
1.00683
1.00839
1.0101
1.01193
1.01381
1.01537
1.01631
1.0167
1.01671
1.01647
1.01606
1.01558
1.01515
1.01484
1.0146
0.99706
0.997387
0.997973
0.998944
1.00017
1.00158
1.00319
1.00502
1.00708
1.00929
1.01123
1.01252
1.01323
1.01353
1.01355
1.0134
1.01313
1.01286
1.01264
1.01244
0.991911
0.992182
0.99271
0.99364
0.994859
0.996308
0.998014
1.00002
1.00234
1.00494
1.00735
1.00909
1.01019
1.01083
1.01114
1.01124
1.01119
1.01108
1.01093
1.01075
0.986497
0.986724
0.987216
0.988136
0.989391
0.990925
0.992772
0.995004
0.997668
1.00076
1.00374
1.00601
1.00757
1.00859
1.00923
1.0096
1.00978
1.00981
1.00972
1.00956
0.980716
0.98091
0.981384
0.982326
0.983657
0.985322
0.987369
0.9899
0.992999
0.996695
1.00037
1.00327
1.00536
1.00684
1.00786
1.00853
1.00895
1.00912
1.00907
1.00892
0.974458
0.974624
0.975098
0.976089
0.977538
0.979388
0.981704
0.984622
0.988263
0.992697
0.997204
1.00086
1.0036
1.0056
1.00705
1.00808
1.00875
1.00905
1.00905
1.00891
0.96759
0.967733
0.968223
0.969292
0.970905
0.973001
0.975666
0.979071
0.983384
0.988717
0.994233
0.998801
1.00229
1.00491
1.00686
1.0083
1.00926
1.0097
1.00974
1.0096
0.959959
0.960079
0.960597
0.961774
0.963602
0.966016
0.969123
0.973138
0.978277
0.984705
0.991433
0.997083
1.00147
1.00482
1.00737
1.00927
1.01056
1.01115
1.01122
1.01108
0.951358
0.951461
0.952014
0.953336
0.955442
0.958258
0.96192
0.966692
0.972847
0.980602
0.988783
0.995719
1.00116
1.00538
1.00864
1.01109
1.01274
1.01349
1.01359
1.01344
0.941501
0.941602
0.942224
0.943727
0.946192
0.949514
0.953869
0.959581
0.966985
0.976349
0.986266
0.994721
1.00141
1.00664
1.01074
1.01384
1.0159
1.01681
1.01694
1.01677
0.930097
0.930175
0.930889
0.932643
0.935551
0.939513
0.944741
0.951627
0.960569
0.971883
0.983867
0.994103
1.00225
1.00867
1.01374
1.0176
1.02011
1.02118
1.02132
1.02114
0.916693
0.916759
0.917584
0.919655
0.923132
0.927917
0.934258
0.942621
0.953468
0.967144
0.981576
0.993887
1.0037
1.0115
1.01771
1.02242
1.02541
1.02662
1.02676
1.02656
0.900679
0.900736
0.901716
0.904213
0.908439
0.914298
0.92208
0.93233
0.945553
0.962089
0.979396
0.994092
1.00581
1.01518
1.02265
1.0283
1.03178
1.0331
1.03323
1.03301
0.881197
0.881251
0.882457
0.885555
0.890804
0.898113
0.907811
0.92051
0.936715
0.956706
0.977354
0.994744
1.0086
1.01971
1.02857
1.03522
1.03913
1.0405
1.0406
1.04036
0.856982
0.857041
0.858607
0.862609
0.869333
0.878679
0.891008
0.906944
0.92691
0.951039
0.975507
0.995882
1.01206
1.02507
1.03541
1.04305
1.04727
1.04861
1.04864
1.04839
0.82605
0.826141
0.828332
0.83381
0.842853
0.855214
0.871273
0.891527
0.916201
0.94521
0.973956
0.99756
1.01621
1.03119
1.04307
1.05156
1.05589
1.05708
1.05704
1.05678
0.785044
0.785277
0.788765
0.796977
0.80996
0.82703
0.848431
0.874377
0.904813
0.939432
0.972853
0.99986
1.02105
1.03805
1.05138
1.06043
1.06457
1.06549
1.06537
1.06512
0.727545
0.728753
0.73576
0.749706
0.769597
0.793979
0.822806
0.855951
0.893159
0.933999
0.972374
1.00287
1.02659
1.0455
1.06007
1.06924
1.07284
1.07342
1.07324
1.07301
0.644245
0.652448
0.66865
0.693139
0.723385
0.757568
0.795428
0.836798
0.881454
0.929002
0.972667
1.00691
1.03334
1.05426
1.06969
1.07848
1.08132
1.08158
1.08137
1.08118
0.555152
0.573264
0.599614
0.635446
0.676626
0.720713
0.767563
0.817195
0.869498
0.924186
0.973778
1.0124
1.04212
1.06517
1.08109
1.0887
1.09049
1.09049
1.09032
1.09021
0.478506
0.500684
0.535505
0.581032
0.63188
0.685306
0.740899
0.79862
0.858336
0.91978
0.974816
1.01734
1.04987
1.07457
1.09025
1.09643
1.09749
1.09742
1.09729
1.09722
0.415246
0.439918
0.480568
0.533046
0.591436
0.652623
0.715889
0.780977
0.847559
0.91527
0.975307
1.02135
1.0563
1.08214
1.09735
1.10252
1.10322
1.10313
1.10303
1.10298
0.362444
0.388661
0.43354
0.491401
0.555787
0.623305
0.693041
0.764554
0.837292
0.910717
0.975348
1.02464
1.06176
1.08854
1.10322
1.1076
1.10808
1.10799
1.1079
1.10785
0.317528
0.344663
0.392675
0.454879
0.524269
0.597147
0.672425
0.749547
0.827769
0.90637
0.975195
1.02745
1.06656
1.09407
1.10818
1.11194
1.11229
1.11219
1.11212
1.11207
0.278411
0.306148
0.356597
0.422394
0.496044
0.573574
0.653743
0.735877
0.81906
0.902377
0.975023
1.02996
1.07082
1.09888
1.11241
1.11572
1.11596
1.11585
1.11578
1.11574
0.243585
0.271773
0.324217
0.393069
0.470411
0.552028
0.636587
0.723294
0.811055
0.898743
0.974879
1.03221
1.0746
1.10305
1.11604
1.11899
1.11915
1.11902
1.11895
1.11891
0.211992
0.240567
0.294688
0.366211
0.446807
0.532061
0.620593
0.711518
0.803581
0.895387
0.974766
1.03424
1.07793
1.10661
1.1191
1.12176
1.12185
1.1217
1.12162
1.12157
0.18278
0.211741
0.267362
0.341292
0.424784
0.513308
0.605465
0.700315
0.796466
0.892238
0.974691
1.03607
1.08082
1.10959
1.12156
1.124
1.12403
1.12385
1.12376
1.1237
0.155516
0.184809
0.24179
0.317883
0.403991
0.495483
0.590973
0.689498
0.789572
0.889254
0.97471
1.03782
1.08335
1.11197
1.12342
1.12566
1.12566
1.12547
1.12537
1.1253
0.129665
0.159364
0.217595
0.295669
0.384153
0.478354
0.576931
0.678917
0.782786
0.886391
0.974905
1.03961
1.08562
1.11384
1.1247
1.12678
1.12677
1.1266
1.1265
1.12642
0.105045
0.135143
0.194541
0.274424
0.365066
0.461752
0.563193
0.668447
0.776003
0.883607
0.975368
1.04165
1.08783
1.11531
1.12549
1.12743
1.12747
1.12735
1.12726
1.12718
0.0814537
0.111957
0.172443
0.253989
0.346597
0.445554
0.549646
0.657982
0.769122
0.880822
0.976157
1.04418
1.09026
1.11657
1.12594
1.12778
1.12791
1.12784
1.12777
1.12768
0.0587398
0.089696
0.151192
0.234264
0.328641
0.429674
0.536214
0.647445
0.762048
0.877932
0.977278
1.04747
1.09331
1.11793
1.12614
1.1279
1.12822
1.12821
1.12813
1.12802
0.0367787
0.0682227
0.130729
0.215184
0.311151
0.414055
0.522845
0.636774
0.754701
0.874808
0.978657
1.05173
1.09755
1.11989
1.12622
1.1276
1.12825
1.12849
1.12844
1.12825
0.015653
0.0475542
0.111017
0.196697
0.29409
0.398684
0.509506
0.625935
0.747016
0.871339
0.980142
1.05707
1.10356
1.12331
1.12665
1.12677
1.12759
1.12872
1.12922
1.12899
-0.00466716
0.0276577
0.092011
0.178785
0.277448
0.383549
0.496203
0.614901
0.738951
0.867402
0.981532
1.06342
1.11186
1.12944
1.12906
1.12646
1.12675
1.12934
1.13165
1.13193
-0.0242814
0.00852904
0.0736852
0.161433
0.261237
0.368672
0.482953
0.603684
0.730472
0.862898
0.982575
1.07051
1.12269
1.13957
1.13583
1.12985
1.12872
1.13285
1.13808
1.14025
-0.043084
-0.00984272
0.0560554
0.144667
0.245468
0.354085
0.46979
0.592311
0.72158
0.857754
0.98301
1.07793
1.13579
1.15416
1.14864
1.13979
1.13624
1.13922
1.1452
1.14822
-0.061185
-0.0275027
0.0390905
0.128426
0.230077
0.339721
0.456634
0.580692
0.712159
0.851827
0.982573
1.08526
1.15076
1.17294
1.16768
1.15709
1.1497
1.14423
1.13829
1.14364
-0.0785444
-0.044523
0.0226349
0.112507
0.214766
0.325257
0.443087
0.568372
0.701719
0.844574
0.980741
1.09195
1.16758
1.19618
1.19263
1.18133
1.16791
1.15296
1.13024
1.13653
-0.0950631
-0.0609154
0.00682757
0.0970824
0.199769
0.310964
0.429303
0.555605
0.690438
0.836022
0.97711
1.09658
1.18431
1.22178
1.21935
1.20523
1.18611
1.15347
1.10017
1.07945
-0.110658
-0.0777468
-0.00791607
0.0825845
0.18589
0.297328
0.415553
0.542651
0.678562
0.826263
0.971467
1.098
1.19832
1.24663
1.24032
1.21958
1.18624
1.12673
1.06613
1.03
-0.152587
-0.094404
-0.0213203
0.0680283
0.17234
0.283321
0.401983
0.529357
0.665822
0.814806
0.963049
1.09477
1.20597
1.26336
1.2547
1.20902
1.1391
1.06264
0.991538
0.952323
-0.124811
-0.105496
-0.0416917
0.0482934
0.151283
0.262242
0.380534
0.507863
0.644494
0.794109
0.944358
1.0796
1.18872
1.25384
1.20883
1.06961
0.962419
0.888255
0.818498
0.836143
-0.154475
-0.121909
-0.0571922
0.0324137
0.135107
0.24604
0.364771
0.49182
0.628062
0.77707
0.926474
1.05988
1.15802
1.19433
1.1103
0.944418
0.818708
0.73411
0.646101
0.681221
-0.176958
-0.142099
-0.0756482
0.0140419
0.116736
0.227786
0.346616
0.473186
0.608569
0.756011
0.902624
1.03071
1.11652
1.11502
0.976571
0.800635
0.65706
0.553295
0.452666
0.473724
-0.198559
-0.162754
-0.0950005
-0.00467006
0.0981431
0.209175
0.32764
0.453488
0.587652
0.732815
0.87496
0.99337
1.06008
1.02438
0.837567
0.644503
0.473731
0.332221
0.202536
0.203029
-0.219686
-0.183605
-0.115029
-0.0241429
0.0788213
0.189692
0.307593
0.432488
0.564999
0.707168
0.84325
0.950613
0.994979
0.904602
0.699385
0.489695
0.295989
0.137567
-0.0675793
-0.149032
-0.24103
-0.205136
-0.136139
-0.0448986
0.0582034
0.168909
0.286253
0.410066
0.540637
0.679221
0.808124
0.905228
0.919184
0.778393
0.571726
0.353232
0.156176
-0.00624486
-0.127485
-0.236967
-0.263642
-0.227819
-0.15868
-0.0673215
0.0357509
0.14615
0.262786
0.385252
0.513385
0.647504
0.768445
0.850578
0.834918
0.657833
0.451361
0.239641
0.0595772
-0.0384569
-0.0638527
-0.0765763
-0.287683
-0.251949
-0.182776
-0.0914951
0.0113197
0.121189
0.236801
0.357504
0.482581
0.611193
0.722722
0.785168
0.74592
0.541638
0.337957
0.147039
0.0107171
-0.0275061
-0.0354647
-0.0358581
-0.313454
-0.277661
-0.208472
-0.117407
-0.0150422
0.0940031
0.208252
0.326733
0.448104
0.570261
0.671547
0.715609
0.637018
0.434393
0.238003
0.0720577
-0.00400972
-0.0179722
-0.0188365
-0.0186905
-0.340953
-0.304993
-0.235796
-0.145065
-0.0433664
0.0645818
0.177101
0.292888
0.409937
0.524773
0.615061
0.63998
0.523171
0.336559
0.151727
0.020448
-0.00823528
-0.00888631
-0.00941024
-0.00899769
-0.369938
-0.333792
-0.264663
-0.174406
-0.0735868
0.0329543
0.143346
0.255963
0.36813
0.47487
0.554024
0.557179
0.422785
0.247642
0.0846619
0.00900755
-0.0055725
-0.0036525
-0.00339866
-0.00301321
-0.399861
-0.363714
-0.294821
-0.205212
-0.105533
-0.000742441
0.107114
0.216058
0.322918
0.421164
0.488443
0.474431
0.331271
0.16976
0.039872
0.000665843
0.00134216
0.000811247
0.000997123
0.00127989
-0.43028
-0.394237
-0.325792
-0.237081
-0.138869
-0.0361992
0.0686799
0.17345
0.27461
0.364683
0.417661
0.396959
0.250165
0.108842
0.0140851
0.00577513
0.00415495
0.00382617
0.00387518
0.00403031
-0.460197
-0.424504
-0.356866
-0.269393
-0.173052
-0.072944
0.0285071
0.128644
0.22365
0.306307
0.347689
0.318584
0.18176
0.0663095
0.0091059
-0.000844235
0.00456643
0.00570975
0.00610302
0.00627671
-0.488078
-0.453261
-0.387021
-0.301277
-0.207312
-0.110273
-0.012726
0.0824005
0.170877
0.246507
0.282983
0.239293
0.12672
0.0342873
0.0104882
0.00767516
0.00716385
0.00771467
0.00797226
0.00812548
-0.512585
-0.479025
-0.414882
-0.331543
-0.240597
-0.147242
-0.0541285
0.0356686
0.11759
0.18589
0.219808
0.1718
0.0855613
0.0171275
-0.00432791
0.00484542
0.00800506
0.00906686
0.00941032
0.00956722
-0.531175
-0.49972
-0.438719
-0.358695
-0.271604
-0.182666
-0.0945783
-0.0104568
0.0651139
0.126357
0.157175
0.11904
0.0583092
0.0150407
0.00903546
0.00862021
0.00981059
0.0102142
0.0103417
0.0104697
-0.541899
-0.513323
-0.456504
-0.381022
-0.298824
-0.215166
-0.132745
-0.054697
0.0145783
0.0705271
0.100082
0.0745031
0.0406405
0.0160227
0.0154192
0.0116325
0.0100924
0.00985617
0.00979052
0.00985705
-0.542119
-0.517513
-0.466201
-0.396714
-0.320647
-0.243285
-0.167202
-0.0955445
-0.0327504
0.0189684
0.0521782
0.0339575
0.0231108
0.00937085
0.00754964
0.00758133
0.0072282
0.0070942
0.00705933
0.00710865
-0.529415
-0.50958
-0.46569
-0.404071
-0.335639
-0.265662
-0.196624
-0.131474
-0.0750557
-0.0294745
0.0158726
-0.00471803
0.00593367
-0.00568809
-0.00394795
0.000432896
0.00212958
0.00241555
0.00241841
0.00247679
-0.501993
-0.487586
-0.453262
-0.401936
-0.342784
-0.281327
-0.219984
-0.161395
-0.110542
-0.0726598
-0.0250799
-0.0201819
-0.010415
-0.0172616
-0.0109849
-0.00674096
-0.00419318
-0.00394005
-0.00424296
-0.00425513
-0.463365
-0.454222
-0.430298
-0.390694
-0.342176
-0.290057
-0.236724
-0.184708
-0.138671
-0.106267
-0.0749161
-0.0454465
-0.0138709
-0.0122893
-0.0194263
-0.0165786
-0.016404
-0.0173517
-0.0180859
-0.01813
-0.420574
-0.415358
-0.401695
-0.37348
-0.335944
-0.292735
-0.246976
-0.201051
-0.15887
-0.127646
-0.0997986
-0.0721381
-0.0370003
-0.00976757
0.00741357
-0.00558748
-0.0304539
-0.0436995
-0.0476229
-0.0482495
-0.383207
-0.38
-0.373456
-0.355538
-0.326917
-0.291173
-0.251762
-0.210433
-0.170198
-0.137386
-0.111729
-0.0968348
-0.0949836
-0.11702
-0.149022
-0.18357
-0.186296
-0.147482
-0.124042
-0.125245
-0.356259
-0.354355
-0.351078
-0.340515
-0.318667
-0.28845
-0.253003
-0.213847
-0.173343
-0.136514
-0.109062
-0.103534
-0.146914
-0.220303
-0.292624
-0.32803
-0.330632
-0.294628
-0.248242
-0.230946
-0.336504
-0.335837
-0.334753
-0.329558
-0.313619
-0.287018
-0.252705
-0.213172
-0.169634
-0.125908
-0.0951257
-0.0695031
-0.0568052
-0.0740151
-0.118843
-0.129026
-0.116392
-0.0928308
-0.0635893
-0.0485838
-0.324866
-0.324647
-0.324054
-0.321738
-0.310986
-0.286561
-0.251857
-0.210085
-0.161804
-0.108321
-0.0623621
0.000201068
0.0803728
0.155078
0.197346
0.226623
0.260092
0.294444
0.323699
0.338291
-0.31674
-0.316595
-0.3162
-0.315593
-0.3091
-0.287199
-0.251452
-0.206138
-0.151992
-0.0865466
-0.0186142
0.0687056
0.210526
0.387197
0.551861
0.681539
0.771888
0.830551
0.865708
0.880482
-0.311335
-0.311294
-0.311183
-0.311047
-0.307305
-0.28895
-0.252226
-0.202588
-0.142426
-0.0663716
0.0195555
0.116868
0.302379
0.562305
0.834312
1.07305
1.243
1.33725
1.37813
1.3914
-0.306859
-0.306852
-0.306783
-0.306699
-0.305387
-0.2911
-0.25432
-0.201024
-0.135511
-0.0520989
0.0448797
0.147868
0.344537
0.636777
0.956805
1.24952
1.4722
1.59465
1.64056
1.65266
-0.303002
-0.302989
-0.302864
-0.302616
-0.302517
-0.292629
-0.257669
-0.202605
-0.132912
-0.0459992
0.0554271
0.160018
0.33852
0.616744
0.922886
1.20637
1.42923
1.55483
1.60293
1.61476
-0.300039
-0.30003
-0.299964
-0.299908
-0.300306
-0.293465
-0.26219
-0.206728
-0.135437
-0.048323
0.0506526
0.148209
0.295144
0.539534
0.799671
1.0326
1.21953
1.32917
1.37221
1.38279
-0.297069
-0.297126
-0.297293
-0.297615
-0.297854
-0.294284
-0.267021
-0.213125
-0.14272
-0.0582552
0.033246
0.119472
0.231825
0.431333
0.642678
0.820137
0.961031
1.04606
1.07955
1.08753
-0.29397
-0.294063
-0.294197
-0.294346
-0.294532
-0.293356
-0.271007
-0.220554
-0.15346
-0.0745091
0.00790676
0.0818187
0.164217
0.317168
0.482293
0.614738
0.716689
0.778224
0.801943
0.806883
-0.290979
-0.291103
-0.291287
-0.291535
-0.291979
-0.291585
-0.273745
-0.227928
-0.166136
-0.0943383
-0.0214234
0.0411566
0.100487
0.214492
0.339254
0.436155
0.508698
0.551835
0.567986
0.57049
-0.287919
-0.288073
-0.288303
-0.28867
-0.289321
-0.289634
-0.27517
-0.234472
-0.179487
-0.115327
-0.0514371
0.000758388
0.0443103
0.127341
0.219929
0.289965
0.34103
0.370339
0.380542
0.38209
-0.285081
-0.285184
-0.285181
-0.284982
-0.284846
-0.285238
-0.274098
-0.240105
-0.192535
-0.135211
-0.0800022
-0.0368151
-0.00352754
0.0583001
0.126081
0.175347
0.21022
0.229938
0.236608
0.237401
-0.283798
-0.283734
-0.283198
-0.281554
-0.278819
-0.277562
-0.271755
-0.245771
-0.204432
-0.153152
-0.106327
-0.0703224
-0.0445498
0.00192454
0.0525258
0.0876187
0.111779
0.124882
0.129099
0.129325
-0.285299
-0.285165
-0.284592
-0.282969
-0.280199
-0.278343
-0.274413
-0.253255
-0.214691
-0.168627
-0.129684
-0.099181
-0.0777045
-0.0425906
-0.00462131
0.0214414
0.0392916
0.0489572
0.05196
0.0518813
-0.28839
-0.288553
-0.289278
-0.291446
-0.294603
-0.295066
-0.289187
-0.263996
-0.223575
-0.182793
-0.150592
-0.122334
-0.105019
-0.0765849
-0.0461446
-0.0259568
-0.0121197
-0.00479512
-0.0024986
-0.00275192
-0.288746
-0.28947
-0.292312
-0.300997
-0.314387
-0.318409
-0.307192
-0.272823
-0.231104
-0.197049
-0.166478
-0.140276
-0.12625
-0.103596
-0.0778467
-0.060054
-0.0475293
-0.0408702
-0.0389417
-0.0393582
-0.284263
-0.285025
-0.287867
-0.296367
-0.311786
-0.319905
-0.302917
-0.269284
-0.236771
-0.207617
-0.176535
-0.153267
-0.142152
-0.121188
-0.0984571
-0.0826851
-0.0713654
-0.0653388
-0.0635886
-0.0640759
-0.281096
-0.281491
-0.281602
-0.275729
-0.262163
-0.256324
-0.258433
-0.252303
-0.236911
-0.210787
-0.180912
-0.161784
-0.152408
-0.132735
-0.111578
-0.0967014
-0.0862166
-0.0807932
-0.0792378
-0.0797695
-0.284869
-0.28431
-0.280155
-0.258629
-0.217059
-0.192181
-0.212457
-0.235484
-0.234749
-0.20903
-0.181053
-0.165831
-0.155746
-0.136798
-0.117281
-0.103563
-0.0938673
-0.0889918
-0.087512
-0.0880253
-0.30182
-0.299494
-0.295866
-0.283063
-0.259287
-0.239657
-0.249492
-0.263051
-0.245772
-0.208087
-0.179575
-0.163891
-0.153225
-0.133831
-0.115448
-0.102634
-0.0938494
-0.0893688
-0.0880367
-0.0884975
-0.355269
-0.356791
-0.372884
-0.396946
-0.403922
-0.387173
-0.361564
-0.321121
-0.263622
-0.20729
-0.174969
-0.157187
-0.143386
-0.124799
-0.107553
-0.0947294
-0.0857474
-0.0811325
-0.0798189
-0.0803223
-0.436039
-0.446242
-0.475485
-0.505564
-0.514973
-0.496309
-0.450814
-0.365933
-0.270474
-0.200143
-0.165078
-0.143392
-0.127668
-0.110485
-0.0937932
-0.0806135
-0.0709802
-0.0659204
-0.0646625
-0.0652749
-0.471133
-0.482705
-0.505773
-0.526986
-0.534388
-0.51593
-0.461078
-0.354794
-0.251029
-0.181095
-0.143902
-0.119956
-0.107545
-0.0919845
-0.0751496
-0.0616551
-0.0520948
-0.0471872
-0.0462064
-0.0469712
-0.410253
-0.421231
-0.440059
-0.456815
-0.463752
-0.447729
-0.390603
-0.284637
-0.19915
-0.1436
-0.107842
-0.089835
-0.0828322
-0.0687279
-0.0535248
-0.0416694
-0.033212
-0.0290216
-0.0286148
-0.029516
-0.25571
-0.267224
-0.286727
-0.306614
-0.315368
-0.301553
-0.249813
-0.174805
-0.123097
-0.0850898
-0.0610223
-0.0540863
-0.052202
-0.0402764
-0.0298498
-0.022523
-0.0165568
-0.0139037
-0.0142621
-0.0152021
-0.00330626
-0.00926333
-0.0323036
-0.0631925
-0.0751196
-0.0733048
-0.0627199
-0.0444348
-0.0335927
-0.0222536
-0.0155131
-0.0123695
-0.0108802
-0.0100032
-0.0061983
-0.00692547
-0.00697229
-0.00719734
-0.00594906
-0.00505507
0.323228
0.502624
0.66552
0.802065
0.908701
0.990318
1.05703
1.11144
1.12461
1.12244
0.592392
0.706148
0.812286
0.902987
0.978162
1.0394
1.08746
1.12005
1.13777
1.15511
0.774425
0.849724
0.924107
0.988899
1.04369
1.08902
1.12491
1.15267
1.17366
1.19305
0.910035
0.963787
1.01771
1.06601
1.10766
1.14321
1.17327
1.19865
1.21822
1.23713
1.02073
1.06148
1.10168
1.13947
1.17335
1.20345
1.22989
1.25244
1.27003
1.28812
1.11366
1.14777
1.18125
1.21343
1.24321
1.27029
1.29431
1.3146
1.33005
1.34753
1.19934
1.23032
1.26152
1.29176
1.31996
1.34565
1.36825
1.38681
1.40048
1.41747
1.2846
1.3166
1.34838
1.37903
1.40732
1.43269
1.45447
1.47174
1.48393
1.50042
1.37799
1.41417
1.44859
1.48069
1.50954
1.5346
1.55547
1.57157
1.58304
1.59915
1.49057
1.53126
1.568
1.60059
1.62881
1.65259
1.67205
1.6872
1.699
1.71503
1.63191
1.67266
1.70775
1.73712
1.76216
1.78365
1.80205
1.81746
1.83051
1.84643
1.80306
1.83493
1.86185
1.88417
1.90419
1.92284
1.94053
1.95726
1.97213
1.98784
1.98903
2.00619
2.02324
2.0399
2.05597
2.07068
2.08455
2.09901
2.11422
2.13152
2.17238
2.18226
2.19541
2.20638
2.21578
2.22542
2.236
2.24616
2.25543
2.2811
2.39012
2.38442
2.37147
2.35721
2.3509
2.35658
2.37471
2.40323
2.43699
2.47332
2.69296
2.55701
2.47748
2.4349
2.41756
2.42156
2.44898
2.50683
2.61448
2.79289
1.12699
1.12069
1.11296
1.10186
1.08829
1.07566
1.06528
1.0573
1.05162
1.04835
1.04808
1.05098
1.05627
1.06367
1.07325
1.08511
1.09868
1.11162
1.12062
1.12816
1.03604
1.04196
1.05004
1.05618
1.05926
1.05876
1.0557
1.05173
1.04819
1.04597
1.04592
1.04825
1.05207
1.05656
1.06069
1.06297
1.06191
1.05729
1.05024
1.04241
1.02926
1.03163
1.0349
1.03769
1.04015
1.04236
1.04356
1.04345
1.04257
1.04183
1.04213
1.04364
1.04549
1.04677
1.04674
1.0453
1.04317
1.04082
1.03785
1.03484
1.02442
1.02551
1.02743
1.02978
1.03167
1.03309
1.03434
1.03537
1.03603
1.03649
1.03715
1.038
1.03855
1.0385
1.03792
1.03703
1.03573
1.03378
1.03169
1.03021
1.01933
1.01997
1.0211
1.02287
1.02474
1.02636
1.02765
1.02876
1.02981
1.03081
1.03172
1.03236
1.0326
1.03247
1.03199
1.03106
1.02967
1.02809
1.02677
1.02597
1.01433
1.01477
1.01556
1.01688
1.01843
1.02003
1.02155
1.02291
1.02414
1.02534
1.02644
1.02719
1.02749
1.02735
1.02676
1.02582
1.02471
1.0236
1.02272
1.02219
1.00939
1.00972
1.01034
1.01143
1.01276
1.0142
1.01573
1.01727
1.01876
1.0202
1.02153
1.02245
1.02282
1.0227
1.02219
1.02148
1.02069
1.01988
1.01924
1.01885
1.0045
1.00475
1.00525
1.00619
1.0074
1.00875
1.01024
1.01185
1.01355
1.01528
1.01688
1.01802
1.01854
1.01859
1.01832
1.01787
1.0173
1.01673
1.01627
1.01598
0.99957
0.99977
1.00019
1.00102
1.00216
1.00348
1.00496
1.00664
1.0085
1.0105
1.01245
1.0139
1.0147
1.01502
1.01503
1.01482
1.01448
1.01411
1.0138
1.01357
0.994518
0.994678
0.99504
0.995801
0.996902
0.998215
0.999745
1.00153
1.00358
1.00588
1.00823
1.01009
1.01127
1.01193
1.01223
1.01228
1.01218
1.012
1.01181
1.01163
0.989248
0.989377
0.989698
0.99042
0.991513
0.992864
0.994482
0.996417
0.998713
1.00138
1.00422
1.0066
1.00824
1.00929
1.00992
1.01026
1.0104
1.01041
1.01032
1.01017
0.983664
0.983767
0.984061
0.984769
0.985891
0.987325
0.989076
0.991223
0.99384
0.996969
1.00041
1.00341
1.00559
1.00709
1.00811
1.00876
1.00917
1.00936
1.00937
1.00925
0.97766
0.97774
0.97802
0.978738
0.979925
0.981485
0.983427
0.985857
0.988883
0.992585
0.996756
1.00051
1.00332
1.00536
1.00681
1.00785
1.00854
1.00892
1.00901
1.00891
0.971114
0.971174
0.971448
0.9722
0.973489
0.975223
0.977422
0.980219
0.983759
0.988167
0.993227
0.997882
1.00145
1.00412
1.00609
1.00754
1.00856
1.00915
1.00932
1.00924
0.963886
0.963923
0.964201
0.96501
0.966439
0.968404
0.970935
0.974197
0.978377
0.983648
0.989785
0.995518
0.999995
1.00341
1.00598
1.00792
1.00932
1.01013
1.01039
1.01031
0.955798
0.955816
0.9561
0.956988
0.9586
0.960862
0.963815
0.967658
0.97263
0.978957
0.986392
0.993413
0.998964
1.00326
1.00655
1.00907
1.01091
1.01196
1.0123
1.01223
0.946599
0.946604
0.946913
0.947906
0.949759
0.952395
0.955878
0.960447
0.966397
0.974012
0.983012
0.991566
0.998385
1.00371
1.00785
1.01108
1.01341
1.01473
1.01514
1.01507
0.936015
0.935995
0.936344
0.937488
0.939641
0.942751
0.946901
0.952376
0.959536
0.968726
0.979607
0.989974
0.998284
1.00483
1.00997
1.014
1.0169
1.01851
1.01899
1.01892
0.923661
0.92362
0.924021
0.925355
0.927889
0.931608
0.936604
0.943221
0.951887
0.963003
0.976141
0.988642
0.998687
1.00664
1.01296
1.01792
1.02147
1.02337
1.02391
1.02383
0.909015
0.908951
0.909435
0.911023
0.914048
0.918555
0.924642
0.932715
0.943274
0.956754
0.972588
0.987583
0.99962
1.00919
1.01686
1.02287
1.02712
1.0293
1.02988
1.02978
0.891348
0.891262
0.891875
0.893821
0.897506
0.90306
0.910586
0.920554
0.933516
0.949908
0.968946
0.986813
1.00111
1.01251
1.02167
1.02885
1.03383
1.03625
1.03683
1.03671
0.869616
0.869512
0.870338
0.872807
0.877421
0.884428
0.893917
0.906409
0.922462
0.942439
0.965249
0.986375
1.00318
1.01658
1.02738
1.03582
1.04148
1.04405
1.04459
1.04444
0.842227
0.842125
0.843309
0.846594
0.85263
0.861761
0.874046
0.889985
0.910038
0.934402
0.961582
0.986328
1.00586
1.02141
1.03394
1.04365
1.04986
1.05244
1.05288
1.05269
0.806603
0.806561
0.808398
0.8131
0.82153
0.834027
0.85045
0.871141
0.896328
0.925961
0.958097
0.986772
1.00917
1.02696
1.04127
1.05214
1.05863
1.06102
1.06132
1.0611
0.75816
0.758363
0.761655
0.769359
0.782272
0.800337
0.822937
0.850066
0.88165
0.917413
0.95501
0.987834
1.01317
1.0332
1.04922
1.06099
1.06735
1.06933
1.06945
1.06922
0.688299
0.689841
0.697901
0.712566
0.733803
0.760774
0.792109
0.827443
0.866572
0.909157
0.952549
0.989624
1.0179
1.04002
1.05751
1.0697
1.07544
1.07684
1.07681
1.07659
0.604753
0.60771
0.623463
0.648918
0.68161
0.71905
0.759798
0.803729
0.850763
0.900661
0.950527
0.992625
1.02455
1.04934
1.06823
1.08017
1.08499
1.08589
1.08582
1.08569
0.518885
0.526589
0.550326
0.586549
0.63027
0.67798
0.728135
0.780682
0.83562
0.892772
0.949029
0.996057
1.03151
1.05889
1.07902
1.09014
1.09352
1.09388
1.09379
1.09371
0.448262
0.458239
0.487008
0.530852
0.583194
0.639559
0.698161
0.758752
0.821178
0.885173
0.947363
0.998849
1.0374
1.06685
1.08744
1.09753
1.10006
1.10025
1.10017
1.10012
0.390122
0.400882
0.433501
0.482973
0.541809
0.605053
0.670694
0.738288
0.807443
0.877707
0.945347
1.00093
1.04229
1.07345
1.09427
1.10349
1.10546
1.10555
1.10548
1.10545
0.341174
0.352333
0.387622
0.441467
0.505566
0.574472
0.646004
0.7196
0.794678
0.870582
0.943199
1.00255
1.04649
1.07917
1.10007
1.10848
1.11005
1.11009
1.11003
1.11001
0.299016
0.310356
0.34763
0.40497
0.473441
0.547176
0.623806
0.702658
0.783005
0.863995
0.941146
1.00391
1.0502
1.0842
1.10502
1.11275
1.11404
1.11404
1.11399
1.11397
0.261927
0.273335
0.312157
0.372382
0.444563
0.522477
0.603611
0.687182
0.772324
0.857978
0.939281
1.00515
1.05352
1.08862
1.10929
1.11643
1.11752
1.11748
1.11742
1.11741
0.228652
0.240082
0.280122
0.342829
0.418231
0.499816
0.584967
0.672838
0.762413
0.852432
0.937595
1.00627
1.05648
1.09248
1.11293
1.11958
1.12051
1.12043
1.12036
1.12034
0.19816
0.209625
0.250739
0.31564
0.393897
0.478743
0.567512
0.659327
0.753056
0.847226
0.93605
1.0073
1.05911
1.0958
1.11597
1.12219
1.12299
1.12287
1.12278
1.12275
0.169862
0.181366
0.223432
0.290303
0.371115
0.458896
0.550957
0.646415
0.744063
0.842247
0.934636
1.0083
1.06145
1.09863
1.11839
1.12422
1.12493
1.12478
1.12467
1.12463
0.143259
0.154814
0.197759
0.266424
0.349546
0.43999
0.53507
0.633916
0.735293
0.837406
0.933372
1.00937
1.06363
1.10097
1.1202
1.12567
1.1263
1.12615
1.12604
1.12599
0.117947
0.129637
0.173397
0.243718
0.328942
0.421805
0.519668
0.621683
0.726616
0.832624
0.932281
1.01065
1.0658
1.10298
1.12149
1.12658
1.12718
1.12706
1.12697
1.12692
0.0937697
0.10561
0.150144
0.221978
0.309118
0.404194
0.504617
0.609592
0.717924
0.827801
0.931359
1.01231
1.06822
1.10484
1.12238
1.12708
1.12769
1.12764
1.12759
1.12754
0.0705094
0.0825498
0.12782
0.201075
0.289954
0.387038
0.489814
0.597551
0.709126
0.822843
0.930553
1.0145
1.07122
1.10687
1.12305
1.12731
1.128
1.12805
1.12801
1.12796
0.048144
0.0603644
0.106338
0.180925
0.271371
0.37027
0.475201
0.585495
0.700145
0.817638
0.929764
1.01731
1.0752
1.10952
1.12373
1.12724
1.1281
1.12836
1.12833
1.12825
0.026535
0.0389879
0.085674
0.161478
0.253317
0.353847
0.460732
0.573385
0.690922
0.812093
0.928851
1.02074
1.08054
1.1135
1.12491
1.12681
1.12759
1.12833
1.1287
1.12867
0.00581005
0.0183983
0.0657848
0.142688
0.235772
0.337771
0.446396
0.561194
0.681419
0.806133
0.92765
1.02466
1.08751
1.11967
1.12767
1.1267
1.12649
1.1279
1.12967
1.13028
-0.0142187
-0.00141619
0.0466484
0.124525
0.218713
0.322019
0.432212
0.548919
0.671611
0.799703
0.925991
1.02882
1.09617
1.12891
1.13386
1.12925
1.12675
1.12852
1.1326
1.13503
-0.0334417
-0.0204243
0.0282349
0.106992
0.202174
0.306625
0.418205
0.536607
0.661508
0.792729
0.923716
1.0329
1.10628
1.14163
1.1451
1.13723
1.13195
1.13323
1.13949
1.14512
-0.0519588
-0.0387296
0.0105645
0.0901128
0.186154
0.291613
0.404413
0.524275
0.65113
0.785216
0.920683
1.03649
1.11731
1.15747
1.16161
1.15205
1.14403
1.14188
1.14204
1.1388
-0.0696985
-0.0563224
-0.00646256
0.0737053
0.170422
0.276703
0.390511
0.511546
0.64008
0.776745
0.916518
1.03926
1.12918
1.17671
1.18375
1.17406
1.16347
1.15291
1.1414
1.14375
-0.0866666
-0.0733055
-0.0228795
0.0578094
0.154967
0.261906
0.376503
0.498363
0.628268
0.767096
0.910831
1.04037
1.14064
1.19833
1.2097
1.2006
1.18573
1.17126
1.13495
1.0995
-0.102696
-0.0895519
-0.038692
0.0425485
0.139766
0.247193
0.362353
0.484817
0.615693
0.756186
0.903291
1.03894
1.14956
1.22
1.23689
1.2244
1.20298
1.16884
1.11579
1.06554
-0.120495
-0.103987
-0.053718
0.028392
0.125089
0.232799
0.347664
0.470924
0.6024
0.744046
0.893652
1.03422
1.15323
1.23952
1.26333
1.2432
1.19751
1.13502
1.06489
1.00636
-0.108406
-0.083034
-0.0279407
0.058067
0.161998
0.273032
0.394029
0.521429
0.658005
0.807332
0.956576
1.08989
1.20174
1.2771
1.26661
1.17504
1.10598
1.03164
0.961255
0.916825
-0.121451
-0.113369
-0.0710262
0.005421
0.102338
0.209326
0.32481
0.448259
0.580076
0.722415
0.873726
1.01845
1.14265
1.23569
1.27123
1.21814
1.0893
0.99873
0.932047
0.856345
-0.1416
-0.130735
-0.0848005
-0.00689684
0.0906856
0.197256
0.311852
0.43462
0.566066
0.708066
0.859544
1.00529
1.12835
1.2086
1.21058
1.09071
0.944593
0.849123
0.776551
0.698231
-0.163676
-0.151656
-0.102562
-0.0236848
0.0738883
0.180767
0.29563
0.418477
0.549537
0.690916
0.840923
0.983886
1.09753
1.16136
1.11934
0.955747
0.801894
0.69225
0.605913
0.495613
-0.18512
-0.17311
-0.122397
-0.0423808
0.0552246
0.162279
0.277174
0.399701
0.530033
0.670114
0.817432
0.955025
1.05776
1.0953
1.00478
0.813181
0.63972
0.503698
0.393286
0.249861
-0.206242
-0.194326
-0.142634
-0.0616178
0.0363069
0.143393
0.257984
0.379821
0.509043
0.647198
0.7908
0.921366
1.01362
1.00906
0.869244
0.66669
0.46944
0.297347
0.151691
-0.0913011
-0.227499
-0.215783
-0.163551
-0.0819051
0.0162986
0.123411
0.237627
0.358669
0.486518
0.622235
0.76125
0.882018
0.958913
0.922712
0.735783
0.526026
0.316519
0.135563
-0.0326511
-0.279998
-0.249458
-0.237934
-0.185529
-0.103547
-0.00518709
0.101905
0.215729
0.335916
0.462191
0.595009
0.728734
0.837738
0.896241
0.827755
0.61365
0.398938
0.193825
0.0218968
-0.0638783
-0.110823
-0.272817
-0.261419
-0.208919
-0.126839
-0.0285588
0.078294
0.191511
0.310525
0.434749
0.563894
0.691098
0.789077
0.82113
0.707019
0.497494
0.287016
0.104115
-0.0102109
-0.0449757
-0.0505022
-0.297768
-0.286432
-0.233839
-0.151786
-0.0537597
0.0526115
0.164926
0.2824
0.404036
0.528703
0.648092
0.735533
0.731608
0.58927
0.386998
0.192044
0.0390272
-0.0151063
-0.0237116
-0.0259427
-0.324456
-0.31311
-0.260357
-0.178404
-0.0807952
0.0248396
0.135946
0.251462
0.369977
0.489428
0.599911
0.674149
0.644497
0.477456
0.288205
0.107957
0.00924676
-0.01316
-0.0134365
-0.0135949
-0.352769
-0.34138
-0.288452
-0.206682
-0.109649
-0.00499904
0.104551
0.217688
0.332563
0.446065
0.547006
0.605094
0.563305
0.376788
0.20146
0.0496336
-0.00371176
-0.00540793
-0.00614203
-0.00609345
-0.382351
-0.370953
-0.31792
-0.236471
-0.14021
-0.0368238
0.0708074
0.181118
0.291843
0.398894
0.489741
0.533801
0.471272
0.288829
0.126728
0.0209017
-0.0020018
-0.00155219
-0.00118592
-0.000906014
-0.412765
-0.401382
-0.348379
-0.267437
-0.172194
-0.0704004
0.0349298
0.141944
0.248016
0.348443
0.428545
0.459012
0.374833
0.212062
0.0689969
0.0158837
0.0041834
0.00306821
0.00252475
0.00261994
-0.443254
-0.431983
-0.379223
-0.299026
-0.205137
-0.105318
-0.00272467
0.100533
0.20145
0.295173
0.365535
0.378111
0.289687
0.149849
0.0365012
-0.00272326
0.00322745
0.00426822
0.00476311
0.00494411
-0.472747
-0.461693
-0.409514
-0.330447
-0.238344
-0.140963
-0.0415759
0.0574828
0.15282
0.239544
0.30316
0.302336
0.214314
0.0989844
0.0216713
0.00434234
0.00515963
0.00642874
0.00686877
0.00704521
-0.499459
-0.488906
-0.437946
-0.36059
-0.270854
-0.176479
-0.0808382
0.0135913
0.103094
0.18258
0.240912
0.235283
0.150896
0.0620721
0.00844553
0.00644599
0.00710836
0.00797189
0.00846614
0.00863654
-0.521862
-0.512038
-0.462925
-0.388
-0.301409
-0.210747
-0.119477
-0.0301461
0.0534163
0.125874
0.177713
0.175947
0.103117
0.0402292
0.0073718
0.00210052
0.00761472
0.00932576
0.00976407
0.00991598
-0.537431
-0.52853
-0.482327
-0.410922
-0.328504
-0.242424
-0.156234
-0.0725168
0.00492924
0.0710128
0.117523
0.121362
0.0690742
0.0307535
0.0163006
0.0129373
0.0105216
0.0101489
0.0101311
0.0101737
-0.544108
-0.536039
-0.493858
-0.427449
-0.350441
-0.270013
-0.189711
-0.112111
-0.0410564
0.0191101
0.0638662
0.0702415
0.0409995
0.0227785
0.0113065
0.0114576
0.00938274
0.00871257
0.00853835
0.00853682
-0.537846
-0.531207
-0.495816
-0.435696
-0.365508
-0.292026
-0.218504
-0.147472
-0.0828693
-0.0290791
0.0156585
0.0274266
0.0127569
0.00989895
0.00184531
0.00371426
0.00444287
0.004752
0.00476782
0.00481654
-0.517401
-0.512824
-0.485526
-0.43417
-0.372458
-0.30722
-0.241416
-0.177368
-0.118883
-0.0716206
-0.0329344
-0.0113553
-0.00266054
0.00788389
-0.00667375
-0.00430137
-0.00142843
-0.000598193
-0.000664676
-0.000669868
-0.483632
-0.480438
-0.462243
-0.422249
-0.370778
-0.315013
-0.257712
-0.20096
-0.14826
-0.106175
-0.0796408
-0.0433654
-0.0177276
-0.00790992
-0.0128399
-0.0141003
-0.0111754
-0.00941993
-0.0097032
-0.00992759
-0.44171
-0.439717
-0.429641
-0.402317
-0.361903
-0.316044
-0.267377
-0.217834
-0.170629
-0.132164
-0.106777
-0.0783735
-0.0380707
-0.0110363
-0.000639641
5.80207e-05
-0.0139858
-0.0267396
-0.0309797
-0.031352
-0.400474
-0.399303
-0.394513
-0.378819
-0.349517
-0.31229
-0.271377
-0.228155
-0.185371
-0.148001
-0.121513
-0.0978534
-0.0725895
-0.0531845
-0.0364456
-0.041713
-0.0601387
-0.0699721
-0.0714991
-0.0728845
-0.368113
-0.367459
-0.364991
-0.356335
-0.336306
-0.306811
-0.271653
-0.232885
-0.192441
-0.154056
-0.126106
-0.102582
-0.120994
-0.160966
-0.237693
-0.287473
-0.306412
-0.290049
-0.241022
-0.210763
-0.345419
-0.344764
-0.343487
-0.340008
-0.326658
-0.302656
-0.270748
-0.233868
-0.193152
-0.151164
-0.117061
-0.0915092
-0.103244
-0.127897
-0.194414
-0.238374
-0.244244
-0.228408
-0.193315
-0.164614
-0.33017
-0.329953
-0.329453
-0.327639
-0.320424
-0.300693
-0.270366
-0.232768
-0.189507
-0.141746
-0.0983075
-0.0599787
-0.0122943
0.0294358
0.0333362
0.0254664
0.039753
0.0624283
0.0903511
0.112791
-0.320408
-0.320371
-0.320052
-0.319508
-0.316065
-0.30019
-0.270403
-0.230617
-0.183569
-0.128305
-0.0684288
-0.009599
0.0892607
0.213067
0.329465
0.415684
0.480336
0.531715
0.57027
0.59399
-0.313833
-0.313811
-0.313599
-0.313418
-0.311804
-0.300442
-0.271428
-0.229003
-0.176969
-0.113446
-0.0372555
0.0414592
0.170438
0.369915
0.600635
0.810324
0.969906
1.07088
1.12543
1.14923
-0.308958
-0.308962
-0.308903
-0.308762
-0.30832
-0.30122
-0.273762
-0.228716
-0.171525
-0.101033
-0.0131448
0.0794126
0.219705
0.464538
0.769439
1.06104
1.30439
1.45988
1.53272
1.55663
-0.304857
-0.304885
-0.304879
-0.304801
-0.304839
-0.30091
-0.276751
-0.230521
-0.16917
-0.0936298
0.000450303
0.102594
0.23815
0.484237
0.797309
1.1087
1.3774
1.556
1.63765
1.66286
-0.301408
-0.301413
-0.301339
-0.301087
-0.301018
-0.299532
-0.279948
-0.23437
-0.17056
-0.092478
0.00271686
0.105863
0.224356
0.445312
0.727136
1.00272
1.24262
1.40818
1.48659
1.51088
-0.298605
-0.298611
-0.29866
-0.298804
-0.299132
-0.298108
-0.283356
-0.239729
-0.175833
-0.0975863
-0.00572183
0.0905595
0.187935
0.369776
0.609053
0.829877
1.0154
1.14822
1.21349
1.23405
-0.295477
-0.295539
-0.295647
-0.295862
-0.296043
-0.296312
-0.285842
-0.245525
-0.183995
-0.108301
-0.0227633
0.0630337
0.141135
0.279068
0.471048
0.642929
0.779938
0.877593
0.925637
0.940683
-0.292428
-0.292522
-0.292646
-0.292815
-0.292963
-0.293684
-0.286519
-0.251033
-0.193419
-0.123011
-0.045444
0.0296668
0.0915477
0.191936
0.338763
0.46846
0.568228
0.638474
0.672034
0.681713
-0.289408
-0.289528
-0.289704
-0.289978
-0.290399
-0.291266
-0.286471
-0.255533
-0.20332
-0.139773
-0.0705292
-0.00579579
0.0433646
0.114786
0.225076
0.32078
0.391973
0.441109
0.464026
0.470285
-0.286339
-0.286485
-0.286634
-0.286817
-0.287118
-0.287858
-0.284747
-0.258587
-0.212991
-0.156684
-0.0953239
-0.0401444
-0.000677647
0.0510193
0.132525
0.202265
0.252073
0.285903
0.301146
0.304606
-0.284075
-0.284179
-0.284091
-0.283538
-0.282305
-0.281388
-0.279867
-0.26043
-0.222115
-0.172423
-0.118179
-0.0719117
-0.0402067
-0.00140047
0.0597199
0.109632
0.144184
0.166836
0.176653
0.179112
-0.284177
-0.284168
-0.283843
-0.282602
-0.27978
-0.276606
-0.275698
-0.263031
-0.231208
-0.18581
-0.138698
-0.10056
-0.0736794
-0.0443124
0.00192112
0.0388146
0.0634436
0.07948
0.086143
0.0876069
-0.286875
-0.286845
-0.286772
-0.286607
-0.286161
-0.28516
-0.283739
-0.272212
-0.240354
-0.196887
-0.157547
-0.124906
-0.101561
-0.0780935
-0.0424446
-0.0146464
0.0040908
0.0162841
0.0212912
0.0222767
-0.289139
-0.289362
-0.290239
-0.293639
-0.301006
-0.307512
-0.30546
-0.28718
-0.248354
-0.207796
-0.174505
-0.144658
-0.123396
-0.105488
-0.0759331
-0.0528051
-0.0372697
-0.027301
-0.0232061
-0.0225739
-0.286674
-0.287223
-0.288832
-0.295134
-0.309502
-0.324017
-0.31997
-0.292795
-0.252634
-0.218192
-0.18794
-0.158392
-0.140175
-0.125577
-0.100662
-0.080411
-0.0662052
-0.0568188
-0.0530188
-0.0525664
-0.281768
-0.282282
-0.283389
-0.286109
-0.289184
-0.294227
-0.292518
-0.275487
-0.249721
-0.224881
-0.194812
-0.1669
-0.15258
-0.139484
-0.115909
-0.0974605
-0.0846059
-0.076284
-0.0729074
-0.0725793
-0.281732
-0.281865
-0.281589
-0.275054
-0.25005
-0.220112
-0.220833
-0.236483
-0.240547
-0.224913
-0.194615
-0.17163
-0.159429
-0.146702
-0.12485
-0.107648
-0.0955207
-0.0877684
-0.0846583
-0.084384
-0.290777
-0.290105
-0.287576
-0.275596
-0.242397
-0.205319
-0.205293
-0.23346
-0.245489
-0.22469
-0.193097
-0.171793
-0.160625
-0.146762
-0.125931
-0.110094
-0.0989373
-0.0920304
-0.0891851
-0.0889435
-0.323763
-0.321107
-0.321992
-0.327951
-0.332056
-0.317342
-0.302686
-0.298877
-0.275363
-0.231142
-0.190298
-0.168534
-0.155291
-0.140552
-0.120373
-0.105339
-0.0945913
-0.08794
-0.0852425
-0.0850295
-0.397776
-0.396811
-0.413069
-0.445543
-0.468479
-0.463457
-0.436566
-0.385252
-0.308112
-0.23386
-0.184968
-0.160667
-0.143757
-0.127743
-0.109168
-0.0944189
-0.0832224
-0.0761522
-0.0731908
-0.0730537
-0.464067
-0.467148
-0.487953
-0.516735
-0.534765
-0.531196
-0.497401
-0.422981
-0.313392
-0.223412
-0.171772
-0.143608
-0.124826
-0.110228
-0.0926892
-0.0777485
-0.0660918
-0.0586934
-0.0557079
-0.0557625
-0.452555
-0.456915
-0.473598
-0.493962
-0.508813
-0.505306
-0.470195
-0.384006
-0.272237
-0.193088
-0.144404
-0.115065
-0.09988
-0.089238
-0.0723789
-0.057716
-0.0465155
-0.0396154
-0.0370014
-0.0373278
-0.345487
-0.350411
-0.365364
-0.385061
-0.399379
-0.396779
-0.36378
-0.280608
-0.194396
-0.138234
-0.0988403
-0.0769701
-0.0707378
-0.0627959
-0.0480618
-0.0364662
-0.0277328
-0.0223251
-0.0207278
-0.0213418
-0.00501035
-0.0182599
-0.0487431
-0.0716006
-0.0752789
-0.0695267
-0.05306
-0.0391486
-0.0277148
-0.0180065
-0.0141353
-0.0104087
-0.0124801
-0.00661425
-0.00659809
-0.006985
-0.00715266
-0.00677171
-0.00519809
-0.00833667
-0.273532
0.130986
0.4544
0.663451
0.812726
0.923218
1.00598
1.07191
1.14697
1.1988
0.391246
0.545992
0.681386
0.802097
0.901682
0.98135
1.04503
1.09506
1.1222
1.12878
0.650463
0.735724
0.828094
0.910798
0.980789
1.03897
1.08572
1.12062
1.14478
1.16392
0.81572
0.877658
0.941653
1.0013
1.05285
1.09641
1.1324
1.16182
1.1856
1.20451
0.944589
0.990968
1.0378
1.08231
1.1221
1.15688
1.18705
1.2131
1.23451
1.2521
1.04985
1.0879
1.12393
1.15919
1.19221
1.22214
1.24886
1.2722
1.29117
1.3071
1.14234
1.173
1.20516
1.23657
1.26638
1.29392
1.31868
1.34011
1.35703
1.37144
1.22788
1.25711
1.2883
1.31904
1.34823
1.37509
1.39897
1.41915
1.43439
1.44757
1.31482
1.34662
1.38017
1.41236
1.44237
1.46939
1.49279
1.51196
1.52595
1.53826
1.41454
1.45077
1.48824
1.52244
1.55316
1.57987
1.60226
1.6202
1.63341
1.64581
1.53933
1.57851
1.61805
1.65195
1.68114
1.70593
1.72666
1.74359
1.75691
1.77028
1.69836
1.73349
1.76863
1.79719
1.82127
1.84252
1.86165
1.87885
1.89374
1.90814
1.88591
1.90802
1.93157
1.95142
1.9697
1.98704
2.00353
2.01989
2.03606
2.05162
2.07818
2.0863
2.10007
2.11489
2.12932
2.14226
2.15389
2.1651
2.1768
2.19288
2.27361
2.27353
2.28355
2.28703
2.28802
2.2924
2.30288
2.31777
2.3321
2.34651
2.5707
2.51519
2.46069
2.42105
2.39879
2.39463
2.40815
2.44196
2.49982
2.58016
1.24909
1.19659
1.15372
1.12071
1.09698
1.07988
1.06747
1.05851
1.05235
1.04884
1.04852
1.05155
1.05716
1.06525
1.07624
1.0911
1.11144
1.13963
1.17767
1.22703
1.06017
1.06912
1.07588
1.07614
1.07145
1.06469
1.05799
1.05243
1.04855
1.04693
1.04823
1.05198
1.05745
1.06417
1.07145
1.07777
1.08053
1.0771
1.06802
1.06171
1.03281
1.03501
1.03988
1.04403
1.04759
1.04965
1.0495
1.04775
1.04559
1.0441
1.04421
1.04614
1.04896
1.0517
1.05324
1.05261
1.04989
1.04619
1.0418
1.03714
1.02757
1.02853
1.03103
1.0335
1.0354
1.03707
1.03849
1.03924
1.03932
1.03926
1.03975
1.04088
1.04194
1.0423
1.04172
1.04053
1.03906
1.03711
1.03464
1.03254
1.02218
1.02266
1.02412
1.02621
1.02815
1.02965
1.03084
1.03191
1.03285
1.03365
1.03444
1.03513
1.03543
1.03529
1.03481
1.03397
1.03259
1.03076
1.02908
1.02802
1.01704
1.01734
1.01827
1.01978
1.02149
1.02314
1.02457
1.02579
1.02693
1.02803
1.02904
1.02972
1.02997
1.02985
1.02931
1.02833
1.02705
1.02573
1.02466
1.02403
1.01201
1.01222
1.01292
1.01411
1.01553
1.01705
1.0186
1.02007
1.02143
1.02274
1.02394
1.02478
1.02511
1.02496
1.02439
1.02355
1.02261
1.02166
1.02091
1.02046
1.00706
1.00723
1.00778
1.00879
1.01005
1.01144
1.01295
1.01454
1.01614
1.01772
1.01918
1.0202
1.02063
1.02057
1.02018
1.0196
1.01892
1.01823
1.01769
1.01735
1.00214
1.00226
1.00272
1.0036
1.00477
1.00611
1.00759
1.00923
1.01101
1.01287
1.01464
1.01592
1.01656
1.01674
1.01661
1.01628
1.01583
1.01535
1.01498
1.01471
0.997137
0.997239
0.997627
0.998417
0.999534
1.00085
1.00236
1.00408
1.00603
1.00817
1.01031
1.01195
1.01293
1.01342
1.01357
1.01349
1.01327
1.01299
1.01274
1.01254
0.991971
0.992055
0.992394
0.99313
0.994224
0.995556
0.997128
0.998979
1.00114
1.00362
1.0062
1.00831
1.00971
1.01056
1.01102
1.01121
1.01123
1.01114
1.011
1.01084
0.986543
0.986612
0.986917
0.987625
0.988729
0.990125
0.991806
0.993838
0.996283
0.999168
1.00229
1.00497
1.00686
1.00814
1.00895
1.00944
1.00971
1.00981
1.00977
1.00964
0.980751
0.980807
0.981092
0.981797
0.982948
0.984449
0.986293
0.98857
0.991378
0.994778
0.998565
1.00193
1.0044
1.00617
1.0074
1.00823
1.00877
1.00906
1.00911
1.009
0.974482
0.974528
0.974802
0.975528
0.976762
0.978415
0.980481
0.983082
0.986349
0.990385
0.99498
0.999162
1.00234
1.00468
1.00638
1.00762
1.00846
1.00895
1.00908
1.00899
0.967603
0.96764
0.967913
0.968681
0.970036
0.971893
0.974253
0.977267
0.981108
0.985925
0.991498
0.996666
1.00067
1.0037
1.00596
1.00764
1.00884
1.00954
1.00975
1.00967
0.95996
0.959988
0.960266
0.961096
0.962613
0.964736
0.967472
0.971006
0.975558
0.98133
0.988086
0.994432
0.999423
1.00326
1.00619
1.0084
1.01
1.01093
1.01123
1.01116
0.951351
0.951377
0.951653
0.952568
0.954299
0.956761
0.959969
0.964152
0.969585
0.976522
0.984704
0.992457
0.998614
1.00341
1.00712
1.00996
1.01203
1.01322
1.01359
1.01353
0.941479
0.941496
0.941826
0.942843
0.944852
0.947743
0.951545
0.956537
0.963057
0.971418
0.981317
0.990738
0.998272
1.00419
1.00882
1.01241
1.01502
1.01649
1.01693
1.01687
0.930061
0.930068
0.930425
0.931612
0.933964
0.937397
0.941948
0.947955
0.955824
0.965926
0.977885
0.989276
0.99842
1.00565
1.01136
1.01582
1.01904
1.0208
1.02131
1.02124
0.91664
0.91664
0.917044
0.918435
0.921227
0.925359
0.930867
0.938161
0.947716
0.959951
0.974378
0.988081
0.999085
1.00783
1.0148
1.02025
1.02415
1.02619
1.02676
1.02667
0.900606
0.900599
0.901071
0.902741
0.906117
0.911163
0.917919
0.926869
0.938552
0.953411
0.97078
0.987164
1.00029
1.01076
1.01916
1.02572
1.03033
1.03265
1.03324
1.03313
0.881099
0.881084
0.881661
0.88373
0.887913
0.894203
0.902628
0.913757
0.928162
0.946252
0.967103
0.986554
1.00207
1.01446
1.02442
1.0322
1.03753
1.04005
1.04063
1.04049
0.856849
0.856827
0.857571
0.860259
0.86563
0.873684
0.884434
0.898504
0.916425
0.938486
0.963407
0.986304
1.00444
1.01892
1.03056
1.03962
1.04559
1.04819
1.0487
1.04852
0.825868
0.825841
0.826886
0.830611
0.837903
0.848619
0.862755
0.880872
0.903335
0.930219
0.959808
0.986489
1.00743
1.02412
1.03752
1.0478
1.05422
1.05673
1.05712
1.05691
0.784783
0.78477
0.786495
0.79224
0.802927
0.817992
0.837187
0.860862
0.889085
0.92168
0.956493
0.987227
1.01108
1.03002
1.04519
1.05651
1.06304
1.06526
1.06548
1.06524
0.727207
0.727433
0.731413
0.741894
0.759045
0.78126
0.807876
0.838896
0.874124
0.913226
0.953693
0.988647
1.01545
1.03658
1.05337
1.06541
1.07159
1.07331
1.07336
1.07311
0.645062
0.647635
0.659447
0.67999
0.707765
0.74006
0.776114
0.81576
0.85882
0.904996
0.951503
0.990969
1.02093
1.04446
1.06271
1.07496
1.08041
1.08158
1.08148
1.08126
0.557919
0.564051
0.585137
0.616585
0.655698
0.698408
0.743878
0.792129
0.84313
0.896687
0.949802
0.99444
1.0282
1.05445
1.07412
1.08586
1.09001
1.09055
1.0904
1.09026
0.481261
0.488549
0.516508
0.557319
0.606157
0.658421
0.712946
0.769616
0.828368
0.888997
0.948277
0.997594
1.03467
1.06321
1.08365
1.09431
1.09725
1.09748
1.09735
1.09725
0.418029
0.425931
0.458425
0.505785
0.561897
0.621872
0.684142
0.74836
0.814248
0.881449
0.946422
1
1.04001
1.0704
1.09115
1.10086
1.10309
1.10319
1.10308
1.103
0.365233
0.373526
0.409037
0.461373
0.523198
0.589377
0.658065
0.728762
0.800965
0.874119
0.944302
1.00182
1.04451
1.07652
1.09741
1.10626
1.10801
1.10804
1.10794
1.10788
0.320298
0.3288
0.366378
0.422582
0.489124
0.560521
0.634671
0.710966
0.788742
0.867246
0.942179
1.00328
1.04844
1.08186
1.10276
1.11084
1.11226
1.11224
1.11215
1.11209
0.281165
0.289779
0.328868
0.388206
0.458708
0.534593
0.61353
0.694795
0.777584
0.860947
0.940213
1.00457
1.05194
1.08656
1.10734
1.11478
1.11596
1.11591
1.11581
1.11576
0.246299
0.255003
0.295299
0.357262
0.431173
0.51097
0.594157
0.679921
0.767316
0.855179
0.93844
1.00575
1.05508
1.09069
1.11128
1.11818
1.11917
1.11909
1.11898
1.11893
0.214703
0.223475
0.264764
0.328977
0.405892
0.489145
0.576144
0.666022
0.757704
0.849816
0.936827
1.00681
1.05786
1.09427
1.11462
1.12105
1.1219
1.12177
1.12165
1.12159
0.185524
0.194366
0.236549
0.302774
0.382376
0.468721
0.559165
0.652833
0.748547
0.844734
0.935345
1.00782
1.06033
1.09733
1.11733
1.12336
1.1241
1.12393
1.1238
1.12372
0.158249
0.167162
0.210172
0.278212
0.360231
0.449372
0.542967
0.640148
0.739679
0.839832
0.934001
1.00883
1.06257
1.09989
1.11943
1.12509
1.12574
1.12556
1.12541
1.12533
0.132432
0.141461
0.185226
0.254951
0.339165
0.430844
0.52734
0.627795
0.730967
0.83503
0.932821
1.00999
1.06472
1.10204
1.12096
1.12624
1.12685
1.12668
1.12655
1.12646
0.107862
0.116995
0.161472
0.23275
0.318965
0.412961
0.512124
0.615645
0.722295
0.830238
0.931815
1.01144
1.06698
1.10394
1.12202
1.12693
1.12751
1.1274
1.1273
1.12722
0.0843195
0.0935732
0.138728
0.21144
0.299482
0.395583
0.497204
0.603586
0.713562
0.825359
0.930961
1.01334
1.06964
1.10584
1.12277
1.12727
1.12791
1.12788
1.12781
1.12773
0.0616343
0.0710241
0.116874
0.190917
0.280613
0.378627
0.482503
0.591546
0.704673
0.820285
0.930176
1.01584
1.07308
1.1081
1.1234
1.12735
1.12813
1.12824
1.12817
1.12807
0.0397422
0.0492883
0.0958257
0.171124
0.262293
0.362036
0.467959
0.579462
0.695574
0.814926
0.929344
1.01897
1.07769
1.11131
1.12423
1.1271
1.12798
1.12843
1.12847
1.12835
0.0186644
0.0283597
0.0755727
0.152007
0.244492
0.345777
0.45356
0.567306
0.686216
0.809181
0.928308
1.02267
1.08383
1.11627
1.12602
1.12665
1.12711
1.12817
1.12906
1.12918
-0.00163183
0.00819054
0.0560791
0.133526
0.227191
0.329858
0.439296
0.555074
0.676561
0.802991
0.926895
1.02674
1.09166
1.12389
1.13025
1.12751
1.12625
1.12789
1.13071
1.132
-0.0211955
-0.0112138
0.0373166
0.115676
0.210384
0.314292
0.425192
0.542777
0.666601
0.796289
0.924951
1.03091
1.10109
1.13487
1.13883
1.13244
1.12859
1.13031
1.13568
1.13959
-0.0399573
-0.0298263
0.0192738
0.0984636
0.194097
0.299084
0.411279
0.530441
0.65635
0.789042
0.922304
1.0348
1.11175
1.14924
1.15278
1.14384
1.13715
1.13716
1.14217
1.14713
-0.0580189
-0.0477355
0.00195343
0.0818582
0.178271
0.284187
0.39751
0.518004
0.645742
0.781159
0.918796
1.03805
1.1232
1.16667
1.17199
1.16221
1.15294
1.14692
1.14173
1.13422
-0.0753595
-0.0649951
-0.0147719
0.0656656
0.162649
0.269296
0.383518
0.505021
0.634276
0.772077
0.913892
1.0401
1.13511
1.18738
1.19644
1.18703
1.17465
1.1609
1.14682
1.12089
-0.0920859
-0.0816723
-0.030889
0.0500616
0.147356
0.254567
0.369471
0.491657
0.622096
0.761823
0.907327
1.04006
1.14563
1.20937
1.22322
1.21379
1.19522
1.17196
1.12684
1.08157
-0.109844
-0.0968648
-0.0463469
0.0351711
0.1322
0.239847
0.355085
0.477897
0.609118
0.75024
0.898715
1.03704
1.15228
1.23017
1.25034
1.22803
1.20477
1.15849
1.09568
1.04114
-0.132115
-0.129438
-0.0665445
0.0231086
0.12003
0.227589
0.340632
0.464352
0.596013
0.738075
0.888542
1.03097
1.15306
1.24918
1.2541
1.23075
1.17416
1.09975
1.0261
0.964132
-0.108331
-0.0993575
-0.0369489
0.0517746
0.155127
0.266121
0.384849
0.512265
0.648878
0.798341
0.9482
1.08283
1.19472
1.2712
1.23952
1.12844
1.03672
0.965489
0.895252
0.773828
-0.141756
-0.113044
-0.0488481
0.0410419
0.143834
0.25477
0.373259
0.500471
0.636988
0.786441
0.936507
1.0714
1.17473
1.22682
1.16634
1.00956
0.891625
0.81255
0.735295
0.600993
-0.166138
-0.131917
-0.0662663
0.0232862
0.125977
0.236954
0.355807
0.482641
0.618499
0.766804
0.915043
1.04619
1.13837
1.15729
1.04468
0.87437
0.741499
0.649581
0.55241
0.37064
-0.188106
-0.152533
-0.0853054
0.0047104
0.107463
0.218528
0.33723
0.463469
0.598285
0.744671
0.889236
1.01301
1.08982
1.07121
0.907562
0.723237
0.567021
0.447439
0.33165
0.0573841
-0.209413
-0.173239
-0.104943
-0.0142706
0.0886204
0.199589
0.317778
0.443174
0.576566
0.720314
0.859627
0.972189
1.02864
0.968698
0.76799
0.566277
0.37821
0.227544
0.0438326
-0.292129
-0.230519
-0.194408
-0.125492
-0.0343662
0.0686846
0.179469
0.297085
0.421442
0.553014
0.693439
0.82599
0.928278
0.958498
0.839781
0.63376
0.418296
0.221993
0.053143
-0.13427
-0.445013
-0.252531
-0.216478
-0.147288
-0.0559073
0.0472229
0.157803
0.274816
0.39801
0.527434
0.663913
0.788954
0.879025
0.877918
0.717924
0.510696
0.293247
0.100726
-0.0329456
-0.0880341
-0.124927
-0.275864
-0.239884
-0.170616
-0.0792156
0.0237786
0.133941
0.25011
0.371751
0.498426
0.629917
0.746219
0.8187
0.791485
0.598776
0.393077
0.192315
0.0323838
-0.0304882
-0.0481727
-0.0513117
-0.30082
-0.264816
-0.19553
-0.104267
-0.00162641
0.107869
0.222845
0.342489
0.465798
0.591278
0.697791
0.750637
0.694083
0.486869
0.286541
0.107267
-0.00261443
-0.0210931
-0.0254404
-0.0256721
-0.327542
-0.291371
-0.222069
-0.131051
-0.0289671
0.0795639
0.192993
0.310186
0.42947
0.548074
0.643778
0.6792
0.578597
0.38434
0.193189
0.0435283
-0.00694683
-0.0134232
-0.013648
-0.013338
-0.355911
-0.319508
-0.250209
-0.159577
-0.0582521
0.0490278
0.160534
0.2748
0.389462
0.500321
0.584876
0.598896
0.471522
0.290926
0.116447
0.00868969
-0.00557715
-0.00585092
-0.00621295
-0.00591335
-0.385495
-0.348993
-0.279788
-0.189696
-0.0893677
0.016339
0.125513
0.236358
0.345918
0.448414
0.521612
0.515778
0.375769
0.207926
0.0596273
0.00803639
-0.00217746
-0.00133679
-0.00105104
-0.000756892
-0.415929
-0.37939
-0.310445
-0.221107
-0.122067
-0.0182889
0.0881303
0.195052
0.299115
0.393176
0.453213
0.434531
0.289148
0.13801
0.0255691
0.00328795
0.00380159
0.00261892
0.00254749
0.00270754
-0.446297
-0.410088
-0.341584
-0.253303
-0.155908
-0.0544643
0.0487518
0.15126
0.249401
0.33567
0.381706
0.358595
0.214246
0.087831
0.0079416
0.00169633
0.00386191
0.0045741
0.00487494
0.00499095
-0.47561
-0.440057
-0.372352
-0.285542
-0.190245
-0.0916071
0.00794982
0.105625
0.197396
0.276531
0.314475
0.278162
0.152605
0.0505021
0.0141774
0.00400787
0.00598
0.00670441
0.00697241
0.0071015
-0.50231
-0.467862
-0.401546
-0.316797
-0.224167
-0.128892
-0.0334999
0.0590016
0.144186
0.216182
0.251255
0.203356
0.10496
0.0251747
0.00264655
0.00694687
0.00752099
0.00828834
0.00856894
0.0086862
-0.524483
-0.491868
-0.427624
-0.345716
-0.256494
-0.165253
-0.0745837
0.0124209
0.0911488
0.15576
0.187743
0.143729
0.0710516
0.0159424
-0.000382039
0.00543884
0.00876609
0.00961589
0.00984972
0.00997633
-0.539861
-0.509712
-0.448681
-0.370671
-0.285808
-0.199399
-0.114072
-0.0329412
0.0394978
0.0978314
0.127324
0.0959704
0.0498215
0.0177957
0.0154109
0.0112625
0.0102268
0.0101341
0.0101404
0.0102224
-0.546154
-0.518947
-0.462632
-0.389871
-0.31053
-0.229892
-0.150563
-0.0756886
-0.00963081
0.0442454
0.0744273
0.0539016
0.0331657
0.0147424
0.0123727
0.010252
0.00892391
0.00859228
0.00852061
0.00857224
-0.540269
-0.517395
-0.467746
-0.401461
-0.329086
-0.255297
-0.182655
-0.11425
-0.0547191
-0.00567493
0.0322608
0.0141
0.0154646
0.00479845
0.00315843
0.00410832
0.00467868
0.00476254
0.00478398
0.0048566
-0.519317
-0.502639
-0.461969
-0.40413
-0.340207
-0.274402
-0.20915
-0.14727
-0.093769
-0.0520127
-0.011981
-0.0161441
0.00938282
0.00147337
-0.00605169
-0.0025875
-0.000769726
-0.00061638
-0.000688315
-0.000627227
-0.485251
-0.473989
-0.444446
-0.397415
-0.343239
-0.28657
-0.229234
-0.17394
-0.12554
-0.0912417
-0.0568671
-0.0325288
-0.00982205
-0.00936567
-0.0141047
-0.0127561
-0.00993773
-0.00945749
-0.00988381
-0.00987576
-0.443032
-0.436262
-0.418208
-0.38315
-0.339445
-0.29207
-0.242661
-0.193792
-0.149869
-0.118603
-0.0913338
-0.0601992
-0.0222057
-0.00395082
0.000784831
-0.00549572
-0.0214938
-0.0297408
-0.0313519
-0.0312415
-0.401421
-0.397721
-0.388337
-0.365577
-0.331624
-0.292361
-0.249987
-0.206607
-0.165609
-0.133851
-0.10694
-0.0867056
-0.0611956
-0.0459547
-0.034442
-0.0522485
-0.0646245
-0.0720073
-0.0716403
-0.073824
-0.368672
-0.366643
-0.36188
-0.347706
-0.322572
-0.289575
-0.252709
-0.212789
-0.172688
-0.138418
-0.113163
-0.107865
-0.132968
-0.19837
-0.266811
-0.301332
-0.302797
-0.268157
-0.219517
-0.21106
-0.345174
-0.344187
-0.342386
-0.334792
-0.315773
-0.287553
-0.253007
-0.213914
-0.172161
-0.132086
-0.1036
-0.0899143
-0.11178
-0.160122
-0.22241
-0.245321
-0.23816
-0.213832
-0.174567
-0.161792
-0.330106
-0.32972
-0.328975
-0.325246
-0.312091
-0.286683
-0.252228
-0.211835
-0.166127
-0.118011
-0.0810841
-0.0368849
0.0108013
0.0364247
0.027025
0.0308846
0.050389
0.075598
0.103792
0.11609
-0.320412
-0.320248
-0.319783
-0.318477
-0.310053
-0.286731
-0.251547
-0.208132
-0.157082
-0.0975416
-0.0407261
0.0362773
0.148396
0.276173
0.376311
0.449632
0.507704
0.552587
0.58437
0.599313
-0.313838
-0.313729
-0.313458
-0.31332
-0.308096
-0.287932
-0.251666
-0.204245
-0.146972
-0.0758964
0.00193035
0.0956818
0.262498
0.484972
0.709265
0.89774
1.02727
1.10312
1.14035
1.15405
-0.308966
-0.308939
-0.308846
-0.308643
-0.306563
-0.290084
-0.253105
-0.201371
-0.138453
-0.0582848
0.0339557
0.134066
0.329724
0.613432
0.917938
1.19193
1.39425
1.5049
1.54875
1.56066
-0.304874
-0.304885
-0.304849
-0.30478
-0.303905
-0.291966
-0.255875
-0.201429
-0.133596
-0.0479893
0.0520716
0.156888
0.34718
0.635612
0.955845
1.25118
1.48032
1.60719
1.65468
1.66669
-0.301417
-0.30139
-0.301237
-0.300944
-0.301352
-0.29303
-0.259878
-0.204359
-0.13359
-0.0462088
0.0548546
0.156856
0.320335
0.583581
0.867441
1.12884
1.33718
1.45703
1.50312
1.51436
-0.298605
-0.298627
-0.298716
-0.298943
-0.299251
-0.293985
-0.264648
-0.209855
-0.138606
-0.0523805
0.0432404
0.135432
0.264822
0.487925
0.723433
0.927072
1.09047
1.18865
1.22749
1.23683
-0.295505
-0.295583
-0.29574
-0.295974
-0.296153
-0.294095
-0.269086
-0.216859
-0.147745
-0.0657321
0.0213052
0.101306
0.197809
0.373579
0.561478
0.715246
0.835049
0.907345
0.935956
0.942501
-0.292471
-0.292578
-0.292725
-0.292889
-0.293173
-0.292449
-0.272409
-0.22421
-0.159568
-0.0841024
-0.00644805
0.0615454
0.13191
0.26383
0.407643
0.521496
0.607954
0.659495
0.678827
0.682573
-0.289462
-0.289605
-0.289827
-0.290165
-0.290759
-0.290715
-0.274601
-0.231188
-0.172795
-0.104845
-0.0365619
0.0206684
0.0713358
0.168594
0.276368
0.358882
0.419882
0.455531
0.46855
0.470595
-0.28641
-0.286555
-0.286721
-0.286946
-0.287413
-0.287823
-0.274956
-0.237364
-0.186101
-0.125526
-0.0659822
-0.018395
0.0194281
0.0907174
0.170213
0.229153
0.271319
0.295626
0.303769
0.30469
-0.284138
-0.284167
-0.283897
-0.282989
-0.281652
-0.281543
-0.27304
-0.24291
-0.198667
-0.144486
-0.0935284
-0.0539844
-0.0251798
0.0286035
0.0870176
0.128365
0.157235
0.173101
0.178492
0.17899
-0.284193
-0.284066
-0.283386
-0.281389
-0.277995
-0.276182
-0.27185
-0.24911
-0.20977
-0.161145
-0.118304
-0.0853905
-0.0621704
-0.0215712
0.0222883
0.0522273
0.0727104
0.0837833
0.0873278
0.0873767
-0.286861
-0.286818
-0.286704
-0.286427
-0.28576
-0.284696
-0.280379
-0.258301
-0.219381
-0.175716
-0.140478
-0.11159
-0.0920626
-0.0604552
-0.0270636
-0.00448615
0.0111424
0.0195125
0.0221592
0.0219885
-0.28921
-0.289654
-0.291465
-0.296896
-0.305107
-0.307422
-0.299229
-0.26939
-0.227513
-0.189939
-0.159349
-0.132045
-0.116408
-0.0909477
-0.0631099
-0.0443894
-0.0314611
-0.0246529
-0.0225645
-0.0229004
-0.2869
-0.287762
-0.291083
-0.301462
-0.318025
-0.324604
-0.309184
-0.27293
-0.234306
-0.203178
-0.172216
-0.147414
-0.134513
-0.113425
-0.0895663
-0.0727857
-0.060753
-0.0543509
-0.0524713
-0.0529284
-0.282022
-0.282669
-0.284551
-0.287765
-0.291038
-0.296079
-0.286104
-0.262685
-0.237691
-0.210152
-0.179489
-0.157949
-0.147944
-0.127816
-0.105776
-0.0905397
-0.0797541
-0.0740887
-0.0724428
-0.0729475
-0.281841
-0.281821
-0.280002
-0.2648
-0.233386
-0.215644
-0.229124
-0.240346
-0.235157
-0.210147
-0.181271
-0.16434
-0.154855
-0.135836
-0.115451
-0.101106
-0.0909594
-0.0857688
-0.08422
-0.084756
-0.290602
-0.289235
-0.283692
-0.261512
-0.222325
-0.198671
-0.218615
-0.243626
-0.238254
-0.208258
-0.180592
-0.165514
-0.155314
-0.136238
-0.117262
-0.104054
-0.0948767
-0.0901998
-0.0887996
-0.0892914
-0.322492
-0.320681
-0.325167
-0.330631
-0.326918
-0.308352
-0.30154
-0.290445
-0.25475
-0.208
-0.177647
-0.161156
-0.149323
-0.130154
-0.112226
-0.099488
-0.0906995
-0.0861877
-0.0848863
-0.0853705
-0.396227
-0.402589
-0.427677
-0.460015
-0.469402
-0.452078
-0.414958
-0.348324
-0.269384
-0.204983
-0.170992
-0.151509
-0.136508
-0.118159
-0.101355
-0.0883918
-0.0791027
-0.0742163
-0.0728613
-0.0734125
-0.46383
-0.475578
-0.502831
-0.527579
-0.536367
-0.517857
-0.466843
-0.368635
-0.264802
-0.192365
-0.156289
-0.132916
-0.118051
-0.101419
-0.0848351
-0.0714571
-0.0618061
-0.0566902
-0.0554718
-0.0561616
-0.453404
-0.463926
-0.483869
-0.502647
-0.510156
-0.492194
-0.43496
-0.325782
-0.228841
-0.165156
-0.127873
-0.105529
-0.0956854
-0.0809282
-0.064617
-0.0516156
-0.0424998
-0.0377994
-0.0369277
-0.0377637
-0.346792
-0.356744
-0.375179
-0.393561
-0.400755
-0.385088
-0.328515
-0.233809
-0.16368
-0.116603
-0.085078
-0.0726527
-0.0681702
-0.0554095
-0.041751
-0.0318016
-0.0245055
-0.021102
-0.020888
-0.0217718
-0.116882
-0.127688
-0.157441
-0.189778
-0.205326
-0.20423
-0.180367
-0.129175
-0.0921657
-0.0630855
-0.0426578
-0.0342018
-0.0338625
-0.0298816
-0.0202182
-0.0160445
-0.0117656
-0.00869926
-0.00797106
-0.00865862
-0.0523997
0.309522
0.568565
0.742156
0.871596
0.966661
1.04111
1.10593
1.18409
1.18004
0.472297
0.614572
0.74443
0.854617
0.943848
1.01487
1.07203
1.11245
1.12508
1.13946
0.691169
0.782315
0.871078
0.947339
1.0113
1.06379
1.10466
1.13386
1.15429
1.17371
0.846542
0.909608
0.972437
1.02811
1.0756
1.11532
1.14783
1.17447
1.19486
1.21449
0.967533
1.0144
1.06057
1.10285
1.14009
1.1725
1.20057
1.22451
1.24319
1.26182
1.06915
1.10597
1.14174
1.17606
1.20757
1.2359
1.26099
1.28234
1.29886
1.31677
1.15692
1.18913
1.22101
1.25173
1.28047
1.30668
1.32987
1.34923
1.36378
1.38114
1.24163
1.27272
1.30379
1.33389
1.36199
1.38744
1.40959
1.42745
1.44039
1.4572
1.32961
1.36358
1.39646
1.4277
1.4563
1.48158
1.50295
1.51964
1.53141
1.54775
1.43124
1.46996
1.50573
1.53827
1.56704
1.59162
1.6118
1.62736
1.6389
1.65502
1.5573
1.59902
1.63563
1.6671
1.69406
1.71678
1.73558
1.75064
1.76303
1.7791
1.71433
1.75192
1.78365
1.80965
1.8322
1.85233
1.8705
1.8866
1.9006
1.91646
1.89568
1.92032
1.94183
1.96068
1.9785
1.99536
2.01168
2.02811
2.04372
2.05969
2.08114
2.09287
2.10745
2.12225
2.136
2.14819
2.15948
2.17083
2.1837
2.20442
2.26909
2.27909
2.28603
2.28742
2.28952
2.29691
2.31003
2.32536
2.33843
2.3667
2.54549
2.48642
2.43879
2.40768
2.39451
2.39906
2.42231
2.46764
2.53817
2.61678
1.12438
1.11688
1.10797
1.09516
1.08177
1.0702
1.06103
1.0542
1.04969
1.04781
1.04917
1.05333
1.05968
1.06815
1.07886
1.09173
1.10545
1.11666
1.12446
1.13079
1.03832
1.0462
1.05336
1.05814
1.05941
1.05744
1.05374
1.04986
1.04688
1.04563
1.04683
1.05001
1.05427
1.05875
1.06218
1.06293
1.06004
1.05403
1.04603
1.04014
1.03022
1.03328
1.03638
1.03892
1.04132
1.04311
1.04365
1.04305
1.04212
1.04182
1.04278
1.04457
1.04626
1.04696
1.04618
1.04428
1.04204
1.03941
1.03624
1.03388
1.02484
1.02637
1.02862
1.0308
1.03241
1.03373
1.03489
1.03575
1.03626
1.03679
1.03758
1.03834
1.03861
1.03826
1.03751
1.03646
1.03484
1.03268
1.03087
1.02978
1.0196
1.02044
1.02194
1.02381
1.02559
1.02703
1.02821
1.02929
1.03031
1.03129
1.03209
1.03253
1.03258
1.03228
1.0316
1.03042
1.02889
1.02735
1.02633
1.0257
1.01452
1.01509
1.01618
1.01764
1.01923
1.0208
1.02224
1.02353
1.02474
1.02593
1.02688
1.0274
1.02748
1.02712
1.02633
1.02528
1.02415
1.02311
1.02243
1.02199
1.00953
1.00997
1.01084
1.01208
1.01346
1.01495
1.0165
1.01802
1.01948
1.0209
1.02206
1.02271
1.02282
1.02248
1.02185
1.02109
1.02027
1.01952
1.01903
1.01869
1.00461
1.00495
1.00568
1.00677
1.00806
1.00948
1.01103
1.01269
1.01441
1.01613
1.01754
1.01835
1.01862
1.01849
1.01811
1.01759
1.01701
1.01648
1.01612
1.01585
0.999656
0.999932
1.00056
1.00156
1.0028
1.0042
1.00577
1.00755
1.00949
1.01153
1.01327
1.01437
1.01491
1.01506
1.01494
1.01466
1.01429
1.01394
1.01369
1.01346
0.994586
0.994816
0.995371
0.996319
0.997532
0.998949
1.0006
1.00251
1.0047
1.00709
1.00926
1.01076
1.01166
1.01212
1.01228
1.01225
1.0121
1.01191
1.01173
1.01153
0.989301
0.989497
0.990006
0.990929
0.992156
0.993635
0.995404
0.997515
0.999998
1.00283
1.00551
1.00751
1.00883
1.00965
1.01012
1.01036
1.01041
1.01038
1.01026
1.01009
0.983704
0.983874
0.984357
0.985287
0.98657
0.988155
0.990093
0.992466
0.995336
0.998715
1.00202
1.0046
1.00641
1.00765
1.00847
1.00899
1.00929
1.00939
1.00932
1.00917
0.977689
0.977839
0.978315
0.979282
0.980659
0.9824
0.984572
0.987286
0.990643
0.99469
0.998759
1.00202
1.00443
1.00615
1.00737
1.00823
1.00877
1.009
1.00898
1.00883
0.971132
0.971268
0.971754
0.972786
0.974302
0.976255
0.978735
0.981885
0.985845
0.990707
0.995695
0.999792
1.00289
1.00518
1.00686
1.0081
1.00891
1.00929
1.0093
1.00916
0.963891
0.964015
0.964526
0.965655
0.967356
0.969588
0.972461
0.976157
0.980863
0.986718
0.992812
0.997901
1.00182
1.00479
1.00701
1.00869
1.00981
1.01032
1.01038
1.01023
0.955796
0.955904
0.956453
0.957711
0.959651
0.962239
0.965609
0.969985
0.975607
0.982667
0.990089
0.996358
1.00125
1.00501
1.0079
1.01008
1.01154
1.01221
1.01229
1.01215
0.946583
0.946703
0.947304
0.948732
0.95098
0.954016
0.958007
0.963227
0.969976
0.978497
0.987507
0.995176
1.00121
1.00591
1.00958
1.01236
1.0142
1.01503
1.01514
1.01498
0.935985
0.936101
0.936795
0.938442
0.941077
0.944679
0.949448
0.955718
0.963853
0.974145
0.98505
0.994365
1.00175
1.00755
1.01212
1.0156
1.01788
1.01886
1.019
1.01883
0.923616
0.923739
0.924548
0.926473
0.9296
0.933926
0.93968
0.947266
0.957111
0.96955
0.982705
0.993944
1.00289
1.00998
1.0156
1.01988
1.02263
1.02377
1.02391
1.02372
0.908952
0.909094
0.910065
0.912352
0.916116
0.921377
0.928395
0.937647
0.949618
0.964656
0.980468
0.993936
1.00467
1.01323
1.02007
1.02524
1.02847
1.02973
1.02987
1.02967
0.891264
0.891445
0.892653
0.895436
0.900049
0.906549
0.915224
0.926621
0.941251
0.959436
0.97835
0.99436
1.00712
1.01733
1.0255
1.03166
1.03535
1.0367
1.03681
1.03659
0.869506
0.869766
0.871338
0.874827
0.880625
0.88883
0.899743
0.91395
0.93193
0.953901
0.976396
0.995248
1.01024
1.02227
1.0319
1.03905
1.04313
1.04449
1.04456
1.04431
0.84209
0.842507
0.844656
0.849241
0.856808
0.867476
0.881515
0.899461
0.921656
0.948131
0.97468
0.996646
1.01404
1.02801
1.03917
1.04726
1.05155
1.05282
1.05282
1.05256
0.806444
0.807187
0.810346
0.816811
0.827287
0.841717
0.860223
0.883142
0.910567
0.942295
0.973331
0.998621
1.01854
1.0345
1.04719
1.05599
1.06025
1.06131
1.06123
1.06097
0.758015
0.759545
0.764908
0.77514
0.790711
0.811051
0.835905
0.865272
0.898983
0.93665
0.972519
1.00126
1.02373
1.04165
1.05574
1.06487
1.06874
1.06949
1.06934
1.0691
0.688361
0.693068
0.704423
0.722358
0.746662
0.775887
0.809235
0.84649
0.887391
0.931505
0.972404
1.00464
1.0296
1.0493
1.06441
1.07335
1.07649
1.07689
1.0767
1.0765
0.604886
0.614167
0.635178
0.664436
0.699822
0.738953
0.781286
0.826779
0.875276
0.92644
0.973123
1.0096
1.03771
1.05952
1.0752
1.08335
1.08571
1.08589
1.08575
1.08565
0.520964
0.536521
0.56727
0.607621
0.653698
0.702666
0.754001
0.807749
0.863816
0.921943
0.974314
1.01493
1.04608
1.06995
1.0858
1.09254
1.09385
1.09384
1.09374
1.09369
0.451067
0.470366
0.507496
0.556194
0.61094
0.668488
0.72809
0.789618
0.852858
0.917508
0.975097
1.01941
1.05315
1.07839
1.0938
1.09939
1.10025
1.10021
1.10014
1.10011
0.393024
0.414632
0.45663
0.511489
0.572949
0.637476
0.704125
0.77255
0.842308
0.91295
0.975336
1.02302
1.05905
1.08533
1.10025
1.10497
1.10557
1.10551
1.10547
1.10545
0.344096
0.367131
0.412782
0.47254
0.539489
0.609807
0.682419
0.756832
0.832393
0.908475
0.975253
1.02605
1.06417
1.09129
1.10566
1.10969
1.11012
1.11006
1.11002
1.11001
0.301909
0.325898
0.374386
0.438152
0.509725
0.585023
0.662825
0.742522
0.823284
0.904299
0.97508
1.02871
1.0687
1.09646
1.11025
1.11376
1.11407
1.11401
1.11398
1.11397
0.264771
0.289431
0.340223
0.407341
0.482885
0.562533
0.644962
0.729434
0.814952
0.900494
0.974923
1.03109
1.07272
1.10095
1.11419
1.1173
1.11752
1.11744
1.11741
1.1174
0.231459
0.256589
0.309309
0.379327
0.458336
0.541833
0.628431
0.717292
0.807238
0.897013
0.974797
1.03323
1.07628
1.10482
1.11755
1.12034
1.12049
1.12038
1.12035
1.12034
0.200928
0.226504
0.280914
0.353503
0.43558
0.522518
0.612906
0.705832
0.799965
0.89377
0.974703
1.03516
1.07939
1.1081
1.12032
1.12287
1.12295
1.12281
1.12276
1.12274
0.172602
0.198588
0.254481
0.329391
0.414218
0.504266
0.598124
0.694846
0.792979
0.890708
0.974667
1.03693
1.08211
1.11079
1.1225
1.12483
1.12486
1.12471
1.12464
1.12461
0.14597
0.172362
0.229604
0.306619
0.393936
0.486816
0.583884
0.684166
0.786153
0.887795
0.974762
1.03868
1.08449
1.11291
1.12407
1.12623
1.12623
1.12608
1.12601
1.12597
0.120681
0.147493
0.205981
0.284916
0.374499
0.469975
0.570011
0.673658
0.779383
0.884979
0.975083
1.04057
1.0867
1.11456
1.12509
1.1271
1.12712
1.12701
1.12694
1.1269
0.0965212
0.123771
0.183405
0.264095
0.355739
0.453588
0.556382
0.663204
0.772569
0.882207
0.975705
1.04282
1.08898
1.11591
1.1257
1.12759
1.12767
1.12761
1.12757
1.12752
0.0733051
0.101004
0.161729
0.244029
0.337539
0.437561
0.542905
0.652715
0.765604
0.879383
0.976665
1.0457
1.09166
1.11719
1.12602
1.12783
1.12805
1.12803
1.128
1.12793
0.0509689
0.0790878
0.140868
0.224635
0.319825
0.421818
0.52951
0.642119
0.758399
0.876395
0.977926
1.04945
1.09523
1.11877
1.12615
1.12779
1.12828
1.12836
1.1283
1.12819
0.0294271
0.0579788
0.120784
0.205862
0.302553
0.406324
0.516158
0.631365
0.750894
0.873117
0.979385
1.05425
1.10028
1.12133
1.1263
1.12718
1.12799
1.12859
1.12874
1.12854
0.00872369
0.0376579
0.10143
0.187663
0.285701
0.391073
0.502839
0.620429
0.743028
0.869425
0.980853
1.06011
1.10738
1.12592
1.12741
1.12634
1.12704
1.12888
1.13016
1.13012
-0.0112583
0.0181282
0.0827636
0.170035
0.269276
0.376067
0.489562
0.609312
0.734754
0.865217
0.982101
1.06688
1.11694
1.13393
1.13172
1.12744
1.12712
1.13052
1.1342
1.13523
-0.0304145
-0.000637499
0.0647833
0.15298
0.253282
0.36133
0.47634
0.598004
0.726065
0.860405
0.982874
1.07419
1.12897
1.1463
1.14141
1.13387
1.13168
1.13602
1.14278
1.14653
-0.0488821
-0.0186689
0.0475118
0.136518
0.237752
0.346904
0.463245
0.58657
0.716979
0.854917
0.982909
1.08157
1.14295
1.16291
1.15727
1.14741
1.1422
1.14209
1.14153
1.13286
-0.0665994
-0.0360148
0.0307924
0.120428
0.222379
0.332469
0.449879
0.574583
0.70704
0.848347
0.981846
1.08875
1.15904
1.18413
1.17964
1.16867
1.15819
1.14774
1.13919
1.15519
-0.0836096
-0.0527015
0.0146325
0.104737
0.207186
0.318046
0.436208
0.56202
0.696152
0.840439
0.97915
1.09457
1.17606
1.20881
1.20603
1.1936
1.17713
1.16063
1.11142
1.10811
-0.100436
-0.0689894
-0.000721259
0.0897125
0.192597
0.303999
0.422376
0.549114
0.684546
0.831267
0.974529
1.0977
1.19183
1.23466
1.23122
1.21483
1.18839
1.14397
1.08779
1.0553
-0.120369
-0.0869364
-0.0147651
0.0757179
0.17949
0.29072
0.408824
0.536139
0.672403
0.820857
0.967742
1.09709
1.20257
1.25659
1.26237
1.21631
1.16885
1.09826
1.03257
0.993834
0.334762
0.458632
0.590494
0.732915
0.883899
1.02751
1.15087
0.908546
-0.130868
-0.121283
-0.0775413
-0.000453561
0.0968155
0.203442
0.318307
0.441252
0.572873
0.715063
0.866646
1.01238
1.13679
1.22478
1.24783
1.15809
1.01321
0.923372
0.854288
-0.152578
-0.140804
-0.0931411
-0.0147882
0.082838
0.189556
0.304246
0.427048
0.558336
0.700094
0.851016
0.995766
1.1154
1.18793
1.16561
1.02435
0.875301
0.773567
0.692479
-0.174307
-0.162292
-0.112319
-0.0329498
0.064592
0.171571
0.286514
0.409276
0.540022
0.68084
0.829632
0.970205
1.07789
1.13045
1.06743
0.885283
0.723248
0.601655
0.504486
-0.195541
-0.183583
-0.13238
-0.0518887
0.0458529
0.152926
0.267694
0.38991
0.519719
0.658908
0.804503
0.938774
1.037
1.0536
0.93746
0.739872
0.554874
0.398932
0.270183
-0.216637
-0.204847
-0.152877
-0.0715769
0.0264707
0.133578
0.247971
0.369411
0.497975
0.63496
0.776346
0.902538
0.987686
0.964706
0.80142
0.594479
0.388557
0.214467
0.0485646
-0.238085
-0.226525
-0.174256
-0.0924909
0.00579605
0.112926
0.226959
0.347601
0.47472
0.609088
0.745608
0.860637
0.928647
0.879581
0.673966
0.461633
0.251483
0.0685201
-0.0686913
-0.186894
-0.26069
-0.249304
-0.196898
-0.114951
-0.0166384
0.0903673
0.203917
0.323566
0.448876
0.579961
0.710611
0.814005
0.860835
0.768586
0.554905
0.3405
0.144263
-0.00195638
-0.0527837
-0.072416
-0.284754
-0.273491
-0.221022
-0.139063
-0.0409217
0.0657096
0.178527
0.296818
0.419813
0.546821
0.670268
0.763409
0.776683
0.647301
0.441095
0.238165
0.0662497
-0.011358
-0.0334654
-0.0360657
-0.310501
-0.299278
-0.246716
-0.164829
-0.0670367
0.0389887
0.150747
0.267287
0.387434
0.509592
0.624692
0.70622
0.687059
0.53249
0.336095
0.147617
0.0200502
-0.0195882
-0.0181629
-0.018998
-0.337928
-0.326692
-0.274014
-0.192266
-0.0949895
0.0101867
0.120554
0.234939
0.351699
0.468267
0.574027
0.640501
0.604092
0.425158
0.243161
0.0737796
0.00399871
-0.008208
-0.00929351
-0.00926006
-0.366813
-0.355533
-0.302807
-0.221311
-0.124712
-0.0206662
0.0879753
0.19976
0.312616
0.422937
0.518962
0.569858
0.519158
0.331948
0.161183
0.0333054
-0.00908482
-0.00406521
-0.00354249
-0.00320731
-0.396672
-0.385405
-0.332814
-0.251717
-0.156028
-0.0534067
0.0531305
0.161855
0.270318
0.374063
0.459625
0.497382
0.42272
0.248606
0.0940776
0.0149846
0.00170765
0.000941386
0.000887596
0.00113385
-0.42698
-0.415757
-0.363543
-0.283052
-0.188559
-0.0877116
0.0163087
0.121504
0.225059
0.322157
0.397179
0.41894
0.33108
0.178705
0.048464
0.00924031
0.00476742
0.0038871
0.00383065
0.00395195
-0.45679
-0.445701
-0.394206
-0.314652
-0.221732
-0.123084
-0.0220245
0.0791896
0.177358
0.267628
0.334368
0.33904
0.251229
0.121758
0.0278962
-0.00645346
0.00290676
0.00530027
0.00595587
0.00620204
-0.484611
-0.473872
-0.42367
-0.345591
-0.254723
-0.158786
-0.0611919
0.0356125
0.128044
0.211159
0.272324
0.267802
0.181015
0.0771269
0.0138336
0.00973612
0.00698687
0.00747964
0.00786861
0.00805597
-0.509123
-0.498808
-0.45048
-0.374582
-0.286423
-0.19383
-0.100282
-0.00833509
0.0782064
0.154116
0.209506
0.204552
0.125088
0.0479557
0.00393737
0.00102184
0.00688323
0.00866838
0.00928667
0.00949697
-0.527757
-0.518165
-0.472759
-0.400007
-0.315446
-0.226982
-0.138146
-0.0515499
0.028985
0.0981581
0.147126
0.148609
0.0847879
0.0328729
0.0125412
0.00814603
0.00935121
0.0100739
0.0102903
0.0104021
-0.538627
-0.530103
-0.488362
-0.420029
-0.340186
-0.256805
-0.173439
-0.0927132
-0.0184303
0.0446805
0.0900474
0.0953001
0.0545287
0.0257799
0.0143436
0.0134986
0.0105294
0.00994889
0.00980734
0.00981269
-0.53929
-0.532186
-0.495148
-0.432737
-0.358914
-0.281781
-0.204739
-0.130364
-0.0625469
-0.00548841
0.0396307
0.047712
0.0264782
0.0154664
0.00582472
0.00781321
0.00735628
0.00714099
0.00707001
0.00707614
-0.527321
-0.521562
-0.490809
-0.436187
-0.370121
-0.300509
-0.230715
-0.163124
-0.101625
-0.0511876
-0.0079897
0.0117366
0.00073865
-0.00159771
-0.0079515
-0.00121639
0.0014947
0.00236007
0.00241972
0.0024417
-0.500296
-0.496268
-0.473283
-0.42901
-0.372805
-0.312022
-0.250371
-0.189951
-0.134378
-0.0899812
-0.0546655
-0.0187504
-0.0108558
-0.0183034
-0.0138518
-0.0088755
-0.00519375
-0.00387006
-0.00411261
-0.00427985
-0.46191
-0.459358
-0.444784
-0.411952
-0.367149
-0.316303
-0.263291
-0.210206
-0.160333
-0.120284
-0.0940558
-0.0607163
-0.0261406
-0.00980587
-0.0167491
-0.0178051
-0.0162166
-0.0168497
-0.0177906
-0.0181699
-0.419341
-0.417731
-0.410568
-0.389063
-0.355675
-0.314662
-0.269945
-0.223741
-0.178973
-0.141401
-0.115302
-0.0872736
-0.0536316
-0.022611
0.00115645
0.00326559
-0.0181702
-0.0387004
-0.0463693
-0.0481026
-0.382358
-0.381291
-0.377818
-0.366183
-0.342286
-0.309623
-0.271796
-0.231085
-0.18982
-0.152172
-0.125275
-0.101697
-0.0939998
-0.103707
-0.131993
-0.16674
-0.191543
-0.167604
-0.132427
-0.123096
-0.355803
-0.355195
-0.353026
-0.347346
-0.330837
-0.304415
-0.271197
-0.233688
-0.193474
-0.153754
-0.122727
-0.0976029
-0.125609
-0.178108
-0.261697
-0.314017
-0.334075
-0.316574
-0.269658
-0.23453
-0.336633
-0.336232
-0.335426
-0.333166
-0.323174
-0.301433
-0.270552
-0.233494
-0.191739
-0.147001
-0.109351
-0.0785011
-0.0642787
-0.0578293
-0.0959126
-0.128546
-0.124069
-0.105694
-0.07841
-0.0522645
-0.324888
-0.324793
-0.324437
-0.323246
-0.318195
-0.300307
-0.270286
-0.231785
-0.186659
-0.135375
-0.0842708
-0.0363599
0.0398529
0.121106
0.179177
0.211108
0.243114
0.277337
0.310412
0.333182
-0.316729
-0.316705
-0.316416
-0.316074
-0.313939
-0.300255
-0.270772
-0.229653
-0.180247
-0.120822
-0.0524238
0.0169979
0.13363
0.297591
0.473031
0.622323
0.731259
0.804444
0.85081
0.875231
-0.311332
-0.311327
-0.311238
-0.311166
-0.309861
-0.300853
-0.272464
-0.228684
-0.174013
-0.106804
-0.0240455
0.0621899
0.198958
0.42659
0.701991
0.960381
1.1678
1.29843
1.36235
1.3869
-0.306848
-0.306863
-0.306832
-0.306708
-0.306839
-0.301193
-0.275233
-0.229325
-0.169956
-0.0965901
-0.00495211
0.0931161
0.232863
0.483234
0.799722
1.10872
1.3727
1.54511
1.62419
1.64858
-0.302982
-0.303009
-0.302943
-0.302746
-0.302625
-0.300358
-0.278302
-0.232225
-0.169372
-0.0921951
0.00305192
0.106893
0.235036
0.470665
0.771222
1.0695
1.32868
1.50385
1.58565
1.61106
-0.300038
-0.300039
-0.300004
-0.299916
-0.30005
-0.298739
-0.281607
-0.236885
-0.172636
-0.0942232
-0.000277221
0.100183
0.208108
0.410753
0.672223
0.920701
1.13417
1.28428
1.35664
1.37957
-0.297056
-0.29709
-0.297188
-0.297441
-0.29777
-0.297372
-0.28485
-0.242516
-0.17961
-0.102326
-0.0133565
0.0778697
0.165357
0.32487
0.540595
0.736038
0.896167
1.0111
1.06746
1.08522
-0.293932
-0.294014
-0.294125
-0.294283
-0.29438
-0.295017
-0.286421
-0.248382
-0.188634
-0.115337
-0.033641
0.0467738
0.116484
0.234261
0.403079
0.552785
0.66977
0.752952
0.793514
0.805641
-0.290932
-0.291037
-0.291187
-0.291407
-0.29169
-0.292472
-0.286615
-0.253613
-0.198398
-0.131303
-0.0578576
0.0120323
0.0669816
0.151988
0.279687
0.391254
0.475404
0.534253
0.562319
0.57011
-0.287856
-0.287992
-0.288175
-0.288461
-0.288934
-0.289833
-0.285959
-0.257465
-0.20817
-0.148342
-0.083058
-0.0232135
0.0206204
0.0813023
0.175898
0.257764
0.317721
0.358621
0.377022
0.381891
-0.285008
-0.285145
-0.285203
-0.285102
-0.284854
-0.28511
-0.282564
-0.259522
-0.217603
-0.164755
-0.107015
-0.0563357
-0.0211545
0.0239225
0.0941863
0.152901
0.194396
0.222085
0.234391
0.237428
-0.283754
-0.283804
-0.283562
-0.282551
-0.280247
-0.277792
-0.276879
-0.261243
-0.226665
-0.179449
-0.128725
-0.0868343
-0.0576822
-0.0240427
0.0289282
0.0718353
0.100852
0.11978
0.127688
0.129505
-0.285307
-0.285262
-0.28497
-0.283957
-0.28166
-0.278982
-0.277774
-0.266414
-0.235739
-0.191511
-0.148316
-0.113294
-0.0880992
-0.0622928
-0.022228
0.00972675
0.0312282
0.0452012
0.0509636
0.052149
-0.28838
-0.288441
-0.288783
-0.290154
-0.293067
-0.295286
-0.293619
-0.279455
-0.244718
-0.202331
-0.166388
-0.135371
-0.113143
-0.0926731
-0.0600828
-0.0350053
-0.0183647
-0.00761361
-0.00322511
-0.00244973
-0.288592
-0.289008
-0.290386
-0.295756
-0.307617
-0.318576
-0.315164
-0.292646
-0.251204
-0.213209
-0.181777
-0.152242
-0.132246
-0.116772
-0.0897428
-0.0681108
-0.0531901
-0.0434318
-0.0395128
-0.0390078
-0.283999
-0.284565
-0.285954
-0.291135
-0.303564
-0.318217
-0.314987
-0.286665
-0.252254
-0.222274
-0.19244
-0.163106
-0.147224
-0.133277
-0.108903
-0.0898577
-0.0765054
-0.0676637
-0.0640841
-0.0637104
-0.280904
-0.281264
-0.281793
-0.27997
-0.269115
-0.257926
-0.256349
-0.257221
-0.245472
-0.22572
-0.195141
-0.169806
-0.156923
-0.144001
-0.121341
-0.103474
-0.0909196
-0.0828726
-0.079677
-0.0793957
-0.28483
-0.284734
-0.283311
-0.272613
-0.239141
-0.199053
-0.199525
-0.225938
-0.239018
-0.223922
-0.193917
-0.172282
-0.160805
-0.147457
-0.126268
-0.109807
-0.0981901
-0.0908831
-0.0879266
-0.0876669
-0.302405
-0.300773
-0.298015
-0.291903
-0.271264
-0.247212
-0.240429
-0.259154
-0.258646
-0.227649
-0.191911
-0.170672
-0.158826
-0.144346
-0.123829
-0.108497
-0.0977344
-0.0911083
-0.0884086
-0.0881633
-0.3569
-0.354328
-0.363339
-0.384685
-0.40414
-0.397366
-0.375178
-0.344221
-0.293379
-0.233785
-0.188156
-0.165456
-0.15013
-0.134629
-0.115544
-0.100649
-0.0897213
-0.082942
-0.0801644
-0.079978
-0.437065
-0.438258
-0.458946
-0.49267
-0.513593
-0.509182
-0.477756
-0.413162
-0.315996
-0.230711
-0.179832
-0.153461
-0.135045
-0.119416
-0.101706
-0.0868191
-0.0752486
-0.0679063
-0.0649336
-0.064901
-0.470714
-0.474887
-0.493613
-0.517443
-0.533278
-0.529182
-0.494474
-0.412765
-0.298546
-0.211251
-0.160138
-0.130661
-0.11292
-0.100568
-0.083185
-0.0679428
-0.0563189
-0.0490738
-0.0463405
-0.0465574
-0.409175
-0.414187
-0.430399
-0.449222
-0.462247
-0.459804
-0.426243
-0.339025
-0.236755
-0.168534
-0.123741
-0.0967278
-0.086191
-0.0768171
-0.0606525
-0.047173
-0.0369753
-0.0305645
-0.0285031
-0.0290758
-0.253279
-0.260205
-0.276381
-0.297163
-0.313482
-0.311888
-0.282646
-0.209929
-0.146194
-0.102784
-0.0711199
-0.0562103
-0.0537104
-0.0471688
-0.0343105
-0.0260517
-0.0192644
-0.01476
-0.0138666
-0.0147833
-0.120485
-0.140369
-0.17518
-0.199468
-0.206811
-0.195995
-0.155417
-0.108918
-0.0771475
-0.0511022
-0.0372203
-0.0327317
-0.0342476
-0.0239786
-0.0178535
-0.0139959
-0.00989348
-0.00812374
-0.00806387
-0.00494326
0.166478
0.42015
0.584326
0.737313
0.858196
0.952066
1.02504
1.08626
1.12584
1.1148
0.538373
0.649564
0.76086
0.859659
0.942439
1.01041
1.06515
1.10588
1.1302
1.14578
0.738918
0.811471
0.887849
0.957819
1.01749
1.06753
1.10812
1.13965
1.16413
1.18328
0.883261
0.936635
0.99118
1.04272
1.08763
1.12617
1.15887
1.18653
1.20941
1.22737
0.998735
1.04138
1.08167
1.12104
1.1569
1.18886
1.21712
1.24171
1.26186
1.27851
1.0978
1.13081
1.16457
1.1976
1.22864
1.25711
1.28271
1.305
1.32289
1.33789
1.18548
1.21475
1.24592
1.27686
1.30614
1.33315
1.35739
1.37813
1.39416
1.40782
1.27055
1.30056
1.33253
1.36396
1.39351
1.42041
1.44408
1.46376
1.47833
1.49084
1.36229
1.39617
1.4316
1.46501
1.49556
1.52257
1.54559
1.56418
1.57768
1.5898
1.47301
1.51118
1.55015
1.58483
1.61525
1.64125
1.66286
1.68018
1.69328
1.706
1.6144
1.65267
1.69102
1.72305
1.75013
1.77331
1.79323
1.81014
1.82409
1.83786
1.78983
1.81922
1.84912
1.87339
1.89438
1.91366
1.93179
1.94907
1.9649
1.97974
1.98302
1.99731
2.01484
2.03158
2.04808
2.06349
2.07763
2.09165
2.10649
2.12264
2.17192
2.17619
2.18903
2.20118
2.21117
2.22047
2.23064
2.24126
2.25059
2.2628
2.40124
2.38765
2.37883
2.36379
2.35271
2.35215
2.36415
2.38795
2.41978
2.45554
2.77546
2.61697
2.51145
2.45255
2.42344
2.4169
2.43207
2.47328
2.5525
2.69762
-0.111939
-0.108245
-0.0637308
0.0143242
0.111827
0.219112
1.24672
1.27467
1.23154
1.13938
1.055
0.980644
0.790239
0.611266
0.40393
0.127115
-0.193742
)
;

boundaryField
{
    wall-4
    {
        type            zeroGradient;
    }
    pressure-outlet-7
    {
        type            fixedValue;
        value           uniform 0;
    }
    velocity-inlet-6
    {
        type            zeroGradient;
    }
    velocity-inlet-5
    {
        type            zeroGradient;
    }
    frontAndBackPlanes
    {
        type            empty;
    }
}


// ************************************************************************* //
