/*--------------------------------*- C++ -*----------------------------------*\
  =========                 |
  \\      /  F ield         | OpenFOAM: The Open Source CFD Toolbox
   \\    /   O peration     | Website:  https://openfoam.org
    \\  /    A nd           | Version:  6
     \\/     M anipulation  |
\*---------------------------------------------------------------------------*/
FoamFile
{
    version     2.0;
    format      ascii;
    class       volScalarField;
    location    "70.3";
    object      p;
}
// * * * * * * * * * * * * * * * * * * * * * * * * * * * * * * * * * * * * * //

dimensions      [0 2 -2 0 0 0 0];

internalField   nonuniform List<scalar> 
8800
(
0.897238
0.847922
0.809955
0.781884
0.761719
0.747127
0.736521
0.728969
0.724069
0.72198
0.72333
0.727655
0.734437
0.743851
0.756582
0.773899
0.797774
0.83087
0.873806
0.92632
0.731734
0.738078
0.747227
0.750774
0.748162
0.742068
0.735121
0.728869
0.724054
0.721166
0.720913
0.723522
0.72815
0.734269
0.741362
0.748391
0.753267
0.753141
0.746465
0.737566
0.705255
0.711489
0.715987
0.719855
0.722799
0.723742
0.722644
0.72051
0.718513
0.717653
0.718663
0.721099
0.723973
0.726235
0.726751
0.724958
0.72159
0.717576
0.712794
0.709078
0.700961
0.703726
0.70633
0.708484
0.710216
0.711778
0.712871
0.71321
0.713079
0.713155
0.713937
0.715061
0.715789
0.71563
0.714649
0.713291
0.711619
0.709316
0.706904
0.705338
0.695915
0.69734
0.699176
0.701253
0.70296
0.704245
0.705332
0.706297
0.707087
0.707799
0.708485
0.708925
0.708935
0.708562
0.707888
0.706769
0.70511
0.703215
0.701861
0.701059
0.690937
0.69184
0.693083
0.694705
0.696392
0.697916
0.699188
0.700294
0.701337
0.702327
0.703085
0.703453
0.703448
0.70307
0.702261
0.701069
0.699705
0.698438
0.697616
0.697092
0.686045
0.6867
0.687658
0.68897
0.69041
0.691916
0.693388
0.694734
0.695973
0.697147
0.698068
0.698539
0.69854
0.698093
0.697305
0.696359
0.695364
0.694459
0.693879
0.693495
0.681234
0.681739
0.682521
0.683655
0.684947
0.686354
0.687848
0.689369
0.690854
0.692276
0.693397
0.69398
0.694041
0.693708
0.693137
0.692445
0.691705
0.691041
0.690615
0.690315
0.676452
0.676853
0.67751
0.678524
0.679745
0.681098
0.682587
0.684205
0.685906
0.687613
0.68899
0.689768
0.690024
0.689923
0.689594
0.689124
0.688591
0.688122
0.687807
0.687564
0.671617
0.671944
0.672514
0.67345
0.674625
0.675968
0.677494
0.679216
0.681117
0.683127
0.68484
0.685927
0.686474
0.686641
0.686555
0.686314
0.685981
0.685675
0.685444
0.68524
0.666642
0.666913
0.667423
0.668314
0.669475
0.670847
0.672453
0.674322
0.676461
0.678824
0.680959
0.682446
0.683344
0.683816
0.683993
0.683987
0.683854
0.683691
0.683529
0.683352
0.661435
0.661664
0.662136
0.663012
0.664199
0.665644
0.667373
0.669445
0.671892
0.674694
0.677343
0.679309
0.680617
0.681438
0.681911
0.682146
0.682219
0.68219
0.682084
0.681927
0.655905
0.6561
0.656554
0.657445
0.658698
0.660259
0.662168
0.664511
0.667353
0.670702
0.673975
0.67651
0.678297
0.679519
0.680326
0.680827
0.681118
0.681215
0.681156
0.681012
0.649946
0.650114
0.650566
0.651501
0.652861
0.654592
0.656747
0.659445
0.662783
0.666804
0.670834
0.674052
0.676405
0.678091
0.67928
0.680097
0.680606
0.680826
0.680807
0.680671
0.643436
0.643582
0.644049
0.645056
0.646568
0.648528
0.651009
0.65416
0.658119
0.662964
0.667909
0.671942
0.674967
0.677197
0.678824
0.679989
0.68075
0.681098
0.681116
0.680983
0.636234
0.636357
0.636853
0.637964
0.639678
0.641939
0.644836
0.648557
0.653284
0.659138
0.665187
0.670193
0.674013
0.676888
0.67903
0.680596
0.681639
0.682119
0.682172
0.682038
0.628147
0.628258
0.628797
0.630042
0.632019
0.634665
0.638088
0.642523
0.6482
0.655281
0.66266
0.668826
0.673584
0.677214
0.679976
0.682012
0.68337
0.68399
0.684074
0.683936
0.61894
0.619043
0.619636
0.621058
0.623379
0.626512
0.630598
0.635923
0.642773
0.65135
0.660322
0.667865
0.673731
0.678251
0.681742
0.684329
0.686044
0.686811
0.686923
0.686777
0.608296
0.608384
0.609066
0.610725
0.613484
0.617238
0.622164
0.628608
0.63691
0.647308
0.658184
0.667347
0.674513
0.680081
0.684408
0.687644
0.689759
0.690678
0.690813
0.690656
0.595832
0.595907
0.596692
0.598664
0.601984
0.606538
0.612539
0.620399
0.630508
0.643124
0.656265
0.667316
0.675985
0.68277
0.688075
0.692054
0.694603
0.69567
0.695821
0.695649
0.580983
0.581051
0.581982
0.584368
0.588425
0.594032
0.60143
0.611101
0.623471
0.63878
0.654594
0.667827
0.67821
0.686386
0.692813
0.69762
0.700626
0.701829
0.701984
0.701794
0.562955
0.563015
0.564163
0.567136
0.572204
0.57923
0.588486
0.600511
0.615724
0.634294
0.653223
0.668936
0.68125
0.690987
0.698649
0.70437
0.707827
0.709135
0.709279
0.709069
0.540573
0.540639
0.542132
0.545985
0.552507
0.561528
0.573332
0.588465
0.607263
0.629743
0.652243
0.670713
0.685151
0.696603
0.705601
0.71227
0.716129
0.717487
0.717599
0.717369
0.512028
0.512124
0.514219
0.519495
0.528271
0.540235
0.555638
0.574918
0.598207
0.625298
0.651798
0.673251
0.689951
0.703213
0.713633
0.721206
0.725347
0.726674
0.726731
0.726485
0.474228
0.474452
0.477776
0.485678
0.498255
0.514756
0.535306
0.560044
0.588823
0.621208
0.652063
0.676657
0.69569
0.710787
0.722634
0.730956
0.735184
0.736373
0.736356
0.736098
0.421254
0.422363
0.428974
0.442313
0.461535
0.485056
0.512725
0.544347
0.579563
0.617803
0.653244
0.681031
0.702379
0.719248
0.732379
0.741188
0.745221
0.746171
0.746073
0.745812
0.344554
0.352075
0.367245
0.390566
0.419714
0.452628
0.488956
0.528446
0.57076
0.615335
0.655675
0.686851
0.710691
0.729447
0.743688
0.752674
0.756345
0.75704
0.756888
0.75666
0.263012
0.279434
0.304065
0.338116
0.377711
0.420177
0.465199
0.51271
0.562461
0.613957
0.659976
0.695204
0.72199
0.742833
0.758134
0.766832
0.769814
0.770227
0.770096
0.769948
0.193142
0.213212
0.245743
0.289034
0.337925
0.389385
0.442872
0.498263
0.555288
0.613424
0.664742
0.703649
0.732982
0.755494
0.771237
0.779283
0.781679
0.781998
0.781926
0.78182
0.13596
0.158273
0.196234
0.246148
0.302318
0.361319
0.422298
0.484939
0.548791
0.613219
0.669528
0.711858
0.743453
0.76727
0.783327
0.791072
0.793257
0.793559
0.793534
0.793455
0.0885961
0.11224
0.154133
0.209221
0.27122
0.336439
0.403815
0.472877
0.542987
0.613332
0.674402
0.719985
0.75377
0.778941
0.795513
0.80315
0.805228
0.805549
0.805559
0.805502
0.0484192
0.0728515
0.117644
0.176942
0.243855
0.314388
0.387321
0.462101
0.53792
0.61379
0.679445
0.728231
0.76421
0.790784
0.807948
0.815783
0.817912
0.818208
0.818241
0.8182
0.0133816
0.0383352
0.0853944
0.148185
0.21931
0.29449
0.372372
0.452323
0.533415
0.614514
0.684589
0.736538
0.774687
0.802698
0.820654
0.828881
0.831097
0.831395
0.831425
0.831401
-0.0180262
0.00734986
0.0562746
0.122043
0.196824
0.276098
0.358438
0.443157
0.529223
0.615335
0.689667
0.744707
0.785023
0.814508
0.83334
0.841946
0.844334
0.844637
0.844657
0.844641
-0.046837
-0.0210728
0.0294438
0.0978033
0.175803
0.258719
0.345112
0.434246
0.525009
0.615933
0.69446
0.752523
0.794978
0.825889
0.845537
0.854572
0.857136
0.857472
0.857474
0.857461
-0.073869
-0.0476881
0.00425385
0.0749488
0.155801
0.241981
0.332056
0.425271
0.520472
0.616104
0.698779
0.759843
0.804359
0.836652
0.857062
0.866492
0.869212
0.869569
0.869537
0.869518
-0.0995271
-0.072944
-0.0196871
0.0530855
0.136485
0.225596
0.319018
0.416026
0.515456
0.615681
0.702493
0.766562
0.813106
0.846666
0.867745
0.877452
0.880279
0.880632
0.880569
0.880536
-0.124264
-0.0971981
-0.0427251
0.0319298
0.117613
0.209365
0.305851
0.406378
0.509806
0.614495
0.705501
0.772636
0.82119
0.855925
0.877514
0.887361
0.890217
0.890548
0.890449
0.8904
-0.148222
-0.120669
-0.0650475
0.0113069
0.0990368
0.193175
0.29245
0.396213
0.503406
0.612475
0.707736
0.778061
0.828651
0.86444
0.88635
0.896216
0.899017
0.899314
0.899185
0.899121
-0.171542
-0.143465
-0.0867809
-0.00888226
0.0806828
0.176958
0.27875
0.385482
0.49621
0.609532
0.709123
0.782834
0.835582
0.872376
0.894423
0.904098
0.906778
0.907022
0.90687
0.906791
-0.194325
-0.165714
-0.107984
-0.0286847
0.0625036
0.160692
0.26475
0.374187
0.488191
0.605591
0.709592
0.786959
0.842101
0.879897
0.901883
0.911172
0.913609
0.913768
0.913595
0.913506
-0.216638
-0.187416
-0.128675
-0.048112
0.0445156
0.144392
0.250476
0.362342
0.479343
0.600612
0.709063
0.7904
0.848312
0.887246
0.908981
0.917597
0.919622
0.919655
0.919463
0.919369
-0.238346
-0.208546
-0.14884
-0.067157
0.0267425
0.128109
0.235968
0.349998
0.469705
0.59459
0.707453
0.793081
0.854265
0.894688
0.91607
0.923627
0.924939
0.924763
0.924568
0.924483
-0.259433
-0.229078
-0.168478
-0.0857869
0.00922832
0.11189
0.221304
0.337219
0.45934
0.587523
0.70469
0.794883
0.859917
0.902441
0.92369
0.929835
0.929884
0.92922
0.929035
0.929017
-0.279955
-0.248986
-0.187569
-0.103978
-0.0079744
0.0958093
0.206564
0.324097
0.448319
0.579449
0.700696
0.795661
0.865108
0.910541
0.932406
0.937251
0.935349
0.933427
0.933041
0.933351
-0.299766
-0.268248
-0.206061
-0.121672
-0.0248147
0.0799463
0.191838
0.31073
0.436745
0.570448
0.695419
0.795239
0.869579
0.918701
0.942407
0.947118
0.943404
0.939007
0.936653
0.935764
-0.318959
-0.286871
-0.223965
-0.138901
-0.0413289
0.0642608
0.177073
0.297062
0.42455
0.560454
0.688701
0.793361
0.873091
0.92646
0.953239
0.95993
0.956331
0.948965
0.939626
0.940346
-0.337454
-0.304924
-0.241416
-0.155863
-0.0578089
0.0484268
0.161862
0.282617
0.411202
0.548859
0.679912
0.789299
0.875253
0.933313
0.963541
0.973901
0.971066
0.959282
0.940409
0.939109
-0.35512
-0.322371
-0.258251
-0.172372
-0.0739925
0.0327429
0.146406
0.26771
0.396979
0.535879
0.669057
0.782307
0.875147
0.938025
0.969266
0.980203
0.978745
0.952443
0.894918
0.870194
-0.371838
-0.340108
-0.274075
-0.18799
-0.0891001
0.0176899
0.130984
0.252616
0.382161
0.521679
0.656183
0.771747
0.871615
0.939534
0.965462
0.971225
0.955771
0.903168
0.841022
0.803214
-0.414481
-0.357426
-0.288604
-0.203623
-0.103879
0.00230212
0.11574
0.23721
0.366539
0.505898
0.640861
0.756934
0.860675
0.934207
0.949369
0.933714
0.883678
0.817081
0.74765
0.709457
-0.389591
-0.371382
-0.310733
-0.225032
-0.126762
-0.0208224
0.0919266
0.212752
0.341198
0.479242
0.61302
0.727449
0.82312
0.904164
0.88542
0.77389
0.681361
0.617123
0.552332
0.578303
-0.42025
-0.388816
-0.327323
-0.242117
-0.144218
-0.0384336
0.0744869
0.194652
0.322084
0.458394
0.589661
0.700733
0.785317
0.83112
0.776985
0.634929
0.524072
0.449365
0.366576
0.410899
-0.444012
-0.410177
-0.34696
-0.261703
-0.16386
-0.0580945
0.0546972
0.174061
0.300126
0.43405
0.561505
0.666593
0.739741
0.747271
0.638109
0.480842
0.350221
0.256593
0.160522
0.191006
-0.467134
-0.432249
-0.367664
-0.281751
-0.183838
-0.0782017
0.0340607
0.152446
0.276896
0.407989
0.530544
0.62724
0.683611
0.657741
0.497205
0.318487
0.157404
0.0226517
-0.102257
-0.0902485
-0.489985
-0.454712
-0.389216
-0.302712
-0.204672
-0.0992659
0.0123193
0.129563
0.252088
0.379893
0.49665
0.585029
0.620414
0.548506
0.358493
0.159999
-0.0279493
-0.182532
-0.388299
-0.467528
-0.513251
-0.478027
-0.411993
-0.325068
-0.226879
-0.121666
-0.0107019
0.10535
0.225801
0.350006
0.460453
0.539435
0.54865
0.425367
0.231901
0.0215992
-0.171296
-0.333557
-0.457714
-0.575807
-0.538008
-0.502682
-0.436353
-0.349206
-0.251001
-0.146087
-0.0358498
0.0788161
0.196821
0.316824
0.420501
0.486527
0.468054
0.308439
0.113391
-0.0908715
-0.26698
-0.364682
-0.391004
-0.404502
-0.564382
-0.52897
-0.462427
-0.375217
-0.277185
-0.172752
-0.0635029
0.0494455
0.164525
0.279548
0.375982
0.424135
0.386168
0.195939
0.00284358
-0.181248
-0.314245
-0.352271
-0.361229
-0.361587
-0.59265
-0.557013
-0.490255
-0.403089
-0.305383
-0.201674
-0.0936896
0.0171755
0.128837
0.23814
0.326264
0.357965
0.28813
0.093092
-0.0938444
-0.253969
-0.328705
-0.342714
-0.343756
-0.34363
-0.622824
-0.586846
-0.519855
-0.432823
-0.335614
-0.232848
-0.126425
-0.0180198
0.0897594
0.192703
0.27119
0.288174
0.17971
-7.70105e-05
-0.176993
-0.304316
-0.333289
-0.333745
-0.334172
-0.333711
-0.654647
-0.618299
-0.551127
-0.464338
-0.367795
-0.266224
-0.161688
-0.0561243
0.0473411
0.143363
0.212017
0.209869
0.0836376
-0.0856628
-0.242442
-0.315416
-0.330261
-0.328441
-0.328198
-0.327774
-0.687555
-0.651022
-0.583806
-0.4974
-0.401735
-0.301644
-0.19933
-0.0970202
0.00179644
0.090529
0.149232
0.130809
-0.00491703
-0.160481
-0.285043
-0.323179
-0.322845
-0.323716
-0.323757
-0.3235
-0.721103
-0.684479
-0.617397
-0.531585
-0.437076
-0.33878
-0.239064
-0.140429
-0.0465875
0.0351136
0.0814622
0.0562359
-0.085575
-0.219278
-0.308467
-0.317706
-0.31974
-0.320421
-0.320336
-0.320245
-0.754325
-0.717775
-0.651154
-0.566243
-0.473252
-0.37714
-0.280415
-0.185859
-0.0973933
-0.0220721
0.0134623
-0.0184902
-0.154835
-0.264718
-0.313966
-0.32525
-0.320293
-0.31802
-0.317272
-0.317132
-0.785353
-0.749606
-0.684026
-0.600467
-0.509466
-0.416005
-0.3227
-0.232571
-0.149845
-0.0806067
-0.0494565
-0.096328
-0.212107
-0.306039
-0.3288
-0.327071
-0.321047
-0.316297
-0.314907
-0.314426
-0.813113
-0.778441
-0.714588
-0.633032
-0.544632
-0.454411
-0.365029
-0.279636
-0.202712
-0.139972
-0.11091
-0.163973
-0.25615
-0.330619
-0.355388
-0.340171
-0.328318
-0.323274
-0.321047
-0.319877
-0.834849
-0.802143
-0.741051
-0.662385
-0.577406
-0.491144
-0.406287
-0.325967
-0.254738
-0.198236
-0.172189
-0.216111
-0.284361
-0.329056
-0.334222
-0.342724
-0.347791
-0.346047
-0.342921
-0.341628
-0.848442
-0.818533
-0.761296
-0.686738
-0.606228
-0.524782
-0.445137
-0.370299
-0.304804
-0.252718
-0.22831
-0.259576
-0.301651
-0.328114
-0.331284
-0.34363
-0.350131
-0.350747
-0.35034
-0.350746
-0.851142
-0.825169
-0.77317
-0.704197
-0.629424
-0.553833
-0.480091
-0.411175
-0.351574
-0.302976
-0.274715
-0.300736
-0.321571
-0.339525
-0.341515
-0.343653
-0.344691
-0.3453
-0.346087
-0.346345
-0.840649
-0.819524
-0.774512
-0.712971
-0.645452
-0.576916
-0.509734
-0.447082
-0.393174
-0.350335
-0.307924
-0.341001
-0.338081
-0.354348
-0.351032
-0.348824
-0.348737
-0.348605
-0.348328
-0.348159
-0.81434
-0.798816
-0.763335
-0.711786
-0.653235
-0.592955
-0.533113
-0.476676
-0.428046
-0.392398
-0.346809
-0.353212
-0.350938
-0.356924
-0.362942
-0.355631
-0.348437
-0.349528
-0.351338
-0.351853
-0.775652
-0.765731
-0.740697
-0.700824
-0.652765
-0.601583
-0.549736
-0.49928
-0.455654
-0.424985
-0.395988
-0.377002
-0.35857
-0.361417
-0.378378
-0.374949
-0.372474
-0.371582
-0.372136
-0.372204
-0.731682
-0.726053
-0.711584
-0.683157
-0.646055
-0.603803
-0.559343
-0.515042
-0.474725
-0.445691
-0.419881
-0.401749
-0.384742
-0.372423
-0.348722
-0.361097
-0.396528
-0.41012
-0.410214
-0.40911
-0.692604
-0.689216
-0.682364
-0.664231
-0.636098
-0.601434
-0.563178
-0.52346
-0.484905
-0.453987
-0.429578
-0.433159
-0.443691
-0.471925
-0.485937
-0.502833
-0.490694
-0.46172
-0.441537
-0.443324
-0.664476
-0.662497
-0.658967
-0.648154
-0.626762
-0.597416
-0.56338
-0.52535
-0.487081
-0.451055
-0.428216
-0.424007
-0.459858
-0.545596
-0.6347
-0.684369
-0.682374
-0.63117
-0.558671
-0.534967
-0.643659
-0.642926
-0.641692
-0.636339
-0.62061
-0.594831
-0.561591
-0.523953
-0.481854
-0.440579
-0.416682
-0.387259
-0.3427
-0.32532
-0.333224
-0.33453
-0.322661
-0.326111
-0.299224
-0.285778
-0.631786
-0.631518
-0.63087
-0.628337
-0.617506
-0.593562
-0.559585
-0.519496
-0.472359
-0.423546
-0.37886
-0.331142
-0.206226
-0.0907417
0.0481932
0.141287
0.104541
0.0614191
0.0319828
0.0236637
-0.62382
-0.623728
-0.623454
-0.622816
-0.61598
-0.593843
-0.558355
-0.513404
-0.461712
-0.395233
-0.332522
-0.240639
-0.120081
0.0208274
0.0842978
0.0765975
0.0963483
0.160646
0.233744
0.269708
-0.618198
-0.618137
-0.617928
-0.617887
-0.613965
-0.59547
-0.558624
-0.508756
-0.447019
-0.369605
-0.282986
-0.165879
0.0216853
0.194586
0.380372
0.519636
0.638226
0.788918
0.907403
0.958529
-0.614296
-0.614263
-0.614091
-0.613666
-0.612641
-0.598989
-0.560804
-0.503918
-0.434469
-0.352741
-0.24705
-0.13365
0.0832544
0.374791
0.714626
1.04378
1.31234
1.50379
1.60375
1.63437
-0.610854
-0.611726
-0.613884
-0.616893
-0.618287
-0.606703
-0.563445
-0.50191
-0.433261
-0.341709
-0.232036
-0.119599
0.0863085
0.384636
0.761854
1.11049
1.39435
1.57763
1.65392
1.67269
-0.604502
-0.606497
-0.611358
-0.619847
-0.627185
-0.610035
-0.562173
-0.507686
-0.439947
-0.343361
-0.235012
-0.130172
0.020673
0.303685
0.629613
0.911728
1.13523
1.26568
1.31727
1.3286
-0.613322
-0.614717
-0.613752
-0.602953
-0.588767
-0.574607
-0.552835
-0.521318
-0.455506
-0.355542
-0.251518
-0.154786
-0.0436485
0.174535
0.428125
0.639576
0.802401
0.889523
0.922297
0.927316
-0.650495
-0.649937
-0.638659
-0.595818
-0.537632
-0.526998
-0.559057
-0.546287
-0.476466
-0.373138
-0.274011
-0.189949
-0.10502
0.0515769
0.239955
0.392665
0.502017
0.556352
0.576248
0.578726
-0.70438
-0.701599
-0.699866
-0.684812
-0.667533
-0.649908
-0.66077
-0.606544
-0.504332
-0.392556
-0.302132
-0.227736
-0.164119
-0.0440947
0.0809797
0.179943
0.248538
0.283527
0.296482
0.297805
-0.822275
-0.832498
-0.874605
-0.926087
-0.944782
-0.915414
-0.841959
-0.700139
-0.540634
-0.416214
-0.325109
-0.256462
-0.212623
-0.129595
-0.0409696
0.0200666
0.0572586
0.0730517
0.0787646
0.0790332
-0.966569
-0.989478
-1.0411
-1.0885
-1.10565
-1.0721
-0.963544
-0.755637
-0.563525
-0.436831
-0.333156
-0.279924
-0.238517
-0.183702
-0.132542
-0.1042
-0.0907544
-0.0872673
-0.0854753
-0.0850608
-0.996037
-1.01674
-1.0522
-1.08534
-1.09869
-1.06764
-0.93738
-0.71545
-0.551814
-0.422333
-0.333737
-0.285798
-0.255011
-0.212544
-0.183161
-0.179461
-0.181945
-0.186535
-0.185037
-0.183746
-0.851811
-0.869532
-0.901937
-0.936026
-0.953039
-0.918102
-0.783305
-0.616254
-0.482852
-0.370826
-0.3177
-0.278826
-0.25987
-0.221672
-0.205488
-0.199768
-0.210118
-0.208941
-0.203894
-0.202108
-0.548893
-0.566634
-0.600634
-0.641506
-0.668263
-0.646756
-0.561176
-0.466752
-0.368479
-0.310654
-0.275351
-0.260133
-0.255057
-0.213019
-0.183453
-0.168289
-0.159313
-0.153936
-0.151102
-0.150635
-0.194201
-0.206099
-0.231568
-0.268165
-0.300895
-0.312269
-0.306034
-0.281974
-0.257303
-0.234175
-0.215066
-0.216585
-0.216385
-0.173471
-0.139939
-0.11909
-0.100216
-0.0888831
-0.0867749
-0.0881026
0.0713707
0.0653419
0.048954
0.0182704
-0.0254096
-0.0710608
-0.108727
-0.138017
-0.152385
-0.152536
-0.149964
-0.146626
-0.139885
-0.11595
-0.0918318
-0.0738573
-0.0570595
-0.0488666
-0.0478652
-0.0489295
0.197517
0.194099
0.182578
0.157056
0.115083
0.059865
0.00426728
-0.0398342
-0.0688329
-0.0832382
-0.0849325
-0.0720096
-0.0615757
-0.0536753
-0.0463296
-0.0377737
-0.0284676
-0.0233286
-0.0226086
-0.0241087
0.225976
0.223723
0.215437
0.195924
0.162181
0.117635
0.0690767
0.0221259
-0.011514
-0.0284103
-0.0279032
-0.0101766
0.00144997
-0.0059042
-0.0126338
-0.0154682
-0.0152212
-0.0149219
-0.0157692
-0.0170068
0.209164
0.207774
0.202181
0.188665
0.164556
0.130697
0.0921318
0.0554617
0.0262964
0.0110199
0.0135582
0.0324616
0.0408376
0.0243603
0.00698539
-0.00427883
-0.0118864
-0.017217
-0.0197788
-0.020606
0.176337
0.175595
0.172075
0.163245
0.147152
0.123959
0.0959388
0.0674402
0.0442885
0.0333494
0.0374713
0.0534412
0.0561141
0.0376037
0.0167292
0.000258
-0.0117864
-0.0207313
-0.0239563
-0.0243578
0.1395
0.139279
0.13721
0.131705
0.121329
0.105882
0.0866528
0.0669287
0.0503544
0.0431728
0.0477642
0.0577974
0.054612
0.0373894
0.0186728
0.00377929
-0.00889152
-0.0172534
-0.0198077
-0.0200079
0.103535
0.103443
0.102338
0.0990885
0.0926772
0.0828989
0.0702881
0.0573818
0.0463839
0.0424246
0.0465846
0.0545895
0.0497978
0.0331136
0.0178119
0.00686287
-0.00215311
-0.00715275
-0.00883769
-0.0092242
0.0694441
0.0694771
0.069001
0.0672842
0.0636216
0.0578535
0.0501913
0.0422474
0.0354425
0.0335323
0.0359563
0.0409322
0.0369128
0.0225336
0.0141903
0.00790241
0.00242012
0.000117478
-0.00042444
-0.000701835
0.0373626
0.0374929
0.0373911
0.0366681
0.0349526
0.032112
0.0282689
0.0241578
0.0206676
0.0196367
0.0195331
0.0129979
0.00908918
0.00731949
0.00576944
0.00636592
0.00496386
0.00420609
0.00404597
0.00363095
0.00688476
0.00695394
0.00695301
0.00719067
0.0073122
0.00706448
0.0063947
0.00565012
0.00496161
0.00363303
0.002679
-0.00178476
-0.00318939
0.003079
0.00192926
0.000510445
-0.0011664
-0.00076388
0.00036746
0.000504926
0.041223
0.22994
0.403332
0.550159
0.667817
0.760838
0.838276
0.901233
0.917273
0.913732
0.331192
0.45253
0.566143
0.664805
0.747828
0.816424
0.870518
0.907117
0.926723
0.943369
0.52778
0.608614
0.688477
0.758659
0.818631
0.868309
0.907456
0.937301
0.959745
0.979001
0.673149
0.73019
0.78821
0.840164
0.885074
0.923257
0.955251
0.982102
1.00237
1.02127
0.789351
0.832499
0.875865
0.91618
0.952008
0.983743
1.01148
1.03498
1.05292
1.07097
0.88734
0.922909
0.957766
0.991483
1.02254
1.05061
1.07544
1.09626
1.11202
1.1295
0.975303
1.00737
1.03952
1.07061
1.09958
1.1259
1.14898
1.1679
1.1818
1.19881
1.06217
1.09477
1.12714
1.15831
1.18705
1.21282
1.23492
1.25243
1.2648
1.28132
1.15651
1.19296
1.22772
1.26015
1.2893
1.31463
1.33573
1.352
1.36361
1.37975
1.26959
1.31025
1.34726
1.38016
1.40862
1.43259
1.4522
1.46746
1.47936
1.49543
1.41101
1.45205
1.4873
1.51686
1.54205
1.56365
1.58214
1.59762
1.61074
1.62668
1.58253
1.6148
1.64171
1.66405
1.68413
1.70285
1.72058
1.73735
1.75226
1.76799
1.76879
1.78604
1.80315
1.81984
1.83594
1.85067
1.86457
1.87905
1.89429
1.91159
1.95219
1.96214
1.97533
1.98631
1.99572
2.00538
2.01599
2.02616
2.03546
2.06112
2.17006
2.16435
2.15141
2.13715
2.13085
2.13656
2.15471
2.18323
2.21699
2.25332
2.47287
2.33692
2.25742
2.21489
2.19756
2.20154
2.22897
2.28684
2.39451
2.57291
0.800932
0.794629
0.786899
0.775785
0.762214
0.749565
0.739169
0.731159
0.725445
0.722121
0.721781
0.724628
0.729872
0.737239
0.746795
0.75863
0.772196
0.785127
0.794119
0.801661
0.709998
0.715918
0.72399
0.730123
0.733192
0.732681
0.729596
0.725603
0.722018
0.719742
0.719622
0.721891
0.725659
0.730116
0.734225
0.736476
0.735407
0.730774
0.723722
0.715889
0.703244
0.705616
0.708884
0.711657
0.714108
0.716299
0.71748
0.717336
0.716404
0.715608
0.71584
0.717273
0.719071
0.720313
0.720248
0.718788
0.716636
0.714278
0.711299
0.708282
0.698448
0.699537
0.701454
0.703793
0.705666
0.707066
0.708287
0.709284
0.709891
0.710282
0.710858
0.711624
0.712111
0.712008
0.711392
0.710479
0.709155
0.707191
0.705087
0.70361
0.693417
0.694051
0.69518
0.696939
0.698785
0.70038
0.701635
0.702704
0.703695
0.704609
0.705422
0.705971
0.706133
0.705946
0.705424
0.704461
0.703043
0.70144
0.700106
0.699305
0.688482
0.688921
0.68971
0.691016
0.69254
0.694107
0.69559
0.696893
0.698058
0.699165
0.700149
0.700787
0.700996
0.700784
0.700139
0.699154
0.698012
0.696876
0.695978
0.695445
0.683634
0.683961
0.684575
0.685647
0.686946
0.68835
0.689834
0.691317
0.692722
0.694047
0.695232
0.696021
0.696285
0.69607
0.695496
0.694731
0.6939
0.693055
0.6924
0.692009
0.678848
0.679101
0.679596
0.680511
0.681688
0.683002
0.684431
0.685969
0.687564
0.689153
0.690595
0.691567
0.691955
0.691893
0.691541
0.691018
0.690403
0.689788
0.689313
0.689015
0.67405
0.674252
0.674664
0.675469
0.676569
0.677838
0.679256
0.680841
0.682582
0.684425
0.686171
0.687417
0.688052
0.688244
0.68814
0.687849
0.687446
0.687026
0.686692
0.686458
0.669156
0.669319
0.669673
0.670406
0.671461
0.672714
0.674165
0.675839
0.677745
0.679854
0.681961
0.683584
0.68456
0.685057
0.685218
0.685166
0.684981
0.68474
0.684523
0.684336
0.664077
0.664208
0.664521
0.66521
0.666251
0.667533
0.669056
0.670865
0.67299
0.675428
0.677975
0.680065
0.68145
0.682298
0.682761
0.682967
0.683001
0.682934
0.682817
0.682666
0.658721
0.658827
0.659112
0.659784
0.660846
0.662199
0.66384
0.665838
0.668252
0.671107
0.674197
0.676846
0.678714
0.679969
0.680774
0.681261
0.681529
0.681636
0.681606
0.681483
0.652991
0.653075
0.653345
0.654023
0.655141
0.656608
0.658422
0.660678
0.663466
0.666842
0.670597
0.67392
0.676358
0.678087
0.67928
0.680097
0.680623
0.680897
0.680945
0.680843
0.646773
0.646838
0.647102
0.647809
0.649021
0.650649
0.652701
0.655296
0.658557
0.66258
0.667144
0.671278
0.674397
0.676682
0.678326
0.679513
0.680323
0.68078
0.680904
0.680817
0.639936
0.639982
0.640247
0.641007
0.642351
0.644197
0.646561
0.649591
0.653447
0.658267
0.663815
0.668923
0.672852
0.675795
0.677965
0.679574
0.680714
0.681366
0.681564
0.68149
0.632327
0.632348
0.632616
0.633453
0.634974
0.637102
0.639866
0.643444
0.648041
0.653842
0.660583
0.666858
0.671746
0.675465
0.678263
0.680372
0.681884
0.68275
0.683022
0.682957
0.623702
0.62372
0.624004
0.62494
0.626693
0.629181
0.632452
0.636717
0.642234
0.649237
0.65742
0.66509
0.671116
0.675748
0.679285
0.681996
0.683934
0.685032
0.685378
0.685319
0.613795
0.613787
0.614119
0.615202
0.617255
0.620205
0.624116
0.629246
0.63591
0.644386
0.654311
0.663639
0.671007
0.676715
0.681121
0.684528
0.686959
0.688313
0.688732
0.688674
0.602288
0.602257
0.60264
0.603915
0.606339
0.60988
0.614611
0.620837
0.628932
0.639223
0.651247
0.662532
0.671465
0.678431
0.683854
0.688065
0.691061
0.692685
0.693172
0.69311
0.588681
0.588629
0.589091
0.590617
0.593527
0.597838
0.603629
0.61126
0.621163
0.63369
0.648233
0.661811
0.672547
0.680954
0.687562
0.692696
0.696313
0.698214
0.698758
0.698686
0.57231
0.572235
0.572823
0.574701
0.578261
0.583598
0.590791
0.600251
0.612453
0.62774
0.645287
0.661522
0.674311
0.684354
0.692295
0.698466
0.702754
0.704919
0.705501
0.705412
0.552203
0.552112
0.552903
0.555295
0.559771
0.566534
0.575639
0.587535
0.602695
0.621386
0.642476
0.661735
0.676823
0.68868
0.69808
0.70539
0.710365
0.712752
0.71334
0.713227
0.52691
0.526818
0.527949
0.531136
0.536995
0.54584
0.557662
0.572877
0.591866
0.614722
0.639922
0.662549
0.680134
0.693955
0.704931
0.713435
0.719041
0.721564
0.722116
0.721971
0.49406
0.494016
0.495759
0.500318
0.508491
0.520594
0.536416
0.556206
0.580108
0.607965
0.637819
0.664096
0.684317
0.700189
0.712796
0.72248
0.728567
0.731091
0.731555
0.731375
0.449429
0.449591
0.452666
0.460082
0.472583
0.49004
0.511799
0.537766
0.567779
0.601447
0.636411
0.666521
0.689442
0.707362
0.721584
0.732308
0.738604
0.74094
0.741267
0.741056
0.385123
0.386479
0.393945
0.407938
0.428374
0.454348
0.484478
0.51829
0.555486
0.595602
0.635967
0.669962
0.695534
0.715418
0.731029
0.742482
0.748639
0.750563
0.750724
0.750505
0.308399
0.311064
0.325567
0.349663
0.380954
0.417016
0.456217
0.49832
0.543146
0.590297
0.63683
0.675497
0.704387
0.726719
0.743909
0.7558
0.761605
0.763216
0.763321
0.763192
0.229906
0.236936
0.258706
0.292909
0.334733
0.380653
0.428929
0.479386
0.531913
0.586149
0.638895
0.682253
0.714374
0.739024
0.757743
0.7697
0.774688
0.775785
0.775831
0.775764
0.165888
0.174814
0.201249
0.242608
0.292727
0.347012
0.40347
0.461765
0.521651
0.582668
0.641284
0.688986
0.724021
0.750632
0.770174
0.7819
0.786405
0.787368
0.787464
0.787453
0.113469
0.123116
0.153103
0.199782
0.256146
0.317128
0.380483
0.445684
0.512278
0.579639
0.643824
0.695625
0.733377
0.761725
0.782109
0.793916
0.798223
0.799098
0.799238
0.799272
0.0696336
0.0795896
0.111999
0.162834
0.22432
0.290869
0.360059
0.431273
0.503904
0.577135
0.646595
0.702358
0.74276
0.772919
0.794296
0.806258
0.810425
0.811418
0.811603
0.811674
0.0319038
0.0419904
0.076209
0.13037
0.196145
0.26748
0.341776
0.418333
0.496433
0.575095
0.649572
0.709216
0.752252
0.784208
0.806615
0.819001
0.823404
0.824434
0.824623
0.82471
-0.00141014
0.00871873
0.0443561
0.101273
0.170703
0.246197
0.325026
0.406414
0.489567
0.573368
0.65266
0.716062
0.761699
0.795462
0.819009
0.832032
0.836704
0.837787
0.837954
0.838031
-0.031577
-0.0214211
0.0153669
0.0746504
0.147251
0.226399
0.309282
0.395099
0.482984
0.571679
0.655622
0.722684
0.770903
0.806464
0.83118
0.844818
0.84978
0.850913
0.851055
0.851114
-0.0595675
-0.0493656
-0.011561
0.0498234
0.125233
0.20762
0.294154
0.384037
0.476332
0.569707
0.658211
0.728904
0.779622
0.816929
0.842747
0.856978
0.862269
0.863457
0.863561
0.863595
-0.0859529
-0.0756928
-0.0369503
0.0263263
0.104221
0.189503
0.279334
0.372938
0.469368
0.567259
0.660272
0.734577
0.787778
0.826748
0.853584
0.868324
0.873875
0.875094
0.875158
0.875158
-0.1112
-0.100827
-0.0612028
0.0037913
0.0839057
0.171781
0.264598
0.361627
0.461953
0.56417
0.661647
0.739607
0.795291
0.835863
0.863614
0.878722
0.884379
0.885614
0.885645
0.885612
-0.135626
-0.125059
-0.0845985
-0.0180258
0.064082
0.154282
0.249815
0.349993
0.453937
0.560312
0.662232
0.743951
0.802173
0.844285
0.872762
0.888094
0.893769
0.894963
0.894963
0.894902
-0.159341
-0.148551
-0.107288
-0.0392761
0.0446242
0.136918
0.234897
0.337943
0.445245
0.5556
0.661954
0.747565
0.808452
0.852095
0.881157
0.896527
0.902082
0.903204
0.90317
0.903087
-0.182493
-0.171435
-0.129398
-0.0600327
0.0254687
0.119627
0.219803
0.325452
0.43586
0.54998
0.660718
0.75041
0.814193
0.859448
0.888961
0.904138
0.909452
0.910452
0.910371
0.91027
-0.205058
-0.193773
-0.15096
-0.0803323
0.00659393
0.102407
0.204549
0.312538
0.425775
0.54341
0.658459
0.752429
0.819443
0.866507
0.896381
0.911128
0.916007
0.916809
0.916676
0.916558
-0.227135
-0.215552
-0.171952
-0.100173
-0.0119914
0.0852815
0.189162
0.299239
0.415017
0.535894
0.655119
0.753539
0.8242
0.873457
0.903718
0.917732
0.92187
0.922352
0.922158
0.922038
-0.248533
-0.236748
-0.192372
-0.119549
-0.0302498
0.0683098
0.173695
0.285608
0.403647
0.527468
0.650648
0.753645
0.828404
0.880418
0.91135
0.924406
0.927339
0.92721
0.926915
0.926826
-0.269406
-0.257316
-0.212201
-0.138448
-0.0481601
0.0515215
0.15823
0.271718
0.391738
0.51819
0.645024
0.752633
0.831919
0.887377
0.919641
0.931893
0.933118
0.931726
0.931091
0.931117
-0.289578
-0.277223
-0.231426
-0.156824
-0.065651
0.0349952
0.142847
0.257683
0.379382
0.508114
0.638254
0.750381
0.834554
0.894134
0.928699
0.941045
0.940645
0.937107
0.935183
0.935143
-0.309156
-0.296497
-0.249994
-0.174625
-0.0826904
0.0187947
0.127627
0.243576
0.366683
0.497364
0.630383
0.746749
0.836082
0.900305
0.938099
0.952141
0.951653
0.946145
0.940388
0.932153
-0.328026
-0.315134
-0.267996
-0.192016
-0.0994999
0.00264307
0.112242
0.229005
0.353207
0.485462
0.620932
0.741215
0.836175
0.905725
0.947367
0.964779
0.966614
0.960015
0.948732
0.947776
-0.34615
-0.333212
-0.28543
-0.208943
-0.116067
-0.013424
0.096718
0.213948
0.338916
0.472273
0.609703
0.733252
0.834035
0.9096
0.954628
0.975059
0.978852
0.974022
0.939714
0.901414
-0.363305
-0.350592
-0.302233
-0.225291
-0.132387
-0.0294129
0.0810543
0.198532
0.323872
0.45782
0.596595
0.72246
0.828429
0.910955
0.957875
0.974568
0.977906
0.955753
0.902963
0.848308
-0.382187
-0.366093
-0.318095
-0.240601
-0.148176
-0.0450838
0.0648954
0.182803
0.308161
0.442208
0.581528
0.708559
0.817429
0.909735
0.955507
0.972598
0.945645
0.896671
0.830591
0.770809
-0.371786
-0.347956
-0.295662
-0.213941
-0.114627
-0.0084864
0.107053
0.228353
0.357445
0.496494
0.631379
0.747354
0.849893
0.939628
0.959915
0.890775
0.839857
0.776478
0.709572
0.666972
-0.385682
-0.378005
-0.337611
-0.26499
-0.172535
-0.0703732
0.0399166
0.157539
0.282419
0.41569
0.55408
0.680716
0.786885
0.880479
0.940173
0.917498
0.808297
0.729739
0.670816
0.597117
-0.406927
-0.396367
-0.352547
-0.278521
-0.185547
-0.0838805
0.0253676
0.142024
0.266025
0.39805
0.534948
0.660407
0.762918
0.843673
0.865601
0.777774
0.650003
0.566698
0.501703
0.426337
-0.430034
-0.418314
-0.371397
-0.296523
-0.20361
-0.101731
0.00758889
0.124023
0.247184
0.377826
0.512015
0.633409
0.726635
0.788496
0.763927
0.631162
0.494498
0.396774
0.318539
0.210261
-0.452896
-0.441137
-0.3925
-0.316485
-0.22356
-0.121594
-0.0124044
0.103469
0.225538
0.354313
0.485052
0.600747
0.68452
0.720722
0.654984
0.482221
0.322519
0.196693
0.0933665
-0.0463195
-0.475645
-0.463932
-0.414211
-0.337146
-0.243905
-0.141969
-0.0331944
0.081813
0.202496
0.328955
0.455639
0.56463
0.639516
0.638159
0.520443
0.332942
0.145485
-0.0201341
-0.160893
-0.407869
-0.498712
-0.487144
-0.436772
-0.359002
-0.265463
-0.163528
-0.0551939
0.0589001
0.178029
0.301845
0.423975
0.524813
0.58651
0.552797
0.388875
0.191307
-0.0116577
-0.189656
-0.358391
-0.618941
-0.522687
-0.511249
-0.460553
-0.382333
-0.288586
-0.186662
-0.0787442
0.0344363
0.151908
0.272808
0.390034
0.482097
0.526149
0.468102
0.268113
0.0650626
-0.135134
-0.305199
-0.391312
-0.440419
-0.548255
-0.536881
-0.485922
-0.407451
-0.313697
-0.211967
-0.10464
0.00736742
0.122805
0.240189
0.351778
0.434154
0.457198
0.354844
0.154797
-0.0455168
-0.222918
-0.335344
-0.371025
-0.377051
-0.575599
-0.564229
-0.512992
-0.434366
-0.340741
-0.239406
-0.132913
-0.0223744
0.0906077
0.203861
0.308898
0.381101
0.373556
0.241679
0.0485934
-0.137864
-0.286664
-0.339215
-0.348676
-0.351141
-0.604864
-0.593408
-0.541823
-0.463089
-0.36972
-0.268987
-0.163575
-0.0548449
0.055268
0.163846
0.261355
0.322654
0.290288
0.134742
-0.0459247
-0.219275
-0.315675
-0.33806
-0.338249
-0.338398
-0.635926
-0.624352
-0.57238
-0.493596
-0.400603
-0.300671
-0.196626
-0.0900444
0.0167963
0.120159
0.209587
0.257227
0.214756
0.0375632
-0.128931
-0.27624
-0.327919
-0.330236
-0.330919
-0.330822
-0.668413
-0.656755
-0.604444
-0.525722
-0.43326
-0.334358
-0.231976
-0.127908
-0.0247476
0.0730138
0.153847
0.189026
0.130347
-0.0466499
-0.201293
-0.303698
-0.326226
-0.326087
-0.326002
-0.325725
-0.701869
-0.690158
-0.637623
-0.559118
-0.467389
-0.369791
-0.269392
-0.168229
-0.069163
0.0228587
0.0944862
0.118175
0.0371028
-0.121144
-0.256357
-0.30742
-0.319674
-0.321234
-0.321989
-0.321998
-0.735526
-0.72386
-0.671274
-0.593207
-0.502501
-0.406539
-0.308501
-0.210636
-0.116098
-0.0298686
0.0332519
0.0408433
-0.0470438
-0.183568
-0.287644
-0.324614
-0.320658
-0.319716
-0.319137
-0.318995
-0.768297
-0.756771
-0.704442
-0.627154
-0.53787
-0.443966
-0.348708
-0.254535
-0.164913
-0.0847649
-0.0274756
-0.0332348
-0.121953
-0.238115
-0.310564
-0.324818
-0.322499
-0.31816
-0.316227
-0.315772
-0.798237
-0.787161
-0.735767
-0.659819
-0.572503
-0.481191
-0.38922
-0.299133
-0.214682
-0.140888
-0.0880932
-0.0989218
-0.186919
-0.280783
-0.338451
-0.338875
-0.328504
-0.319953
-0.31654
-0.315577
-0.823834
-0.813471
-0.763609
-0.689699
-0.605104
-0.517063
-0.42899
-0.343442
-0.264298
-0.196708
-0.149875
-0.156739
-0.23638
-0.304779
-0.339756
-0.345816
-0.338809
-0.335499
-0.332449
-0.330407
-0.842447
-0.833023
-0.785779
-0.714958
-0.634109
-0.550201
-0.466738
-0.386269
-0.312624
-0.250699
-0.208738
-0.210017
-0.269623
-0.312649
-0.326023
-0.33587
-0.349977
-0.354193
-0.352366
-0.350621
-0.851841
-0.843336
-0.799861
-0.733599
-0.657759
-0.579064
-0.501015
-0.42622
-0.358338
-0.30178
-0.260675
-0.260651
-0.29758
-0.323156
-0.335047
-0.339217
-0.345209
-0.346575
-0.347107
-0.347647
-0.848145
-0.840958
-0.803923
-0.743628
-0.674246
-0.602115
-0.530382
-0.461778
-0.399821
-0.34912
-0.306865
-0.303431
-0.327223
-0.34065
-0.349189
-0.346442
-0.346773
-0.346636
-0.346672
-0.346624
-0.829334
-0.824399
-0.795505
-0.743461
-0.682193
-0.618009
-0.553673
-0.491541
-0.435558
-0.390691
-0.353889
-0.338279
-0.34176
-0.333203
-0.350068
-0.35013
-0.348398
-0.348487
-0.349359
-0.349663
-0.796095
-0.792624
-0.773113
-0.732229
-0.681034
-0.626058
-0.570082
-0.514794
-0.464428
-0.424443
-0.399794
-0.369585
-0.356679
-0.351133
-0.369807
-0.375504
-0.360584
-0.356123
-0.357781
-0.358747
-0.753553
-0.751384
-0.740464
-0.712219
-0.67199
-0.62692
-0.579336
-0.531404
-0.485816
-0.4499
-0.425194
-0.402648
-0.37664
-0.359458
-0.349095
-0.35583
-0.378589
-0.390475
-0.391477
-0.391037
-0.710706
-0.709439
-0.704289
-0.688051
-0.658829
-0.622428
-0.582663
-0.540894
-0.499908
-0.464526
-0.439286
-0.423097
-0.413862
-0.425305
-0.405232
-0.380676
-0.399627
-0.422375
-0.42488
-0.42436
-0.676822
-0.676134
-0.673569
-0.664521
-0.644638
-0.615878
-0.582002
-0.544446
-0.505942
-0.468972
-0.443165
-0.425794
-0.454875
-0.485465
-0.584468
-0.633724
-0.649113
-0.617725
-0.537105
-0.502147
-0.653107
-0.652421
-0.651025
-0.647284
-0.633889
-0.610617
-0.579657
-0.544414
-0.50474
-0.465507
-0.433432
-0.411723
-0.407046
-0.419858
-0.471408
-0.526923
-0.539279
-0.533361
-0.481147
-0.440754
-0.637084
-0.636823
-0.636225
-0.634317
-0.626891
-0.60756
-0.578241
-0.541824
-0.500561
-0.454545
-0.414278
-0.389089
-0.318863
-0.229942
-0.160007
-0.0958138
-0.0514342
-0.0863399
-0.106737
-0.110232
-0.627427
-0.627386
-0.627081
-0.626511
-0.622856
-0.606709
-0.577433
-0.5385
-0.493034
-0.43795
-0.384824
-0.326607
-0.231752
-0.0872118
0.0434831
0.127115
0.121221
0.105278
0.110195
0.121979
-0.620743
-0.620768
-0.620615
-0.620523
-0.619103
-0.606914
-0.577855
-0.535717
-0.482697
-0.421306
-0.344121
-0.262645
-0.126877
0.0157505
0.134318
0.195513
0.24502
0.328925
0.451943
0.538759
-0.616015
-0.615985
-0.615785
-0.615365
-0.614644
-0.607817
-0.580332
-0.533831
-0.474828
-0.403919
-0.311747
-0.212012
-0.0464846
0.19006
0.45296
0.714472
0.930722
1.12429
1.26947
1.34362
-0.612744
-0.612902
-0.613348
-0.613968
-0.614624
-0.611643
-0.585349
-0.533674
-0.469837
-0.39108
-0.29416
-0.185446
-0.0306543
0.226253
0.575952
0.95608
1.28941
1.5356
1.67506
1.72415
-0.607273
-0.608289
-0.610879
-0.616561
-0.62349
-0.622142
-0.590377
-0.535381
-0.471291
-0.391881
-0.287925
-0.174862
-0.0481958
0.200775
0.537221
0.873366
1.16527
1.37724
1.48286
1.51751
-0.604552
-0.605997
-0.608644
-0.611987
-0.616006
-0.613104
-0.580608
-0.536633
-0.483929
-0.40188
-0.29565
-0.189615
-0.0895636
0.0993108
0.390535
0.660664
0.882406
1.0321
1.10153
1.1224
-0.628851
-0.629745
-0.628971
-0.611364
-0.571702
-0.542381
-0.547984
-0.54576
-0.504974
-0.417977
-0.311063
-0.216626
-0.128064
0.00240172
0.226061
0.424992
0.587314
0.689037
0.732919
0.745372
-0.674404
-0.673302
-0.668876
-0.645123
-0.593738
-0.55602
-0.573894
-0.590707
-0.536546
-0.434685
-0.333752
-0.246417
-0.172922
-0.0763489
0.0826125
0.22115
0.329652
0.393536
0.421454
0.429063
-0.75484
-0.750509
-0.760957
-0.785503
-0.809346
-0.795583
-0.77143
-0.708945
-0.588065
-0.458438
-0.359288
-0.27583
-0.218501
-0.14721
-0.0306982
0.0589453
0.124556
0.161978
0.17812
0.182053
-0.901919
-0.904748
-0.942625
-1.00345
-1.0437
-1.03843
-0.9773
-0.836008
-0.638879
-0.487026
-0.376994
-0.296098
-0.24676
-0.198423
-0.12585
-0.066772
-0.032384
-0.017324
-0.012003
-0.0100749
-1.00052
-1.00944
-1.04509
-1.08931
-1.11919
-1.1131
-1.04803
-0.860612
-0.644484
-0.496236
-0.380717
-0.304385
-0.267618
-0.223792
-0.177808
-0.152757
-0.145501
-0.143454
-0.144192
-0.143038
-0.94363
-0.953102
-0.979786
-1.01327
-1.03842
-1.03267
-0.959303
-0.765492
-0.592232
-0.459801
-0.35818
-0.302572
-0.271948
-0.240855
-0.204988
-0.193564
-0.202485
-0.211354
-0.209258
-0.205659
-0.712021
-0.722719
-0.749907
-0.788555
-0.82261
-0.823931
-0.746847
-0.611146
-0.487125
-0.378536
-0.316464
-0.283866
-0.266139
-0.241612
-0.208733
-0.193244
-0.190126
-0.188249
-0.183773
-0.182104
-0.365211
-0.374068
-0.396979
-0.4336
-0.470431
-0.485603
-0.458193
-0.404479
-0.341649
-0.288488
-0.259832
-0.241455
-0.246477
-0.219434
-0.178397
-0.150069
-0.134524
-0.122548
-0.117424
-0.116791
-0.0422146
-0.0472832
-0.0612951
-0.0886448
-0.12708
-0.162668
-0.185182
-0.201321
-0.203946
-0.199234
-0.186368
-0.182941
-0.185178
-0.161681
-0.131
-0.106513
-0.0848693
-0.0705527
-0.0653483
-0.0656929
0.151594
0.148953
0.14087
0.120598
0.0842323
0.0328572
-0.0215214
-0.0661448
-0.0977789
-0.111928
-0.118627
-0.113688
-0.104302
-0.0918375
-0.0739736
-0.0620023
-0.0468829
-0.0367343
-0.0328972
-0.033579
0.220874
0.21928
0.213795
0.198171
0.167619
0.122691
0.0693161
0.0172312
-0.0232439
-0.0489539
-0.0570854
-0.047729
-0.0307027
-0.0295105
-0.0271413
-0.0270476
-0.0223683
-0.018267
-0.0168392
-0.0180045
0.221222
0.220301
0.216568
0.205499
0.183002
0.148159
0.105861
0.0628115
0.0237777
-0.00070758
-0.0068883
0.00426604
0.022064
0.0171071
0.00464679
-0.00595032
-0.0107721
-0.014012
-0.0161662
-0.0176161
0.193849
0.193435
0.191087
0.183745
0.168475
0.144209
0.11277
0.0789778
0.048957
0.0287597
0.0238589
0.035445
0.0504689
0.0424986
0.0231773
0.00496556
-0.00769718
-0.016136
-0.0215589
-0.0229321
0.158037
0.157992
0.156636
0.152054
0.142182
0.126075
0.104519
0.0804345
0.0575898
0.0422693
0.0401853
0.0497207
0.0597041
0.0490433
0.0283214
0.00963701
-0.00500826
-0.0160926
-0.0222316
-0.0232314
0.121223
0.121266
0.120592
0.117904
0.111783
0.101465
0.0871507
0.0710084
0.055689
0.04547
0.0448109
0.0527207
0.0580898
0.0439137
0.0258356
0.0116117
-0.000431466
-0.009739
-0.0140812
-0.0147769
0.0861686
0.0863321
0.0859962
0.0845253
0.0809354
0.0746585
0.0657578
0.0553761
0.0454487
0.0390871
0.0396523
0.0451905
0.0487088
0.0376588
0.0229097
0.012214
0.00379331
-0.0017155
-0.00408231
-0.00457524
0.0531063
0.0532925
0.0532086
0.0525647
0.050709
0.04728
0.0422757
0.0363662
0.0306598
0.0269445
0.0279183
0.0298056
0.0264445
0.0189738
0.014235
0.00952255
0.00623636
0.0038986
0.00298743
0.00253194
0.00693706
0.00693661
0.0070322
0.007277
0.00724749
0.00679434
0.0059745
0.0052854
0.00441841
0.00295453
0.00186246
-0.00512161
-0.000403076
0.00286956
0.00158577
-0.00135685
-0.00135961
-4.43948e-06
0.000549808
0.00356245
-0.589897
-0.157027
0.17785
0.396594
0.557635
0.681007
0.776934
0.85643
0.9417
0.994034
0.114688
0.279576
0.423533
0.553211
0.662144
0.751263
0.823839
0.881016
0.912255
0.919409
0.394964
0.485817
0.584671
0.673852
0.75043
0.814712
0.866575
0.905102
0.931533
0.951352
0.573113
0.638439
0.707149
0.77134
0.827238
0.874619
0.913503
0.944953
0.970045
0.9897
0.709849
0.758012
0.808563
0.856507
0.898998
0.936103
0.96809
0.995568
1.01804
1.03553
0.820345
0.860363
0.898268
0.935709
0.970524
1.00185
1.02974
1.05395
1.07343
1.08953
0.916649
0.948594
0.982011
1.01451
1.0454
1.07384
1.0993
1.12127
1.13853
1.1531
1.00454
1.03432
1.06636
1.09783
1.12764
1.15504
1.17936
1.19989
1.21538
1.22868
1.09284
1.12494
1.15892
1.19155
1.22195
1.24931
1.273
1.29242
1.30658
1.31899
1.19337
1.22966
1.26729
1.30179
1.33281
1.35977
1.38237
1.40047
1.4138
1.42629
1.31851
1.3576
1.39727
1.43146
1.46089
1.48586
1.50672
1.52375
1.53716
1.55059
1.47756
1.51314
1.54837
1.57696
1.60114
1.62248
1.64169
1.65895
1.67388
1.68833
1.66551
1.68782
1.71147
1.73133
1.74964
1.76702
1.78355
1.79994
1.81614
1.83173
1.85799
1.86615
1.87996
1.89482
1.90927
1.92222
1.93387
1.94511
1.95683
1.97293
2.05352
2.05345
2.06348
2.06696
2.06794
2.07234
2.08285
2.09777
2.1121
2.12651
2.35066
2.29515
2.24064
2.201
2.17875
2.17463
2.18815
2.22195
2.27981
2.36016
0.923024
0.870532
0.827649
0.794641
0.7709
0.753787
0.741357
0.732369
0.726169
0.722611
0.722229
0.725197
0.730768
0.738819
0.749785
0.764626
0.784956
0.813137
0.851173
0.900527
0.734116
0.743064
0.749823
0.750069
0.745369
0.738596
0.73187
0.726271
0.722353
0.720669
0.7219
0.725604
0.731029
0.737719
0.744974
0.75128
0.754037
0.75059
0.741507
0.73519
0.706782
0.708986
0.713847
0.71799
0.721536
0.723575
0.723405
0.721627
0.71942
0.717871
0.717918
0.719778
0.722549
0.725252
0.726759
0.726108
0.723373
0.719657
0.715264
0.710606
0.701577
0.702535
0.705034
0.707491
0.709378
0.711031
0.712419
0.713137
0.713166
0.713042
0.713455
0.714507
0.715512
0.715825
0.715209
0.713994
0.712513
0.710542
0.708061
0.705957
0.69624
0.696719
0.698169
0.700251
0.702173
0.703646
0.704804
0.705837
0.706716
0.707441
0.708149
0.708751
0.708983
0.708785
0.708264
0.707393
0.70599
0.704139
0.702447
0.70139
0.69116
0.691458
0.692382
0.693875
0.695562
0.697189
0.698584
0.699756
0.700823
0.701844
0.702743
0.703317
0.703493
0.703307
0.702717
0.701698
0.700386
0.69904
0.697964
0.697323
0.686209
0.686421
0.687112
0.688286
0.689681
0.691163
0.692668
0.694082
0.695366
0.696571
0.697649
0.698361
0.698596
0.698365
0.697727
0.69684
0.695866
0.694888
0.694122
0.69367
0.68136
0.681522
0.68207
0.683056
0.684286
0.68564
0.687095
0.688613
0.690122
0.691578
0.692885
0.693757
0.694067
0.693911
0.693442
0.692799
0.69208
0.691354
0.690794
0.690454
0.676551
0.676678
0.677127
0.677981
0.679116
0.680407
0.681827
0.683384
0.685053
0.686769
0.688357
0.689452
0.689949
0.690007
0.689779
0.689371
0.688859
0.688343
0.687943
0.687679
0.671696
0.671798
0.672178
0.672943
0.674017
0.675277
0.676709
0.678333
0.68015
0.68212
0.684038
0.685461
0.686256
0.686595
0.686622
0.686447
0.68615
0.68582
0.685548
0.685339
0.666704
0.666788
0.667119
0.667825
0.66887
0.670136
0.671621
0.673356
0.675362
0.677625
0.679941
0.681786
0.682957
0.683623
0.683933
0.684004
0.683929
0.683773
0.683607
0.683439
0.661484
0.661554
0.66185
0.662526
0.663574
0.664891
0.66647
0.668365
0.670624
0.673258
0.676062
0.678419
0.680034
0.681078
0.681711
0.682049
0.682199
0.682215
0.682142
0.682006
0.655942
0.656
0.656275
0.656945
0.658031
0.659442
0.661166
0.663283
0.665871
0.668972
0.672377
0.675348
0.677486
0.678968
0.679967
0.680609
0.680999
0.681188
0.681198
0.681086
0.649972
0.650021
0.650285
0.650972
0.652133
0.653682
0.65561
0.658024
0.661033
0.664714
0.668853
0.672563
0.675325
0.67732
0.678738
0.679735
0.680389
0.68075
0.680837
0.680743
0.643452
0.643492
0.643755
0.644482
0.645754
0.647493
0.649696
0.652494
0.656034
0.660435
0.665466
0.670065
0.673568
0.67617
0.678075
0.679462
0.68042
0.680972
0.681134
0.681055
0.636237
0.636267
0.636537
0.637325
0.638751
0.640741
0.643299
0.646584
0.650788
0.656073
0.662189
0.667854
0.672239
0.675556
0.678039
0.679881
0.681186
0.681944
0.68218
0.682112
0.628144
0.628168
0.628452
0.62932
0.630945
0.633259
0.636267
0.640167
0.645197
0.651567
0.658994
0.665937
0.671367
0.675524
0.678691
0.681078
0.682782
0.683763
0.684074
0.684013
0.618924
0.618944
0.619253
0.620227
0.622116
0.624843
0.628421
0.63309
0.639147
0.646847
0.65586
0.664324
0.670992
0.676141
0.680111
0.68314
0.685305
0.686532
0.686917
0.68686
0.608265
0.608277
0.608625
0.60975
0.611978
0.615235
0.619537
0.625178
0.632514
0.641849
0.652774
0.663042
0.671161
0.677476
0.682388
0.686156
0.688854
0.690347
0.690804
0.690745
0.595786
0.59579
0.596179
0.597502
0.600166
0.604106
0.609336
0.616215
0.625158
0.636507
0.649734
0.662123
0.671925
0.679588
0.685601
0.690227
0.693521
0.69529
0.695812
0.695746
0.580918
0.580915
0.58137
0.582958
0.586197
0.591035
0.597481
0.605958
0.616936
0.630769
0.646748
0.661612
0.673344
0.682542
0.689825
0.695416
0.699364
0.701408
0.701979
0.7019
0.562866
0.562856
0.563405
0.565379
0.569416
0.575476
0.583549
0.594129
0.607713
0.624612
0.64386
0.661564
0.675475
0.686404
0.695078
0.701761
0.706395
0.708688
0.709283
0.709184
0.540451
0.540434
0.541144
0.543715
0.548917
0.556714
0.567051
0.580466
0.597414
0.618083
0.641156
0.662061
0.67838
0.691204
0.701403
0.709251
0.714557
0.717037
0.71762
0.717492
0.511858
0.511836
0.512837
0.516404
0.523457
0.533869
0.547483
0.564795
0.586092
0.61134
0.638801
0.663225
0.682119
0.69696
0.708769
0.717816
0.723696
0.726254
0.726775
0.726612
0.473983
0.473971
0.47561
0.481103
0.49144
0.506035
0.524528
0.547182
0.573987
0.604653
0.637012
0.665192
0.686767
0.70367
0.717123
0.727285
0.733547
0.736021
0.736427
0.736227
0.42093
0.421133
0.42486
0.434818
0.451323
0.472803
0.498414
0.528104
0.561589
0.598415
0.636055
0.668112
0.692381
0.711305
0.726298
0.737388
0.74372
0.745919
0.74617
0.745938
0.345278
0.347626
0.358598
0.378001
0.404643
0.435783
0.470444
0.508395
0.549362
0.592905
0.636204
0.672381
0.699528
0.720633
0.737164
0.748891
0.75504
0.756888
0.756996
0.756764
0.265408
0.270951
0.290487
0.320113
0.357552
0.3987
0.442457
0.488746
0.537432
0.588145
0.637825
0.678887
0.709465
0.733089
0.751234
0.763319
0.768829
0.770162
0.770176
0.770015
0.195563
0.202087
0.227924
0.266381
0.313161
0.363492
0.41599
0.470455
0.526721
0.584389
0.640106
0.685672
0.719289
0.745036
0.764297
0.776156
0.780923
0.781942
0.781974
0.781871
0.138416
0.145494
0.175455
0.220102
0.273862
0.331665
0.391706
0.453567
0.516889
0.581129
0.642563
0.692337
0.728755
0.756277
0.776338
0.788123
0.792575
0.793496
0.793557
0.793497
0.0910521
0.0984578
0.131124
0.180509
0.23979
0.303658
0.370023
0.43832
0.508003
0.578354
0.645209
0.699002
0.738085
0.767372
0.788366
0.800292
0.804577
0.805472
0.805564
0.805535
0.0508629
0.0584415
0.0929437
0.146021
0.209908
0.278927
0.350735
0.424685
0.500109
0.576097
0.648091
0.705805
0.747529
0.778615
0.800585
0.812842
0.817265
0.818132
0.818235
0.818227
0.0158101
0.0234836
0.0593392
0.115414
0.183191
0.25667
0.333288
0.412312
0.492975
0.574234
0.651138
0.712679
0.757019
0.789899
0.812956
0.825785
0.830429
0.831322
0.831419
0.831418
-0.015625
-0.00786531
0.029092
0.0876854
0.158817
0.236191
0.317092
0.400736
0.486292
0.572567
0.654198
0.719436
0.766371
0.801048
0.825276
0.838693
0.843606
0.844566
0.844656
0.844651
-0.0444332
-0.0365949
0.00129753
0.0620519
0.136133
0.216945
0.301694
0.389585
0.479712
0.570765
0.656994
0.725875
0.775352
0.8118
0.837131
0.851149
0.856341
0.857398
0.857481
0.857468
-0.0714213
-0.0634939
-0.0247354
0.0379432
0.114658
0.198532
0.286749
0.37853
0.47292
0.568573
0.659337
0.731836
0.783795
0.821952
0.848336
0.862908
0.868355
0.869501
0.869559
0.869525
-0.0970707
-0.0890366
-0.0494478
0.0149679
0.0940219
0.180635
0.271989
0.36734
0.465746
0.565822
0.661071
0.737191
0.791633
0.831413
0.858748
0.873765
0.879381
0.880575
0.880606
0.880547
-0.121757
-0.113572
-0.0732084
-0.00718374
0.073967
0.163036
0.25724
0.355877
0.458044
0.562359
0.662057
0.741884
0.798826
0.840179
0.868328
0.883625
0.889312
0.89051
0.890501
0.890416
-0.14565
-0.13732
-0.096205
-0.0287041
0.0543345
0.145611
0.242394
0.34404
0.449693
0.55808
0.66222
0.745867
0.8054
0.848273
0.877069
0.892483
0.898138
0.899292
0.89925
0.899143
-0.168909
-0.160417
-0.118558
-0.049704
0.0350329
0.128282
0.227387
0.331767
0.440657
0.552919
0.661474
0.749099
0.811399
0.855836
0.885147
0.900465
0.90595
0.90702
0.906945
0.90682
-0.191647
-0.182978
-0.140348
-0.0702353
0.0160155
0.111025
0.212209
0.319063
0.430914
0.546821
0.65973
0.751538
0.816891
0.863017
0.892722
0.90773
0.912877
0.913795
0.913678
0.91354
-0.213866
-0.204995
-0.161605
-0.090307
-0.00272349
0.0938479
0.196877
0.305946
0.420484
0.53978
0.656936
0.753112
0.821897
0.870001
0.900058
0.914484
0.919052
0.919722
0.91955
0.919404
-0.235509
-0.22645
-0.182294
-0.10992
-0.0211532
0.0767839
0.181446
0.292466
0.409413
0.531802
0.653035
0.753735
0.826391
0.876947
0.90749
0.921044
0.924655
0.92489
0.924649
0.924516
-0.256547
-0.247303
-0.202405
-0.129066
-0.0392417
0.0598926
0.165969
0.278696
0.397762
0.52294
0.647986
0.753296
0.830273
0.883919
0.915415
0.928014
0.930148
0.9295
0.929085
0.929023
-0.276992
-0.267537
-0.221925
-0.147708
-0.0569551
0.0432369
0.15053
0.264723
0.385614
0.513248
0.641789
0.751679
0.833374
0.890816
0.924104
0.93624
0.93657
0.934198
0.933092
0.933167
-0.296746
-0.287091
-0.240826
-0.165807
-0.0742316
0.0268638
0.135211
0.250632
0.373067
0.502817
0.634453
0.748754
0.835488
0.897336
0.933426
0.946403
0.945685
0.940994
0.937613
0.936038
-0.315862
-0.306007
-0.259085
-0.183366
-0.0911061
0.0107535
0.119989
0.236392
0.360095
0.491617
0.62591
0.744285
0.83638
0.903154
0.942835
0.958393
0.958823
0.952879
0.944755
0.933678
-0.334319
-0.324341
-0.276813
-0.200567
-0.107826
-0.00539665
0.104493
0.221543
0.346165
0.479028
0.615549
0.737573
0.835479
0.907936
0.951402
0.970544
0.97375
0.966097
0.955197
0.927406
-0.352186
-0.342131
-0.293947
-0.217228
-0.124241
-0.0214014
0.0889264
0.206304
0.331505
0.465223
0.603403
0.728246
0.831818
0.910679
0.956851
0.976605
0.980087
0.97083
0.924161
0.874411
-0.371071
-0.358477
-0.310346
-0.233241
-0.140506
-0.0373929
0.0730442
0.190689
0.316081
0.450128
0.589281
0.715888
0.823779
0.910587
0.956999
0.966614
0.966552
0.932516
0.871896
0.814569
-0.39417
-0.390672
-0.331246
-0.246541
-0.153885
-0.051011
0.0571391
0.175322
0.300577
0.43452
0.573757
0.700904
0.809966
0.909693
0.931394
0.941309
0.910403
0.850604
0.78217
0.719896
-0.372592
-0.364644
-0.305326
-0.220828
-0.122134
-0.0161015
0.0971839
0.218305
0.347103
0.485684
0.620179
0.735522
0.83564
0.926373
0.927415
0.837427
0.762009
0.701225
0.635489
0.510885
-0.407049
-0.37944
-0.318435
-0.232896
-0.134869
-0.0290142
0.0837982
0.204309
0.332312
0.469589
0.602271
0.715345
0.805051
0.869623
0.834638
0.707018
0.603744
0.534544
0.462272
0.325414
-0.432518
-0.399368
-0.336966
-0.251841
-0.153974
-0.0482147
0.0647062
0.184488
0.311268
0.44643
0.575943
0.68434
0.763602
0.791024
0.708466
0.559099
0.440479
0.35873
0.266672
0.0818906
-0.4559
-0.421291
-0.357267
-0.271682
-0.173808
-0.0680876
0.0444863
0.163383
0.288668
0.421227
0.546346
0.647314
0.712917
0.702934
0.567989
0.399917
0.255102
0.144495
0.0337513
-0.24426
-0.478829
-0.443512
-0.378345
-0.292078
-0.194103
-0.0885695
0.0233549
0.141185
0.26471
0.394209
0.513957
0.606338
0.65274
0.607524
0.427113
0.238125
0.0581286
-0.0876903
-0.268197
-0.625911
-0.501759
-0.466379
-0.400492
-0.313723
-0.215596
-0.110295
0.000967063
0.117608
0.239109
0.365128
0.478737
0.562626
0.586248
0.485528
0.293299
0.087365
-0.104351
-0.271641
-0.463227
-0.802694
-0.525812
-0.490325
-0.424028
-0.336918
-0.238684
-0.133597
-0.0229783
0.0924242
0.211707
0.333903
0.441002
0.513703
0.509023
0.36658
0.171647
-0.0379941
-0.226854
-0.360016
-0.416138
-0.455138
-0.551378
-0.515799
-0.449253
-0.362001
-0.263839
-0.159144
-0.0493624
0.0644893
0.181083
0.298689
0.398803
0.456211
0.427262
0.251241
0.0564917
-0.137188
-0.293187
-0.355795
-0.374584
-0.377888
-0.57875
-0.54298
-0.476222
-0.388952
-0.29104
-0.186937
-0.0782821
0.0336645
0.147098
0.259336
0.351758
0.391123
0.340295
0.143246
-0.0469646
-0.21979
-0.32799
-0.345608
-0.350605
-0.35085
-0.608067
-0.571952
-0.504968
-0.417756
-0.320254
-0.216989
-0.109748
-6.67034e-05
0.109709
0.215898
0.299237
0.324129
0.23317
0.0454074
-0.136997
-0.281794
-0.331183
-0.338295
-0.338454
-0.338127
-0.639202
-0.602661
-0.535453
-0.448408
-0.351475
-0.249278
-0.143757
-0.036721
0.0689419
0.168486
0.241825
0.249582
0.130123
-0.0438503
-0.211016
-0.316317
-0.330445
-0.330639
-0.330969
-0.330618
-0.671712
-0.634858
-0.567502
-0.480743
-0.38457
-0.283706
-0.18024
-0.0762507
0.0249297
0.11731
0.180897
0.170351
0.0384415
-0.12385
-0.266343
-0.315581
-0.326502
-0.326074
-0.32588
-0.325567
-0.705223
-0.66811
-0.600736
-0.514442
-0.419271
-0.320038
-0.218979
-0.118454
-0.0220751
0.0630501
0.11558
0.0924927
-0.0465342
-0.190934
-0.298033
-0.320564
-0.320297
-0.321796
-0.322033
-0.321941
-0.7388
-0.701773
-0.634534
-0.548974
-0.455115
-0.357863
-0.259598
-0.162959
-0.0717439
0.00668481
0.0465966
0.0198118
-0.121758
-0.241023
-0.31339
-0.32151
-0.320184
-0.31935
-0.319033
-0.318984
-0.771315
-0.734795
-0.668007
-0.583558
-0.491428
-0.396584
-0.301515
-0.209138
-0.123506
-0.0512158
-0.0188796
-0.0578519
-0.184813
-0.284581
-0.316088
-0.32473
-0.320113
-0.316897
-0.315915
-0.315675
-0.801266
-0.765662
-0.699915
-0.617139
-0.52727
-0.435358
-0.343954
-0.256159
-0.176337
-0.110289
-0.0802901
-0.132353
-0.235322
-0.320068
-0.344967
-0.333882
-0.3235
-0.317716
-0.315961
-0.315191
-0.826638
-0.792726
-0.728663
-0.648317
-0.561425
-0.473095
-0.385903
-0.303004
-0.228933
-0.169469
-0.142235
-0.191939
-0.271586
-0.33058
-0.347767
-0.341889
-0.337223
-0.333874
-0.331294
-0.329772
-0.845048
-0.813538
-0.752266
-0.675398
-0.592431
-0.508465
-0.426138
-0.348507
-0.280114
-0.226091
-0.201553
-0.238577
-0.292403
-0.325179
-0.328705
-0.343623
-0.353362
-0.353613
-0.351225
-0.35053
-0.85407
-0.825528
-0.768538
-0.696512
-0.618653
-0.539992
-0.463223
-0.391303
-0.328727
-0.278329
-0.253316
-0.280361
-0.310074
-0.331084
-0.335516
-0.34286
-0.346187
-0.346844
-0.347365
-0.347908
-0.850721
-0.82627
-0.775563
-0.709716
-0.638434
-0.566219
-0.495666
-0.429871
-0.373171
-0.327086
-0.293263
-0.321763
-0.329563
-0.347866
-0.34678
-0.3467
-0.34669
-0.346639
-0.346681
-0.34653
-0.831363
-0.813443
-0.771424
-0.71356
-0.650405
-0.585895
-0.522241
-0.462739
-0.41154
-0.372357
-0.334067
-0.351048
-0.329378
-0.339732
-0.350737
-0.349338
-0.348087
-0.348994
-0.349566
-0.349709
-0.797806
-0.785627
-0.754706
-0.707444
-0.653868
-0.598217
-0.542304
-0.488812
-0.442802
-0.410633
-0.378389
-0.365215
-0.351408
-0.356728
-0.37834
-0.367583
-0.356894
-0.356808
-0.358464
-0.358782
-0.754943
-0.747567
-0.728469
-0.693034
-0.649875
-0.603408
-0.555443
-0.508018
-0.46634
-0.436894
-0.412381
-0.390165
-0.369206
-0.350245
-0.349597
-0.367337
-0.386463
-0.39159
-0.391216
-0.390901
-0.711718
-0.707728
-0.697834
-0.674743
-0.641265
-0.603107
-0.561879
-0.520314
-0.481038
-0.451661
-0.42573
-0.42013
-0.414865
-0.427619
-0.384349
-0.388785
-0.413451
-0.424841
-0.424615
-0.424215
-0.677423
-0.675286
-0.670254
-0.655863
-0.631224
-0.599219
-0.563696
-0.525106
-0.487238
-0.453746
-0.43176
-0.438908
-0.45957
-0.529976
-0.617637
-0.643884
-0.643359
-0.577435
-0.510622
-0.503191
-0.652845
-0.651818
-0.649812
-0.641968
-0.623305
-0.595943
-0.562628
-0.52518
-0.485159
-0.446185
-0.42283
-0.410609
-0.406689
-0.447231
-0.498308
-0.543091
-0.538138
-0.512754
-0.45444
-0.436222
-0.637007
-0.636542
-0.635698
-0.6318
-0.618679
-0.593996
-0.560776
-0.52214
-0.477241
-0.433582
-0.401787
-0.357185
-0.273646
-0.196641
-0.125466
-0.0606665
-0.0682849
-0.0985576
-0.110497
-0.111134
-0.627427
-0.627268
-0.626813
-0.625464
-0.616668
-0.593276
-0.559188
-0.516075
-0.46701
-0.410155
-0.355736
-0.292764
-0.158421
-0.0192125
0.0943257
0.133948
0.109685
0.105537
0.116716
0.125218
-0.62077
-0.620714
-0.620508
-0.620491
-0.615039
-0.594294
-0.558175
-0.510539
-0.455107
-0.381151
-0.307401
-0.196374
-0.0579852
0.0789281
0.169667
0.218651
0.277493
0.391069
0.503245
0.556919
-0.616014
-0.61591
-0.615597
-0.615133
-0.613042
-0.596733
-0.559039
-0.506222
-0.439505
-0.36054
-0.262072
-0.145535
0.0704727
0.314058
0.587415
0.82855
1.02987
1.20523
1.31579
1.35722
-0.612799
-0.613078
-0.613669
-0.614221
-0.614113
-0.602102
-0.562298
-0.502424
-0.432765
-0.346047
-0.237492
-0.125985
0.090031
0.384591
0.767353
1.13311
1.42401
1.62015
1.70784
1.73101
-0.607684
-0.60927
-0.613356
-0.620136
-0.625318
-0.61045
-0.564443
-0.504051
-0.435531
-0.34087
-0.231255
-0.120802
0.0577751
0.361681
0.709661
1.02618
1.28439
1.44236
1.50659
1.52159
-0.605213
-0.6071
-0.610302
-0.61383
-0.617126
-0.600306
-0.55831
-0.513473
-0.446707
-0.348398
-0.242043
-0.141916
-0.0113549
0.237659
0.53249
0.777555
0.968479
1.07529
1.11627
1.12455
-0.629289
-0.630004
-0.623482
-0.593094
-0.552784
-0.544623
-0.549438
-0.531565
-0.465511
-0.364215
-0.262499
-0.170846
-0.0766915
0.11067
0.330113
0.51182
0.647223
0.716438
0.742086
0.745783
-0.674022
-0.672261
-0.660405
-0.621481
-0.570545
-0.557131
-0.591137
-0.570034
-0.489034
-0.382295
-0.287275
-0.20977
-0.132727
0.00106836
0.154967
0.279966
0.367383
0.411199
0.426718
0.429278
-0.752353
-0.752976
-0.77223
-0.801358
-0.805687
-0.781801
-0.751037
-0.652212
-0.522362
-0.403932
-0.315535
-0.242774
-0.192721
-0.0882539
0.018176
0.0948626
0.146853
0.172042
0.181227
0.181651
-0.900326
-0.919516
-0.97216
-1.02796
-1.04788
-1.01509
-0.917711
-0.738679
-0.555303
-0.428354
-0.330605
-0.26949
-0.226892
-0.161943
-0.0935469
-0.0465669
-0.0231953
-0.0138321
-0.0105775
-0.0103449
-1.00185
-1.02445
-1.06785
-1.10695
-1.12208
-1.0903
-0.970052
-0.746606
-0.563141
-0.435893
-0.334159
-0.285302
-0.247943
-0.199563
-0.160984
-0.149744
-0.142903
-0.14453
-0.143642
-0.142969
-0.946217
-0.964566
-0.996523
-1.02778
-1.04126
-1.008
-0.871785
-0.670612
-0.525705
-0.398624
-0.329049
-0.283341
-0.259366
-0.220346
-0.197869
-0.194391
-0.20958
-0.210564
-0.20737
-0.205001
-0.715462
-0.734269
-0.768548
-0.807383
-0.829463
-0.797461
-0.679319
-0.549133
-0.427641
-0.342082
-0.299462
-0.271889
-0.258346
-0.219285
-0.200596
-0.189484
-0.190085
-0.185909
-0.182705
-0.181776
-0.368337
-0.383613
-0.414062
-0.452983
-0.4824
-0.476946
-0.432791
-0.373634
-0.311608
-0.274547
-0.246772
-0.242233
-0.24187
-0.196697
-0.161307
-0.143153
-0.126633
-0.119882
-0.116444
-0.117195
-0.0441873
-0.0528029
-0.0732044
-0.107188
-0.145953
-0.175213
-0.195074
-0.202931
-0.20381
-0.192556
-0.182791
-0.18361
-0.180288
-0.147211
-0.116665
-0.0959082
-0.0766307
-0.0667502
-0.0653155
-0.0663276
0.15046
0.146058
0.132504
0.104568
0.0599697
0.00500036
-0.0448638
-0.0839659
-0.106671
-0.115864
-0.116903
-0.108768
-0.0991245
-0.0836368
-0.0681143
-0.0542871
-0.0409829
-0.034152
-0.0327681
-0.0342661
0.22018
0.217406
0.207578
0.184854
0.146689
0.0966126
0.0426552
-0.00496912
-0.0378277
-0.054021
-0.0541222
-0.0381926
-0.0278089
-0.0277916
-0.0277733
-0.0249906
-0.0200496
-0.0171558
-0.0171651
-0.0185756
0.220851
0.219057
0.212192
0.195837
0.166954
0.127568
0.0842014
0.0421475
0.0102284
-0.00665685
-0.00487301
0.0140808
0.0240178
0.0113
-0.00136409
-0.00861808
-0.0126116
-0.0151706
-0.0169654
-0.0180299
0.193713
0.192679
0.188214
0.177219
0.157421
0.129179
0.0958349
0.0633532
0.0371553
0.0241098
0.0276011
0.0449126
0.050821
0.0334131
0.0129985
-0.00206593
-0.0120959
-0.0195361
-0.0225881
-0.0231691
0.158071
0.157578
0.154867
0.147871
0.134885
0.115885
0.0926128
0.0685203
0.0485364
0.0396618
0.0437213
0.0566547
0.0569039
0.0389123
0.0184247
0.00217627
-0.0110054
-0.0200501
-0.0230719
-0.0233368
0.121276
0.121095
0.119587
0.115336
0.107145
0.0947799
0.079093
0.063121
0.049579
0.0440279
0.0482317
0.0569741
0.0521069
0.0348046
0.0183057
0.00540751
-0.00572933
-0.0125475
-0.0146239
-0.0148702
0.086274
0.0862324
0.0854612
0.0830369
0.078133
0.0705415
0.0605902
0.0502474
0.0416092
0.038734
0.0418276
0.0486422
0.0437984
0.0298727
0.0169673
0.00747509
0.000658228
-0.00328922
-0.00438881
-0.00469615
0.0532077
0.0533035
0.0529987
0.0518186
0.0491974
0.0449619
0.0393351
0.0334918
0.0283387
0.0269648
0.0286647
0.0292958
0.0240155
0.0161755
0.0115277
0.00796867
0.00499332
0.00332655
0.00277463
0.00236322
0.0220277
0.0221679
0.0221791
0.0219701
0.0214151
0.0201567
0.0181895
0.015906
0.0137866
0.0116892
0.012189
0.008456
-0.00192204
0.000376166
-0.000575105
0.00353399
0.00341498
0.0036377
0.00397198
0.00334135
-0.351436
0.0280158
0.296599
0.480885
0.62271
0.730979
0.818798
0.896392
0.98018
0.971835
0.201094
0.352451
0.491006
0.610382
0.70905
0.789369
0.854717
0.9009
0.915856
0.92915
0.438238
0.53564
0.630882
0.71371
0.784089
0.842253
0.887525
0.919594
0.94169
0.960737
0.605296
0.672738
0.740236
0.800357
0.852008
0.895083
0.930053
0.958334
0.97991
0.999485
0.733268
0.783231
0.833154
0.878462
0.918204
0.952704
0.982361
1.00759
1.02653
1.04526
0.840691
0.879302
0.917186
0.953547
0.986622
1.01623
1.04234
1.0644
1.08125
1.09915
0.931791
0.965405
0.998402
1.03022
1.05997
1.08697
1.11078
1.13058
1.14539
1.16278
1.01852
1.05035
1.08224
1.113
1.14168
1.16763
1.19016
1.20833
1.22146
1.23831
1.10778
1.1421
1.17544
1.20709
1.23605
1.26165
1.28329
1.30019
1.3121
1.32848
1.21011
1.2489
1.28492
1.31777
1.34682
1.37163
1.39199
1.4077
1.41935
1.43551
1.33643
1.37814
1.415
1.44674
1.47391
1.49678
1.5157
1.53085
1.54331
1.55942
1.4936
1.53166
1.56339
1.58946
1.61211
1.63234
1.65057
1.66673
1.68077
1.69665
1.67537
1.70018
1.72174
1.7406
1.75846
1.77536
1.79171
1.80818
1.82382
1.8398
1.86096
1.87274
1.88736
1.90219
1.91595
1.92816
1.93948
1.95086
1.96375
1.98445
2.049
2.05901
2.06597
2.06735
2.06944
2.07685
2.09001
2.10536
2.11843
2.1467
2.32544
2.26637
2.21874
2.18762
2.17449
2.17906
2.20231
2.24763
2.31817
2.39678
0.79832
0.790818
0.781903
0.769085
0.755688
0.7441
0.734902
0.728041
0.723484
0.721543
0.722843
0.726957
0.733264
0.741701
0.752395
0.765249
0.778958
0.790166
0.797954
0.804281
0.712275
0.720158
0.727307
0.732075
0.733334
0.731353
0.727627
0.72371
0.720682
0.719369
0.720499
0.723624
0.727844
0.732293
0.7357
0.736437
0.733528
0.72751
0.719514
0.713615
0.704206
0.707268
0.710361
0.712886
0.715269
0.717045
0.717549
0.716914
0.715935
0.715559
0.716446
0.71818
0.71982
0.720481
0.719673
0.717752
0.715497
0.712865
0.70968
0.707319
0.698875
0.700395
0.702633
0.7048
0.7064
0.707689
0.708823
0.709631
0.710087
0.710535
0.711246
0.711931
0.712142
0.711751
0.710972
0.709893
0.708258
0.706089
0.704264
0.703179
0.693682
0.694524
0.696014
0.697867
0.699622
0.701039
0.70218
0.703206
0.704159
0.705041
0.705745
0.706102
0.706081
0.705734
0.70501
0.703804
0.70225
0.700698
0.699668
0.699033
0.688672
0.689244
0.690322
0.691762
0.693322
0.694864
0.69626
0.697484
0.698615
0.699693
0.700526
0.700944
0.700947
0.700518
0.699681
0.698596
0.697432
0.696373
0.69569
0.695246
0.683778
0.684207
0.68507
0.686284
0.687633
0.689083
0.690578
0.692027
0.69339
0.69468
0.695696
0.696219
0.696235
0.69582
0.695131
0.694319
0.693465
0.692688
0.692191
0.691854
0.678959
0.679296
0.68001
0.681079
0.682329
0.683699
0.685186
0.68676
0.688359
0.689922
0.691162
0.691829
0.691973
0.691746
0.691298
0.690717
0.690086
0.689524
0.689157
0.688889
0.674138
0.674412
0.675021
0.675992
0.677185
0.678525
0.680025
0.681692
0.683493
0.685348
0.686882
0.687802
0.688195
0.688223
0.688014
0.687658
0.68723
0.686844
0.686574
0.686352
0.669226
0.669454
0.669991
0.670902
0.672063
0.673411
0.674971
0.676761
0.678774
0.680952
0.682865
0.684143
0.68486
0.685172
0.685213
0.685091
0.68486
0.684628
0.684433
0.684244
0.664132
0.664326
0.664815
0.665696
0.666861
0.66826
0.66992
0.671884
0.674169
0.67674
0.679119
0.680835
0.681932
0.68257
0.68289
0.683005
0.682975
0.682882
0.682749
0.682583
0.658764
0.658932
0.659394
0.660275
0.661487
0.662978
0.664788
0.666988
0.669622
0.672683
0.675629
0.677867
0.679408
0.680418
0.681052
0.681416
0.681601
0.681638
0.681556
0.681406
0.653022
0.653172
0.653624
0.654536
0.655833
0.657465
0.659487
0.661998
0.665076
0.668744
0.672377
0.675238
0.6773
0.67874
0.679728
0.680392
0.680791
0.680949
0.680909
0.68077
0.646795
0.64693
0.647389
0.64836
0.649785
0.651613
0.65392
0.656833
0.660466
0.66488
0.669345
0.672952
0.675632
0.677571
0.678966
0.67996
0.680597
0.68088
0.68088
0.680745
0.639947
0.640072
0.640552
0.641614
0.643214
0.645305
0.647981
0.651403
0.655726
0.661051
0.666523
0.671021
0.674433
0.676963
0.678826
0.680202
0.681104
0.681515
0.68155
0.681417
0.632328
0.632431
0.632949
0.634135
0.635964
0.638393
0.641538
0.645599
0.650778
0.657216
0.6639
0.66946
0.673735
0.676963
0.679391
0.681203
0.682402
0.68295
0.683017
0.682882
0.623693
0.623809
0.624372
0.625721
0.627847
0.630705
0.634442
0.6393
0.645533
0.653327
0.661467
0.668291
0.673587
0.677632
0.680737
0.683063
0.684594
0.685283
0.68538
0.685239
0.613772
0.61389
0.614544
0.616113
0.618619
0.622024
0.626507
0.632363
0.639901
0.649345
0.659227
0.667546
0.674044
0.679054
0.682947
0.685868
0.687778
0.688617
0.688739
0.688589
0.60225
0.602371
0.603143
0.604985
0.607971
0.612078
0.61751
0.624623
0.63378
0.645234
0.657194
0.667262
0.675165
0.681304
0.686104
0.689724
0.69205
0.693039
0.693181
0.693017
0.588626
0.588765
0.589695
0.591896
0.595508
0.600527
0.607183
0.615895
0.627073
0.640972
0.655396
0.667497
0.677004
0.684445
0.690306
0.694711
0.697481
0.698613
0.698765
0.698585
0.572234
0.572409
0.573573
0.576263
0.580708
0.586938
0.595201
0.605974
0.619686
0.636551
0.653865
0.668295
0.679628
0.688543
0.695593
0.700872
0.704099
0.705352
0.705502
0.705302
0.552104
0.552354
0.553869
0.557257
0.562868
0.570766
0.581198
0.594672
0.611577
0.632018
0.652676
0.669729
0.683093
0.693644
0.701989
0.708207
0.711867
0.713199
0.713327
0.713108
0.526784
0.52718
0.529252
0.533706
0.541046
0.551351
0.564805
0.581869
0.602793
0.627492
0.651943
0.671873
0.687436
0.699759
0.70949
0.716648
0.720655
0.721999
0.722084
0.721846
0.49391
0.494603
0.497642
0.503925
0.514063
0.528016
0.545781
0.567619
0.593529
0.623188
0.651828
0.674833
0.692699
0.706849
0.718027
0.726021
0.730216
0.731478
0.731498
0.731247
0.449284
0.450683
0.455779
0.465688
0.480736
0.500369
0.524232
0.552245
0.584139
0.619396
0.652525
0.678711
0.698911
0.714875
0.727438
0.73605
0.740172
0.741242
0.741185
0.740932
0.385153
0.38944
0.40013
0.417369
0.440749
0.468893
0.500889
0.536429
0.575149
0.616463
0.654233
0.683587
0.706054
0.723691
0.737363
0.746243
0.749983
0.750751
0.750627
0.750394
0.308561
0.316948
0.336596
0.364484
0.398488
0.436177
0.476833
0.520324
0.566367
0.614438
0.657665
0.69091
0.71623
0.735909
0.750626
0.759428
0.762764
0.763344
0.763261
0.763131
0.23181
0.245978
0.27462
0.313007
0.357269
0.404423
0.453785
0.505299
0.558733
0.613595
0.662313
0.699414
0.727478
0.749101
0.764695
0.772947
0.775508
0.775849
0.775799
0.775732
0.168364
0.185882
0.220483
0.266801
0.319435
0.374887
0.432277
0.491404
0.551919
0.613253
0.667101
0.707747
0.738215
0.761304
0.777102
0.78488
0.787113
0.787449
0.787464
0.787434
0.116045
0.135668
0.174821
0.227016
0.286152
0.348423
0.412738
0.478698
0.545756
0.613196
0.671915
0.71588
0.748553
0.772938
0.789148
0.796802
0.798858
0.799195
0.799264
0.799266
0.0722093
0.0930681
0.13563
0.19255
0.257057
0.325043
0.395293
0.467299
0.540334
0.613492
0.676876
0.724064
0.758937
0.784735
0.801521
0.809037
0.811118
0.811543
0.811646
0.811681
0.0344422
0.056129
0.101343
0.162148
0.231217
0.304163
0.379646
0.457076
0.53558
0.614097
0.681987
0.732361
0.769422
0.796642
0.814092
0.821913
0.824133
0.82456
0.824673
0.824728
0.00107776
0.023353
0.070728
0.134795
0.207796
0.285096
0.36527
0.447652
0.53127
0.614906
0.687126
0.74063
0.779853
0.808559
0.826849
0.835123
0.837477
0.837904
0.837995
0.838056
-0.0291212
-0.0064024
0.0428006
0.109683
0.186114
0.267269
0.351688
0.438663
0.527117
0.615655
0.692091
0.748649
0.790045
0.820224
0.83937
0.848093
0.850592
0.851022
0.851081
0.85114
-0.0571433
-0.033994
0.0168081
0.0861968
0.165657
0.250257
0.338539
0.429757
0.522769
0.616061
0.696669
0.756231
0.79972
0.831317
0.851276
0.860464
0.863131
0.863549
0.863571
0.863621
-0.0835534
-0.0599732
-0.00774328
0.0638866
0.146041
0.23373
0.325519
0.420669
0.518013
0.61596
0.700701
0.763266
0.808797
0.841722
0.862406
0.871973
0.874775
0.875168
0.875147
0.875179
-0.108803
-0.0847644
-0.0312326
0.0424114
0.126974
0.217443
0.312437
0.411242
0.512701
0.615174
0.704073
0.769662
0.817212
0.851369
0.872689
0.88243
0.885301
0.885674
0.885616
0.885624
-0.133185
-0.108665
-0.0539178
0.0215422
0.108268
0.20125
0.299166
0.401348
0.506687
0.613581
0.706706
0.775417
0.824978
0.860244
0.881991
0.891827
0.894669
0.895008
0.894919
0.894903
-0.156858
-0.131823
-0.0759544
0.0011481
0.089814
0.185053
0.28562
0.390905
0.499899
0.611112
0.708527
0.780514
0.83216
0.868451
0.890444
0.900199
0.902941
0.903228
0.903116
0.90308
-0.179949
-0.15439
-0.0974318
-0.0188406
0.0715523
0.168815
0.271772
0.379894
0.492295
0.607676
0.709466
0.784963
0.838871
0.876156
0.898188
0.907676
0.910236
0.910447
0.910306
0.910256
-0.202472
-0.176415
-0.11839
-0.038455
0.0534695
0.15253
0.257631
0.368322
0.483856
0.603222
0.709443
0.788754
0.845227
0.883558
0.905436
0.91442
0.916664
0.916767
0.916601
0.916539
-0.224447
-0.197878
-0.138819
-0.0576886
0.0355857
0.136231
0.243235
0.356217
0.47461
0.597726
0.708388
0.791829
0.851308
0.890923
0.912475
0.920606
0.922317
0.922263
0.922082
0.922016
-0.245818
-0.218749
-0.158721
-0.0765311
0.0179356
0.119975
0.228641
0.343645
0.464604
0.591176
0.706214
0.794088
0.857124
0.8985
0.919755
0.926631
0.927391
0.92703
0.926854
0.926811
-0.266602
-0.238989
-0.178092
-0.0949421
0.000573197
0.103819
0.213931
0.330693
0.453896
0.5836
0.702843
0.795399
0.862572
0.906441
0.927864
0.933287
0.932425
0.931272
0.931065
0.931176
-0.286714
-0.258596
-0.19689
-0.112884
-0.0164563
0.087837
0.199177
0.317428
0.442583
0.575055
0.698213
0.795599
0.867441
0.914631
0.937243
0.941793
0.938854
0.935846
0.934967
0.935583
-0.306193
-0.277551
-0.215065
-0.130305
-0.0330842
0.0721134
0.184498
0.303977
0.430779
0.565623
0.692284
0.794499
0.871433
0.922604
0.947694
0.953091
0.949128
0.943202
0.93731
0.924439
-0.325001
-0.295897
-0.232755
-0.147413
-0.049607
0.0563267
0.169489
0.289895
0.417985
0.554821
0.684549
0.791623
0.874384
0.930079
0.958664
0.967121
0.964121
0.955058
0.944288
0.956766
-0.34314
-0.313636
-0.249928
-0.164167
-0.0659786
0.0405236
0.154146
0.275195
0.404166
0.542515
0.674731
0.786191
0.875511
0.935978
0.967199
0.978618
0.977062
0.9654
0.915262
0.906988
-0.361107
-0.330942
-0.266329
-0.180294
-0.0817684
0.0250746
0.138643
0.260148
0.389614
0.528901
0.662851
0.777464
0.873883
0.939265
0.968504
0.978916
0.970426
0.93252
0.872663
0.836746
-0.382067
-0.349617
-0.281494
-0.195412
-0.0961337
0.010368
0.123415
0.245038
0.374545
0.514082
0.648943
0.764973
0.867516
0.938106
0.973385
0.954753
0.92504
0.86308
0.797913
0.758944
0.0504505
0.168618
0.293783
0.427556
0.566367
0.693054
0.800769
0.654812
-0.395731
-0.386478
-0.344738
-0.271445
-0.178728
-0.0769643
0.0326367
0.149621
0.274049
0.40671
0.544515
0.670971
0.77575
0.864613
0.909237
0.852933
0.725386
0.647683
0.586235
-0.418362
-0.406907
-0.361426
-0.287026
-0.19404
-0.0922736
0.0169707
0.133507
0.257112
0.388489
0.52415
0.647853
0.746558
0.81833
0.813545
0.704907
0.574015
0.484426
0.410825
-0.441341
-0.429603
-0.381765
-0.306405
-0.213535
-0.111602
-0.00229055
0.113928
0.236583
0.366357
0.498898
0.617608
0.705665
0.755708
0.714162
0.556907
0.410512
0.300255
0.211115
-0.46411
-0.45238
-0.403202
-0.326686
-0.233627
-0.131677
-0.0226759
0.0927903
0.214187
0.341855
0.470651
0.583106
0.663089
0.681548
0.588178
0.407254
0.233993
0.086442
-0.0366606
-0.486921
-0.475309
-0.425264
-0.347876
-0.254505
-0.152567
-0.0440281
0.0705149
0.190437
0.315598
0.440042
0.545114
0.614466
0.593936
0.453721
0.259975
0.0620705
-0.107504
-0.27042
-0.510281
-0.498841
-0.448363
-0.370417
-0.276772
-0.174818
-0.0666835
0.0469749
0.165322
0.287759
0.407537
0.504155
0.557228
0.514045
0.327639
0.127258
-0.07748
-0.258648
-0.396596
-0.520908
-0.535003
-0.523672
-0.472896
-0.394635
-0.300894
-0.199038
-0.0913935
0.02124
0.137743
0.256968
0.37149
0.45895
0.493222
0.413651
0.21055
0.00711464
-0.183794
-0.328129
-0.379087
-0.400178
-0.561374
-0.550102
-0.499083
-0.420644
-0.326969
-0.225422
-0.118468
-0.00715797
0.107103
0.222501
0.330952
0.40841
0.416277
0.29728
0.100435
-0.0930447
-0.259949
-0.335862
-0.359007
-0.361827
-0.589616
-0.578319
-0.527007
-0.448449
-0.354979
-0.253927
-0.147935
-0.0382661
0.0733387
0.18433
0.285714
0.352943
0.331073
0.187522
-0.000155561
-0.180821
-0.304821
-0.344678
-0.342984
-0.343948
-0.619705
-0.60834
-0.556688
-0.478056
-0.38492
-0.284559
-0.1798
-0.0720956
0.0364332
0.142474
0.236009
0.290942
0.251759
0.0842721
-0.0889845
-0.252554
-0.32048
-0.333146
-0.334092
-0.333995
-0.651416
-0.639948
-0.588009
-0.509386
-0.416708
-0.317268
-0.214012
-0.108636
-0.00359122
0.0970087
0.182246
0.223499
0.174785
-0.00514988
-0.168265
-0.291925
-0.333824
-0.328805
-0.328349
-0.327987
-0.684243
-0.67273
-0.620677
-0.54218
-0.450148
-0.35187
-0.250431
-0.147762
-0.0465935
0.0482995
0.124643
0.15449
0.0838258
-0.0855644
-0.232775
-0.309016
-0.32231
-0.323423
-0.323795
-0.323637
-0.71767
-0.706137
-0.654178
-0.575983
-0.484841
-0.388021
-0.288751
-0.189184
-0.0923268
-0.00318687
0.0640498
0.080153
-0.00616978
-0.154203
-0.275665
-0.313469
-0.318894
-0.320239
-0.320393
-0.320284
-0.750733
-0.739231
-0.687699
-0.610097
-0.520183
-0.425203
-0.32849
-0.232419
-0.140298
-0.0570738
0.00291962
0.00269791
-0.0850762
-0.213182
-0.298679
-0.329332
-0.322231
-0.318923
-0.317515
-0.317176
-0.781712
-0.77056
-0.720075
-0.643559
-0.555322
-0.462655
-0.368961
-0.276771
-0.189718
-0.112748
-0.057476
-0.0670385
-0.155831
-0.263112
-0.325621
-0.327651
-0.324493
-0.318152
-0.315345
-0.314658
-0.809462
-0.798686
-0.749784
-0.675049
-0.589113
-0.499362
-0.409246
-0.321354
-0.239546
-0.168923
-0.118755
-0.128958
-0.213615
-0.296808
-0.3467
-0.347998
-0.333217
-0.325375
-0.321903
-0.320418
-0.831248
-0.821158
-0.774904
-0.702885
-0.620121
-0.534052
-0.448181
-0.36508
-0.288663
-0.22399
-0.179797
-0.183314
-0.254529
-0.31145
-0.330016
-0.338762
-0.346042
-0.347374
-0.344398
-0.342006
-0.844989
-0.83594
-0.793169
-0.725147
-0.646681
-0.565247
-0.484384
-0.406658
-0.33587
-0.276628
-0.235405
-0.235825
-0.283544
-0.318226
-0.330296
-0.337345
-0.34812
-0.350721
-0.350499
-0.350461
-0.848122
-0.840519
-0.802286
-0.739821
-0.666984
-0.591386
-0.516375
-0.444623
-0.379676
-0.325998
-0.283882
-0.283261
-0.312624
-0.333143
-0.34284
-0.342426
-0.344363
-0.344918
-0.345755
-0.346269
-0.838415
-0.83221
-0.800053
-0.744903
-0.679402
-0.610999
-0.542817
-0.477455
-0.418457
-0.370771
-0.329654
-0.31847
-0.339914
-0.350043
-0.355181
-0.349246
-0.348783
-0.348702
-0.348455
-0.348231
-0.812543
-0.808159
-0.783841
-0.738843
-0.682864
-0.62299
-0.562736
-0.503998
-0.450909
-0.408581
-0.374606
-0.34557
-0.349114
-0.359081
-0.359918
-0.360822
-0.350912
-0.348463
-0.350605
-0.351711
-0.774135
-0.771368
-0.755652
-0.722096
-0.677424
-0.627303
-0.575524
-0.523933
-0.476058
-0.438253
-0.413118
-0.38591
-0.365479
-0.356487
-0.372098
-0.376851
-0.373672
-0.371713
-0.371869
-0.372227
-0.730385
-0.728654
-0.720876
-0.698726
-0.665499
-0.625242
-0.581562
-0.537004
-0.493724
-0.458571
-0.433319
-0.411922
-0.391092
-0.379523
-0.36162
-0.348163
-0.380498
-0.405963
-0.410804
-0.409538
-0.691697
-0.690562
-0.686948
-0.674883
-0.65116
-0.619233
-0.582676
-0.543158
-0.503854
-0.46771
-0.442749
-0.427151
-0.439057
-0.458111
-0.478632
-0.495758
-0.501107
-0.475803
-0.44895
-0.441355
-0.66399
-0.663362
-0.66107
-0.65505
-0.638611
-0.612917
-0.580781
-0.54478
-0.505627
-0.468021
-0.43942
-0.41839
-0.440516
-0.4964
-0.597359
-0.661766
-0.689834
-0.661994
-0.593227
-0.539127
-0.643799
-0.643363
-0.642454
-0.640057
-0.629961
-0.608818
-0.578788
-0.54321
-0.503063
-0.461259
-0.425396
-0.400935
-0.369393
-0.324135
-0.323839
-0.344261
-0.319401
-0.328535
-0.315328
-0.287982
-0.631819
-0.631691
-0.631284
-0.629918
-0.624707
-0.606965
-0.57764
-0.540076
-0.497427
-0.446646
-0.401014
-0.36432
-0.268245
-0.148188
-0.0231019
0.107144
0.131442
0.0815168
0.0440849
0.0256543
-0.623798
-0.623806
-0.623598
-0.623402
-0.621091
-0.606967
-0.577397
-0.537115
-0.488276
-0.429472
-0.364622
-0.290787
-0.189552
-0.0419224
0.0648286
0.0833333
0.0818415
0.123727
0.19988
0.257694
-0.618183
-0.618191
-0.618038
-0.617902
-0.616677
-0.607335
-0.579041
-0.535092
-0.478294
-0.412875
-0.326346
-0.235737
-0.0731425
0.107948
0.29371
0.454233
0.576891
0.713442
0.855206
0.941584
-0.614296
-0.614288
-0.614214
-0.613866
-0.613724
-0.608742
-0.583086
-0.533522
-0.471822
-0.395762
-0.301132
-0.196422
-0.0368736
0.22282
0.544241
0.884024
1.18713
1.41872
1.56465
1.62477
-0.61066
-0.611181
-0.612604
-0.615392
-0.618138
-0.615917
-0.588827
-0.533711
-0.469191
-0.390226
-0.289479
-0.176817
-0.0312343
0.225668
0.573253
0.942437
1.26234
1.50078
1.62559
1.66737
-0.603905
-0.605292
-0.608442
-0.615315
-0.62445
-0.623035
-0.588367
-0.535131
-0.476357
-0.395748
-0.290342
-0.180397
-0.0704166
0.150432
0.470389
0.776642
1.03322
1.21232
1.29846
1.32561
-0.612676
-0.613984
-0.615094
-0.609714
-0.595045
-0.583337
-0.564448
-0.539402
-0.493685
-0.409573
-0.302558
-0.201672
-0.108772
0.0513851
0.307823
0.538
0.729762
0.855014
0.910541
0.926891
-0.650367
-0.650531
-0.647231
-0.621577
-0.565041
-0.522312
-0.544183
-0.561769
-0.518623
-0.426216
-0.321378
-0.231829
-0.148396
-0.0406109
0.150397
0.320757
0.454382
0.534463
0.569719
0.577985
-0.705696
-0.702695
-0.701124
-0.69466
-0.677424
-0.656191
-0.654978
-0.6427
-0.560204
-0.445199
-0.346985
-0.261421
-0.198473
-0.111577
0.0230751
0.132988
0.21857
0.269474
0.291934
0.298133
-0.824561
-0.82302
-0.850488
-0.902324
-0.941339
-0.936085
-0.886713
-0.778146
-0.616574
-0.473274
-0.369475
-0.287657
-0.233128
-0.17712
-0.0821649
-0.00722286
0.0424035
0.0668785
0.0767875
0.0793968
-0.966656
-0.973356
-1.01289
-1.0678
-1.10239
-1.09566
-1.03252
-0.86611
-0.649082
-0.495969
-0.381462
-0.301664
-0.259161
-0.212687
-0.15626
-0.11556
-0.0969516
-0.0880151
-0.0864268
-0.0849822
-0.993913
-1.00352
-1.03387
-1.07015
-1.09617
-1.09026
-1.0222
-0.823746
-0.624993
-0.484675
-0.372999
-0.30473
-0.271337
-0.233889
-0.194503
-0.179267
-0.17904
-0.185838
-0.185976
-0.184038
-0.849596
-0.858118
-0.884612
-0.919871
-0.948434
-0.945434
-0.865556
-0.69453
-0.546332
-0.422953
-0.338465
-0.296234
-0.269558
-0.243926
-0.210041
-0.201418
-0.205183
-0.21009
-0.206709
-0.202573
-0.545007
-0.555737
-0.581863
-0.621368
-0.658854
-0.666129
-0.608737
-0.513095
-0.416878
-0.332546
-0.291128
-0.264867
-0.260283
-0.23463
-0.198198
-0.173024
-0.163943
-0.156469
-0.152044
-0.150564
-0.191623
-0.198614
-0.217012
-0.249267
-0.286112
-0.310771
-0.310313
-0.296342
-0.268891
-0.244833
-0.223488
-0.213878
-0.221288
-0.193328
-0.156405
-0.128684
-0.108452
-0.0931553
-0.0871969
-0.0875301
0.0728622
0.0693056
0.0587764
0.0356149
-0.00261803
-0.0487499
-0.0908797
-0.125192
-0.147331
-0.153272
-0.151391
-0.149122
-0.144865
-0.12682
-0.102311
-0.0835272
-0.0643298
-0.0520353
-0.047748
-0.0482914
0.198413
0.19638
0.189815
0.171858
0.13811
0.0885481
0.0308649
-0.0197574
-0.0562623
-0.0777376
-0.0871959
-0.0799865
-0.0663051
-0.058856
-0.048525
-0.0428801
-0.0325968
-0.0252969
-0.0224352
-0.0234753
0.226496
0.225262
0.220697
0.207427
0.180796
0.140765
0.0933611
0.044878
0.00301026
-0.0233098
-0.0298925
-0.0184861
-0.00214791
-0.00325389
-0.0095238
-0.0147907
-0.0154399
-0.01496
-0.0152519
-0.0165214
0.209406
0.208757
0.205763
0.196664
0.177996
0.148586
0.111509
0.0732226
0.039032
0.0168368
0.0105611
0.0221241
0.0398665
0.0322042
0.0156333
0.000544077
-0.00849883
-0.0148379
-0.0187937
-0.0202777
0.17639
0.17616
0.174353
0.1685
0.15616
0.136351
0.110259
0.0813236
0.0547886
0.0368647
0.0335052
0.0451163
0.0574751
0.0476928
0.0270144
0.00788529
-0.00619785
-0.0167351
-0.0229805
-0.0241943
0.139459
0.139536
0.138569
0.135012
0.127182
0.114202
0.0965019
0.0767115
0.0578486
0.0451534
0.0439619
0.0526542
0.0594089
0.0466833
0.0273323
0.0108642
-0.00324018
-0.0137277
-0.0191498
-0.0199305
0.103446
0.103535
0.103098
0.101067
0.0963142
0.0881977
0.0767955
0.0637392
0.0513882
0.0431936
0.0434495
0.0507121
0.055024
0.0430893
0.024572
0.0121739
0.00229883
-0.00512507
-0.00835749
-0.00907537
0.069344
0.0695167
0.0693594
0.0683445
0.0657278
0.0609939
0.0541896
0.0461872
0.0384254
0.033545
0.0345086
0.03802
0.0408938
0.0291535
0.0183186
0.0110431
0.0048407
0.000861407
-0.000249921
-0.000585871
0.0372705
0.037449
0.0374699
0.0371376
0.035959
0.0336685
0.0302799
0.0262052
0.0221554
0.0197767
0.0201296
0.017735
0.0105926
0.00734532
0.00633856
0.00607384
0.00533017
0.00452616
0.004196
0.00380633
0.0221089
0.0221876
0.0220916
0.0217822
0.0208688
0.0192799
0.0170086
0.0148515
0.0125196
0.0116544
0.0117657
0.000713626
-0.00114582
-0.000856108
0.00215111
0.00336656
0.00347994
0.00381343
0.00382836
0.00057095
-0.12548
0.142474
0.316791
0.480168
0.611757
0.71682
0.801069
0.872293
0.917731
0.907406
0.273633
0.392239
0.510903
0.617496
0.708218
0.783845
0.845417
0.891201
0.918518
0.934644
0.490524
0.567533
0.649505
0.724877
0.789916
0.844765
0.889193
0.923363
0.949479
0.969509
0.644626
0.701188
0.759659
0.815106
0.863466
0.904989
0.939961
0.969284
0.99353
1.0116
0.76729
0.810989
0.854303
0.896585
0.934629
0.968372
0.998108
1.02383
1.04467
1.06141
0.87028
0.905336
0.940352
0.974909
1.00737
1.03696
1.06347
1.08643
1.10474
1.11991
0.960984
0.991273
1.02348
1.0553
1.08539
1.1131
1.1379
1.15905
1.17538
1.18918
1.04791
1.07842
1.111
1.14299
1.17302
1.20034
1.22437
1.24434
1.25912
1.27175
1.14074
1.17482
1.21055
1.24431
1.27518
1.30247
1.32574
1.34453
1.35819
1.3704
1.25205
1.29016
1.32925
1.36425
1.39495
1.42115
1.44293
1.46039
1.47359
1.48639
1.39355
1.43195
1.47048
1.50269
1.52994
1.55325
1.57327
1.59027
1.60429
1.6181
1.56919
1.59897
1.629
1.65326
1.67429
1.69363
1.71182
1.72914
1.74501
1.75988
1.76275
1.77712
1.79472
1.81151
1.82803
1.84347
1.85763
1.87168
1.88655
1.90272
1.95175
1.95604
1.96893
1.98111
1.99111
2.00042
2.01061
2.02126
2.03061
2.04282
2.18118
2.16758
2.15877
2.14373
2.13265
2.13212
2.14414
2.16794
2.19977
2.23554
2.55537
2.39687
2.29137
2.23251
2.20344
2.19689
2.21206
2.25328
2.33252
2.47764
-0.375341
-0.371982
-0.329696
-0.255774
-0.162609
-0.0600892
0.898562
0.951054
0.937589
0.864981
0.794083
0.726137
0.525359
0.333577
0.112013
-0.176476
-0.520666
)
;

boundaryField
{
    wall-4
    {
        type            zeroGradient;
    }
    pressure-outlet-7
    {
        type            fixedValue;
        value           uniform 0;
    }
    velocity-inlet-6
    {
        type            zeroGradient;
    }
    velocity-inlet-5
    {
        type            zeroGradient;
    }
    frontAndBackPlanes
    {
        type            empty;
    }
}


// ************************************************************************* //
