/*--------------------------------*- C++ -*----------------------------------*\
  =========                 |
  \\      /  F ield         | OpenFOAM: The Open Source CFD Toolbox
   \\    /   O peration     | Website:  https://openfoam.org
    \\  /    A nd           | Version:  6
     \\/     M anipulation  |
\*---------------------------------------------------------------------------*/
FoamFile
{
    version     2.0;
    format      ascii;
    class       volScalarField;
    location    "44.8";
    object      p;
}
// * * * * * * * * * * * * * * * * * * * * * * * * * * * * * * * * * * * * * //

dimensions      [0 2 -2 0 0 0 0];

internalField   nonuniform List<scalar> 
8800
(
0.889051
0.839733
0.801761
0.773681
0.753503
0.738889
0.728254
0.720666
0.715715
0.713556
0.714826
0.719084
0.725815
0.735192
0.747895
0.765192
0.789054
0.822142
0.865073
0.917585
0.723559
0.729901
0.739044
0.742582
0.73996
0.733852
0.726882
0.720597
0.715734
0.712783
0.71245
0.714981
0.719546
0.725617
0.732677
0.739684
0.744543
0.744406
0.737721
0.728816
0.697106
0.703338
0.707828
0.711685
0.714613
0.715535
0.714408
0.71223
0.710174
0.709235
0.710157
0.712515
0.715331
0.717548
0.718032
0.716215
0.712829
0.708801
0.704011
0.700294
0.692855
0.695617
0.698212
0.700352
0.702066
0.703603
0.704662
0.704953
0.704753
0.704739
0.705422
0.706462
0.707124
0.706913
0.705893
0.704505
0.702811
0.700491
0.69807
0.696503
0.687865
0.689287
0.691114
0.693174
0.69486
0.696116
0.697162
0.69807
0.69878
0.699386
0.699959
0.700303
0.700235
0.6998
0.699079
0.697924
0.696237
0.69432
0.692956
0.692153
0.68296
0.683861
0.685093
0.686697
0.688359
0.689848
0.691073
0.692111
0.693061
0.693928
0.694553
0.694804
0.694706
0.694252
0.693384
0.692146
0.690745
0.689451
0.688618
0.688095
0.678161
0.678815
0.67976
0.681051
0.682462
0.683928
0.685344
0.686612
0.687742
0.688769
0.689529
0.689858
0.689743
0.689203
0.688342
0.687338
0.686297
0.685358
0.684765
0.684382
0.673465
0.673969
0.674738
0.675849
0.677108
0.678469
0.679899
0.681331
0.682694
0.68395
0.684874
0.685275
0.685188
0.684735
0.68407
0.683302
0.6825
0.681796
0.681355
0.681058
0.668826
0.669227
0.66987
0.670858
0.672042
0.673343
0.674758
0.676274
0.677832
0.679337
0.680478
0.681035
0.681105
0.680852
0.680402
0.679835
0.679223
0.678702
0.67837
0.678131
0.664165
0.664492
0.665048
0.665956
0.667089
0.668373
0.669816
0.67142
0.673153
0.674922
0.676348
0.677164
0.677479
0.677454
0.677211
0.676847
0.676414
0.676044
0.675795
0.675595
0.659402
0.659673
0.660168
0.661028
0.662142
0.663447
0.664953
0.666676
0.668608
0.670678
0.672469
0.673631
0.67425
0.674488
0.674471
0.674304
0.674043
0.673804
0.673621
0.673451
0.654458
0.654686
0.655142
0.655983
0.657116
0.65848
0.660089
0.661987
0.664183
0.666633
0.668868
0.670443
0.671413
0.671948
0.67218
0.672218
0.672129
0.672006
0.671876
0.671728
0.649245
0.649438
0.649874
0.650729
0.651922
0.653394
0.655167
0.657309
0.659862
0.662796
0.665571
0.667628
0.668998
0.66986
0.670362
0.670609
0.670695
0.670681
0.670597
0.670464
0.643675
0.64384
0.644274
0.645171
0.646468
0.6481
0.650107
0.652581
0.655585
0.659117
0.662553
0.66519
0.667025
0.668257
0.66906
0.669553
0.66981
0.669896
0.669851
0.669729
0.637643
0.637785
0.638233
0.639201
0.640644
0.642492
0.6448
0.647691
0.651267
0.655549
0.659786
0.663112
0.665506
0.66718
0.66833
0.669091
0.669538
0.669728
0.669719
0.669605
0.631023
0.631141
0.631614
0.63268
0.634317
0.636447
0.639139
0.642549
0.646814
0.651998
0.65722
0.661407
0.664481
0.666686
0.668244
0.669307
0.669972
0.670271
0.670298
0.670189
0.623647
0.623741
0.624256
0.625456
0.627344
0.629843
0.633038
0.637122
0.642275
0.648582
0.655
0.660192
0.664061
0.666875
0.668907
0.670329
0.671235
0.671651
0.671712
0.671604
0.615307
0.615404
0.615967
0.617331
0.619549
0.622515
0.626343
0.631278
0.63754
0.645237
0.653097
0.659503
0.664301
0.667842
0.670451
0.672282
0.67346
0.674
0.674096
0.673986
0.605693
0.60577
0.606415
0.60801
0.610654
0.614214
0.618841
0.624835
0.632477
0.641894
0.651491
0.659332
0.665259
0.669674
0.672966
0.675292
0.676784
0.677466
0.677597
0.677483
0.59447
0.594529
0.595276
0.597171
0.600348
0.604672
0.610326
0.617668
0.627004
0.638493
0.65023
0.659822
0.667072
0.672516
0.676605
0.679524
0.68138
0.682214
0.682378
0.682255
0.58111
0.581159
0.58205
0.584342
0.588226
0.593562
0.600573
0.609685
0.621248
0.635355
0.649579
0.661135
0.669907
0.676533
0.681537
0.685135
0.687398
0.688394
0.688587
0.688452
0.564833
0.564876
0.565975
0.568828
0.573673
0.580369
0.589168
0.60054
0.614816
0.632048
0.649291
0.66322
0.673777
0.68179
0.687877
0.692265
0.694985
0.696148
0.696364
0.696211
0.544507
0.544554
0.54598
0.54967
0.555909
0.564535
0.575815
0.590236
0.60805
0.629114
0.649805
0.666333
0.678855
0.688434
0.695732
0.701024
0.704238
0.705558
0.705779
0.705603
0.518342
0.518419
0.52043
0.525501
0.533914
0.545415
0.560213
0.578692
0.600906
0.626501
0.65112
0.670565
0.685256
0.696532
0.70516
0.711418
0.715123
0.716567
0.71677
0.716563
0.483282
0.483489
0.486702
0.494331
0.506435
0.522353
0.542176
0.566008
0.593625
0.624468
0.653424
0.675987
0.692975
0.706039
0.716105
0.723343
0.727469
0.728966
0.72912
0.72888
0.433541
0.434615
0.441056
0.454005
0.472595
0.495376
0.52218
0.55279
0.586789
0.62347
0.657028
0.682801
0.702108
0.716982
0.728456
0.73658
0.740968
0.74241
0.742485
0.742212
0.360669
0.368
0.38285
0.405567
0.433857
0.465834
0.501142
0.539525
0.580604
0.623685
0.662293
0.691616
0.713546
0.730479
0.743534
0.752473
0.757102
0.758523
0.758568
0.758326
0.282894
0.298904
0.323074
0.35632
0.394869
0.436238
0.480161
0.52658
0.575222
0.625497
0.670202
0.704071
0.72944
0.74904
0.764008
0.77397
0.778771
0.780103
0.780181
0.780061
0.216334
0.23595
0.26793
0.310211
0.357857
0.408059
0.460367
0.514679
0.57073
0.62796
0.678465
0.716596
0.745115
0.767169
0.783816
0.794506
0.799327
0.800672
0.800806
0.800758
0.161885
0.183725
0.221067
0.269857
0.324608
0.382218
0.44195
0.503529
0.566549
0.630381
0.686336
0.728436
0.759854
0.784001
0.802161
0.813779
0.819223
0.820619
0.820762
0.820758
0.116608
0.139783
0.181
0.234893
0.295358
0.35908
0.425145
0.493159
0.56253
0.632508
0.693568
0.739341
0.773389
0.79948
0.819069
0.831752
0.837739
0.839296
0.839528
0.839557
0.0778821
0.101885
0.145985
0.204018
0.269297
0.338242
0.409794
0.4835
0.558638
0.634283
0.700123
0.749251
0.785703
0.813588
0.834439
0.847843
0.854311
0.856155
0.856472
0.85652
0.0437219
0.0683059
0.114681
0.176151
0.245544
0.31904
0.395466
0.474301
0.554725
0.635616
0.705868
0.758126
0.796714
0.826128
0.84791
0.861904
0.868755
0.870929
0.871321
0.871362
0.012695
0.0377693
0.0860358
0.150439
0.223395
0.300882
0.381683
0.465208
0.550523
0.636344
0.710738
0.765913
0.80644
0.83707
0.859504
0.873853
0.881029
0.883422
0.883873
0.883903
-0.016155
0.00938782
0.0592623
0.126237
0.202318
0.283339
0.368086
0.455919
0.545805
0.63632
0.714717
0.772687
0.815016
0.84664
0.869502
0.884083
0.891464
0.894031
0.894515
0.894528
-0.0435842
-0.0175156
0.0338388
0.103092
0.18192
0.266092
0.354412
0.446215
0.540404
0.635427
0.717799
0.77855
0.822613
0.855122
0.878361
0.893128
0.900643
0.903287
0.903754
0.903726
-0.069918
-0.0433644
0.00935
0.0806511
0.161932
0.248933
0.340499
0.43596
0.534207
0.633626
0.71999
0.783577
0.829369
0.862743
0.886341
0.901261
0.908814
0.911455
0.911942
0.911902
-0.095564
-0.0684293
-0.0144574
0.0586975
0.142177
0.231726
0.32625
0.425084
0.527151
0.63087
0.721293
0.787833
0.83542
0.869712
0.893691
0.908729
0.916278
0.918866
0.919303
0.919233
-0.120621
-0.0928942
-0.0377341
0.0371064
0.122558
0.214404
0.311614
0.413556
0.519216
0.627128
0.721698
0.791361
0.840897
0.876208
0.900623
0.915758
0.923241
0.925728
0.926078
0.925953
-0.145185
-0.116854
-0.060566
0.015821
0.103048
0.196957
0.296594
0.401378
0.510401
0.622377
0.721157
0.794168
0.845877
0.882362
0.907248
0.922416
0.929708
0.932011
0.932255
0.932087
-0.169324
-0.140359
-0.0829675
-0.00516625
0.0836432
0.179406
0.281228
0.388591
0.500727
0.616594
0.71961
0.796207
0.850415
0.888293
0.91367
0.928751
0.935721
0.937751
0.937884
0.937687
-0.193061
-0.163389
-0.104923
-0.0258348
0.0643935
0.161799
0.265574
0.37525
0.49023
0.609755
0.716978
0.797394
0.854513
0.894135
0.920071
0.934868
0.941294
0.942959
0.942976
0.942761
-0.216222
-0.185887
-0.126397
-0.0461524
0.0453469
0.144215
0.249701
0.361439
0.478974
0.601878
0.713188
0.79762
0.858099
0.899999
0.926723
0.941013
0.946527
0.947647
0.947533
0.947318
-0.23876
-0.207799
-0.147352
-0.066059
0.0265721
0.126722
0.23371
0.34724
0.467039
0.592983
0.708186
0.796752
0.861024
0.905892
0.933981
0.947702
0.951729
0.951877
0.951559
0.951386
-0.260722
-0.229078
-0.167749
-0.0855062
0.00814054
0.109409
0.217694
0.332761
0.454519
0.583133
0.701923
0.79466
0.863055
0.911608
0.942098
0.955835
0.957899
0.9561
0.955105
0.955144
-0.281935
-0.249684
-0.18752
-0.104419
-0.00988239
0.0923643
0.201754
0.318114
0.441528
0.572427
0.694384
0.791197
0.863918
0.916675
0.950846
0.966307
0.967247
0.962601
0.958895
0.957147
-0.302488
-0.269618
-0.206666
-0.122824
-0.0275308
0.0755434
0.185834
0.303232
0.427987
0.56079
0.68541
0.786096
0.86332
0.920477
0.959278
0.978957
0.98182
0.975844
0.964973
0.964073
-0.32229
-0.288948
-0.225324
-0.14092
-0.0451095
0.0585953
0.169501
0.287608
0.413323
0.547557
0.674305
0.778535
0.860664
0.922122
0.965251
0.990545
0.996632
0.987276
0.969166
0.964997
-0.341194
-0.307637
-0.243317
-0.158492
-0.0623604
0.0418299
0.152975
0.271574
0.397843
0.532994
0.661178
0.767992
0.855309
0.920455
0.964229
0.989283
0.999183
0.976961
0.918299
0.892392
-0.359081
-0.326514
-0.260229
-0.175005
-0.0785865
0.0257399
0.136529
0.255403
0.38183
0.517282
0.646119
0.753986
0.846415
0.914849
0.951664
0.970698
0.965088
0.917596
0.856388
0.818693
-0.40366
-0.344744
-0.275935
-0.191063
-0.0945812
0.00940319
0.120294
0.238979
0.365087
0.500094
0.628767
0.736081
0.830502
0.903783
0.9269
0.922304
0.883252
0.823182
0.756275
0.719455
-0.378862
-0.360322
-0.299684
-0.214895
-0.118862
-0.015078
0.0950961
0.213119
0.338217
0.471559
0.598271
0.702974
0.788458
0.867355
0.857685
0.758993
0.674949
0.616366
0.554949
0.584175
-0.410985
-0.378864
-0.317329
-0.233074
-0.13711
-0.033636
0.0766956
0.194062
0.318111
0.449595
0.573515
0.674534
0.750196
0.79382
0.749597
0.618622
0.515771
0.446353
0.366801
0.414685
-0.436085
-0.401497
-0.338086
-0.253623
-0.157701
-0.0542686
0.0559892
0.172574
0.295258
0.424298
0.544365
0.639427
0.704096
0.711274
0.612865
0.464665
0.341108
0.252727
0.159712
0.193124
-0.460599
-0.424886
-0.360021
-0.274839
-0.17874
-0.0753831
0.03443
0.150085
0.271186
0.397411
0.512721
0.600862
0.648936
0.624817
0.474671
0.30391
0.148924
0.0190389
-0.102591
-0.0883332
-0.484869
-0.448709
-0.382878
-0.297054
-0.200699
-0.0974816
0.0117462
0.126339
0.245589
0.368628
0.478495
0.559399
0.587785
0.521456
0.339125
0.14776
-0.0346943
-0.184653
-0.387394
-0.466242
-0.509573
-0.473434
-0.407003
-0.320685
-0.224059
-0.120931
-0.0122171
0.101295
0.218582
0.338208
0.442316
0.514083
0.519226
0.401891
0.215765
0.012002
-0.175365
-0.333646
-0.455183
-0.573414
-0.535797
-0.499546
-0.432766
-0.346141
-0.249381
-0.146433
-0.0383204
0.0739424
0.188932
0.304608
0.4025
0.462393
0.441699
0.288088
0.100388
-0.0974443
-0.26827
-0.3624
-0.387958
-0.401536
-0.563681
-0.527336
-0.460302
-0.37353
-0.276822
-0.174216
-0.0669447
0.0437624
0.156011
0.267001
0.358184
0.401571
0.362793
0.178882
-0.00711287
-0.184681
-0.313204
-0.349732
-0.358442
-0.358795
-0.59351
-0.556929
-0.489645
-0.402834
-0.306326
-0.20429
-0.0981173
0.0106939
0.119739
0.225314
0.308804
0.336785
0.268011
0.0789066
-0.100983
-0.255191
-0.32646
-0.340268
-0.341122
-0.340915
-0.625292
-0.588357
-0.520805
-0.434044
-0.337905
-0.236644
-0.13185
-0.0252888
0.0801198
0.179619
0.254127
0.267714
0.161689
-0.012116
-0.181577
-0.302936
-0.330183
-0.331193
-0.331764
-0.331237
-0.658765
-0.621444
-0.553674
-0.467073
-0.371467
-0.271223
-0.168117
-0.0641731
0.0371943
0.130022
0.195131
0.189974
0.0655429
-0.097471
-0.245057
-0.311719
-0.327062
-0.326591
-0.326839
-0.326487
-0.693353
-0.655832
-0.587977
-0.501681
-0.406812
-0.307856
-0.206761
-0.105846
-0.0088298
0.0769003
0.131915
0.110412
-0.0249737
-0.175032
-0.28869
-0.322104
-0.322199
-0.322896
-0.322959
-0.322896
-0.728609
-0.69098
-0.623216
-0.53743
-0.443567
-0.346198
-0.247481
-0.150027
-0.0576932
0.0211473
0.0631197
0.0339728
-0.109606
-0.23792
-0.318194
-0.324119
-0.323701
-0.321503
-0.320617
-0.320391
-0.763579
-0.72599
-0.658629
-0.573656
-0.481153
-0.385736
-0.289783
-0.196204
-0.109027
-0.0363753
-0.0060979
-0.0461752
-0.187305
-0.292191
-0.332065
-0.339807
-0.331929
-0.327772
-0.325066
-0.323638
-0.796339
-0.759547
-0.693161
-0.609434
-0.518756
-0.425724
-0.332937
-0.243597
-0.162057
-0.0951522
-0.0713917
-0.131812
-0.259781
-0.351068
-0.361446
-0.353849
-0.345359
-0.338607
-0.335345
-0.333828
-0.825861
-0.790139
-0.725382
-0.643524
-0.55526
-0.465183
-0.37597
-0.291209
-0.215481
-0.154607
-0.135475
-0.208429
-0.326461
-0.413178
-0.419573
-0.388688
-0.364758
-0.352106
-0.348058
-0.346387
-0.849413
-0.815643
-0.753516
-0.674366
-0.589267
-0.502866
-0.417709
-0.337774
-0.267892
-0.212613
-0.197082
-0.26685
-0.37886
-0.467445
-0.451477
-0.424487
-0.398886
-0.389239
-0.38578
-0.383551
-0.864851
-0.833879
-0.775453
-0.700165
-0.61918
-0.537249
-0.456832
-0.381812
-0.317755
-0.26671
-0.249187
-0.304175
-0.386826
-0.503134
-0.501845
-0.481078
-0.484193
-0.478817
-0.470475
-0.465243
-0.869492
-0.842441
-0.78904
-0.718993
-0.64331
-0.566695
-0.491829
-0.421786
-0.363076
-0.316543
-0.288362
-0.322136
-0.32673
-0.388344
-0.453795
-0.521419
-0.558947
-0.561084
-0.553827
-0.552277
-0.861234
-0.838997
-0.792185
-0.729017
-0.660057
-0.589781
-0.521002
-0.456366
-0.402168
-0.362244
-0.316936
-0.338882
-0.248545
-0.169665
-0.316871
-0.490886
-0.558161
-0.571008
-0.578337
-0.581031
-0.837014
-0.820422
-0.782869
-0.728976
-0.668163
-0.605432
-0.543019
-0.484457
-0.433968
-0.400202
-0.370466
-0.435475
-0.401207
-0.238064
-0.374841
-0.569234
-0.646767
-0.650934
-0.655613
-0.656637
-0.80007
-0.789286
-0.761866
-0.718933
-0.667574
-0.612872
-0.557412
-0.504266
-0.458616
-0.430084
-0.444641
-0.606438
-0.887714
-1.10022
-1.20821
-1.24161
-1.09302
-0.913148
-0.832888
-0.834881
-0.756973
-0.750855
-0.733988
-0.701803
-0.660066
-0.612812
-0.563358
-0.514758
-0.472847
-0.44956
-0.462172
-0.719962
-1.19019
-1.74496
-1.92833
-1.94066
-1.7851
-1.53458
-1.32933
-1.24138
-0.717423
-0.713918
-0.705387
-0.682938
-0.648773
-0.607093
-0.5613
-0.514568
-0.472753
-0.444741
-0.46752
-0.583082
-0.811099
-1.08011
-1.16632
-1.09454
-1.01661
-0.913013
-0.817192
-0.757805
-0.688199
-0.686178
-0.681946
-0.666923
-0.637976
-0.598462
-0.553869
-0.50389
-0.451742
-0.410143
-0.38438
-0.358076
-0.191713
0.00955013
0.18494
0.23896
0.315573
0.369346
0.39255
0.410167
-0.665765
-0.664984
-0.663785
-0.655563
-0.631044
-0.591652
-0.542071
-0.485309
-0.421369
-0.350758
-0.275236
-0.165655
0.070647
0.331538
0.590873
0.846473
1.03432
1.11332
1.1767
1.20282
-0.652539
-0.652127
-0.651754
-0.647796
-0.627792
-0.587313
-0.53063
-0.464269
-0.383471
-0.28711
-0.190599
-0.025777
0.210927
0.57522
1.0033
1.35121
1.56442
1.70992
1.80282
1.83543
-0.644036
-0.643694
-0.643061
-0.641866
-0.627232
-0.587101
-0.524532
-0.444176
-0.354834
-0.24207
-0.127138
-0.00270401
0.327022
0.706819
1.10986
1.48956
1.78988
1.98194
2.07282
2.10118
-0.641813
-0.64013
-0.63677
-0.636023
-0.630174
-0.594003
-0.525199
-0.434046
-0.331064
-0.222955
-0.0966328
0.00757996
0.225122
0.584035
0.982611
1.35589
1.63705
1.80824
1.88898
1.91161
-0.660685
-0.657185
-0.652785
-0.653784
-0.65284
-0.613763
-0.529336
-0.427837
-0.315179
-0.20614
-0.0838002
0.029812
0.183516
0.501801
0.824895
1.10741
1.32126
1.45392
1.51367
1.52979
-0.706647
-0.706776
-0.713945
-0.720254
-0.710715
-0.644009
-0.530648
-0.4144
-0.302567
-0.186161
-0.0785435
0.0318907
0.13264
0.326728
0.601609
0.827779
0.993442
1.08916
1.12854
1.13839
-0.738764
-0.748645
-0.767037
-0.774643
-0.745436
-0.645757
-0.511262
-0.38936
-0.281367
-0.173549
-0.0768333
0.0126285
0.0935072
0.219986
0.406843
0.569082
0.692313
0.764746
0.795149
0.800194
-0.6682
-0.680552
-0.698832
-0.703746
-0.667356
-0.566189
-0.449622
-0.345352
-0.248654
-0.1616
-0.08046
-0.0110642
0.0332514
0.119914
0.264519
0.37637
0.45919
0.504055
0.521289
0.522266
-0.465197
-0.475061
-0.488724
-0.493717
-0.469315
-0.410517
-0.343699
-0.274047
-0.207207
-0.143952
-0.0888752
-0.0344457
-0.000349322
0.0421212
0.130207
0.211923
0.271262
0.303936
0.315923
0.317006
-0.221926
-0.226939
-0.236001
-0.246034
-0.247647
-0.238391
-0.220117
-0.192061
-0.159548
-0.118587
-0.0914679
-0.061151
-0.0399149
-0.00704927
0.0548703
0.104462
0.136919
0.154232
0.16079
0.160156
-0.0405117
-0.0429769
-0.0505897
-0.0661284
-0.0873708
-0.107117
-0.118283
-0.120546
-0.112603
-0.0970866
-0.0876069
-0.0889877
-0.0914969
-0.0735375
-0.023474
0.0133311
0.0370988
0.0471783
0.0502304
0.0492731
0.0526756
0.051032
0.0442289
0.0274908
0.00128186
-0.0271213
-0.0509357
-0.0666567
-0.0742076
-0.0749273
-0.0800098
-0.0991024
-0.120005
-0.0984023
-0.0612824
-0.0396603
-0.026843
-0.0232807
-0.0229188
-0.023519
0.0847409
0.0834606
0.0780061
0.0642127
0.0417863
0.0157993
-0.00895766
-0.0289425
-0.0426868
-0.0516117
-0.0646174
-0.0868637
-0.107983
-0.0870351
-0.0625378
-0.0517788
-0.0510957
-0.053787
-0.0555422
-0.0559003
0.0875167
0.0866119
0.082752
0.0728413
0.0562551
0.0357534
0.0150689
-0.00358802
-0.0178503
-0.0280574
-0.0385489
-0.0526466
-0.0615785
-0.0450836
-0.0390967
-0.0397551
-0.0450779
-0.0492493
-0.0507895
-0.0510417
0.0790015
0.0784502
0.0759515
0.0693572
0.057908
0.0431931
0.0272898
0.0128178
0.00128178
-0.00469995
-0.00594423
-0.00537025
0.000666007
0.0132917
0.00903534
-0.00215567
-0.0130463
-0.0188171
-0.0204116
-0.0206322
0.0669025
0.0666084
0.0651156
0.0609659
0.0535263
0.0436007
0.0326059
0.0224645
0.0154111
0.0143547
0.0250035
0.0425585
0.0655277
0.0713036
0.059247
0.0432314
0.0333318
0.0291406
0.0279999
0.0274494
0.0542038
0.0540741
0.0532592
0.050858
0.0463094
0.039993
0.0328591
0.0266698
0.0230305
0.0268267
0.0457297
0.0761182
0.110472
0.110207
0.0936684
0.0802003
0.075723
0.075485
0.0745924
0.0733969
0.0421346
0.0420654
0.0416537
0.0404148
0.0378395
0.0341347
0.0296893
0.0260972
0.0247637
0.0307974
0.0517283
0.0843755
0.117722
0.113801
0.099466
0.0939969
0.094681
0.0977009
0.098725
0.0973037
0.0313017
0.0312478
0.0310405
0.0304537
0.0291335
0.0270175
0.0242512
0.0219022
0.020917
0.0257539
0.0412192
0.0664636
0.0883567
0.0820026
0.0767379
0.0792385
0.0863105
0.0915203
0.091944
0.0903398
0.0221365
0.0220764
0.0219424
0.0216887
0.0210109
0.0197559
0.0178271
0.0155434
0.0132342
0.0132513
0.0180246
0.0275998
0.035152
0.0294743
0.030446
0.0402079
0.0506739
0.0558946
0.056485
0.0552796
0.0147723
0.0146893
0.014566
0.0143951
0.0139713
0.0129664
0.0113254
0.00846022
0.00424189
-0.00202325
-0.0113943
-0.0227555
-0.0386185
-0.0427465
-0.0302164
-0.0121513
0.000832048
0.00636039
0.00687154
0.00606232
0.00914833
0.00905229
0.00890192
0.00869698
0.00834584
0.00743852
0.00582245
0.00237442
-0.00363082
-0.0157891
-0.0383085
-0.0737827
-0.105995
-0.110034
-0.085171
-0.0615246
-0.0493727
-0.0456599
-0.0447429
-0.0447315
0.00520531
0.00510956
0.00493057
0.00469629
0.00431636
0.00345403
0.00179824
-0.00172087
-0.00840309
-0.023493
-0.0520252
-0.0965102
-0.136291
-0.131455
-0.105872
-0.0864435
-0.079816
-0.0776657
-0.0762626
-0.075782
0.00258172
0.00248323
0.00232097
0.00210574
0.00174218
0.00105121
-0.00055515
-0.00355551
-0.00946573
-0.0227438
-0.0485578
-0.0855071
-0.112351
-0.102985
-0.0869294
-0.0793024
-0.0780935
-0.0784606
-0.077224
-0.0767271
0.00100823
0.000924537
0.00080731
0.000653381
0.000453884
1.34483e-05
-0.0010109
-0.00282319
-0.00689841
-0.0151792
-0.0307936
-0.0501381
-0.0624597
-0.055326
-0.0499022
-0.0486516
-0.0503652
-0.0514706
-0.0508452
-0.0507569
0.000317036
0.000287337
0.000284135
0.00025346
9.35948e-05
3.01944e-05
-1.29011e-05
-0.000195849
-0.000598988
-0.00208259
-0.00515613
-0.00742644
-0.0115026
-0.00871676
-0.011098
-0.0140872
-0.0162168
-0.013881
-0.0124254
-0.011705
0.0462203
0.235942
0.410613
0.559326
0.679791
0.776282
0.857261
0.923006
0.939818
0.935896
0.340252
0.462768
0.577844
0.67838
0.76361
0.834427
0.89036
0.928135
0.948263
0.964745
0.540141
0.622052
0.703251
0.774853
0.836212
0.887193
0.927303
0.95776
0.980554
0.99979
0.687878
0.745601
0.8046
0.857693
0.903527
0.942445
0.97501
1.00224
1.02272
1.04163
0.805197
0.849246
0.893486
0.934478
0.970925
1.00308
1.03116
1.05491
1.07297
1.09102
0.905207
0.941052
0.976246
1.01029
1.04166
1.07001
1.09502
1.11599
1.13184
1.14932
0.993625
1.026
1.05839
1.08967
1.1188
1.14527
1.16848
1.18748
1.20145
1.21847
1.08094
1.11364
1.14618
1.17746
1.20629
1.23215
1.25434
1.27192
1.28434
1.30087
1.17552
1.21196
1.24678
1.2793
1.30852
1.33393
1.3551
1.37142
1.38307
1.39922
1.28865
1.32919
1.36627
1.39931
1.42786
1.45189
1.47155
1.48685
1.49876
1.51485
1.42999
1.47115
1.50645
1.53609
1.56133
1.58296
1.60148
1.61698
1.63011
1.64606
1.60164
1.63417
1.66103
1.68334
1.70344
1.72217
1.73992
1.7567
1.77162
1.78735
1.78805
1.80535
1.82248
1.83916
1.85526
1.87
1.8839
1.89839
1.91363
1.93093
1.97143
1.98143
1.99464
2.00563
2.01504
2.0247
2.03531
2.04549
2.05479
2.08045
2.18937
2.18367
2.17073
2.15647
2.15017
2.15589
2.17403
2.20255
2.23632
2.27265
2.49218
2.35622
2.27673
2.23422
2.2169
2.22088
2.24831
2.30617
2.41384
2.59224
0.792749
0.786444
0.77871
0.767588
0.754006
0.741343
0.730924
0.722881
0.717121
0.713736
0.713318
0.716089
0.721272
0.728593
0.738117
0.749929
0.76348
0.776401
0.785385
0.792923
0.701834
0.707752
0.71582
0.721944
0.725001
0.724474
0.721366
0.717338
0.713703
0.711361
0.71116
0.713348
0.71705
0.721458
0.725532
0.727759
0.726672
0.722025
0.714965
0.707128
0.695115
0.697487
0.700749
0.703512
0.705949
0.708119
0.709273
0.709091
0.708105
0.707234
0.707376
0.70872
0.710447
0.711634
0.711528
0.710038
0.707863
0.705489
0.702497
0.699475
0.690369
0.691457
0.693368
0.695695
0.697551
0.698928
0.700117
0.70107
0.701615
0.701921
0.702392
0.703059
0.703464
0.703298
0.702632
0.701681
0.700329
0.698343
0.696224
0.694743
0.685402
0.686036
0.687159
0.688903
0.690728
0.692296
0.693513
0.694529
0.695447
0.69626
0.69695
0.697385
0.697452
0.697188
0.696606
0.695598
0.694144
0.692514
0.691163
0.690357
0.68055
0.680989
0.681772
0.683062
0.684563
0.686098
0.687536
0.688777
0.689857
0.690848
0.691688
0.692184
0.692277
0.691972
0.691253
0.69021
0.689022
0.687851
0.686931
0.686394
0.675805
0.676134
0.67674
0.677795
0.679067
0.680434
0.681867
0.683278
0.684584
0.685775
0.686788
0.687404
0.687521
0.68719
0.686523
0.685683
0.684792
0.683905
0.683223
0.682828
0.671146
0.671401
0.671889
0.672785
0.673932
0.675205
0.676576
0.678032
0.679516
0.680949
0.682186
0.682943
0.683147
0.682936
0.682465
0.681845
0.681153
0.680482
0.679976
0.679674
0.666507
0.66671
0.667116
0.667901
0.668968
0.67019
0.671543
0.673036
0.674648
0.676308
0.677809
0.678791
0.679197
0.6792
0.678943
0.678528
0.678025
0.677533
0.677162
0.676924
0.661805
0.661969
0.662316
0.663028
0.664047
0.665244
0.666619
0.668185
0.669933
0.671815
0.673623
0.674936
0.675637
0.675901
0.675872
0.675662
0.675349
0.675018
0.674757
0.674567
0.656961
0.657093
0.657398
0.658066
0.659067
0.660287
0.661719
0.663395
0.665328
0.667498
0.66969
0.671398
0.672449
0.673016
0.673244
0.673251
0.673124
0.672943
0.672774
0.672621
0.651893
0.652
0.652277
0.652925
0.653941
0.655224
0.656759
0.6586
0.660786
0.663314
0.665975
0.668172
0.669637
0.670548
0.671062
0.6713
0.671362
0.671328
0.67124
0.671115
0.646514
0.646599
0.64686
0.647513
0.648583
0.649971
0.65167
0.653753
0.656284
0.659289
0.662536
0.665303
0.667241
0.668534
0.669358
0.669856
0.670119
0.670221
0.670203
0.670101
0.640729
0.640795
0.641048
0.641729
0.642889
0.644433
0.646354
0.648753
0.651722
0.65531
0.659274
0.662746
0.665253
0.667001
0.668183
0.66897
0.669453
0.669698
0.669745
0.669662
0.634417
0.634464
0.634718
0.635449
0.636735
0.638485
0.640698
0.643496
0.647006
0.65132
0.656165
0.660481
0.663681
0.66598
0.667587
0.668695
0.669432
0.669831
0.669943
0.669877
0.627439
0.627465
0.627726
0.62853
0.629986
0.632005
0.634596
0.637901
0.642091
0.64729
0.653208
0.658567
0.662598
0.665545
0.667649
0.669146
0.670169
0.670735
0.670914
0.670862
0.61962
0.619635
0.619897
0.620794
0.622472
0.624839
0.627914
0.631882
0.636947
0.643269
0.650501
0.657101
0.662106
0.665805
0.66849
0.670441
0.67179
0.672539
0.672787
0.672747
0.610659
0.610647
0.610961
0.611999
0.613968
0.616777
0.620462
0.625248
0.631406
0.639131
0.647976
0.656051
0.662217
0.666818
0.670204
0.672698
0.674424
0.675379
0.675701
0.675671
0.600282
0.600246
0.600605
0.601823
0.60415
0.607524
0.611993
0.617825
0.625324
0.634738
0.645545
0.655429
0.663003
0.668686
0.672913
0.676052
0.678224
0.679416
0.679817
0.679794
0.588046
0.587989
0.588421
0.589875
0.592665
0.596775
0.602264
0.60945
0.618703
0.630274
0.643466
0.655472
0.664651
0.671581
0.67679
0.680673
0.683356
0.684808
0.685289
0.685269
0.573298
0.573218
0.573767
0.575557
0.578971
0.584069
0.590913
0.599871
0.611352
0.625598
0.641667
0.656163
0.66723
0.675602
0.681947
0.686696
0.689968
0.691704
0.692265
0.692243
0.555097
0.554997
0.555737
0.558015
0.562301
0.568762
0.577444
0.588754
0.603098
0.620627
0.640136
0.657559
0.670795
0.680826
0.688493
0.694248
0.698189
0.700231
0.700862
0.700829
0.532019
0.531917
0.532988
0.53603
0.541644
0.550132
0.561469
0.57604
0.594161
0.61581
0.639333
0.659984
0.675574
0.687442
0.696543
0.703417
0.708077
0.710416
0.711092
0.711035
0.501726
0.50167
0.503342
0.507714
0.515573
0.52722
0.542455
0.561488
0.584409
0.610962
0.639092
0.663374
0.681564
0.695404
0.70608
0.714163
0.71954
0.722128
0.722811
0.722716
0.460062
0.460209
0.463198
0.470368
0.482438
0.49931
0.520348
0.545449
0.574404
0.606726
0.639951
0.668054
0.688922
0.704786
0.717075
0.726382
0.732367
0.735074
0.735706
0.735566
0.399334
0.400638
0.407936
0.421541
0.441353
0.466545
0.495773
0.528574
0.564613
0.603352
0.642006
0.674064
0.697649
0.715507
0.729338
0.739738
0.746162
0.748785
0.74926
0.749084
0.326305
0.328897
0.343117
0.366649
0.397092
0.432181
0.470343
0.511368
0.555067
0.600969
0.646045
0.683117
0.710373
0.731075
0.746999
0.758658
0.765584
0.768298
0.76883
0.768774
0.251416
0.258295
0.279655
0.313102
0.353899
0.398652
0.445759
0.495103
0.54657
0.599762
0.651441
0.693725
0.724757
0.748395
0.766601
0.779642
0.786949
0.789484
0.789888
0.789926
0.190463
0.199162
0.225195
0.265702
0.314569
0.367505
0.422686
0.479833
0.538733
0.59893
0.656893
0.704078
0.738622
0.764883
0.785057
0.799268
0.806785
0.809404
0.810128
0.810252
0.14047
0.149874
0.179414
0.225179
0.280174
0.339669
0.401653
0.465677
0.531357
0.598093
0.661964
0.713714
0.751502
0.780125
0.802028
0.817433
0.825749
0.828933
0.829793
0.829945
0.0984116
0.108128
0.140083
0.189955
0.249975
0.314933
0.382668
0.452669
0.524409
0.597142
0.666532
0.722531
0.763271
0.794065
0.817606
0.834171
0.843311
0.846877
0.847864
0.848011
0.0618491
0.0717192
0.105503
0.158678
0.222893
0.292538
0.365294
0.440581
0.517789
0.596024
0.670531
0.730476
0.773897
0.806649
0.831595
0.849031
0.85877
0.862713
0.863818
0.86397
0.0291635
0.0391089
0.0743511
0.13027
0.198057
0.271759
0.348958
0.429012
0.51123
0.594565
0.67383
0.737445
0.783339
0.817773
0.843797
0.861837
0.872139
0.876414
0.877553
0.877691
-0.000829279
0.00917768
0.0455919
0.103899
0.174787
0.252041
0.333193
0.417584
0.504427
0.592549
0.676345
0.743431
0.791648
0.827529
0.854335
0.872771
0.883333
0.887855
0.889101
0.889242
-0.029019
-0.0189386
0.01857
0.078984
0.152588
0.232974
0.317664
0.40601
0.49715
0.58981
0.677991
0.748496
0.798948
0.836152
0.863573
0.882284
0.893051
0.897722
0.899015
0.899143
-0.0559458
-0.0457389
-0.0072308
0.0550729
0.131088
0.214258
0.302141
0.394098
0.48924
0.586231
0.678728
0.752685
0.805366
0.843833
0.87182
0.890811
0.901691
0.906411
0.907683
0.907759
-0.0819989
-0.0716116
-0.0321595
0.0318684
0.110035
0.195703
0.286476
0.381737
0.480607
0.581745
0.678542
0.756033
0.811001
0.85075
0.879315
0.898543
0.909506
0.9142
0.915439
0.915485
-0.107439
-0.0967911
-0.0564319
0.00918128
0.0892863
0.177189
0.270582
0.36887
0.471202
0.576318
0.677409
0.75856
0.815952
0.857072
0.886284
0.905754
0.916751
0.921381
0.922545
0.922567
-0.132326
-0.121404
-0.0801734
-0.0130965
0.0687602
0.158678
0.254432
0.355478
0.46102
0.569923
0.675294
0.760267
0.820284
0.862935
0.892885
0.912604
0.923568
0.928041
0.929083
0.929046
-0.156757
-0.145545
-0.103462
-0.0349957
0.0484379
0.140159
0.238037
0.341582
0.45008
0.562566
0.67215
0.761105
0.824019
0.86844
0.899231
0.919145
0.929958
0.934191
0.935059
0.934959
-0.180721
-0.169217
-0.126273
-0.0565176
0.0283354
0.121668
0.22145
0.327236
0.438422
0.554248
0.66793
0.760991
0.827133
0.873675
0.905468
0.925498
0.935962
0.939804
0.940474
0.940325
-0.204256
-0.192392
-0.148576
-0.0776342
0.00848954
0.103255
0.204727
0.31251
0.426111
0.544995
0.66259
0.759831
0.829544
0.878685
0.911789
0.931869
0.941695
0.944931
0.945348
0.945159
-0.227112
-0.215005
-0.170335
-0.0983085
-0.0110391
0.0850063
0.187946
0.297487
0.413229
0.534865
0.656104
0.757531
0.831124
0.883432
0.918405
0.938636
0.947428
0.949649
0.949683
0.949466
-0.249438
-0.236987
-0.191503
-0.118498
-0.0302045
0.0669715
0.171209
0.282257
0.399865
0.52394
0.648473
0.753992
0.831702
0.887733
0.925416
0.946369
0.953865
0.954325
0.953534
0.953279
-0.271038
-0.258285
-0.21205
-0.138141
-0.0489155
0.0492421
0.154602
0.266944
0.386131
0.512289
0.639732
0.749125
0.831087
0.891266
0.932606
0.955582
0.96241
0.960407
0.957521
0.956744
-0.292002
-0.278918
-0.231909
-0.15717
-0.0671276
0.0318912
0.138218
0.251634
0.372137
0.500051
0.629955
0.742835
0.829087
0.893613
0.939268
0.966029
0.974478
0.971285
0.964667
0.95503
-0.312209
-0.298874
-0.251169
-0.175754
-0.0850696
0.0146193
0.1217
0.2359
0.357407
0.48669
0.618588
0.734495
0.825184
0.894327
0.944464
0.976434
0.989711
0.987596
0.97694
0.973984
-0.331607
-0.31823
-0.269824
-0.193822
-0.102712
-0.00254687
0.105086
0.219724
0.34191
0.472087
0.605467
0.723678
0.818719
0.892613
0.946003
0.981644
0.998025
1.00044
0.966903
0.927469
-0.349964
-0.33684
-0.287827
-0.211236
-0.120028
-0.0196255
0.0883885
0.203242
0.325724
0.456294
0.59054
0.710112
0.808712
0.887798
0.941915
0.971964
0.988547
0.973953
0.922756
0.867225
-0.370007
-0.35344
-0.304872
-0.227498
-0.136825
-0.0363573
0.0712656
0.186507
0.308944
0.439425
0.573755
0.693614
0.793537
0.880478
0.930769
0.961339
0.944687
0.904006
0.841704
0.782763
-0.360113
-0.335862
-0.283899
-0.2018
-0.105814
-0.00175413
0.111171
0.229676
0.355504
0.490077
0.618407
0.725272
0.818143
0.905712
0.937217
0.87721
0.835904
0.779181
0.715456
0.674678
-0.374624
-0.366823
-0.325969
-0.253678
-0.163114
-0.0629714
0.0449226
0.159869
0.281754
0.411235
0.544066
0.66249
0.758377
0.84523
0.907661
0.897373
0.79889
0.727397
0.673206
0.601962
-0.396922
-0.386171
-0.341836
-0.268266
-0.177175
-0.0773693
0.0293733
0.143367
0.264348
0.392482
0.523541
0.640188
0.732144
0.806499
0.831762
0.75674
0.638827
0.562313
0.501586
0.428949
-0.42133
-0.409343
-0.361864
-0.287217
-0.196119
-0.0961767
0.0106245
0.124416
0.244555
0.371245
0.499446
0.611803
0.695423
0.75063
0.730677
0.61005
0.482141
0.39075
0.3168
0.210985
-0.445548
-0.433497
-0.384213
-0.308345
-0.217045
-0.117064
-0.0103145
0.102964
0.222036
0.346854
0.471583
0.578528
0.653884
0.684452
0.626321
0.46265
0.310528
0.190499
0.0912539
-0.045668
-0.469694
-0.457657
-0.407227
-0.330285
-0.238512
-0.138511
-0.0320736
0.0804093
0.198157
0.320708
0.441484
0.542343
0.608349
0.605344
0.495367
0.315952
0.134944
-0.0253983
-0.162112
-0.406911
-0.494186
-0.482278
-0.431143
-0.353461
-0.261249
-0.161168
-0.0550646
0.0565988
0.172887
0.2929
0.409352
0.503137
0.556713
0.523041
0.367476
0.17723
-0.0197298
-0.192898
-0.3579
-0.617262
-0.519613
-0.507829
-0.456332
-0.378142
-0.285583
-0.185426
-0.0796177
0.0312502
0.146007
0.263259
0.375139
0.460996
0.498586
0.442097
0.249736
0.0540087
-0.140249
-0.305701
-0.388782
-0.437412
-0.546671
-0.53495
-0.483165
-0.404667
-0.311965
-0.211901
-0.106546
0.00329087
0.116169
0.230101
0.336741
0.413596
0.432124
0.333137
0.139535
-0.0535514
-0.225105
-0.333667
-0.368089
-0.374145
-0.575552
-0.56383
-0.511748
-0.433043
-0.340342
-0.240552
-0.135876
-0.0273443
0.0832641
0.193289
0.293828
0.361172
0.350997
0.223032
0.0365785
-0.143058
-0.286364
-0.337063
-0.34616
-0.348461
-0.606402
-0.59459
-0.542141
-0.463276
-0.370706
-0.271383
-0.167621
-0.0607096
0.0472429
0.152838
0.246309
0.303399
0.269623
0.118564
-0.0552752
-0.221857
-0.313475
-0.335423
-0.335682
-0.335744
-0.639095
-0.627161
-0.574302
-0.495332
-0.403017
-0.30435
-0.201771
-0.0968039
0.00811323
0.10876
0.194481
0.238593
0.195011
0.0226817
-0.13653
-0.275797
-0.324999
-0.327566
-0.328912
-0.328901
-0.673252
-0.661227
-0.608002
-0.529039
-0.437137
-0.33934
-0.23823
-0.13556
-0.0340715
0.0612612
0.138535
0.17057
0.109982
-0.0630376
-0.209059
-0.302195
-0.323367
-0.324256
-0.324802
-0.324823
-0.708406
-0.696321
-0.642843
-0.564042
-0.472754
-0.376086
-0.276753
-0.176765
-0.0791287
0.0107751
0.0787598
0.0984999
0.0145351
-0.140476
-0.268191
-0.309529
-0.321169
-0.321756
-0.32159
-0.32159
-0.743786
-0.73174
-0.678176
-0.599752
-0.509362
-0.414141
-0.316944
-0.220033
-0.126722
-0.0422798
0.0168944
0.0185868
-0.0743214
-0.209102
-0.304883
-0.338214
-0.330098
-0.325256
-0.322241
-0.321161
-0.778317
-0.766392
-0.713033
-0.635318
-0.546222
-0.452853
-0.358177
-0.264745
-0.176189
-0.0975162
-0.0446671
-0.0580753
-0.158529
-0.276802
-0.338815
-0.344421
-0.340881
-0.335447
-0.331828
-0.329418
-0.81001
-0.798533
-0.74606
-0.669591
-0.582316
-0.491323
-0.399613
-0.310049
-0.226546
-0.154027
-0.106149
-0.129127
-0.236498
-0.34417
-0.389227
-0.379321
-0.361611
-0.347711
-0.341518
-0.339509
-0.837405
-0.82664
-0.775624
-0.701064
-0.61632
-0.528361
-0.440186
-0.354825
-0.276589
-0.210281
-0.167842
-0.191779
-0.300274
-0.405636
-0.446787
-0.42416
-0.39093
-0.372168
-0.364522
-0.361634
-0.857872
-0.848052
-0.799558
-0.727908
-0.646652
-0.562507
-0.478608
-0.397756
-0.324887
-0.264679
-0.225163
-0.245344
-0.338388
-0.447639
-0.4855
-0.45785
-0.438052
-0.42789
-0.422648
-0.418822
-0.869167
-0.86032
-0.815474
-0.748113
-0.671541
-0.592139
-0.513329
-0.437468
-0.369792
-0.31555
-0.274772
-0.284115
-0.339275
-0.417349
-0.505096
-0.507827
-0.530552
-0.536734
-0.52709
-0.517432
-0.867679
-0.860057
-0.821391
-0.759679
-0.689119
-0.615722
-0.542662
-0.472551
-0.409609
-0.360873
-0.319299
-0.309219
-0.308648
-0.248835
-0.311217
-0.444205
-0.537852
-0.562212
-0.564394
-0.563536
-0.851018
-0.845782
-0.815127
-0.761016
-0.697888
-0.631852
-0.565311
-0.501372
-0.44314
-0.398836
-0.36615
-0.363174
-0.347285
-0.185546
-0.188636
-0.410718
-0.56963
-0.601587
-0.606996
-0.609412
-0.819751
-0.816032
-0.794775
-0.751202
-0.697317
-0.63954
-0.580538
-0.522494
-0.469954
-0.429242
-0.406666
-0.461389
-0.5745
-0.596553
-0.606879
-0.730277
-0.77378
-0.742258
-0.711562
-0.714908
-0.77865
-0.77632
-0.763879
-0.732361
-0.688419
-0.639338
-0.587501
-0.53557
-0.487518
-0.450625
-0.437448
-0.548295
-0.88281
-1.3917
-1.65286
-1.73593
-1.65039
-1.43439
-1.17697
-1.0552
-0.73596
-0.734644
-0.728511
-0.708936
-0.674891
-0.632925
-0.586979
-0.539423
-0.494111
-0.45906
-0.457318
-0.544605
-0.861946
-1.31899
-1.6958
-1.73423
-1.65859
-1.50393
-1.33248
-1.22997
-0.701108
-0.700402
-0.697634
-0.685779
-0.660083
-0.62367
-0.581173
-0.534082
-0.486589
-0.446908
-0.428819
-0.445464
-0.474779
-0.482224
-0.464994
-0.348579
-0.338622
-0.28355
-0.239402
-0.195573
-0.67615
-0.675365
-0.674008
-0.668743
-0.649223
-0.615851
-0.572033
-0.52274
-0.466819
-0.407509
-0.355904
-0.307015
-0.162488
0.122231
0.331279
0.495058
0.656921
0.775783
0.81703
0.850798
-0.658374
-0.657982
-0.657397
-0.655531
-0.642666
-0.610926
-0.563599
-0.506479
-0.439995
-0.361095
-0.276223
-0.159522
0.00770495
0.27455
0.621572
0.982859
1.24135
1.37677
1.47516
1.5323
-0.647978
-0.647824
-0.647469
-0.646825
-0.63922
-0.609444
-0.558674
-0.491091
-0.412787
-0.316481
-0.207513
-0.101942
0.137897
0.482595
0.899994
1.29839
1.60929
1.82881
1.96507
2.02215
-0.641441
-0.641208
-0.639867
-0.638784
-0.635883
-0.612205
-0.559836
-0.483407
-0.389931
-0.291379
-0.168279
-0.0584663
0.124815
0.464963
0.849368
1.25871
1.61294
1.85806
1.99021
2.04205
-0.647986
-0.646596
-0.642161
-0.638178
-0.639766
-0.625731
-0.568414
-0.481043
-0.377097
-0.270064
-0.154019
-0.02914
0.0827314
0.365454
0.730489
1.08068
1.37228
1.57183
1.6814
1.72238
-0.682252
-0.679842
-0.677416
-0.680288
-0.684575
-0.662483
-0.583225
-0.476472
-0.367016
-0.250258
-0.140985
-0.0186851
0.0835135
0.278325
0.572258
0.85289
1.07259
1.22239
1.299
1.32594
-0.730553
-0.730953
-0.741748
-0.754741
-0.752587
-0.703254
-0.589888
-0.462319
-0.347714
-0.236412
-0.128239
-0.0271409
0.067274
0.171941
0.375794
0.597904
0.770484
0.88534
0.94228
0.961209
-0.720012
-0.725781
-0.743894
-0.759041
-0.750014
-0.680023
-0.550244
-0.426657
-0.316456
-0.21725
-0.121905
-0.0371251
0.0344481
0.111611
0.256935
0.406439
0.520748
0.602292
0.6397
0.65238
-0.576914
-0.583793
-0.599569
-0.612595
-0.601988
-0.540592
-0.446784
-0.356458
-0.269533
-0.190256
-0.120264
-0.0515813
0.00277835
0.0316212
0.130524
0.244138
0.329659
0.382642
0.406611
0.413481
-0.33897
-0.343773
-0.353391
-0.363815
-0.363372
-0.339435
-0.303089
-0.257322
-0.208657
-0.157762
-0.110023
-0.0679309
-0.0253987
-0.00504229
0.0559305
0.121595
0.175721
0.212257
0.229149
0.233286
-0.118795
-0.121254
-0.126745
-0.137682
-0.151921
-0.162879
-0.166926
-0.160321
-0.146019
-0.122094
-0.0955926
-0.0849584
-0.0678889
-0.0637729
-0.0144827
0.0399645
0.0730957
0.0921524
0.0989729
0.10003
0.0167274
0.0153268
0.0114773
-0.00026979
-0.0219354
-0.0487209
-0.0722645
-0.0871117
-0.0935142
-0.0897653
-0.0838072
-0.0902558
-0.103291
-0.105357
-0.069622
-0.0330581
-0.00956454
0.00387575
0.00854947
0.00883022
0.0745364
0.0735908
0.0704761
0.0599974
0.039253
0.0117484
-0.0154186
-0.0376848
-0.0526925
-0.0609726
-0.0671354
-0.0838581
-0.109348
-0.112651
-0.0782289
-0.0563283
-0.0443762
-0.0427683
-0.0440858
-0.044751
0.0886262
0.0879872
0.0856377
0.0777525
0.0618027
0.0397044
0.0162033
-0.00564217
-0.022976
-0.0350887
-0.0451451
-0.0619554
-0.0820297
-0.0822262
-0.0585704
-0.0500184
-0.0502229
-0.053591
-0.0564928
-0.0570965
0.0841729
0.0838028
0.082223
0.0768597
0.0656868
0.0496397
0.031247
0.0136001
-0.00165145
-0.012517
-0.0185798
-0.026914
-0.0319084
-0.027419
-0.0154338
-0.0185753
-0.0280679
-0.0348316
-0.0381663
-0.0386451
0.0732043
0.073033
0.0720753
0.0686712
0.0613433
0.0503931
0.0373551
0.0242522
0.0132262
0.0060843
0.00731429
0.0136729
0.0261845
0.0342337
0.0383541
0.028363
0.0144493
0.00630048
0.00332564
0.0025541
0.0605367
0.0604848
0.0599532
0.0579576
0.0534029
0.0463559
0.0376881
0.029008
0.0219264
0.0194645
0.0275659
0.0479939
0.0781264
0.100555
0.0872957
0.0705146
0.0590715
0.054278
0.0530358
0.0522333
0.0480202
0.0480233
0.0477595
0.0466986
0.0440956
0.0398861
0.0344856
0.0290481
0.0252533
0.0257604
0.0383522
0.065604
0.103868
0.125434
0.108902
0.0940167
0.0886435
0.0891975
0.0908797
0.0896742
0.0365261
0.0365382
0.0363937
0.0358721
0.034541
0.0321568
0.0289618
0.0255423
0.0233984
0.0251635
0.0368519
0.0624805
0.0953104
0.108287
0.0951104
0.0896089
0.0924629
0.0974995
0.100028
0.0987415
0.0264895
0.0264856
0.0263847
0.0261411
0.025507
0.0242291
0.0223162
0.0198817
0.0179648
0.0180465
0.0241661
0.0394757
0.0589221
0.0628254
0.0562373
0.0587746
0.0667108
0.0740131
0.0767491
0.0759189
0.0182192
0.0181908
0.0181017
0.0179526
0.0176492
0.016865
0.0155232
0.0132427
0.0105178
0.00715087
0.00426274
0.00311777
0.0025368
-0.00255091
-0.00398066
0.00793671
0.0217842
0.0305027
0.0329833
0.0322714
0.0117466
0.0117041
0.0115834
0.0114233
0.0111949
0.0105876
0.00931558
0.0070072
0.00306871
-0.00397626
-0.016749
-0.036838
-0.0634044
-0.0825757
-0.0717638
-0.0495441
-0.0310142
-0.0224846
-0.0200442
-0.0199969
0.00699974
0.00694062
0.00680156
0.00661975
0.00634907
0.00580174
0.00451254
0.00226054
-0.0028304
-0.0122059
-0.0320824
-0.0662554
-0.111568
-0.133415
-0.114288
-0.0881436
-0.0719595
-0.0659236
-0.0645386
-0.0635771
0.00376616
0.00370286
0.00357901
0.00338321
0.00307124
0.00254273
0.00130738
-0.000962726
-0.0056324
-0.0150989
-0.036211
-0.0717971
-0.11583
-0.129731
-0.110697
-0.0909437
-0.0837257
-0.0818331
-0.0812192
-0.0800475
0.0017153
0.00165006
0.00153748
0.00135764
0.00113776
0.000714763
-0.000170657
-0.00193874
-0.00567284
-0.0130247
-0.028866
-0.0549867
-0.0832999
-0.0859439
-0.0735988
-0.0657672
-0.06597
-0.0672795
-0.066944
-0.066218
0.000299202
0.000284851
0.000280395
0.000182363
4.51631e-05
-1.25504e-05
-5.54793e-05
-0.000254799
-0.00135302
-0.00331842
-0.00656404
-0.00901024
-0.0104117
-0.00781978
-0.0117419
-0.016121
-0.0152759
-0.0128947
-0.0120164
-0.0317462
-0.589014
-0.153568
0.182063
0.401981
0.565184
0.691951
0.792047
0.876432
0.965044
1.01734
0.120935
0.287274
0.432434
0.563747
0.674987
0.766859
0.842225
0.901643
0.934096
0.941405
0.405328
0.497215
0.597341
0.688097
0.76638
0.832466
0.885848
0.925452
0.952503
0.972506
0.586376
0.652474
0.722248
0.787696
0.844778
0.893212
0.932976
0.965015
0.990472
1.0103
0.725038
0.773759
0.8251
0.87397
0.917378
0.955123
0.987597
1.01546
1.03821
1.05573
0.836202
0.877424
0.916128
0.954087
0.989332
1.02108
1.04925
1.07369
1.09331
1.10947
0.934476
0.966946
1.00057
1.03335
1.06448
1.09313
1.11877
1.14087
1.15822
1.17284
1.02305
1.05303
1.08524
1.11687
1.14682
1.17434
1.19877
1.21938
1.23494
1.24828
1.11171
1.14388
1.17795
1.21066
1.24113
1.26858
1.29236
1.31184
1.32606
1.3385
1.21243
1.24865
1.28628
1.32089
1.35199
1.37902
1.40169
1.41985
1.43322
1.44573
1.33762
1.37656
1.41624
1.45059
1.48011
1.50514
1.52604
1.54311
1.55654
1.56998
1.49655
1.53242
1.56763
1.59621
1.62041
1.64179
1.66102
1.6783
1.69324
1.7077
1.68468
1.70711
1.73081
1.75065
1.76895
1.78634
1.80288
1.81928
1.83549
1.85108
1.87726
1.88543
1.89926
1.91413
1.92859
1.94154
1.9532
1.96444
1.97617
1.99226
2.07283
2.07276
2.0828
2.08627
2.08726
2.09165
2.10217
2.11709
2.13143
2.14584
2.36999
2.31447
2.25996
2.22031
2.19806
2.19396
2.20748
2.24128
2.29914
2.37949
0.914838
0.862344
0.819458
0.786443
0.762692
0.745561
0.733105
0.724086
0.717843
0.714224
0.713765
0.716658
0.722169
0.730177
0.741111
0.755928
0.776243
0.804413
0.842442
0.891793
0.725941
0.734884
0.741636
0.741873
0.737161
0.730369
0.723617
0.717977
0.714004
0.712246
0.713396
0.717029
0.7224
0.72905
0.736277
0.742563
0.745307
0.741851
0.73276
0.72644
0.698634
0.700837
0.705692
0.709826
0.713359
0.71538
0.715185
0.713371
0.711112
0.709495
0.709457
0.711231
0.713934
0.716586
0.718055
0.717376
0.71462
0.710889
0.706485
0.701821
0.693472
0.694429
0.696921
0.699367
0.701238
0.70287
0.704228
0.704905
0.704877
0.704673
0.70499
0.705948
0.706878
0.707132
0.70647
0.705221
0.703715
0.701725
0.699231
0.697122
0.688191
0.688669
0.690112
0.692181
0.694085
0.695532
0.696656
0.697641
0.698452
0.699084
0.69968
0.700175
0.70032
0.700052
0.699477
0.698565
0.69713
0.695254
0.693546
0.692484
0.683183
0.683481
0.684398
0.685876
0.687542
0.68914
0.690495
0.69161
0.692597
0.69351
0.694277
0.694724
0.694795
0.694524
0.693867
0.692797
0.691444
0.690065
0.688969
0.688324
0.678326
0.678538
0.679222
0.680379
0.681748
0.683196
0.684654
0.686001
0.687194
0.688271
0.689191
0.689747
0.689854
0.689519
0.688798
0.687846
0.68682
0.685801
0.685013
0.684556
0.673592
0.673753
0.674295
0.675263
0.676465
0.67778
0.679181
0.680623
0.682027
0.683342
0.684463
0.685138
0.685284
0.684995
0.684419
0.683693
0.682904
0.682126
0.681539
0.681195
0.668926
0.669053
0.669495
0.670329
0.671433
0.672681
0.674039
0.675509
0.677057
0.678602
0.679966
0.680825
0.681118
0.681008
0.680644
0.680128
0.679528
0.678944
0.678511
0.678244
0.664245
0.664347
0.664721
0.665464
0.666504
0.667714
0.669076
0.670602
0.672277
0.674046
0.675693
0.676828
0.677372
0.677499
0.677351
0.677038
0.676631
0.676216
0.675903
0.67569
0.659465
0.659549
0.659873
0.660557
0.661564
0.662772
0.664175
0.665789
0.667621
0.669637
0.671626
0.673128
0.673996
0.674407
0.674503
0.674398
0.674177
0.673917
0.673704
0.673534
0.654508
0.654578
0.654866
0.655517
0.65652
0.657772
0.659253
0.661003
0.663051
0.665386
0.6678
0.669741
0.670992
0.671724
0.672094
0.672214
0.672184
0.672068
0.67194
0.671802
0.649283
0.649341
0.649607
0.650251
0.651289
0.652626
0.65424
0.65619
0.658537
0.661291
0.66423
0.666697
0.668387
0.669482
0.670148
0.670511
0.670669
0.670697
0.670644
0.670532
0.643702
0.64375
0.644004
0.644664
0.645775
0.647244
0.649052
0.651282
0.654017
0.657293
0.660878
0.663984
0.666195
0.667704
0.668703
0.669344
0.669707
0.669871
0.669884
0.669793
0.63766
0.637699
0.637951
0.638649
0.639869
0.641519
0.643582
0.646168
0.649392
0.65333
0.657712
0.66158
0.664412
0.66642
0.66781
0.66876
0.669349
0.669661
0.669741
0.669667
0.631027
0.631056
0.631312
0.632067
0.633434
0.635322
0.637715
0.640747
0.644572
0.649297
0.654649
0.659468
0.663069
0.665675
0.667535
0.668832
0.669687
0.670161
0.670308
0.67025
0.623644
0.62366
0.623925
0.624761
0.626321
0.628518
0.631344
0.63496
0.639559
0.645291
0.651835
0.657781
0.662276
0.665583
0.667975
0.669688
0.670845
0.671496
0.671711
0.671666
0.615292
0.615311
0.615602
0.616533
0.618343
0.62094
0.624309
0.628659
0.634238
0.641218
0.649213
0.656524
0.662082
0.666206
0.669249
0.671452
0.672953
0.673798
0.674085
0.674051
0.605663
0.605671
0.605996
0.60707
0.609214
0.61232
0.616378
0.621652
0.628443
0.636975
0.646754
0.655677
0.662514
0.66763
0.671444
0.674235
0.676144
0.677211
0.677576
0.677551
0.594424
0.594423
0.594785
0.596054
0.598612
0.602366
0.607313
0.61377
0.622078
0.632492
0.644432
0.655355
0.663708
0.66999
0.674716
0.678198
0.680586
0.681904
0.68235
0.68233
0.581045
0.581037
0.581462
0.582988
0.586097
0.590712
0.596835
0.604846
0.615155
0.628009
0.642572
0.655752
0.665833
0.673453
0.679226
0.683498
0.686436
0.688026
0.688553
0.688535
0.564743
0.564727
0.565248
0.567142
0.571011
0.576792
0.58448
0.594514
0.607315
0.623096
0.640811
0.656739
0.668869
0.678057
0.685072
0.690269
0.693836
0.695724
0.696327
0.696304
0.544384
0.544362
0.545035
0.547496
0.552478
0.559929
0.569816
0.58262
0.598735
0.618228
0.63967
0.658652
0.673029
0.683961
0.692364
0.698622
0.702892
0.705084
0.705748
0.705707
0.518173
0.518146
0.519102
0.522532
0.529298
0.539296
0.552381
0.568998
0.589368
0.613358
0.639112
0.661543
0.678419
0.691259
0.701164
0.70859
0.713588
0.716061
0.716753
0.71668
0.483041
0.483025
0.484608
0.489918
0.499876
0.513938
0.531781
0.553624
0.579408
0.608743
0.639368
0.665541
0.685068
0.699929
0.711424
0.720097
0.725784
0.72846
0.729129
0.72901
0.43322
0.433415
0.437049
0.44674
0.462716
0.483506
0.508316
0.537074
0.569453
0.604918
0.640823
0.670893
0.693126
0.710017
0.723132
0.732968
0.739217
0.741947
0.742529
0.742355
0.361361
0.363647
0.374388
0.393347
0.419226
0.449468
0.483147
0.520038
0.559842
0.602044
0.643724
0.67808
0.703338
0.722539
0.737495
0.748537
0.755283
0.758082
0.758622
0.758446
0.285191
0.290589
0.309752
0.338774
0.375241
0.41531
0.457965
0.503158
0.550752
0.600315
0.648724
0.688439
0.717622
0.739861
0.757109
0.769644
0.776938
0.779706
0.780202
0.780121
0.21867
0.225028
0.25042
0.288124
0.333722
0.382786
0.434059
0.487395
0.542635
0.599372
0.654232
0.699007
0.731829
0.75684
0.776197
0.789933
0.797523
0.800247
0.800801
0.800782
0.164265
0.171176
0.200631
0.244445
0.296871
0.353241
0.411958
0.472656
0.535032
0.598558
0.659522
0.709027
0.74523
0.772718
0.793839
0.808814
0.817153
0.820225
0.82074
0.820761
0.118995
0.126241
0.158369
0.206855
0.264705
0.327026
0.391978
0.459084
0.52787
0.597666
0.664341
0.718255
0.757554
0.787295
0.810087
0.826295
0.835473
0.838845
0.839465
0.839545
0.0802678
0.0877023
0.121681
0.173811
0.236177
0.303551
0.373863
0.446573
0.521107
0.596642
0.66864
0.726644
0.768757
0.800571
0.824902
0.842072
0.851813
0.855592
0.856384
0.856502
0.0461038
0.0536559
0.0890285
0.14413
0.210303
0.282035
0.357069
0.434794
0.514552
0.595379
0.672297
0.73411
0.778787
0.812421
0.837974
0.855873
0.866071
0.870215
0.871224
0.871347
0.0150626
0.0227261
0.0592523
0.11686
0.186315
0.26184
0.341063
0.423331
0.507903
0.593662
0.675213
0.740577
0.78765
0.822832
0.849297
0.867656
0.8782
0.882618
0.883757
0.883897
-0.013768
-0.00599655
0.0315234
0.0912853
0.163625
0.242484
0.325447
0.411856
0.500884
0.591299
0.6773
0.746096
0.795433
0.831992
0.859131
0.87777
0.888538
0.893152
0.894394
0.894534
-0.0411337
-0.0332295
0.00525026
0.0669276
0.141808
0.223619
0.309938
0.400128
0.493303
0.588149
0.678492
0.750716
0.802279
0.840119
0.867834
0.886733
0.897651
0.902382
0.903651
0.90375
-0.0674411
-0.0593916
-0.020043
0.0434044
0.120549
0.204998
0.294356
0.388001
0.485037
0.58412
0.678768
0.754477
0.80829
0.847394
0.875672
0.89481
0.905813
0.910549
0.911826
0.911938
-0.0930189
-0.084781
-0.0445837
0.0204797
0.0996555
0.186468
0.278581
0.375388
0.476018
0.579166
0.678111
0.757414
0.813571
0.853992
0.882875
0.902242
0.913286
0.917989
0.919209
0.919284
-0.117997
-0.109578
-0.0685445
-0.00199385
0.0790199
0.167957
0.262555
0.362255
0.466222
0.573255
0.67649
0.759533
0.818207
0.860069
0.889644
0.909253
0.920291
0.924899
0.926027
0.926023
-0.14249
-0.13388
-0.0920126
-0.0240827
0.0585947
0.149435
0.246276
0.348605
0.455659
0.566376
0.673866
0.760811
0.822239
0.865741
0.8961
0.915935
0.926863
0.931268
0.932245
0.932174
-0.166562
-0.157736
-0.115026
-0.0457994
0.0383755
0.130924
0.229778
0.334477
0.444346
0.558532
0.670187
0.761182
0.825669
0.871101
0.902368
0.92236
0.933046
0.937125
0.937912
0.937786
-0.190184
-0.18113
-0.137567
-0.067124
0.01839
0.112464
0.213108
0.319926
0.432349
0.549746
0.665411
0.760556
0.828443
0.876222
0.908619
0.928685
0.938888
0.942479
0.943041
0.942864
-0.213269
-0.203996
-0.159586
-0.088028
-0.00130773
0.0941156
0.196349
0.305035
0.419744
0.540045
0.659499
0.75884
0.830457
0.881112
0.915064
0.935192
0.944564
0.947376
0.947632
0.947418
-0.235751
-0.226268
-0.181039
-0.108472
-0.0206611
0.0759608
0.179578
0.289898
0.406607
0.529505
0.652435
0.75593
0.83156
0.885668
0.921879
0.942361
0.950516
0.951981
0.951699
0.95146
-0.257623
-0.247906
-0.201891
-0.128395
-0.039613
0.0580789
0.16289
0.274614
0.393041
0.5182
0.644246
0.751738
0.831565
0.889633
0.929034
0.950795
0.957791
0.957052
0.955428
0.955065
-0.278773
-0.268837
-0.222101
-0.147744
-0.0580863
0.0405283
0.146376
0.259282
0.379158
0.506237
0.634968
0.74617
0.830281
0.892626
0.936081
0.960736
0.968006
0.965049
0.960479
0.957782
-0.299242
-0.289092
-0.241635
-0.166514
-0.0761104
0.023287
0.130011
0.243864
0.364919
0.493573
0.624529
0.738989
0.827439
0.894237
0.942173
0.97143
0.981945
0.979404
0.971059
0.958234
-0.319003
-0.308724
-0.260606
-0.184884
-0.0939368
0.00602807
0.1134
0.227871
0.349754
0.479542
0.612253
0.729423
0.822332
0.893838
0.945849
0.980066
0.995731
0.993405
0.983769
0.954766
-0.338121
-0.32777
-0.278947
-0.202653
-0.111386
-0.0110704
0.0967697
0.211539
0.333919
0.464358
0.598249
0.717269
0.814264
0.890643
0.944754
0.978985
0.995513
0.994731
0.948288
0.897236
-0.358254
-0.345302
-0.296561
-0.219688
-0.128616
-0.0281422
0.0798888
0.194887
0.317389
0.447964
0.582357
0.702219
0.801881
0.884309
0.936766
0.959435
0.971244
0.944952
0.887074
0.829836
-0.382671
-0.378394
-0.318199
-0.233751
-0.143194
-0.0428109
0.0630465
0.178547
0.30085
0.431134
0.565155
0.684725
0.784167
0.8774
0.904955
0.923795
0.905101
0.854081
0.78994
0.729002
-0.361214
-0.353119
-0.293765
-0.20976
-0.113806
-0.00983546
0.10089
0.219214
0.344704
0.478701
0.606399
0.71238
0.802344
0.890123
0.902475
0.822638
0.756352
0.701623
0.639278
0.515831
-0.397096
-0.368904
-0.307914
-0.223385
-0.127348
-0.0237453
0.0864763
0.204185
0.328816
0.461319
0.586758
0.689883
0.770017
0.832453
0.805884
0.691363
0.596333
0.532579
0.463589
0.328426
-0.423922
-0.390042
-0.327514
-0.243253
-0.147323
-0.0438977
0.0664548
0.183445
0.30684
0.437141
0.559258
0.657545
0.728307
0.754167
0.682214
0.542618
0.431562
0.355107
0.266297
0.083354
-0.448668
-0.413265
-0.348995
-0.264166
-0.168168
-0.0647617
0.045319
0.161457
0.283373
0.411046
0.528828
0.620409
0.677492
0.668158
0.54403
0.384419
0.246181
0.14056
0.0330729
-0.242447
-0.473007
-0.436824
-0.371346
-0.285787
-0.189562
-0.0862651
0.0232547
0.13839
0.258599
0.383271
0.495933
0.580461
0.618973
0.577651
0.406114
0.224659
0.0502775
-0.0906695
-0.268055
-0.624821
-0.497364
-0.461077
-0.39482
-0.308699
-0.212197
-0.109035
-7.88047e-05
0.113965
0.232241
0.353578
0.460566
0.53704
0.555077
0.460562
0.275564
0.0764364
-0.109795
-0.27297
-0.461493
-0.802309
-0.522869
-0.486456
-0.41973
-0.333186
-0.236457
-0.133399
-0.0249697
0.0879588
0.204148
0.321884
0.422926
0.488871
0.481146
0.3446
0.157084
-0.0461627
-0.229438
-0.35871
-0.413145
-0.452228
-0.549927
-0.513411
-0.446387
-0.359618
-0.262842
-0.160045
-0.0523178
0.0592093
0.172876
0.2863
0.380893
0.432914
0.402391
0.232588
0.0449841
-0.142116
-0.29315
-0.353175
-0.371659
-0.374978
-0.578835
-0.542119
-0.474845
-0.387974
-0.291324
-0.188973
-0.0822163
0.0275807
0.138286
0.246647
0.334105
0.369261
0.318608
0.127707
-0.0554999
-0.221837
-0.325923
-0.343233
-0.347974
-0.348152
-0.609738
-0.572664
-0.505129
-0.418233
-0.321866
-0.220191
-0.114675
-0.0069429
0.100334
0.202942
0.281975
0.303442
0.214343
0.0324775
-0.142876
-0.28163
-0.328884
-0.335746
-0.335851
-0.335438
-0.642506
-0.60499
-0.537195
-0.450381
-0.354453
-0.253674
-0.149685
-0.0443797
0.0590423
0.155266
0.224891
0.229487
0.112397
-0.0555553
-0.21455
-0.313011
-0.327308
-0.32839
-0.329049
-0.328668
-0.676684
-0.638837
-0.570856
-0.484246
-0.388943
-0.28931
-0.187171
-0.0846861
0.0145396
0.103825
0.163898
0.150361
0.0195896
-0.136492
-0.268853
-0.313392
-0.324184
-0.32458
-0.324865
-0.324747
-0.711896
-0.673767
-0.605727
-0.519501
-0.425055
-0.326853
-0.226906
-0.127664
-0.0329391
0.0492588
0.0978228
0.0713276
-0.068228
-0.2073
-0.304602
-0.321267
-0.321558
-0.321694
-0.321571
-0.321588
-0.7472
-0.70913
-0.641181
-0.5556
-0.462312
-0.365872
-0.268495
-0.172932
-0.0831067
-0.00746926
0.0276003
-0.00468403
-0.149202
-0.263385
-0.326515
-0.333122
-0.327574
-0.323466
-0.32156
-0.320825
-0.781453
-0.743868
-0.676312
-0.591747
-0.500027
-0.405746
-0.311328
-0.219832
-0.135422
-0.0656573
-0.0393911
-0.0889825
-0.223947
-0.319471
-0.340194
-0.343661
-0.33784
-0.333524
-0.330441
-0.32873
-0.813157
-0.776468
-0.70988
-0.626868
-0.537238
-0.445613
-0.354561
-0.267483
-0.188829
-0.124936
-0.103707
-0.172163
-0.293542
-0.381042
-0.39008
-0.370311
-0.353782
-0.343696
-0.340306
-0.338894
-0.840322
-0.805303
-0.740291
-0.659552
-0.572684
-0.484362
-0.397104
-0.314749
-0.241932
-0.184012
-0.167511
-0.240197
-0.354749
-0.440953
-0.439749
-0.406727
-0.379561
-0.367353
-0.362836
-0.360653
-0.860574
-0.827947
-0.765573
-0.688102
-0.604851
-0.520604
-0.437718
-0.36023
-0.293314
-0.240268
-0.225182
-0.288284
-0.390344
-0.486174
-0.470062
-0.446758
-0.432517
-0.424843
-0.420702
-0.417196
-0.871515
-0.841872
-0.783549
-0.710633
-0.632081
-0.552718
-0.474996
-0.402412
-0.341168
-0.29217
-0.270453
-0.315793
-0.365089
-0.479595
-0.506298
-0.519065
-0.536313
-0.533221
-0.521021
-0.516287
-0.870365
-0.844592
-0.792287
-0.725159
-0.652705
-0.579127
-0.507317
-0.439825
-0.383545
-0.34033
-0.30415
-0.324838
-0.276678
-0.257619
-0.375235
-0.502541
-0.555014
-0.564598
-0.563628
-0.56418
-0.853117
-0.834083
-0.78998
-0.730181
-0.665216
-0.598615
-0.533005
-0.471388
-0.418946
-0.382107
-0.345707
-0.377652
-0.275215
-0.13317
-0.292619
-0.508831
-0.595641
-0.604784
-0.608663
-0.609574
-0.821505
-0.808397
-0.775036
-0.725099
-0.668777
-0.610244
-0.551205
-0.495617
-0.447227
-0.415589
-0.418735
-0.5167
-0.611697
-0.569275
-0.6743
-0.761448
-0.766178
-0.72054
-0.712148
-0.716225
-0.780051
-0.771965
-0.750367
-0.711368
-0.66434
-0.613716
-0.561464
-0.510874
-0.467235
-0.442377
-0.456681
-0.68924
-1.1253
-1.56985
-1.71153
-1.71277
-1.55834
-1.29967
-1.09045
-1.0531
-0.737
-0.732682
-0.720693
-0.693307
-0.654639
-0.610584
-0.563387
-0.515667
-0.47558
-0.450852
-0.468393
-0.682407
-1.06925
-1.55593
-1.74434
-1.70284
-1.59098
-1.41592
-1.26693
-1.21532
-0.701762
-0.699565
-0.69333
-0.67452
-0.643064
-0.602789
-0.558058
-0.511045
-0.464034
-0.432197
-0.439827
-0.463776
-0.481277
-0.492954
-0.400108
-0.339893
-0.31519
-0.259907
-0.217674
-0.182036
-0.675819
-0.674804
-0.672497
-0.660922
-0.634037
-0.594887
-0.548414
-0.494713
-0.437805
-0.381687
-0.326661
-0.265677
-0.014182
0.233909
0.418125
0.570726
0.732906
0.797844
0.835921
0.859495
-0.658242
-0.657655
-0.657016
-0.651224
-0.628992
-0.589016
-0.53584
-0.475347
-0.402173
-0.317707
-0.2293
-0.0798408
0.127898
0.438348
0.80872
1.12891
1.32074
1.42744
1.51114
1.54321
-0.647933
-0.647649
-0.647306
-0.644957
-0.627233
-0.586467
-0.526665
-0.453202
-0.367967
-0.261573
-0.155728
-0.0036525
0.29465
0.688347
1.10508
1.46684
1.72897
1.9085
2.00158
2.0321
-0.641426
-0.640667
-0.639077
-0.638394
-0.62758
-0.589293
-0.5243
-0.438016
-0.342325
-0.229862
-0.108181
-0.000904711
0.289553
0.648121
1.05558
1.44709
1.75057
1.93699
2.02414
2.04984
-0.647604
-0.644717
-0.639624
-0.638655
-0.637122
-0.602146
-0.527149
-0.431167
-0.322142
-0.215926
-0.089128
0.0177912
0.195065
0.547786
0.908881
1.23654
1.48427
1.63727
1.70856
1.72826
-0.681186
-0.678411
-0.678355
-0.68252
-0.680071
-0.628854
-0.530982
-0.42243
-0.309181
-0.195401
-0.0802957
0.0359259
0.15971
0.418798
0.719345
0.970571
1.15704
1.2692
1.31697
1.32948
-0.729762
-0.73501
-0.749301
-0.756593
-0.736277
-0.652098
-0.525258
-0.403578
-0.293509
-0.179186
-0.0775951
0.0227262
0.1132
0.261218
0.492433
0.690166
0.836212
0.919945
0.955453
0.962879
-0.721236
-0.733998
-0.7529
-0.759175
-0.724558
-0.618222
-0.486329
-0.370596
-0.266332
-0.167918
-0.0773971
0.00136175
0.0643294
0.176364
0.336778
0.466689
0.567211
0.625597
0.648292
0.652747
-0.578997
-0.591076
-0.607411
-0.611744
-0.578407
-0.49433
-0.401322
-0.312633
-0.228794
-0.153966
-0.0849516
-0.0231025
0.0126511
0.0706622
0.190726
0.290485
0.360714
0.397176
0.412196
0.41329
-0.340816
-0.348063
-0.358971
-0.365897
-0.354068
-0.322132
-0.281418
-0.232839
-0.183998
-0.131485
-0.0912039
-0.0466841
-0.0149097
0.0215733
0.0889735
0.150976
0.19664
0.222899
0.232098
0.232483
-0.119914
-0.123391
-0.131556
-0.144675
-0.158137
-0.16607
-0.164816
-0.154139
-0.135188
-0.10726
-0.0900355
-0.0765047
-0.0671446
-0.0437835
0.0150762
0.0586315
0.0846354
0.0965536
0.100216
0.0992506
0.016014
0.014062
0.00682109
-0.0100307
-0.03515
-0.0612618
-0.0807211
-0.0914811
-0.0924078
-0.0864594
-0.084477
-0.0966389
-0.110356
-0.0911206
-0.0488019
-0.0205812
-0.00112858
0.00690212
0.00907676
0.0083137
0.0740703
0.0726139
0.0664081
0.0508601
0.0258973
-0.0021053
-0.0273787
-0.0459201
-0.0576214
-0.0632027
-0.0735177
-0.0960599
-0.119024
-0.0970337
-0.0652725
-0.0487894
-0.042767
-0.0433255
-0.0445369
-0.0450243
0.0883398
0.0872414
0.0825956
0.0707643
0.0512662
0.0279315
0.00498056
-0.0149987
-0.0294421
-0.0398831
-0.0527974
-0.0720987
-0.0880412
-0.0694983
-0.053534
-0.0490915
-0.0518715
-0.0553227
-0.0569745
-0.0572575
0.0840231
0.0833031
0.0801636
0.0720145
0.0581385
0.0405703
0.0222381
0.0056129
-0.00771404
-0.01626
-0.0226211
-0.0298491
-0.0312306
-0.0168208
-0.0168015
-0.023338
-0.0317607
-0.0369769
-0.0385472
-0.0387617
0.0731455
0.0727363
0.0707862
0.0655248
0.0562218
0.0440671
0.030676
0.0183702
0.00914419
0.00560284
0.0104003
0.0192857
0.0329375
0.0428265
0.0347869
0.0206248
0.00965962
0.00429546
0.0027608
0.00238123
0.0605305
0.0603257
0.0592118
0.0560177
0.0501605
0.0421478
0.0332426
0.0251821
0.019991
0.0215477
0.0370044
0.0619529
0.0924138
0.0951122
0.0796129
0.0637169
0.0556879
0.0536377
0.0526275
0.051862
0.0480305
0.047951
0.0473681
0.045625
0.0421605
0.0373005
0.0316438
0.0269513
0.0246498
0.0299753
0.0507702
0.0837108
0.119215
0.11693
0.100333
0.0902955
0.0884701
0.0903514
0.0905012
0.089077
0.0365438
0.0364906
0.0362031
0.0353361
0.0334601
0.0306563
0.0271669
0.0243367
0.0234569
0.0293353
0.0484907
0.0783857
0.106778
0.10167
0.0909822
0.0904489
0.0950143
0.0991972
0.0997024
0.0980483
0.0264983
0.0264467
0.0262913
0.0258935
0.0249503
0.0233499
0.0211041
0.0189136
0.0174038
0.0202067
0.0307085
0.049155
0.0641649
0.0578155
0.0557876
0.0623923
0.0709883
0.0761392
0.0766633
0.0753195
0.0182167
0.018151
0.0180366
0.0178352
0.017332
0.0162641
0.0145146
0.011971
0.0087129
0.00565867
0.003671
0.00280665
0.00053366
-0.00372368
0.00125149
0.0150555
0.0268769
0.0321572
0.0327794
0.031765
0.0117337
0.0116535
0.0115045
0.0113293
0.0109732
0.0100139
0.00839616
0.00519876
7.54884e-05
-0.00938482
-0.025803
-0.0484317
-0.0763702
-0.0812083
-0.0607291
-0.0386925
-0.0255029
-0.0206375
-0.019894
-0.0203317
0.0069813
0.00687922
0.00671467
0.00650253
0.00614103
0.00524689
0.00360394
0.000116843
-0.00658926
-0.0206321
-0.0474257
-0.0889092
-0.128107
-0.127463
-0.100624
-0.0782632
-0.0684933
-0.0650594
-0.0639036
-0.0636342
0.00374287
0.003648
0.00349461
0.00324222
0.00284362
0.00205126
0.00032686
-0.0029412
-0.00930661
-0.0241145
-0.0521732
-0.0943507
-0.129531
-0.121434
-0.0997698
-0.0863378
-0.0820244
-0.0817575
-0.0804781
-0.0799758
0.00168925
0.00160032
0.00145573
0.00125807
0.000958419
0.000394291
-0.000990923
-0.00345445
-0.00857906
-0.0197066
-0.0411669
-0.0704018
-0.0897064
-0.0801352
-0.0679476
-0.0656902
-0.0666614
-0.067311
-0.0664891
-0.066159
0.000527944
0.000467346
0.000410507
0.000337556
0.00023312
5.42566e-05
-0.000319135
-0.00112016
-0.00281192
-0.00652689
-0.014419
-0.0253573
-0.0358453
-0.0354927
-0.0307267
-0.0304297
-0.0326377
-0.0333392
-0.032165
-0.0316966
-0.348921
0.0318636
0.301317
0.487179
0.63176
0.743929
0.836263
0.918445
1.00374
0.994174
0.208135
0.360716
0.500655
0.621992
0.72324
0.806388
0.874329
0.922284
0.937894
0.950896
0.449115
0.547624
0.644324
0.728788
0.800952
0.860814
0.907397
0.940302
0.96282
0.981798
0.618897
0.687285
0.755948
0.817332
0.870082
0.914152
0.949853
0.978605
1.00047
1.02005
0.748755
0.799352
0.850139
0.896408
0.936938
0.971976
1.00207
1.02763
1.04671
1.06545
0.857434
0.896779
0.935335
0.972136
1.00565
1.03561
1.06197
1.08422
1.10117
1.11907
0.949962
0.983845
1.0171
1.04919
1.07915
1.10636
1.13032
1.15024
1.16511
1.18251
1.03712
1.06915
1.1012
1.13211
1.16092
1.18698
1.20962
1.22786
1.24104
1.25791
1.12668
1.16108
1.19451
1.22623
1.25527
1.28096
1.30268
1.31964
1.33159
1.34799
1.22915
1.26787
1.30397
1.33691
1.36604
1.39092
1.41135
1.4271
1.43878
1.45495
1.35547
1.39707
1.43405
1.46592
1.49317
1.51608
1.53504
1.55022
1.5627
1.57881
1.51262
1.55096
1.58264
1.60872
1.63141
1.65166
1.66991
1.68608
1.70014
1.71602
1.69458
1.71952
1.74107
1.75991
1.77777
1.79468
1.81105
1.82752
1.84316
1.85915
1.88024
1.89203
1.90667
1.92151
1.93528
1.94748
1.95881
1.97019
1.98308
2.00379
2.0683
2.07833
2.08528
2.08666
2.08875
2.09617
2.10933
2.12468
2.13776
2.16604
2.34477
2.2857
2.23806
2.20694
2.19381
2.19839
2.22163
2.26696
2.33749
2.41611
0.790136
0.782631
0.77371
0.760882
0.747473
0.735868
0.726642
0.719742
0.715132
0.713119
0.71434
0.718385
0.724639
0.733037
0.743705
0.75654
0.770237
0.781435
0.789218
0.795542
0.704111
0.71199
0.719133
0.723891
0.725136
0.723135
0.719381
0.715422
0.712337
0.710948
0.711995
0.715045
0.719209
0.723616
0.726994
0.72771
0.724785
0.718756
0.710755
0.704853
0.696077
0.699136
0.702221
0.704734
0.7071
0.708853
0.709324
0.708644
0.707601
0.707141
0.707935
0.709589
0.711167
0.71178
0.710937
0.708989
0.706715
0.704069
0.700875
0.698512
0.690796
0.692313
0.694541
0.696694
0.698274
0.699537
0.700633
0.701389
0.701772
0.702122
0.702728
0.703323
0.703462
0.703014
0.702192
0.70108
0.69942
0.697233
0.695397
0.694313
0.685668
0.686507
0.687986
0.689822
0.691553
0.692938
0.694034
0.694998
0.695864
0.696631
0.697214
0.697466
0.697359
0.696945
0.696168
0.694922
0.693337
0.691762
0.690721
0.690086
0.680741
0.68131
0.682377
0.683797
0.68533
0.686834
0.688178
0.689329
0.69036
0.691305
0.691991
0.69228
0.692179
0.691666
0.690765
0.689627
0.688423
0.687335
0.686639
0.686196
0.67595
0.676377
0.677228
0.67842
0.679737
0.681143
0.682578
0.683943
0.68519
0.686323
0.687162
0.687525
0.68741
0.686891
0.686118
0.685239
0.684335
0.683521
0.68301
0.682674
0.671259
0.671594
0.672295
0.67334
0.674554
0.675875
0.677293
0.678773
0.680239
0.681619
0.682642
0.683109
0.683086
0.682727
0.682171
0.681503
0.680805
0.680198
0.679816
0.67955
0.666596
0.666868
0.667464
0.668409
0.669562
0.670847
0.67227
0.673827
0.675475
0.677113
0.678385
0.679057
0.67924
0.679098
0.678752
0.678284
0.67777
0.677327
0.677039
0.676821
0.661876
0.662102
0.662626
0.663508
0.664623
0.665907
0.667376
0.669035
0.670859
0.672768
0.674369
0.675354
0.675815
0.675917
0.675785
0.675518
0.675178
0.674877
0.674662
0.674479
0.657017
0.657209
0.657684
0.658533
0.65965
0.660973
0.662523
0.664327
0.666384
0.668639
0.670638
0.671995
0.672785
0.673165
0.67327
0.673201
0.673034
0.672857
0.672701
0.672543
0.651937
0.652102
0.652549
0.653396
0.65455
0.655955
0.657636
0.659646
0.662006
0.664682
0.667175
0.668985
0.670152
0.670847
0.67121
0.671345
0.671354
0.671291
0.671185
0.671045
0.646547
0.646693
0.647129
0.648005
0.649239
0.650776
0.652657
0.654957
0.657725
0.660946
0.664033
0.666364
0.667957
0.668996
0.669641
0.67001
0.670188
0.670226
0.670162
0.670036
0.640752
0.640883
0.641325
0.642258
0.643616
0.645339
0.647486
0.650159
0.653435
0.657322
0.66114
0.664108
0.666209
0.667651
0.668618
0.66924
0.669605
0.669745
0.669717
0.669599
0.634429
0.634549
0.635012
0.636031
0.637555
0.639525
0.642013
0.645152
0.649056
0.653769
0.658473
0.662207
0.664928
0.666858
0.668191
0.669104
0.669673
0.669919
0.669927
0.669816
0.62744
0.62755
0.628045
0.629184
0.630928
0.63322
0.636146
0.639872
0.644556
0.65027
0.656063
0.660733
0.664191
0.666686
0.66846
0.669713
0.670509
0.670866
0.670909
0.670801
0.619612
0.619714
0.620249
0.621542
0.623572
0.626276
0.629771
0.634262
0.639939
0.646904
0.65401
0.659785
0.664099
0.667255
0.669544
0.67119
0.67224
0.672716
0.672793
0.672684
0.610635
0.610743
0.611367
0.612874
0.61527
0.618496
0.622698
0.628136
0.63506
0.64358
0.652265
0.659351
0.664688
0.668642
0.671551
0.673656
0.674998
0.675605
0.675716
0.675605
0.600243
0.600351
0.601084
0.602851
0.605709
0.609605
0.614715
0.621342
0.629775
0.640169
0.65079
0.659479
0.666048
0.670955
0.674606
0.677262
0.678941
0.679696
0.679841
0.679723
0.587991
0.588114
0.588994
0.591102
0.594557
0.599327
0.605617
0.613792
0.624181
0.636915
0.649845
0.660376
0.668357
0.67437
0.678881
0.682169
0.684234
0.685144
0.685319
0.685191
0.573222
0.573379
0.574479
0.577054
0.581311
0.58725
0.595095
0.605267
0.618113
0.633711
0.649378
0.662075
0.671703
0.678987
0.684502
0.688526
0.691023
0.692097
0.692299
0.692157
0.554996
0.555221
0.556654
0.559893
0.565261
0.572798
0.582734
0.595518
0.61145
0.630506
0.649426
0.664629
0.676149
0.684909
0.691588
0.696461
0.699439
0.700678
0.700895
0.700733
0.531892
0.532257
0.534231
0.538491
0.545531
0.555417
0.568314
0.58463
0.60454
0.627784
0.650374
0.668316
0.681896
0.692297
0.700231
0.706048
0.709521
0.710905
0.711115
0.710926
0.501575
0.502232
0.505148
0.511181
0.520931
0.534368
0.551466
0.572444
0.597226
0.625359
0.652111
0.673103
0.688929
0.701093
0.710421
0.717223
0.721157
0.722636
0.722814
0.722596
0.459915
0.46127
0.466212
0.475779
0.490316
0.509295
0.532368
0.559429
0.590136
0.623841
0.65507
0.679225
0.697361
0.711318
0.722099
0.729825
0.734086
0.735562
0.735682
0.735436
0.399352
0.403532
0.41396
0.430684
0.453353
0.480655
0.511696
0.546157
0.583626
0.623384
0.659314
0.686705
0.707152
0.722867
0.734974
0.743491
0.747881
0.749182
0.749206
0.748958
0.326469
0.334659
0.35391
0.38107
0.414153
0.450829
0.490428
0.532819
0.57769
0.624395
0.666085
0.697721
0.721391
0.73957
0.753374
0.762749
0.76737
0.768717
0.768826
0.768718
0.253275
0.267166
0.295232
0.33272
0.375861
0.421835
0.470054
0.520483
0.572873
0.626669
0.674318
0.710352
0.737319
0.758126
0.773803
0.784036
0.788684
0.789792
0.789923
0.789919
0.192857
0.210058
0.244062
0.289304
0.340605
0.39473
0.450906
0.50896
0.568575
0.629161
0.682443
0.722593
0.752588
0.775672
0.792958
0.803878
0.808478
0.809913
0.810214
0.810274
0.14296
0.162229
0.200736
0.251773
0.309435
0.370261
0.433295
0.498203
0.564484
0.631456
0.690002
0.733984
0.766741
0.791844
0.810622
0.822455
0.827789
0.829543
0.829893
0.829985
0.100904
0.121407
0.163299
0.218989
0.281914
0.348359
0.417264
0.488212
0.560539
0.633411
0.696912
0.744394
0.779673
0.806666
0.826802
0.839686
0.84558
0.847578
0.847964
0.848054
0.0643121
0.0856714
0.130219
0.189731
0.257117
0.328428
0.402492
0.47883
0.556669
0.634989
0.703078
0.753802
0.791349
0.820021
0.8413
0.854841
0.861272
0.8635
0.863927
0.864007
0.0315876
0.05358
0.100309
0.163031
0.234252
0.309818
0.388496
0.46973
0.552649
0.636041
0.708392
0.762131
0.801709
0.831758
0.853847
0.867907
0.87486
0.87723
0.87766
0.877714
0.00157546
0.024052
0.0726196
0.138143
0.212703
0.29202
0.374847
0.460577
0.548216
0.636413
0.712819
0.769401
0.810839
0.841979
0.864608
0.878973
0.886198
0.888738
0.88922
0.889249
-0.0266455
-0.00366093
0.0465542
0.114525
0.192014
0.274662
0.361243
0.451105
0.543176
0.635967
0.716352
0.775709
0.818909
0.850978
0.874005
0.888589
0.896006
0.898636
0.899135
0.899133
-0.0535743
-0.0300635
0.0215911
0.0917725
0.171855
0.257484
0.347468
0.441141
0.537392
0.634624
0.718989
0.781147
0.82607
0.859004
0.88241
0.897196
0.904676
0.907322
0.907777
0.907726
-0.0796025
-0.0555622
-0.00255974
0.0696008
0.152004
0.240316
0.333401
0.430585
0.53077
0.632355
0.720736
0.785782
0.832458
0.866277
0.890048
0.904987
0.912484
0.915093
0.91552
0.915435
-0.104976
-0.080369
-0.0261113
0.0478433
0.132329
0.223062
0.318963
0.419387
0.523278
0.629111
0.721596
0.789674
0.838209
0.872992
0.897174
0.912234
0.919705
0.922231
0.922614
0.922501
-0.129811
-0.104613
-0.0491799
0.0264115
0.112769
0.205677
0.304133
0.407534
0.514908
0.624868
0.721537
0.792845
0.843431
0.879305
0.903947
0.919093
0.926445
0.928823
0.929115
0.928966
-0.154195
-0.128397
-0.07181
0.00527803
0.0933116
0.188176
0.288938
0.395047
0.50566
0.619604
0.720503
0.795274
0.848186
0.885332
0.910455
0.925586
0.932717
0.93487
0.935048
0.934868
-0.178077
-0.15172
-0.0939978
-0.0155528
0.0739818
0.170592
0.27342
0.381976
0.495565
0.613297
0.718421
0.7969
0.852509
0.891202
0.916841
0.931795
0.93851
0.940356
0.940428
0.940228
-0.201483
-0.174533
-0.115719
-0.0360465
0.0548273
0.152986
0.257647
0.368388
0.484684
0.60594
0.715222
0.797625
0.856365
0.897047
0.923328
0.937887
0.943901
0.945314
0.94527
0.945061
-0.224298
-0.196782
-0.136938
-0.056167
0.0359071
0.13544
0.241706
0.35437
0.473081
0.597545
0.710834
0.797321
0.859646
0.902935
0.930238
0.944217
0.949058
0.949764
0.949572
0.949379
-0.246519
-0.218398
-0.157622
-0.0758474
0.0172974
0.118029
0.225693
0.340028
0.460837
0.588165
0.705206
0.79586
0.862157
0.908782
0.937914
0.951495
0.954554
0.953883
0.953345
0.953255
-0.268045
-0.239364
-0.177713
-0.0950291
-0.000939319
0.100839
0.209693
0.325442
0.448064
0.577876
0.698305
0.793099
0.86364
0.914251
0.946424
0.960723
0.961972
0.958753
0.956858
0.957006
-0.2889
-0.259647
-0.197147
-0.113647
-0.0187234
0.0839616
0.193834
0.310751
0.434887
0.566781
0.690133
0.788894
0.863815
0.918745
0.955133
0.972338
0.973775
0.968135
0.960814
0.946871
-0.309038
-0.279287
-0.216064
-0.131914
-0.0363646
0.0670487
0.177682
0.295469
0.420756
0.55433
0.680096
0.782629
0.862275
0.921645
0.962818
0.98532
0.990161
0.983247
0.971349
0.981974
-0.328454
-0.298287
-0.234419
-0.149772
-0.053815
0.0501473
0.161243
0.279615
0.40565
0.540413
0.667977
0.773654
0.858341
0.921736
0.96587
0.992078
1.00148
0.992625
0.942017
0.931945
-0.347656
-0.316802
-0.251947
-0.166904
-0.0706823
0.0336367
0.144695
0.263467
0.389872
0.525247
0.653862
0.761405
0.851369
0.91817
0.959199
0.98365
0.985568
0.952217
0.892064
0.85567
-0.3699
-0.336507
-0.268177
-0.182729
-0.0862323
0.0179253
0.128459
0.247308
0.373641
0.50896
0.637831
0.745596
0.839836
0.910107
0.954542
0.948578
0.928829
0.87288
0.809687
0.771538
0.0558488
0.171335
0.293519
0.42354
0.556904
0.67561
0.773225
0.660975
-0.385142
-0.375778
-0.33351
-0.260751
-0.169855
-0.0699959
0.0371508
0.151466
0.272885
0.401704
0.5338
0.651724
0.746022
0.828555
0.875504
0.832751
0.715126
0.644335
0.587382
-0.408997
-0.397294
-0.351293
-0.277218
-0.186114
-0.0862326
0.0204838
0.134365
0.254945
0.382394
0.512122
0.626859
0.715015
0.780663
0.779612
0.683581
0.562079
0.479069
0.409619
-0.433307
-0.421292
-0.372849
-0.297661
-0.20651
-0.106553
0.000273777
0.113871
0.233511
0.359324
0.48585
0.595621
0.675025
0.718301
0.682928
0.53639
0.398154
0.294001
0.209061
-0.457454
-0.445416
-0.395561
-0.319178
-0.227662
-0.127678
-0.0210665
0.0918369
0.210263
0.333992
0.45681
0.560838
0.631949
0.647086
0.561307
0.388891
0.222624
0.0805938
-0.0384309
-0.481676
-0.469732
-0.418952
-0.341674
-0.249699
-0.149656
-0.043402
0.0686604
0.185689
0.306988
0.425622
0.52305
0.583684
0.562704
0.430568
0.244421
0.0526196
-0.111718
-0.270806
-0.506473
-0.494691
-0.443431
-0.365546
-0.273157
-0.173014
-0.0670509
0.0442333
0.159798
0.278505
0.392759
0.482793
0.528498
0.485766
0.3078
0.114687
-0.0841134
-0.26063
-0.395014
-0.518287
-0.532663
-0.520989
-0.4694
-0.391142
-0.298519
-0.198382
-0.0927791
0.0176099
0.131471
0.247141
0.356508
0.438107
0.466898
0.389954
0.193714
-0.00244444
-0.187476
-0.327333
-0.376208
-0.397193
-0.560546
-0.548928
-0.497075
-0.418586
-0.325897
-0.225956
-0.120899
-0.0116798
0.10011
0.212165
0.315886
0.388159
0.392549
0.277174
0.0868135
-0.0995351
-0.260789
-0.333759
-0.356258
-0.35904
-0.590346
-0.578701
-0.526537
-0.447878
-0.355266
-0.255694
-0.151437
-0.0436821
0.0656509
0.173536
0.270653
0.333367
0.309522
0.170241
-0.0108009
-0.184699
-0.303828
-0.342064
-0.340448
-0.34126
-0.622043
-0.610325
-0.557803
-0.479016
-0.386615
-0.287593
-0.184393
-0.0784068
0.0280767
0.13127
0.220953
0.271991
0.231741
0.0690833
-0.0973109
-0.253565
-0.317778
-0.330338
-0.331664
-0.331559
-0.655402
-0.643576
-0.590745
-0.511914
-0.419851
-0.321597
-0.219712
-0.115843
-0.0125953
0.0854324
0.167076
0.205088
0.154939
-0.0206606
-0.175508
-0.290753
-0.329764
-0.326364
-0.326827
-0.326681
-0.689908
-0.678034
-0.625061
-0.546303
-0.454767
-0.357509
-0.257241
-0.155861
-0.0562354
0.0363789
0.109142
0.135633
0.0625941
-0.103342
-0.242619
-0.307265
-0.321493
-0.322753
-0.322938
-0.322939
-0.725042
-0.713143
-0.660235
-0.581723
-0.490954
-0.394972
-0.296658
-0.19816
-0.102619
-0.0154305
0.0480262
0.0593828
-0.030666
-0.175981
-0.289424
-0.322567
-0.324306
-0.32252
-0.320877
-0.320508
-0.759849
-0.747968
-0.695445
-0.617456
-0.527794
-0.433452
-0.337456
-0.242239
-0.151256
-0.0696386
-0.0138315
-0.0208502
-0.116543
-0.244002
-0.321531
-0.344834
-0.33526
-0.32956
-0.326236
-0.324235
-0.792557
-0.781029
-0.72952
-0.652531
-0.564413
-0.472172
-0.378905
-0.287363
-0.201312
-0.125669
-0.075132
-0.0946745
-0.198585
-0.312239
-0.362684
-0.356139
-0.349957
-0.341441
-0.336679
-0.334432
-0.822074
-0.810928
-0.760946
-0.685619
-0.59964
-0.510093
-0.420054
-0.332548
-0.251667
-0.182273
-0.136968
-0.161751
-0.270412
-0.378191
-0.419755
-0.404228
-0.375268
-0.357157
-0.349436
-0.347144
-0.845685
-0.835227
-0.787814
-0.715046
-0.632014
-0.545881
-0.459732
-0.376559
-0.301025
-0.237793
-0.197214
-0.219257
-0.323303
-0.43415
-0.463743
-0.439254
-0.409482
-0.392744
-0.387222
-0.384547
-0.861281
-0.851865
-0.807873
-0.738881
-0.659861
-0.577967
-0.496516
-0.418046
-0.347834
-0.290657
-0.250685
-0.266848
-0.342893
-0.448136
-0.517532
-0.487043
-0.48334
-0.481982
-0.474903
-0.466839
-0.866343
-0.858388
-0.818845
-0.7551
-0.681344
-0.60475
-0.528744
-0.455638
-0.390386
-0.339042
-0.296986
-0.296101
-0.32785
-0.344028
-0.425538
-0.48762
-0.54634
-0.562522
-0.557073
-0.552334
-0.858909
-0.85235
-0.818634
-0.761721
-0.694733
-0.624772
-0.554822
-0.487853
-0.427079
-0.380824
-0.341523
-0.329836
-0.30327
-0.195533
-0.225754
-0.413344
-0.536844
-0.565545
-0.575569
-0.58001
-0.835163
-0.830463
-0.804494
-0.757201
-0.698899
-0.636754
-0.57381
-0.512959
-0.457408
-0.414828
-0.384543
-0.399506
-0.443132
-0.312043
-0.282572
-0.477688
-0.626092
-0.650093
-0.6532
-0.656633
-0.79855
-0.795573
-0.778135
-0.74178
-0.693898
-0.640337
-0.585002
-0.530019
-0.480108
-0.441428
-0.422488
-0.509884
-0.733996
-1.02605
-1.14703
-1.25502
-1.17693
-0.994094
-0.861369
-0.829544
-0.755674
-0.753865
-0.744746
-0.719363
-0.681901
-0.636784
-0.588086
-0.53841
-0.492651
-0.456717
-0.448875
-0.561183
-0.932191
-1.49443
-1.86861
-1.95045
-1.88473
-1.65744
-1.42547
-1.26273
-0.716479
-0.715327
-0.711192
-0.696004
-0.667026
-0.628435
-0.584547
-0.538037
-0.491269
-0.456696
-0.452503
-0.500981
-0.693138
-0.944755
-1.1594
-1.12654
-1.06373
-0.961745
-0.866055
-0.776783
-0.687648
-0.686996
-0.684703
-0.676426
-0.653938
-0.619275
-0.576744
-0.528832
-0.478733
-0.42851
-0.392068
-0.38437
-0.279552
-0.0916762
0.106201
0.2266
0.266879
0.352097
0.380573
0.402782
-0.665962
-0.665421
-0.664568
-0.661483
-0.645447
-0.613054
-0.567483
-0.515144
-0.453383
-0.385987
-0.318011
-0.223464
-0.0718514
0.207566
0.458119
0.723432
0.955089
1.07988
1.14762
1.19433
-0.652633
-0.652357
-0.651944
-0.650769
-0.640664
-0.609813
-0.560659
-0.498098
-0.42641
-0.336175
-0.238488
-0.125659
0.084827
0.37728
0.791957
1.19483
1.47168
1.64149
1.76502
1.82474
-0.644047
-0.643934
-0.643363
-0.642915
-0.637666
-0.610283
-0.558336
-0.486195
-0.400313
-0.302435
-0.183622
-0.0790854
0.143119
0.517088
0.908145
1.30682
1.65237
1.89967
2.03746
2.09224
-0.641945
-0.641274
-0.638478
-0.635858
-0.635567
-0.616866
-0.563042
-0.481951
-0.382267
-0.281036
-0.159814
-0.0413301
0.0987654
0.397535
0.782062
1.1783
1.51004
1.73549
1.85778
1.9049
-0.661419
-0.659313
-0.654642
-0.652482
-0.655224
-0.640492
-0.575362
-0.479559
-0.3727
-0.259185
-0.148081
-0.0209519
0.0832349
0.336742
0.667438
0.973223
1.22424
1.39751
1.49108
1.52506
-0.707815
-0.706075
-0.709145
-0.717881
-0.720427
-0.686187
-0.589773
-0.471153
-0.358862
-0.243268
-0.133919
-0.0222373
0.077664
0.212667
0.465194
0.722745
0.918998
1.04965
1.11395
1.13565
-0.738588
-0.741881
-0.758141
-0.773454
-0.767521
-0.70464
-0.577993
-0.448047
-0.333614
-0.228012
-0.124149
-0.0315275
0.052339
0.14757
0.312206
0.493084
0.635964
0.735273
0.783472
0.799926
-0.666746
-0.672631
-0.690191
-0.704467
-0.69346
-0.623641
-0.505723
-0.396453
-0.295262
-0.204429
-0.121233
-0.0442429
0.0180905
0.0653538
0.193186
0.325098
0.421634
0.486001
0.515695
0.52216
-0.462974
-0.469192
-0.482014
-0.493614
-0.486674
-0.442199
-0.377461
-0.308654
-0.240145
-0.174778
-0.116712
-0.0590456
-0.0107982
0.0122229
0.0857596
0.172854
0.244777
0.290912
0.311891
0.317534
-0.22048
-0.223934
-0.231041
-0.241328
-0.248861
-0.243728
-0.230814
-0.206709
-0.176687
-0.139787
-0.102255
-0.0774926
-0.0465162
-0.0317143
0.0246694
0.082412
0.122107
0.147358
0.158313
0.161063
-0.0396181
-0.0413927
-0.0458469
-0.0573827
-0.0762774
-0.0981201
-0.114121
-0.120345
-0.118193
-0.10542
-0.0899176
-0.0890146
-0.0876937
-0.0886779
-0.0491775
-0.00265919
0.0265583
0.0435586
0.0494172
0.0499315
0.0532516
0.0521222
0.0486686
0.0372967
0.0151861
-0.0132225
-0.040021
-0.0598613
-0.0716879
-0.0749604
-0.0761382
-0.0888738
-0.110746
-0.113709
-0.0780884
-0.0494852
-0.0317771
-0.024484
-0.0229196
-0.0231378
0.0851108
0.0843251
0.0815827
0.0723347
0.0538512
0.0287834
0.00302471
-0.0198333
-0.0365836
-0.0477452
-0.0568817
-0.0748239
-0.0993845
-0.101754
-0.0710255
-0.0562037
-0.0505468
-0.0523282
-0.0549814
-0.0557087
0.0877287
0.0872321
0.0852793
0.0787158
0.0652491
0.0462196
0.0251984
0.00532081
-0.0114476
-0.0232445
-0.0322257
-0.0457422
-0.058915
-0.0563784
-0.0403454
-0.037909
-0.0426145
-0.0473675
-0.0503865
-0.0508894
0.0791
0.0788401
0.0775965
0.0732886
0.0641675
0.0508376
0.0351763
0.0197438
0.00656926
-0.00277419
-0.00510539
-0.00672853
-0.002956
0.00292432
0.0117226
0.0048928
-0.00831372
-0.0165358
-0.0199734
-0.0205347
0.0669317
0.0668291
0.0661059
0.0634627
0.0576383
0.0487767
0.0381002
0.0273118
0.0183259
0.013616
0.018352
0.0324485
0.0544037
0.0692506
0.0646152
0.0508527
0.0376588
0.0303801
0.0285642
0.0277197
0.054194
0.0541867
0.0538039
0.0523292
0.0488299
0.0433391
0.0364183
0.0295409
0.0242337
0.0234751
0.03433
0.0593453
0.0950727
0.118151
0.102635
0.0854957
0.0769508
0.0758503
0.0749503
0.0739127
0.0421181
0.0421227
0.0419301
0.0411777
0.0392997
0.0361133
0.0319419
0.0276547
0.0248951
0.0263258
0.0391866
0.0667061
0.10373
0.121702
0.10562
0.0955538
0.0938742
0.0962105
0.0988144
0.0979138
0.0312882
0.0312934
0.0311722
0.0308173
0.0299047
0.0281622
0.0257032
0.0228953
0.0210479
0.0223235
0.0316771
0.0531684
0.0800299
0.087883
0.0792417
0.0769986
0.0825783
0.0893636
0.092228
0.0910232
0.0221312
0.0221211
0.022014
0.0218459
0.021426
0.0204516
0.0189055
0.0166248
0.0143701
0.0128326
0.0148672
0.0224788
0.0328647
0.032816
0.0286502
0.0351169
0.0458759
0.05388
0.0566522
0.0558349
0.0147762
0.0147432
0.0146286
0.0144955
0.0142387
0.0135426
0.0122743
0.00999566
0.00666944
0.00142372
-0.00655081
-0.0170467
-0.030854
-0.0437293
-0.0384342
-0.0214123
-0.00459551
0.00471559
0.0070315
0.00651605
0.00916427
0.00910884
0.00898256
0.00880795
0.00855315
0.00799501
0.00672772
0.00443477
-0.00019195
-0.00863637
-0.0256173
-0.0542356
-0.0913245
-0.113423
-0.0980114
-0.0724538
-0.0541649
-0.0471073
-0.0451849
-0.0445681
0.00522596
0.00516704
0.00503089
0.00481761
0.00453454
0.00399151
0.00270293
0.000465671
-0.00461183
-0.0143839
-0.0356564
-0.0725493
-0.120119
-0.139058
-0.119064
-0.0942737
-0.0822785
-0.0782357
-0.0770245
-0.0758197
0.00260684
0.00254038
0.00240871
0.0022247
0.00195735
0.00147877
0.000357336
-0.00169613
-0.00608338
-0.0146946
-0.0338403
-0.0658561
-0.102774
-0.110536
-0.0946883
-0.0813341
-0.078274
-0.0784969
-0.0778603
-0.0768326
0.00103524
0.000969429
0.000871389
0.000727767
0.000570807
0.000250797
-0.000376356
-0.00173509
-0.00462446
-0.010213
-0.0218642
-0.0403642
-0.0580143
-0.0595962
-0.0527595
-0.048888
-0.049266
-0.0512983
-0.0511267
-0.0507682
0.000500054
0.000438085
0.000379945
0.000275448
0.000174607
-0.000119378
-0.00067936
-0.00166297
-0.00443727
-0.00981107
-0.019719
-0.0314382
-0.035955
-0.0326387
-0.029028
-0.0319174
-0.0332263
-0.0327486
-0.0318937
-0.0117514
-0.121823
0.147952
0.323388
0.48826
0.622262
0.73044
0.818319
0.892864
0.940107
0.929931
0.282111
0.40189
0.521811
0.630096
0.722866
0.800761
0.86441
0.911717
0.939881
0.956171
0.502408
0.580409
0.663572
0.740372
0.8068
0.863028
0.908604
0.943556
0.970135
0.990357
0.658916
0.716216
0.775525
0.832069
0.881497
0.92382
0.959462
0.989252
1.01382
1.03198
0.783079
0.827191
0.871536
0.914547
0.953258
0.98752
1.01762
1.04364
1.06467
1.08147
0.886923
0.923419
0.958646
0.993559
1.02634
1.05622
1.08296
1.10609
1.12452
1.13974
0.97921
1.00975
1.04223
1.07427
1.10453
1.1324
1.15733
1.1786
1.195
1.20884
1.06664
1.09724
1.12995
1.16209
1.19222
1.21963
1.24375
1.26379
1.27863
1.2913
1.15972
1.19382
1.22958
1.26341
1.29436
1.32173
1.34507
1.36392
1.37763
1.38986
1.27116
1.30914
1.34821
1.38334
1.41415
1.44042
1.46226
1.47976
1.49298
1.5058
1.41257
1.45103
1.48959
1.52188
1.5492
1.57255
1.5926
1.60963
1.62366
1.63748
1.58823
1.61828
1.64835
1.67256
1.69359
1.71295
1.73115
1.74849
1.76437
1.77924
1.78198
1.79641
1.81404
1.83083
1.84736
1.8628
1.87696
1.89102
1.90589
1.92206
1.97101
1.97531
1.98823
2.00043
2.01042
2.01974
2.02993
2.04059
2.04994
2.06215
2.2005
2.1869
2.17809
2.16305
2.15197
2.15144
2.16346
2.18726
2.2191
2.25487
2.57469
2.41618
2.31067
2.25183
2.22278
2.21623
2.23139
2.27261
2.35185
2.49697
-0.363911
-0.360238
-0.317726
-0.243209
-0.152704
-0.0523336
0.863531
0.92133
0.919395
0.856878
0.793748
0.730335
0.529092
0.335139
0.11206
-0.175683
-0.519294
)
;

boundaryField
{
    wall-4
    {
        type            zeroGradient;
    }
    pressure-outlet-7
    {
        type            fixedValue;
        value           uniform 0;
    }
    velocity-inlet-6
    {
        type            zeroGradient;
    }
    velocity-inlet-5
    {
        type            zeroGradient;
    }
    frontAndBackPlanes
    {
        type            empty;
    }
}


// ************************************************************************* //
