/*--------------------------------*- C++ -*----------------------------------*\
  =========                 |
  \\      /  F ield         | OpenFOAM: The Open Source CFD Toolbox
   \\    /   O peration     | Website:  https://openfoam.org
    \\  /    A nd           | Version:  6
     \\/     M anipulation  |
\*---------------------------------------------------------------------------*/
FoamFile
{
    version     2.0;
    format      ascii;
    class       volScalarField;
    location    "19.5";
    object      p;
}
// * * * * * * * * * * * * * * * * * * * * * * * * * * * * * * * * * * * * * //

dimensions      [0 2 -2 0 0 0 0];

internalField   nonuniform List<scalar> 
8800
(
0.433672
0.384359
0.346396
0.318327
0.298159
0.283551
0.272923
0.265339
0.260378
0.25816
0.259284
0.263365
0.269941
0.279193
0.291809
0.309044
0.332858
0.365912
0.40882
0.461323
0.268165
0.274512
0.283663
0.287217
0.284612
0.278525
0.271577
0.265291
0.260418
0.257441
0.257004
0.259344
0.263738
0.269679
0.276627
0.283539
0.288331
0.288142
0.281423
0.2725
0.24167
0.247918
0.25244
0.256337
0.259314
0.260287
0.259208
0.257066
0.254965
0.253909
0.254692
0.2569
0.259539
0.261575
0.261913
0.259977
0.256496
0.252395
0.247556
0.243829
0.237365
0.240142
0.242789
0.244995
0.246783
0.248397
0.249522
0.249806
0.249518
0.249356
0.249887
0.250795
0.251299
0.250899
0.249688
0.24814
0.246314
0.243888
0.241404
0.239833
0.232336
0.233771
0.235666
0.237813
0.23957
0.240874
0.241931
0.242854
0.243567
0.244063
0.244441
0.244524
0.244197
0.243585
0.242697
0.24138
0.239533
0.237478
0.236038
0.235239
0.227417
0.228325
0.22966
0.231403
0.233198
0.234782
0.236065
0.237129
0.238063
0.238833
0.239204
0.239142
0.23877
0.238055
0.236949
0.235466
0.233825
0.232332
0.231404
0.230895
0.222668
0.223321
0.224409
0.225914
0.227553
0.22925
0.230867
0.23225
0.233375
0.234271
0.234748
0.234724
0.234217
0.233248
0.231961
0.230563
0.229174
0.227958
0.227252
0.226896
0.218241
0.218721
0.219688
0.221133
0.222714
0.224363
0.226063
0.227673
0.229045
0.23009
0.230719
0.230719
0.230127
0.229121
0.227914
0.226645
0.225343
0.224245
0.223673
0.223425
0.214128
0.214471
0.215287
0.216573
0.218008
0.219441
0.22087
0.222391
0.223945
0.225317
0.226027
0.226047
0.225634
0.225003
0.224178
0.223153
0.222053
0.221136
0.220698
0.22053
0.210465
0.210676
0.211421
0.212694
0.214144
0.215678
0.217299
0.21886
0.220346
0.221738
0.222767
0.223206
0.223092
0.22251
0.221674
0.220718
0.219681
0.21884
0.218504
0.218418
0.207593
0.207707
0.20825
0.20928
0.210503
0.211809
0.213232
0.214858
0.216616
0.218343
0.219623
0.220212
0.2203
0.220084
0.219641
0.219022
0.218308
0.217752
0.217562
0.217523
0.204987
0.205058
0.205388
0.206089
0.207024
0.20814
0.209449
0.210984
0.212729
0.214656
0.216346
0.217464
0.218051
0.218259
0.218196
0.217994
0.217704
0.217497
0.217427
0.217395
0.201891
0.201962
0.202203
0.202709
0.203476
0.204516
0.205873
0.207582
0.209657
0.212014
0.214154
0.21562
0.216507
0.216965
0.217256
0.217395
0.217441
0.21746
0.217444
0.217407
0.19792
0.197982
0.198224
0.198681
0.199382
0.200379
0.201778
0.203624
0.205974
0.208794
0.211515
0.213574
0.215003
0.215921
0.216535
0.216958
0.217249
0.217376
0.217384
0.217347
0.193088
0.193142
0.193412
0.193955
0.194763
0.195934
0.197607
0.199831
0.202677
0.206142
0.209567
0.212209
0.21407
0.215356
0.216231
0.216855
0.217233
0.21739
0.217424
0.217393
0.187507
0.187546
0.187864
0.188579
0.189554
0.190962
0.192961
0.195636
0.199097
0.203377
0.207691
0.21109
0.213535
0.215252
0.216425
0.217225
0.217665
0.217871
0.217942
0.217918
0.181227
0.181265
0.1816
0.182447
0.18378
0.185469
0.187897
0.191169
0.195422
0.200727
0.206136
0.210444
0.213583
0.215797
0.217314
0.218296
0.218863
0.219157
0.219268
0.219245
0.174107
0.174143
0.174535
0.175476
0.177042
0.179243
0.182218
0.186227
0.191498
0.198102
0.20485
0.210273
0.214234
0.217028
0.218979
0.22024
0.221006
0.221423
0.221571
0.221544
0.165805
0.165849
0.166349
0.16745
0.16928
0.171945
0.175638
0.180662
0.187248
0.195489
0.203909
0.210675
0.215613
0.219161
0.221594
0.223216
0.224233
0.22479
0.224975
0.224939
0.155758
0.155813
0.156416
0.157802
0.160072
0.163376
0.168013
0.174325
0.182597
0.192907
0.203384
0.211761
0.217918
0.222288
0.225322
0.227369
0.228673
0.229379
0.229605
0.229558
0.143443
0.143524
0.144314
0.146066
0.148935
0.153134
0.15903
0.167046
0.177491
0.190389
0.203375
0.213707
0.221252
0.22662
0.230363
0.232909
0.234539
0.23541
0.235686
0.235626
0.128047
0.128156
0.129204
0.131525
0.135302
0.14077
0.148408
0.158695
0.171918
0.188011
0.204006
0.216622
0.225807
0.232355
0.236941
0.24008
0.242097
0.24316
0.243492
0.243416
0.108412
0.108565
0.110025
0.113234
0.118373
0.125703
0.13579
0.149114
0.16589
0.185892
0.205431
0.220695
0.231784
0.239712
0.245299
0.249156
0.251654
0.252976
0.253368
0.253266
0.0827836
0.0830317
0.0851906
0.0898505
0.0971173
0.107244
0.120832
0.138253
0.159527
0.184202
0.207816
0.226081
0.239343
0.24888
0.255663
0.260397
0.26348
0.265101
0.265568
0.265437
0.0480824
0.048565
0.0521204
0.0594889
0.0703585
0.0848705
0.103489
0.126312
0.153098
0.183187
0.211345
0.23291
0.248589
0.259969
0.268183
0.274018
0.277861
0.279869
0.280415
0.280239
-0.00160856
-1.81032e-05
0.00720051
0.0201053
0.0372988
0.0585943
0.0841392
0.113762
0.147027
0.183144
0.216181
0.241248
0.25952
0.272941
0.282829
0.290034
0.294907
0.297479
0.298138
0.297893
-0.0751229
-0.0664104
-0.0499818
-0.0272091
-0.000545961
0.0297438
0.0637191
0.10117
0.141646
0.184378
0.222783
0.251797
0.273109
0.289034
0.301141
0.310352
0.316832
0.320486
0.321563
0.321475
-0.1529
-0.134692
-0.108248
-0.0750779
-0.0386172
0.00077182
0.0432588
0.0887431
0.136863
0.186995
0.231865
0.265952
0.291333
0.310707
0.325798
0.337722
0.346636
0.352108
0.353955
0.354025
-0.217775
-0.195895
-0.161436
-0.119725
-0.0747027
-0.0268134
0.023855
0.0771208
0.132627
0.189791
0.240627
0.279223
0.308074
0.330246
0.347671
0.361419
0.37193
0.378412
0.380217
0.380448
-0.269894
-0.245766
-0.206284
-0.158641
-0.106952
-0.0520669
0.00570615
0.0659987
0.128328
0.191984
0.248171
0.290573
0.322122
0.346242
0.365094
0.37996
0.391262
0.398256
0.400458
0.400822
-0.312648
-0.287412
-0.244436
-0.192186
-0.135259
-0.0746995
-0.010961
0.0554364
0.123841
0.193329
0.254232
0.299809
0.333388
0.358821
0.378507
0.393936
0.405555
0.412834
0.415327
0.41568
-0.349138
-0.323269
-0.277765
-0.22178
-0.160512
-0.0951865
-0.0263485
0.0454047
0.119209
0.193959
0.259071
0.30736
0.342579
0.368955
0.389137
0.404756
0.416388
0.423646
0.426286
0.426612
-0.381374
-0.355127
-0.307668
-0.248623
-0.18367
-0.114205
-0.040846
0.0356944
0.114418
0.194013
0.263068
0.313914
0.350611
0.377745
0.39822
0.413861
0.425425
0.432647
0.435374
0.435699
-0.410798
-0.384226
-0.335123
-0.273477
-0.205369
-0.132294
-0.0549057
0.0260017
0.109315
0.193547
0.266426
0.319709
0.357795
0.385648
0.406432
0.422149
0.433677
0.440803
0.443576
0.443901
-0.438295
-0.411426
-0.360913
-0.297006
-0.226142
-0.149861
-0.0688373
0.0160611
0.103687
0.192355
0.268975
0.324789
0.364404
0.393117
0.414317
0.430179
0.441709
0.448739
0.451481
0.451859
-0.464552
-0.437331
-0.385539
-0.319592
-0.246279
-0.167156
-0.0828771
0.00567368
0.0973232
0.190307
0.270842
0.329413
0.370744
0.400463
0.422202
0.4383
0.449886
0.456823
0.45948
0.459852
-0.489833
-0.462246
-0.409296
-0.341538
-0.266057
-0.184392
-0.0971673
-0.00526025
0.0901948
0.187478
0.272028
0.333567
0.37687
0.4078
0.430244
0.446709
0.45842
0.465308
0.467831
0.46813
-0.514468
-0.486426
-0.432421
-0.363027
-0.285601
-0.201648
-0.111757
-0.0167583
0.0822883
0.183721
0.272383
0.337176
0.382766
0.415179
0.438521
0.455484
0.467395
0.474256
0.476628
0.476832
-0.53851
-0.51001
-0.45501
-0.384139
-0.304978
-0.218973
-0.126687
-0.0288699
0.0734908
0.178927
0.271827
0.340168
0.388375
0.422572
0.447036
0.464645
0.47683
0.483683
0.485907
0.485977
-0.562018
-0.533036
-0.477113
-0.404916
-0.324211
-0.236389
-0.141969
-0.0416252
0.063784
0.173065
0.270227
0.342394
0.393593
0.429917
0.455751
0.474154
0.486658
0.493457
0.495521
0.495467
-0.585029
-0.555563
-0.498741
-0.425352
-0.343282
-0.25385
-0.157551
-0.0549645
0.0532217
0.166089
0.267452
0.343654
0.398259
0.437122
0.464618
0.483958
0.49681
0.503497
0.505342
0.505171
-0.607556
-0.577544
-0.519865
-0.445403
-0.362126
-0.271299
-0.173359
-0.0688062
0.0418292
0.157967
0.263401
0.343753
0.402119
0.44403
0.4736
0.494049
0.507214
0.513684
0.515239
0.514956
-0.629436
-0.598914
-0.540434
-0.465031
-0.380697
-0.288655
-0.189314
-0.083075
0.0296803
0.148742
0.257986
0.342498
0.404906
0.45042
0.482666
0.504492
0.517814
0.523795
0.524952
0.524561
-0.650624
-0.619628
-0.560409
-0.484169
-0.398919
-0.305842
-0.205316
-0.097677
0.016876
0.138455
0.251164
0.339706
0.406293
0.455931
0.491716
0.515558
0.528854
0.533722
0.534194
0.533718
-0.671162
-0.639643
-0.579754
-0.502772
-0.41672
-0.32277
-0.221267
-0.11249
0.00352989
0.127198
0.242923
0.335256
0.405947
0.460024
0.500373
0.527607
0.54129
0.543959
0.54274
0.542185
-0.690898
-0.658927
-0.598413
-0.52077
-0.434038
-0.339355
-0.237063
-0.127394
-0.0102302
0.115102
0.233298
0.329053
0.403592
0.462011
0.507751
0.540438
0.556806
0.557428
0.551896
0.548677
-0.709908
-0.67749
-0.616391
-0.538192
-0.450904
-0.355641
-0.252759
-0.142453
-0.0244749
0.102101
0.222167
0.320857
0.398937
0.46109
0.512354
0.552489
0.575398
0.579225
0.567978
0.561766
-0.72813
-0.695395
-0.633827
-0.555224
-0.467607
-0.371964
-0.268773
-0.158165
-0.0397788
0.0875028
0.208792
0.309761
0.391263
0.455976
0.511169
0.558788
0.588327
0.59013
0.579605
0.565956
-0.745446
-0.712625
-0.650566
-0.571657
-0.483925
-0.388028
-0.284885
-0.174193
-0.0558051
0.0716287
0.193405
0.295489
0.380259
0.446075
0.499526
0.547922
0.577855
0.567545
0.505534
0.473637
-0.761758
-0.729904
-0.666167
-0.586992
-0.499249
-0.403376
-0.300841
-0.19028
-0.0722781
0.0546778
0.176134
0.277846
0.365305
0.432176
0.474803
0.511453
0.52376
0.482481
0.415624
0.373412
-0.80383
-0.746218
-0.680593
-0.601956
-0.514283
-0.418855
-0.316529
-0.206532
-0.0893688
0.0363834
0.156674
0.256697
0.343817
0.415878
0.43223
0.440695
0.416994
0.361269
0.289231
0.249393
-0.777814
-0.75995
-0.702046
-0.624446
-0.536748
-0.441881
-0.340564
-0.231778
-0.116381
0.00664075
0.12352
0.219644
0.297751
0.369314
0.37195
0.271177
0.178676
0.116487
0.0492211
0.0868181
-0.807691
-0.7769
-0.71836
-0.640816
-0.553572
-0.459244
-0.358058
-0.250285
-0.136441
-0.0159848
0.0972892
0.189233
0.259245
0.297042
0.251877
0.11071
-0.00552222
-0.0831037
-0.172919
-0.112897
-0.830493
-0.797404
-0.73717
-0.659425
-0.572445
-0.478341
-0.377532
-0.2709
-0.158905
-0.0415212
0.0672688
0.153412
0.2125
0.216478
0.106311
-0.0685808
-0.212164
-0.312222
-0.422658
-0.376245
-0.852353
-0.818311
-0.756854
-0.678596
-0.591596
-0.497727
-0.397629
-0.292283
-0.182328
-0.0683496
0.0351684
0.11453
0.15827
0.123548
-0.0492624
-0.255935
-0.441919
-0.599018
-0.741926
-0.704557
-0.873652
-0.839382
-0.777217
-0.698517
-0.611434
-0.517874
-0.418605
-0.31467
-0.206993
-0.0967831
0.000838868
0.0725755
0.0963248
0.0191069
-0.204269
-0.440637
-0.668051
-0.860621
-1.10907
-1.20202
-0.895058
-0.861024
-0.798524
-0.719524
-0.632356
-0.539067
-0.440566
-0.338052
-0.232728
-0.126499
-0.035048
0.0277139
0.0306245
-0.105388
-0.347527
-0.604141
-0.847971
-1.05288
-1.21617
-1.40335
-0.917442
-0.88362
-0.821049
-0.741935
-0.6548
-0.561868
-0.464233
-0.363301
-0.260639
-0.158906
-0.0742387
-0.021716
-0.0489068
-0.235761
-0.482213
-0.738715
-0.962938
-1.09615
-1.13322
-1.15065
-0.940986
-0.907385
-0.844856
-0.765782
-0.678838
-0.586403
-0.489858
-0.390803
-0.291221
-0.194656
-0.117329
-0.0775243
-0.137425
-0.360818
-0.606415
-0.842387
-1.02142
-1.07683
-1.09209
-1.09296
-0.965929
-0.932385
-0.869924
-0.790976
-0.704341
-0.612594
-0.517341
-0.42051
-0.324438
-0.233649
-0.16421
-0.141759
-0.229769
-0.480771
-0.718199
-0.931326
-1.04925
-1.06825
-1.06961
-1.06977
-0.992115
-0.95861
-0.896192
-0.817431
-0.731222
-0.640323
-0.54654
-0.452301
-0.360161
-0.275553
-0.215299
-0.208461
-0.337799
-0.59386
-0.821046
-1.00111
-1.05559
-1.05897
-1.05907
-1.05826
-1.0193
-0.985811
-0.923477
-0.844976
-0.759288
-0.669395
-0.577266
-0.485916
-0.398269
-0.319841
-0.270742
-0.278207
-0.453996
-0.706589
-0.914862
-1.04275
-1.05267
-1.05335
-1.05276
-1.05198
-1.04683
-1.01357
-0.95147
-0.873295
-0.788245
-0.699481
-0.609202
-0.520866
-0.438481
-0.365978
-0.32907
-0.354928
-0.559865
-0.822326
-1.00581
-1.05259
-1.06148
-1.04984
-1.0423
-1.04111
-1.07414
-1.04134
-0.979672
-0.90192
-0.817624
-0.7301
-0.641833
-0.556468
-0.480088
-0.413784
-0.387579
-0.43807
-0.650323
-0.936923
-1.1267
-1.12677
-1.09559
-1.07164
-1.05743
-1.05059
-1.10052
-1.06838
-1.00738
-0.930213
-0.846763
-0.760618
-0.674417
-0.591891
-0.521622
-0.463262
-0.443697
-0.534109
-0.734986
-0.994122
-1.25187
-1.30433
-1.23666
-1.2139
-1.18717
-1.1728
-1.125
-1.09375
-1.03375
-0.957345
-0.874859
-0.790097
-0.706038
-0.626141
-0.560766
-0.51377
-0.497488
-0.632117
-0.859278
-0.984228
-1.14668
-1.20308
-1.39961
-1.48422
-1.45385
-1.43818
-1.14607
-1.11626
-1.05772
-0.982301
-0.900936
-0.817414
-0.735405
-0.658146
-0.594847
-0.562402
-0.549768
-0.703599
-1.02664
-1.0442
-0.866471
-1.05035
-1.42161
-1.53245
-1.52109
-1.52229
-1.16237
-1.13453
-1.07803
-1.00397
-0.923757
-0.841492
-0.760755
-0.686304
-0.622939
-0.599039
-0.602042
-0.75633
-1.20701
-1.46672
-1.45344
-1.68747
-1.75603
-1.63986
-1.56456
-1.58257
-1.17284
-1.1474
-1.09346
-1.0211
-0.942048
-0.861003
-0.780732
-0.70775
-0.64471
-0.615991
-0.644878
-0.825352
-1.41664
-2.09687
-2.6244
-2.94978
-2.9178
-2.59189
-2.24413
-2.13538
-1.17564
-1.15342
-1.10296
-1.03259
-0.954717
-0.874318
-0.794485
-0.720139
-0.656182
-0.625066
-0.635772
-0.874655
-1.45944
-2.43043
-3.0897
-3.32146
-3.26681
-3.07461
-2.79719
-2.61406
-1.17046
-1.15186
-1.1055
-1.03759
-0.960778
-0.880665
-0.800397
-0.722513
-0.655778
-0.60563
-0.601287
-0.739217
-1.13942
-1.66053
-2.28503
-2.50904
-2.4371
-2.20226
-1.96793
-1.82286
-1.1559
-1.14122
-1.10034
-1.03567
-0.959834
-0.879706
-0.797657
-0.715699
-0.63962
-0.55226
-0.530768
-0.404367
-0.547522
-0.638443
-0.592867
-0.418518
-0.0902016
0.222165
0.425042
0.510694
-1.13338
-1.12273
-1.08784
-1.02692
-0.952026
-0.871556
-0.78721
-0.701091
-0.607309
-0.509708
-0.388896
-0.269077
0.0565343
0.528711
1.07803
1.64805
2.11255
2.40985
2.5539
2.59854
-1.10422
-1.09755
-1.06911
-1.01201
-0.937499
-0.856851
-0.772235
-0.681441
-0.580619
-0.458774
-0.311283
-0.166691
0.108883
0.66196
1.3695
2.00739
2.46336
2.73312
2.85925
2.89855
-1.06918
-1.0658
-1.04367
-0.989792
-0.91673
-0.837947
-0.754593
-0.66483
-0.562542
-0.431519
-0.282933
-0.149985
-0.00137126
0.395507
0.939885
1.4118
1.76762
1.97765
2.08159
2.11782
-1.02433
-1.02308
-1.00639
-0.957554
-0.888388
-0.813193
-0.735311
-0.652485
-0.555959
-0.43098
-0.276503
-0.172488
-0.0948134
0.13547
0.476696
0.786982
1.01801
1.16454
1.24261
1.26701
-0.951685
-0.951307
-0.939276
-0.901443
-0.844497
-0.781596
-0.717368
-0.648538
-0.562506
-0.441142
-0.292119
-0.175481
-0.0831897
0.0370217
0.280013
0.474224
0.618167
0.710744
0.762004
0.780391
-0.859647
-0.858374
-0.849958
-0.82622
-0.788588
-0.74509
-0.699625
-0.649448
-0.582055
-0.469755
-0.326947
-0.215351
-0.0986242
-0.0108632
0.126854
0.252355
0.339645
0.392852
0.418788
0.426051
-0.78204
-0.780213
-0.774722
-0.762159
-0.7415
-0.716544
-0.690237
-0.66203
-0.621222
-0.531632
-0.395867
-0.28522
-0.148562
-0.0763127
-0.0121465
0.0604265
0.117876
0.162214
0.182544
0.186711
-0.737854
-0.736481
-0.733686
-0.728221
-0.719399
-0.709857
-0.703506
-0.703154
-0.701824
-0.67027
-0.585976
-0.471665
-0.295628
-0.210403
-0.177956
-0.111507
-0.0496364
-0.00642686
0.0170576
0.018644
-0.719566
-0.719484
-0.719221
-0.718565
-0.718719
-0.72339
-0.739143
-0.776587
-0.846285
-0.935836
-0.969761
-0.818281
-0.574943
-0.465892
-0.380864
-0.286031
-0.200804
-0.145337
-0.119269
-0.119431
-0.705952
-0.707105
-0.709361
-0.713539
-0.722616
-0.742348
-0.78385
-0.871663
-1.05364
-1.34286
-1.54669
-1.32615
-0.951731
-0.748601
-0.620346
-0.48173
-0.358986
-0.273338
-0.240663
-0.244403
-0.67968
-0.681897
-0.686326
-0.694623
-0.711178
-0.743846
-0.808935
-0.946436
-1.24865
-1.79266
-2.17311
-1.89698
-1.37193
-1.07512
-0.872895
-0.676966
-0.526744
-0.437322
-0.413146
-0.416502
-0.628378
-0.631129
-0.636605
-0.646934
-0.667046
-0.705865
-0.78221
-0.943595
-1.30668
-1.98511
-2.41841
-2.09935
-1.58716
-1.28015
-1.03698
-0.849506
-0.73549
-0.681955
-0.665909
-0.664598
-0.548459
-0.551
-0.556072
-0.565722
-0.584315
-0.619925
-0.68942
-0.835137
-1.16261
-1.77065
-2.13732
-1.84394
-1.48805
-1.24259
-1.03137
-0.921036
-0.885622
-0.876248
-0.861699
-0.854997
-0.446776
-0.448561
-0.452189
-0.458979
-0.472373
-0.497744
-0.546602
-0.64708
-0.86871
-1.28639
-1.56092
-1.40999
-1.18259
-0.972776
-0.849199
-0.818227
-0.843593
-0.851933
-0.844555
-0.838777
-0.337173
-0.338033
-0.339897
-0.34339
-0.350476
-0.363821
-0.389015
-0.439287
-0.546325
-0.754808
-0.910389
-0.823526
-0.692393
-0.579885
-0.562958
-0.610962
-0.648582
-0.66079
-0.660745
-0.659328
-0.234267
-0.234379
-0.234851
-0.235785
-0.237857
-0.241745
-0.248858
-0.262388
-0.28897
-0.332506
-0.360195
-0.317493
-0.279815
-0.287633
-0.353961
-0.406694
-0.433334
-0.443113
-0.446671
-0.447025
-0.148127
-0.147813
-0.147513
-0.147057
-0.146307
-0.144825
-0.142078
-0.137113
-0.127674
-0.106799
-0.0743787
-0.0503135
-0.0752071
-0.137469
-0.197761
-0.237222
-0.256829
-0.265657
-0.269924
-0.271125
-0.0826415
-0.0821864
-0.0816473
-0.0807879
-0.0790971
-0.0757456
-0.0696375
-0.0590675
-0.0413902
-0.0137967
0.0116449
0.013948
-0.0173587
-0.0631991
-0.102294
-0.127516
-0.140626
-0.146884
-0.15037
-0.151532
-0.0368087
-0.0363881
-0.0359105
-0.0351893
-0.0336326
-0.0303878
-0.0244925
-0.0145833
0.0008301
0.0213251
0.034931
0.0288258
0.00471922
-0.0246857
-0.0486256
-0.0639393
-0.0721377
-0.0763694
-0.0787109
-0.0795111
-0.00707728
-0.00676132
-0.00645044
-0.00606492
-0.00503954
-0.00266114
0.00177797
0.00907814
0.0197666
0.0323494
0.0380451
0.0303707
0.0137092
-0.00445535
-0.0189477
-0.0283817
-0.0336324
-0.0363764
-0.0378336
-0.0383226
0.0106813
0.0108862
0.0110305
0.0110969
0.0115688
0.0129901
0.0158423
0.0205761
0.027205
0.0340901
0.0355087
0.0287151
0.0175378
0.00625492
-0.00267648
-0.00867252
-0.0121649
-0.0139972
-0.0149091
-0.0152061
0.0201172
0.0202346
0.0202495
0.0200822
0.0201253
0.0207667
0.0223152
0.0249911
0.0286464
0.0319674
0.0314464
0.0261171
0.0186722
0.0115141
0.005853
0.00193059
-0.000455176
-0.00171188
-0.00229864
-0.00247895
0.0240237
0.0240824
0.0240173
0.0237205
0.0235057
0.0236255
0.0242913
0.025602
0.0273629
0.0286174
0.0273177
0.0232688
0.0182367
0.0135667
0.00986472
0.00722752
0.00556433
0.00468819
0.00430304
0.00418653
0.0243825
0.0244052
0.0243015
0.0239614
0.0236112
0.0234245
0.0235385
0.0239934
0.0246243
0.0247733
0.0232763
0.020244
0.0167923
0.0136689
0.011184
0.00937374
0.00819878
0.0075799
0.00732058
0.00724731
0.0225349
0.0225383
0.0224257
0.0220953
0.021704
0.021374
0.0211931
0.0211726
0.0211858
0.0208035
0.0193893
0.017135
0.0147329
0.012601
0.0108997
0.00963846
0.00880274
0.0083642
0.0081897
0.00814007
0.0193521
0.0193471
0.0192437
0.0189511
0.0185785
0.0182112
0.017906
0.0176644
0.0173966
0.0168255
0.0156152
0.0139605
0.0122858
0.010821
0.00964819
0.00876679
0.00817356
0.00786312
0.00774475
0.00771183
0.015371
0.0153639
0.0152791
0.015039
0.014717
0.0143787
0.0140591
0.013757
0.0134121
0.0128532
0.0119102
0.0107406
0.00959873
0.00860875
0.00781195
0.00720453
0.0067896
0.00657334
0.00649451
0.00647287
0.0109133
0.0109067
0.0108435
0.0106619
0.0104116
0.0101453
0.00988387
0.00962469
0.0093297
0.00889833
0.00824826
0.0074886
0.00676384
0.00613717
0.00562685
0.00522853
0.00495
0.0048053
0.00475488
0.00474065
0.00616921
0.00616402
0.00612384
0.00600638
0.00584813
0.00568601
0.00552798
0.00537091
0.00519397
0.00494803
0.00459634
0.00419714
0.00382138
0.00349571
0.00322591
0.00300657
0.0028451
0.00276105
0.00273271
0.00272299
0.00127225
0.00127733
0.00130382
0.00132057
0.00129511
0.00125265
0.0012059
0.00115807
0.00110497
0.00103786
0.000948441
0.000844674
0.000745954
0.000658428
0.00058498
0.000526636
0.000490564
0.000490059
0.000513862
0.000527093
-0.548831
-0.324015
-0.111877
0.062864
0.206661
0.32403
0.424386
0.506527
0.531496
0.527541
-0.19526
-0.0489564
0.0874274
0.20649
0.308292
0.393885
0.462291
0.509396
0.534859
0.550872
0.0441319
0.139522
0.23463
0.318973
0.391562
0.452123
0.499953
0.53599
0.561964
0.581112
0.214198
0.281658
0.350146
0.411553
0.464624
0.509588
0.546894
0.577435
0.600298
0.61933
0.34761
0.397515
0.44762
0.493965
0.535025
0.571003
0.602103
0.628136
0.647665
0.66592
0.457134
0.496412
0.535454
0.572956
0.60732
0.638153
0.665175
0.687667
0.704514
0.722143
0.551164
0.585859
0.620732
0.654241
0.685319
0.713438
0.737965
0.757973
0.77263
0.789791
0.642213
0.676367
0.710512
0.743256
0.773367
0.800278
0.823316
0.841546
0.85445
0.871107
0.739189
0.776655
0.812516
0.845944
0.875949
0.902
0.923704
0.940464
0.952398
0.968637
0.853972
0.895413
0.933039
0.966457
0.995414
1.01985
1.03986
1.05543
1.06753
1.08368
0.996615
1.03787
1.07351
1.1034
1.12889
1.15079
1.16955
1.18522
1.19848
1.21448
1.16865
1.20082
1.22807
1.25071
1.27101
1.28991
1.3078
1.32469
1.33969
1.35544
1.35514
1.37245
1.38971
1.40657
1.42281
1.43765
1.45164
1.46619
1.48149
1.49883
1.53882
1.54877
1.562
1.57304
1.58249
1.59223
1.60293
1.61318
1.62253
1.64822
1.75681
1.75114
1.73819
1.72393
1.71769
1.72347
1.74164
1.7702
1.80399
1.84034
2.05956
1.9236
1.84418
1.80181
1.78452
1.78848
1.81597
1.87384
1.98151
2.15992
0.337361
0.331061
0.323334
0.312223
0.298655
0.286004
0.275593
0.267558
0.261808
0.258402
0.257877
0.260467
0.265469
0.272645
0.282066
0.293799
0.307289
0.320167
0.329121
0.336641
0.246411
0.252333
0.260424
0.266577
0.269669
0.269181
0.266119
0.262121
0.258456
0.256036
0.255717
0.257744
0.261311
0.265574
0.269498
0.271608
0.27043
0.265714
0.258595
0.250729
0.239661
0.242037
0.245324
0.248125
0.250611
0.252842
0.254054
0.253904
0.252893
0.251945
0.251948
0.253133
0.254689
0.255707
0.255434
0.253793
0.251499
0.24903
0.245975
0.242924
0.234847
0.235933
0.237889
0.240296
0.242235
0.243691
0.24494
0.245928
0.246479
0.246668
0.246976
0.247486
0.247689
0.247306
0.246453
0.245324
0.243809
0.24168
0.239452
0.237939
0.229857
0.230483
0.23166
0.233509
0.235445
0.237094
0.23835
0.239359
0.240263
0.241046
0.241568
0.241723
0.241519
0.241049
0.240281
0.239081
0.237429
0.235609
0.234125
0.233289
0.225023
0.225447
0.226294
0.227724
0.229388
0.231082
0.232651
0.234013
0.23515
0.236113
0.236772
0.236925
0.236655
0.235984
0.234934
0.233588
0.23211
0.230687
0.2296
0.229036
0.220397
0.22069
0.221389
0.222707
0.224293
0.225972
0.227722
0.229347
0.230687
0.23173
0.232493
0.232818
0.232579
0.231793
0.23059
0.22923
0.227867
0.226553
0.225617
0.225202
0.216161
0.216366
0.216929
0.218087
0.219538
0.221036
0.222548
0.224144
0.225777
0.227218
0.228195
0.228466
0.228083
0.227333
0.226423
0.225376
0.224206
0.223075
0.222311
0.222008
0.212199
0.212319
0.212781
0.213866
0.215266
0.216743
0.218239
0.219716
0.221157
0.222578
0.22374
0.224302
0.22434
0.223962
0.223254
0.222323
0.221269
0.220242
0.219588
0.219386
0.208945
0.208995
0.209348
0.210314
0.211629
0.213038
0.214574
0.216212
0.217908
0.219537
0.220924
0.221742
0.221905
0.221584
0.22097
0.220217
0.219336
0.218471
0.217969
0.217857
0.206306
0.206326
0.206544
0.207202
0.208191
0.209307
0.210541
0.211937
0.213555
0.21535
0.217057
0.218241
0.218838
0.219059
0.21897
0.21864
0.21819
0.217723
0.217483
0.217429
0.203536
0.203557
0.203708
0.204133
0.204857
0.205815
0.207028
0.208536
0.210306
0.212338
0.214414
0.216035
0.21701
0.21747
0.217657
0.217691
0.217619
0.217519
0.217468
0.217433
0.200016
0.200037
0.200182
0.200523
0.201102
0.201961
0.203112
0.204646
0.206627
0.209027
0.21161
0.213742
0.215177
0.216092
0.216652
0.21703
0.217267
0.217411
0.217446
0.217417
0.195611
0.195623
0.195775
0.196136
0.196738
0.197629
0.198907
0.200667
0.202963
0.205822
0.20901
0.211773
0.213712
0.215073
0.216012
0.216609
0.21707
0.217323
0.217394
0.217378
0.190388
0.190387
0.190541
0.190996
0.191739
0.192829
0.194369
0.196465
0.199249
0.202756
0.206729
0.210232
0.212771
0.214555
0.215788
0.216643
0.217214
0.217502
0.217609
0.217616
0.184473
0.184458
0.184623
0.185163
0.186121
0.187461
0.189297
0.191869
0.195253
0.199558
0.204499
0.20893
0.212214
0.214551
0.216166
0.217285
0.217948
0.218316
0.218483
0.21851
0.177804
0.177774
0.177963
0.178575
0.179667
0.181427
0.183758
0.186848
0.190999
0.196327
0.202483
0.208066
0.212209
0.215184
0.217259
0.218665
0.219537
0.220042
0.220282
0.22032
0.170139
0.170103
0.170341
0.171081
0.172407
0.174409
0.17725
0.181122
0.186286
0.192925
0.200613
0.207589
0.212797
0.216522
0.219171
0.220953
0.222107
0.2228
0.223119
0.223165
0.161034
0.160996
0.161293
0.1622
0.163808
0.166236
0.169728
0.174565
0.181046
0.189361
0.198955
0.207638
0.214099
0.218792
0.222069
0.224314
0.225803
0.22671
0.227116
0.22717
0.149909
0.149861
0.150263
0.151394
0.153399
0.156466
0.160876
0.167001
0.175181
0.185612
0.197566
0.208311
0.216316
0.222077
0.226125
0.228917
0.23079
0.231937
0.232441
0.232506
0.136117
0.136062
0.136616
0.138113
0.140708
0.144654
0.150332
0.158176
0.168562
0.181677
0.196529
0.209755
0.219543
0.226586
0.23155
0.234986
0.237307
0.238732
0.239356
0.239431
0.118722
0.118669
0.119465
0.121495
0.124946
0.130174
0.137634
0.147817
0.16111
0.1776
0.195954
0.212097
0.223975
0.232523
0.238568
0.242774
0.24563
0.247383
0.248149
0.248234
0.0962756
0.0962429
0.0974353
0.100301
0.105083
0.112267
0.122328
0.135759
0.152845
0.173507
0.196005
0.215507
0.229781
0.240074
0.247396
0.252533
0.256046
0.258201
0.259128
0.259227
0.0664259
0.0664718
0.0683796
0.0727038
0.0797626
0.0900699
0.104015
0.121933
0.143902
0.169616
0.196889
0.220157
0.237112
0.249391
0.258214
0.264482
0.268816
0.271473
0.272599
0.272706
0.0250004
0.0253063
0.0287898
0.0361318
0.0474076
0.0628585
0.0825687
0.106553
0.134619
0.166236
0.198823
0.226179
0.246044
0.260526
0.271083
0.27873
0.284134
0.287444
0.288799
0.288905
-0.0357874
-0.0341402
-0.0258152
-0.0118283
0.00721411
0.0308714
0.05864
0.0903168
0.125558
0.16374
0.201998
0.233618
0.256519
0.273338
0.285812
0.295073
0.301767
0.305947
0.307632
0.30776
-0.109183
-0.10585
-0.0898494
-0.0654159
-0.0358725
-0.00270998
0.0338282
0.0737138
0.11669
0.162204
0.20718
0.244275
0.2714
0.2917
0.307127
0.318998
0.327961
0.333537
0.335574
0.336052
-0.183805
-0.175352
-0.151514
-0.117251
-0.0779268
-0.0355315
0.00973726
0.0578445
0.108579
0.161484
0.213276
0.255929
0.287296
0.311055
0.329487
0.343941
0.3551
0.361999
0.365278
0.366243
-0.242382
-0.232602
-0.203917
-0.162857
-0.116028
-0.0658876
-0.012865
0.0428218
0.100839
0.1607
0.218812
0.266413
0.301349
0.3278
0.348312
0.364428
0.376795
0.384935
0.389024
0.390195
-0.289997
-0.279554
-0.247524
-0.201631
-0.149219
-0.0929894
-0.0335402
0.0287144
0.0932685
0.15945
0.223243
0.275113
0.312894
0.341287
0.363129
0.380204
0.393366
0.402252
0.406773
0.40799
-0.329635
-0.319054
-0.284887
-0.235204
-0.178264
-0.117063
-0.0522779
0.0155806
0.0858806
0.157709
0.226582
0.28215
0.322217
0.352006
0.374696
0.392262
0.405706
0.414897
0.419506
0.420772
-0.364135
-0.353522
-0.317775
-0.26508
-0.204429
-0.139
-0.0695918
0.00321243
0.0786257
0.155586
0.229081
0.287979
0.330072
0.361021
0.384301
0.402085
0.415554
0.424719
0.429292
0.430563
-0.395061
-0.38447
-0.347506
-0.292351
-0.228532
-0.159459
-0.0859771
-0.00874925
0.0713272
0.153055
0.230966
0.293087
0.337071
0.369038
0.392781
0.41071
0.424182
0.433363
0.437943
0.439105
-0.423597
-0.413001
-0.375047
-0.317763
-0.25123
-0.178998
-0.1019
-0.0206515
0.0637509
0.150004
0.232182
0.297424
0.343307
0.376344
0.400639
0.418797
0.432315
0.441493
0.446081
0.447109
-0.450557
-0.439926
-0.401081
-0.341927
-0.272994
-0.197948
-0.117618
-0.0327418
0.055666
0.146197
0.232548
0.301079
0.349067
0.383353
0.408316
0.426791
0.44042
0.449581
0.45413
0.455075
-0.476378
-0.465705
-0.426014
-0.365183
-0.29411
-0.216579
-0.133362
-0.0451891
0.0469246
0.141563
0.232189
0.304194
0.354474
0.390203
0.415999
0.434918
0.448743
0.457922
0.462421
0.463335
-0.501406
-0.490613
-0.450135
-0.387789
-0.314825
-0.23507
-0.14924
-0.0580652
0.0375092
0.136127
0.231004
0.306668
0.359524
0.39695
0.423807
0.44333
0.457464
0.466711
0.471101
0.471977
-0.525836
-0.514855
-0.473639
-0.409894
-0.335227
-0.253479
-0.1653
-0.0713903
0.0273767
0.129745
0.228842
0.308412
0.364194
0.403621
0.431767
0.452066
0.466608
0.475967
0.480251
0.481066
-0.5497
-0.538501
-0.496566
-0.431562
-0.355379
-0.27185
-0.181583
-0.085213
0.0164593
0.122344
0.225639
0.309304
0.368345
0.410142
0.439847
0.461106
0.476162
0.485665
0.489822
0.490519
-0.573076
-0.561611
-0.518994
-0.452823
-0.375289
-0.290182
-0.198064
-0.099513
0.00478143
0.113952
0.2213
0.309186
0.371806
0.416376
0.447983
0.470406
0.486059
0.495691
0.499688
0.500237
-0.595887
-0.58419
-0.540893
-0.473656
-0.394916
-0.308418
-0.214679
-0.114215
-0.00758211
0.104557
0.215748
0.307896
0.374399
0.422171
0.456096
0.479934
0.496253
0.505966
0.509742
0.510112
-0.618155
-0.606193
-0.562214
-0.494017
-0.414214
-0.326506
-0.231359
-0.12923
-0.0205764
0.0941879
0.208946
0.305274
0.375862
0.427307
0.464094
0.489705
0.506729
0.516343
0.519739
0.519909
-0.639705
-0.627552
-0.582914
-0.513859
-0.433122
-0.344357
-0.248021
-0.144484
-0.0341102
0.0829297
0.200879
0.30121
0.375941
0.431439
0.471784
0.499801
0.517622
0.526761
0.52946
0.529375
-0.660632
-0.648227
-0.602951
-0.533139
-0.451588
-0.361913
-0.264564
-0.159875
-0.0480731
0.070885
0.191577
0.295605
0.374407
0.434159
0.478788
0.510292
0.529472
0.537559
0.538741
0.538213
-0.680792
-0.668139
-0.622305
-0.551803
-0.469525
-0.379088
-0.280899
-0.175272
-0.0623416
0.0581449
0.181118
0.288411
0.371063
0.434995
0.484425
0.520876
0.543134
0.550367
0.548316
0.546202
-0.700231
-0.687349
-0.640917
-0.569791
-0.486893
-0.39581
-0.296935
-0.190583
-0.0767952
0.0448714
0.169623
0.27961
0.365798
0.433495
0.487671
0.530359
0.558524
0.568262
0.56329
0.551404
-0.71886
-0.705824
-0.658876
-0.587269
-0.503905
-0.412368
-0.31302
-0.206236
-0.091915
0.0305037
0.156487
0.268505
0.357958
0.428959
0.487023
0.536444
0.573028
0.588818
0.585545
0.578967
-0.736659
-0.723641
-0.676193
-0.604163
-0.520536
-0.428743
-0.329113
-0.222233
-0.107709
0.0149608
0.141597
0.254788
0.346996
0.420831
0.479993
0.533191
0.574365
0.593558
0.568173
0.5247
-0.753455
-0.740662
-0.692862
-0.620357
-0.536775
-0.444953
-0.34519
-0.238435
-0.124082
-0.00166552
0.124963
0.238372
0.332175
0.409064
0.465444
0.511295
0.550158
0.550525
0.499196
0.436711
-0.771873
-0.755989
-0.708551
-0.635552
-0.552522
-0.460735
-0.361555
-0.254783
-0.140926
-0.0192302
0.106594
0.219225
0.312395
0.394626
0.444944
0.488728
0.482232
0.453456
0.390902
0.325425
-0.760768
-0.737121
-0.688314
-0.612267
-0.524667
-0.429276
-0.325231
-0.215595
-0.0989634
0.0259981
0.145456
0.244582
0.329554
0.411891
0.456543
0.393603
0.360096
0.306581
0.238478
0.194169
-0.774123
-0.766466
-0.727492
-0.659924
-0.577042
-0.485611
-0.386548
-0.280542
-0.167906
-0.0481285
0.074904
0.184579
0.272319
0.352661
0.416937
0.413452
0.315372
0.241548
0.185371
0.105896
-0.794684
-0.784283
-0.741907
-0.67309
-0.589858
-0.499059
-0.401285
-0.296467
-0.185147
-0.0672986
0.0531308
0.160033
0.243906
0.311199
0.336819
0.268166
0.135653
0.0510498
-0.0155378
-0.0977468
-0.817121
-0.805581
-0.760125
-0.690278
-0.607129
-0.516471
-0.418865
-0.314584
-0.204529
-0.088699
0.0281668
0.130198
0.207298
0.256095
0.2309
0.100262
-0.0471529
-0.15089
-0.234013
-0.356459
-0.838859
-0.827321
-0.780238
-0.709349
-0.626175
-0.535625
-0.438302
-0.334864
-0.226286
-0.112871
-0.00010264
0.0962017
0.164805
0.191873
0.122232
-0.0690764
-0.249455
-0.390065
-0.505722
-0.659517
-0.86021
-0.84877
-0.800741
-0.729026
-0.645587
-0.555145
-0.458347
-0.356
-0.24914
-0.138506
-0.0302839
0.0595921
0.118411
0.114791
-0.0159022
-0.238513
-0.457737
-0.656838
-0.819114
-1.11946
-0.881583
-0.870367
-0.821871
-0.749649
-0.665972
-0.575609
-0.479359
-0.378117
-0.273097
-0.165486
-0.062192
0.0204758
0.0680366
0.024374
-0.159271
-0.40052
-0.649668
-0.869357
-1.08336
-1.45032
-0.903498
-0.892508
-0.843905
-0.771411
-0.687585
-0.597309
-0.501579
-0.401426
-0.298314
-0.193899
-0.0958026
-0.0208218
0.011255
-0.064505
-0.295528
-0.544804
-0.800009
-1.01576
-1.13284
-1.19646
-0.926542
-0.915719
-0.867117
-0.794561
-0.710765
-0.620726
-0.525662
-0.426835
-0.325966
-0.225238
-0.13302
-0.0668533
-0.0524994
-0.168412
-0.424346
-0.673686
-0.902975
-1.05424
-1.10336
-1.1137
-0.950853
-0.940147
-0.891556
-0.819041
-0.735395
-0.645751
-0.551532
-0.454301
-0.356046
-0.259488
-0.173953
-0.117669
-0.125782
-0.291205
-0.543682
-0.780447
-0.97929
-1.06038
-1.07577
-1.07915
-0.976496
-0.965854
-0.917226
-0.844788
-0.761384
-0.672293
-0.579091
-0.48373
-0.388491
-0.296483
-0.218665
-0.172165
-0.21421
-0.412274
-0.654419
-0.877463
-1.02655
-1.0648
-1.06359
-1.06364
-1.00326
-0.992687
-0.944025
-0.871686
-0.788608
-0.700188
-0.608207
-0.514913
-0.423167
-0.336089
-0.266721
-0.230169
-0.302861
-0.533168
-0.759977
-0.961676
-1.04423
-1.05356
-1.05523
-1.05551
-1.03077
-1.0203
-0.971669
-0.899495
-0.816838
-0.7292
-0.638628
-0.547541
-0.459781
-0.378098
-0.316878
-0.294495
-0.386485
-0.64862
-0.86715
-1.01648
-1.06206
-1.05492
-1.05018
-1.0482
-1.05854
-1.04818
-0.999725
-0.927824
-0.845678
-0.758955
-0.669916
-0.58118
-0.497655
-0.422282
-0.367837
-0.363507
-0.470943
-0.752413
-0.990916
-1.07688
-1.06958
-1.06078
-1.04513
-1.03843
-1.08578
-1.07563
-1.02759
-0.956111
-0.874574
-0.788894
-0.701492
-0.615218
-0.535735
-0.468156
-0.418782
-0.436193
-0.567022
-0.82689
-1.11985
-1.22109
-1.1838
-1.13169
-1.10819
-1.09591
-1.11158
-1.10181
-1.05449
-0.983591
-0.902813
-0.818234
-0.732583
-0.648783
-0.572649
-0.51424
-0.470451
-0.506488
-0.689424
-0.876213
-1.12692
-1.30146
-1.32249
-1.35411
-1.34217
-1.30863
-1.1348
-1.12557
-1.07938
-1.00934
-0.929485
-0.846049
-0.762076
-0.680824
-0.607036
-0.557128
-0.522756
-0.566136
-0.824637
-0.98485
-0.964988
-0.982893
-1.26277
-1.52997
-1.53373
-1.51179
-1.15421
-1.14559
-1.10104
-1.03225
-0.953479
-0.871305
-0.788599
-0.709804
-0.638018
-0.591266
-0.57596
-0.615243
-0.929393
-1.20146
-1.08519
-1.04445
-1.32688
-1.51332
-1.50695
-1.51956
-1.16823
-1.16039
-1.11816
-1.05106
-0.973646
-0.892644
-0.811013
-0.733471
-0.664237
-0.614672
-0.617663
-0.65592
-1.03762
-1.5693
-1.94209
-2.21879
-2.38185
-2.22476
-1.90026
-1.77384
-1.17574
-1.16878
-1.12951
-1.06463
-0.988743
-0.90865
-0.828099
-0.750161
-0.682172
-0.629985
-0.625184
-0.712527
-1.1185
-1.91754
-2.726
-3.22198
-3.33863
-3.16862
-2.82445
-2.53764
-1.17475
-1.16874
-1.13423
-1.07203
-0.997584
-0.918449
-0.838156
-0.759185
-0.68917
-0.629209
-0.625345
-0.684383
-1.06241
-1.70872
-2.55196
-2.89734
-2.98242
-2.89716
-2.70295
-2.53676
-1.16491
-1.16056
-1.13147
-1.07253
-0.999584
-0.921359
-0.840246
-0.759729
-0.682975
-0.613613
-0.582427
-0.52274
-0.724179
-1.01954
-1.39748
-1.68926
-1.57759
-1.28355
-0.999733
-0.802767
-1.14631
-1.14314
-1.1199
-1.06605
-0.994941
-0.916885
-0.834854
-0.751384
-0.665719
-0.584533
-0.474198
-0.419276
-0.252543
-0.125672
0.194158
0.61064
1.00679
1.36824
1.63001
1.77431
-1.12016
-1.11815
-1.10127
-1.05324
-0.983665
-0.905449
-0.823297
-0.735928
-0.644287
-0.538272
-0.417695
-0.284248
-0.0569665
0.414328
1.04155
1.71757
2.29495
2.67296
2.87709
2.95093
-1.08797
-1.08691
-1.07506
-1.03372
-0.966104
-0.888458
-0.805817
-0.718706
-0.623091
-0.509107
-0.371599
-0.218704
-0.0798134
0.276259
0.869061
1.48215
1.97532
2.30766
2.48557
2.55551
-1.04894
-1.04877
-1.04144
-1.00538
-0.941084
-0.865139
-0.786053
-0.703045
-0.61051
-0.497209
-0.353765
-0.214149
-0.118825
0.0485269
0.465462
0.892007
1.24067
1.47448
1.61368
1.68564
-0.992621
-0.992883
-0.988285
-0.959636
-0.90248
-0.833798
-0.763
-0.689524
-0.607696
-0.502024
-0.359849
-0.219098
-0.128074
-0.0265639
0.214296
0.487127
0.697886
0.845968
0.935459
0.980495
-0.905637
-0.906013
-0.902275
-0.882649
-0.842016
-0.790342
-0.735692
-0.678163
-0.611924
-0.519355
-0.379732
-0.2454
-0.134369
-0.0508416
0.110483
0.287499
0.422674
0.512025
0.563621
0.585888
-0.817255
-0.81686
-0.813166
-0.801418
-0.777839
-0.745892
-0.71078
-0.673144
-0.627443
-0.551639
-0.427117
-0.297321
-0.174835
-0.0729351
0.00310874
0.10446
0.189867
0.247416
0.280324
0.292961
-0.755784
-0.755024
-0.752228
-0.74626
-0.734735
-0.718692
-0.701768
-0.686593
-0.670181
-0.623874
-0.533058
-0.42161
-0.272684
-0.155168
-0.115104
-0.0579848
-0.000277208
0.0543829
0.0844943
0.0970094
-0.726898
-0.726514
-0.725411
-0.723276
-0.71944
-0.715521
-0.7157
-0.725757
-0.750986
-0.776827
-0.769895
-0.711414
-0.521264
-0.364052
-0.311192
-0.229556
-0.158605
-0.0973691
-0.0624335
-0.0507197
-0.713278
-0.713577
-0.714365
-0.715583
-0.718393
-0.726003
-0.744822
-0.786803
-0.875415
-1.03383
-1.2028
-1.17648
-0.894979
-0.655139
-0.547993
-0.438795
-0.326641
-0.241057
-0.189078
-0.179229
-0.695021
-0.695986
-0.698542
-0.703123
-0.712308
-0.731065
-0.769
-0.84695
-1.01514
-1.35463
-1.78515
-1.80341
-1.38405
-1.00811
-0.834894
-0.664113
-0.504643
-0.384922
-0.322877
-0.317281
-0.657144
-0.658645
-0.662422
-0.669302
-0.682846
-0.709288
-0.760723
-0.865291
-1.09525
-1.58498
-2.23489
-2.28719
-1.78831
-1.33193
-1.09114
-0.862922
-0.691126
-0.582024
-0.538686
-0.533931
-0.591202
-0.592871
-0.596826
-0.604308
-0.618549
-0.646272
-0.699539
-0.807228
-1.04457
-1.5607
-2.22122
-2.22153
-1.77188
-1.4179
-1.16746
-0.969787
-0.858421
-0.81132
-0.791269
-0.780401
-0.499016
-0.500467
-0.50364
-0.509709
-0.521392
-0.543935
-0.586884
-0.672708
-0.858689
-1.26371
-1.78035
-1.79395
-1.50034
-1.24611
-1.02965
-0.91777
-0.884967
-0.894698
-0.887971
-0.876895
-0.391565
-0.392552
-0.39444
-0.398165
-0.405412
-0.41944
-0.445862
-0.497604
-0.606611
-0.84164
-1.15912
-1.19419
-1.03733
-0.851841
-0.732696
-0.702371
-0.740534
-0.764568
-0.7664
-0.761368
-0.283834
-0.284329
-0.28499
-0.286504
-0.289537
-0.295497
-0.306557
-0.327538
-0.369818
-0.457159
-0.591193
-0.60174
-0.507623
-0.425264
-0.425211
-0.480166
-0.525575
-0.545946
-0.55122
-0.552004
-0.188574
-0.188702
-0.188525
-0.188609
-0.188844
-0.189356
-0.190266
-0.191875
-0.194821
-0.198325
-0.181376
-0.16682
-0.141941
-0.167299
-0.233346
-0.29543
-0.328514
-0.343571
-0.350055
-0.352352
-0.112716
-0.112643
-0.112096
-0.111573
-0.11057
-0.108572
-0.104814
-0.0980878
-0.0862994
-0.0654007
-0.0325899
-0.00893021
-0.0193875
-0.0662295
-0.120341
-0.161938
-0.18529
-0.195657
-0.201335
-0.20404
-0.0574379
-0.0572982
-0.0567062
-0.0561303
-0.0549631
-0.0524802
-0.047784
-0.0395279
-0.0258402
-0.00473126
0.0200509
0.0289691
0.0128251
-0.0222638
-0.0574695
-0.0827225
-0.097209
-0.104533
-0.108446
-0.110409
-0.020188
-0.0200562
-0.0195813
-0.019211
-0.0183601
-0.0163687
-0.0124507
-0.00564984
0.00514666
0.0203406
0.0349135
0.0358704
0.021277
-0.00166925
-0.023143
-0.0384019
-0.0473756
-0.0520665
-0.0545853
-0.0558262
0.00305283
0.00314896
0.00346401
0.00359396
0.00401405
0.00525414
0.00793513
0.0126729
0.0199593
0.0293993
0.0367931
0.0345115
0.0233135
0.0086884
-0.00438392
-0.0137748
-0.0195163
-0.0226156
-0.0242329
-0.0249852
0.0162465
0.0163058
0.0164768
0.0164192
0.0164642
0.0170258
0.0185523
0.0214086
0.0257876
0.0310912
0.034249
0.0310771
0.0230489
0.0136981
0.00556759
-0.000375753
-0.00416765
-0.00628041
-0.00734476
-0.00781407
0.022624
0.0226556
0.0227248
0.0225496
0.0223438
0.022423
0.0231005
0.0245825
0.0268982
0.0295113
0.0303997
0.0273457
0.0217008
0.0156042
0.0103943
0.00651956
0.00395017
0.00247789
0.00176073
0.00146822
0.0245539
0.0245676
0.0245757
0.0243505
0.0240072
0.0238022
0.0239362
0.0245297
0.0255575
0.0265911
0.0263343
0.0236788
0.0196894
0.0156218
0.0121839
0.00958747
0.00781002
0.00676822
0.00627563
0.00608483
0.0236749
0.0236781
0.0236547
0.0234213
0.0230338
0.0226878
0.0225129
0.0225753
0.0228354
0.0229921
0.0222485
0.0200777
0.0172437
0.0144739
0.0121506
0.0103742
0.00912756
0.00838539
0.00804408
0.00792031
0.0210735
0.0210714
0.0210368
0.0208228
0.0204514
0.0200661
0.0197535
0.0195499
0.0194188
0.0191532
0.0182725
0.0165554
0.0145327
0.0126214
0.0110273
0.00979624
0.00891634
0.00838692
0.00814895
0.00806654
0.0174389
0.017435
0.0174009
0.0172206
0.0168944
0.0165325
0.0161892
0.0158866
0.0155966
0.0151842
0.0143653
0.0130663
0.0116436
0.0103319
0.00924093
0.00839079
0.00777367
0.00739919
0.0072348
0.00718041
0.0131875
0.0131834
0.0131559
0.0130154
0.012752
0.0124505
0.0121471
0.0118557
0.0115559
0.0111629
0.0105144
0.00959954
0.00864493
0.00777856
0.00705681
0.00648673
0.00606472
0.00580622
0.00569611
0.00566117
0.00856609
0.00856227
0.00854268
0.00844335
0.00825377
0.00803904
0.00782288
0.00761165
0.00739145
0.00711389
0.00669305
0.00613578
0.00557045
0.00506116
0.00463341
0.00428709
0.0040212
0.00385499
0.00378624
0.00376475
0.00127219
0.00128878
0.00131743
0.00131296
0.00127526
0.00122921
0.00118251
0.00113204
0.00107287
0.000997614
0.000899015
0.000794359
0.000700509
0.000620055
0.000553873
0.000505213
0.000485716
0.000501517
0.000522998
0.00165423
-1.31142
-0.761461
-0.379158
-0.125451
0.0672736
0.219181
0.342086
0.448938
0.556399
0.61174
-0.460674
-0.26003
-0.0860132
0.0700096
0.202091
0.312738
0.404927
0.478607
0.521026
0.531797
-0.114725
-0.00724312
0.110523
0.217599
0.31049
0.389472
0.453804
0.50199
0.534725
0.556713
0.0993936
0.174014
0.255717
0.332288
0.399088
0.455886
0.502485
0.53971
0.568685
0.590037
0.256117
0.313166
0.371845
0.427802
0.477442
0.520485
0.557241
0.588326
0.613305
0.632113
0.382853
0.427175
0.470753
0.513284
0.552562
0.587689
0.618616
0.645231
0.666437
0.683305
0.488449
0.523395
0.560024
0.595722
0.629456
0.660334
0.687793
0.711331
0.72974
0.744877
0.582055
0.613553
0.647715
0.681235
0.712875
0.741852
0.767473
0.789024
0.805291
0.819017
0.673913
0.707063
0.742407
0.776345
0.80792
0.836282
0.860806
0.880891
0.895581
0.908284
0.776674
0.81371
0.852261
0.887525
0.919223
0.946794
0.96993
0.988484
1.00216
1.01481
0.903288
0.942947
0.983156
1.01771
1.04751
1.07287
1.09407
1.1114
1.12503
1.13858
1.06345
1.09893
1.13447
1.16341
1.18787
1.20946
1.22889
1.24633
1.26141
1.27593
1.25175
1.27404
1.29783
1.31792
1.33643
1.35397
1.37062
1.38712
1.40341
1.41905
1.44446
1.45267
1.46655
1.4815
1.49604
1.50908
1.52082
1.53214
1.54393
1.56007
1.6402
1.64018
1.65023
1.65369
1.65466
1.65911
1.66973
1.68472
1.69911
1.71356
1.93741
1.88193
1.82746
1.78781
1.7656
1.76157
1.7751
1.80891
1.86679
1.94716
0.459458
0.406967
0.364088
0.331083
0.307343
0.290221
0.277771
0.268758
0.262513
0.258869
0.258304
0.261025
0.266369
0.274236
0.285064
0.299809
0.320069
0.348198
0.386199
0.435533
0.270548
0.279499
0.286262
0.286517
0.281823
0.275055
0.268314
0.262666
0.258677
0.256865
0.257855
0.261303
0.266522
0.273055
0.280176
0.286382
0.289067
0.285567
0.276452
0.27012
0.243198
0.245406
0.250287
0.254457
0.258035
0.260107
0.259961
0.258197
0.255936
0.254233
0.254061
0.255693
0.258236
0.260697
0.262006
0.261194
0.258331
0.254516
0.250051
0.245357
0.237979
0.23894
0.241469
0.243976
0.245917
0.247626
0.24906
0.249774
0.249696
0.249367
0.249531
0.250347
0.251134
0.251217
0.250357
0.248933
0.24728
0.245171
0.242589
0.240449
0.232656
0.233136
0.234625
0.236777
0.238762
0.240271
0.241426
0.242411
0.243249
0.243835
0.244267
0.244531
0.244401
0.243919
0.243178
0.242101
0.240505
0.238476
0.236655
0.235562
0.22763
0.227926
0.228905
0.230511
0.232319
0.234033
0.235461
0.236623
0.237609
0.238484
0.239074
0.239215
0.238995
0.238453
0.23755
0.236239
0.23464
0.233037
0.231786
0.231112
0.222818
0.223022
0.223784
0.225131
0.226723
0.228404
0.230083
0.231598
0.232846
0.233854
0.234571
0.234794
0.234527
0.23378
0.232628
0.231262
0.229864
0.228526
0.227532
0.22705
0.218342
0.218485
0.219119
0.220373
0.221918
0.223532
0.225217
0.226893
0.228402
0.229612
0.230462
0.230799
0.230482
0.229659
0.228526
0.227283
0.225992
0.224747
0.223889
0.223532
0.214195
0.214292
0.214798
0.215894
0.217287
0.218732
0.220154
0.22162
0.223177
0.224681
0.225767
0.226102
0.225875
0.225339
0.224615
0.223683
0.2226
0.22155
0.220855
0.220603
0.210495
0.210545
0.21096
0.212017
0.213412
0.2149
0.216486
0.218096
0.219616
0.221062
0.222311
0.223056
0.223214
0.222842
0.222109
0.221207
0.220198
0.21921
0.21861
0.218456
0.207601
0.207623
0.207904
0.208722
0.209884
0.211146
0.212508
0.214016
0.215733
0.217503
0.219054
0.219996
0.220298
0.220224
0.219885
0.219348
0.218665
0.217989
0.217617
0.217541
0.204988
0.205003
0.205177
0.205697
0.206537
0.207557
0.208767
0.210199
0.211827
0.213681
0.21555
0.216977
0.217817
0.218195
0.218252
0.218104
0.217853
0.21758
0.21745
0.217411
0.201893
0.201912
0.202054
0.202419
0.203058
0.203969
0.205147
0.206684
0.208581
0.210812
0.213136
0.214971
0.216126
0.216757
0.217134
0.217344
0.217421
0.217454
0.217456
0.217425
0.19792
0.197934
0.198077
0.198423
0.198999
0.199828
0.201028
0.202642
0.204738
0.207338
0.210193
0.212637
0.214358
0.215519
0.216251
0.216768
0.217123
0.217331
0.217388
0.217367
0.193083
0.193093
0.193243
0.193655
0.194327
0.195304
0.196703
0.198643
0.201179
0.204338
0.207895
0.211001
0.213226
0.214775
0.215831
0.216565
0.217076
0.217333
0.217416
0.217413
0.187494
0.187501
0.187657
0.188169
0.18904
0.190158
0.191892
0.194206
0.197263
0.201144
0.205579
0.209521
0.212415
0.214475
0.215895
0.216878
0.217479
0.217789
0.21792
0.217938
0.181207
0.18121
0.181375
0.181961
0.183074
0.184566
0.186581
0.189425
0.193167
0.197954
0.203468
0.208453
0.212147
0.214784
0.216623
0.217874
0.218619
0.219035
0.219233
0.219266
0.174078
0.174077
0.174294
0.174918
0.176175
0.178059
0.180623
0.184076
0.1887
0.194643
0.201522
0.207765
0.212422
0.215759
0.218103
0.219682
0.220673
0.22125
0.221526
0.221569
0.165771
0.165772
0.166026
0.166818
0.16827
0.170499
0.173643
0.17797
0.183753
0.191174
0.199759
0.207545
0.213342
0.217544
0.220493
0.222492
0.223788
0.224562
0.22492
0.22497
0.155713
0.155715
0.156032
0.156999
0.158821
0.161579
0.165505
0.170942
0.178208
0.187516
0.198227
0.207887
0.215087
0.220299
0.223947
0.226451
0.228101
0.229093
0.229538
0.229598
0.143386
0.143391
0.143812
0.145057
0.14735
0.150851
0.155844
0.162752
0.171962
0.183662
0.196996
0.20893
0.217792
0.22417
0.228665
0.231764
0.233825
0.235058
0.235606
0.235675
0.127972
0.12798
0.128538
0.130191
0.133222
0.137799
0.144286
0.153202
0.164943
0.179648
0.196171
0.210798
0.221594
0.229366
0.234857
0.238666
0.241215
0.242735
0.243395
0.243478
0.10831
0.108323
0.109095
0.111396
0.115553
0.121733
0.13037
0.142035
0.157087
0.17555
0.195893
0.213659
0.226696
0.236089
0.242755
0.247414
0.250559
0.252448
0.253258
0.253344
0.0826446
0.0826718
0.0838167
0.0871965
0.0931511
0.101786
0.113582
0.129067
0.148447
0.171525
0.196334
0.217671
0.233253
0.244512
0.252566
0.258254
0.262129
0.264457
0.265441
0.265534
0.0478781
0.0479475
0.0498798
0.0553313
0.0645026
0.0771288
0.0936675
0.114405
0.139275
0.167839
0.19771
0.222989
0.241378
0.25474
0.264416
0.271366
0.276173
0.279078
0.280274
0.280363
-0.00187626
-0.00152494
0.00281819
0.0130297
0.0282316
0.0474322
0.0708693
0.0985013
0.130029
0.164859
0.200249
0.229724
0.2511
0.266747
0.278267
0.286735
0.292756
0.29647
0.297981
0.298056
-0.0742424
-0.0714965
-0.059167
-0.0391547
-0.0142719
0.0141792
0.046336
0.0820969
0.121148
0.162884
0.204311
0.238443
0.263253
0.281639
0.295495
0.306089
0.313932
0.31902
0.321264
0.321566
-0.150474
-0.1443
-0.122526
-0.0921721
-0.0571228
-0.0192405
0.0217056
0.0657299
0.112601
0.161838
0.210278
0.250224
0.279541
0.301657
0.318711
0.332131
0.342582
0.349828
0.353428
0.35404
-0.215294
-0.208248
-0.179922
-0.141058
-0.0974831
-0.0510214
-0.00172397
0.0502878
0.104741
0.161174
0.216191
0.261404
0.294653
0.319863
0.339481
0.354974
0.367083
0.375806
0.379711
0.380383
-0.267337
-0.259693
-0.227458
-0.183028
-0.133127
-0.079784
-0.0234057
0.0356843
0.0970799
0.160187
0.22121
0.271023
0.307461
0.334968
0.356236
0.372992
0.386038
0.395426
0.399764
0.400736
-0.310124
-0.302214
-0.267578
-0.21896
-0.164109
-0.105292
-0.0430693
0.0220785
0.0895834
0.158674
0.225066
0.278845
0.317823
0.34696
0.36928
0.38671
0.400227
0.40982
0.414539
0.415602
-0.346629
-0.338597
-0.30237
-0.250531
-0.191583
-0.128197
-0.0610393
0.00935925
0.0822766
0.156718
0.227955
0.285204
0.326299
0.356688
0.379707
0.39746
0.411083
0.420609
0.425435
0.426558
-0.378892
-0.370811
-0.33344
-0.279
-0.216636
-0.149333
-0.0778303
-0.0027608
0.0750269
0.154397
0.230112
0.290639
0.3337
0.36517
0.388688
0.406576
0.420155
0.42961
0.434476
0.43566
-0.408342
-0.400205
-0.361878
-0.305232
-0.239973
-0.169277
-0.0939433
-0.0146627
0.0676143
0.151636
0.231691
0.295375
0.340289
0.372778
0.396783
0.414846
0.428432
0.437811
0.442645
0.443873
-0.435834
-0.427645
-0.388525
-0.329966
-0.26217
-0.188499
-0.109741
-0.0266333
0.0598076
0.148225
0.232486
0.299334
0.346235
0.379883
0.404503
0.422826
0.436478
0.445801
0.450542
0.451814
-0.462038
-0.453774
-0.413923
-0.353633
-0.283578
-0.207258
-0.125453
-0.0388934
0.051402
0.143996
0.23248
0.30273
0.351823
0.386796
0.412163
0.430859
0.444642
0.453946
0.458569
0.459811
-0.487302
-0.478933
-0.438377
-0.376537
-0.304481
-0.225814
-0.14126
-0.0515515
0.0423183
0.138969
0.231725
0.305537
0.357073
0.393602
0.419903
0.439118
0.453138
0.462473
0.466984
0.468117
-0.51188
-0.503363
-0.462136
-0.398883
-0.325036
-0.24426
-0.157225
-0.0646502
0.0325535
0.133077
0.230064
0.30765
0.361937
0.400329
0.427788
0.447685
0.462047
0.471456
0.475862
0.476851
-0.535852
-0.527194
-0.485319
-0.420765
-0.345312
-0.262649
-0.173398
-0.0782242
0.0220314
0.126183
0.227388
0.308987
0.366349
0.406923
0.435813
0.456573
0.471386
0.480913
0.485222
0.486047
-0.559292
-0.55048
-0.507967
-0.442232
-0.365346
-0.281009
-0.18979
-0.0922932
0.0107255
0.118284
0.22363
0.309396
0.370183
0.413307
0.443925
0.465746
0.481109
0.490742
0.494917
0.49559
-0.582253
-0.573282
-0.530106
-0.463287
-0.385124
-0.299301
-0.206346
-0.106805
-0.00130903
0.109385
0.218687
0.308705
0.373245
0.419357
0.452061
0.47516
0.491154
0.500874
0.504839
0.505338
-0.604694
-0.595533
-0.551703
-0.483891
-0.404597
-0.31747
-0.223009
-0.121677
-0.0139998
0.099499
0.212514
0.306766
0.375294
0.424854
0.460131
0.484805
0.501484
0.511209
0.514861
0.51516
-0.626509
-0.617182
-0.572701
-0.504001
-0.423711
-0.335458
-0.239688
-0.136829
-0.0272756
0.0886739
0.205076
0.303439
0.3761
0.429529
0.468004
0.494724
0.512127
0.521592
0.524732
0.524797
-0.647656
-0.638173
-0.59306
-0.523573
-0.442404
-0.353175
-0.256303
-0.152164
-0.0410397
0.0770068
0.196383
0.29861
0.375399
0.433013
0.475414
0.505023
0.523401
0.532096
0.534217
0.533961
-0.668126
-0.658464
-0.612751
-0.542551
-0.460618
-0.370541
-0.272758
-0.167571
-0.0551734
0.0645946
0.186493
0.292215
0.372977
0.434849
0.481836
0.515645
0.536061
0.543565
0.543389
0.542345
-0.687813
-0.677989
-0.631741
-0.560887
-0.478281
-0.3875
-0.288961
-0.182945
-0.0695553
0.0515663
0.17549
0.284216
0.368683
0.434566
0.486416
0.525903
0.550749
0.558591
0.554673
0.549822
-0.706775
-0.696794
-0.650003
-0.578584
-0.495421
-0.404074
-0.304939
-0.198326
-0.0842205
0.0378843
0.163318
0.274412
0.362269
0.431677
0.487977
0.534134
0.566355
0.579543
0.574975
0.55977
-0.724975
-0.714916
-0.667652
-0.595812
-0.512273
-0.420577
-0.321073
-0.214189
-0.0997307
0.0228735
0.149261
0.261982
0.35291
0.425365
0.484416
0.536364
0.576708
0.591216
0.591087
0.560483
-0.742497
-0.732391
-0.684653
-0.612372
-0.528677
-0.43685
-0.337136
-0.230294
-0.115811
0.00679624
0.133511
0.246932
0.340146
0.415407
0.473615
0.524978
0.565865
0.581612
0.538265
0.481152
-0.760959
-0.748399
-0.700966
-0.628207
-0.544811
-0.453007
-0.353334
-0.246612
-0.132465
-0.0103621
0.115968
0.229121
0.32296
0.402053
0.455794
0.491846
0.521399
0.508452
0.449606
0.385556
-0.783511
-0.780341
-0.719208
-0.641385
-0.558573
-0.466839
-0.369383
-0.262544
-0.149038
-0.0278445
0.0972431
0.209083
0.30102
0.387752
0.422671
0.421602
0.434109
0.391374
0.326259
0.258774
-0.761225
-0.753362
-0.69669
-0.619695
-0.53205
-0.436877
-0.334952
-0.225696
-0.109655
0.0143794
0.132708
0.230513
0.312106
0.393896
0.4228
0.33874
0.270344
0.215502
0.147891
0.00617318
-0.794808
-0.767808
-0.709696
-0.632085
-0.544583
-0.450019
-0.348789
-0.240494
-0.125817
-0.0039948
0.111186
0.205393
0.279723
0.334909
0.313612
0.1949
0.0884725
0.0185651
-0.0583824
-0.215624
-0.819518
-0.787069
-0.727623
-0.650025
-0.56295
-0.468765
-0.367713
-0.260496
-0.147552
-0.0286009
0.0825382
0.171754
0.236357
0.258149
0.182855
0.0221988
-0.104914
-0.191003
-0.291257
-0.505873
-0.841776
-0.80796
-0.746978
-0.668965
-0.581991
-0.487993
-0.387499
-0.281493
-0.170497
-0.0547782
0.051458
0.134255
0.186223
0.171504
0.028546
-0.16191
-0.325539
-0.447661
-0.576193
-0.896334
-0.863305
-0.828906
-0.766964
-0.688432
-0.601393
-0.507668
-0.407985
-0.303334
-0.194488
-0.0823531
0.0182783
0.0939178
0.128096
0.0736131
-0.127289
-0.349391
-0.559959
-0.739716
-0.940733
-1.4419
-0.88454
-0.850251
-0.787791
-0.708891
-0.621758
-0.528342
-0.429469
-0.326254
-0.219747
-0.111522
-0.0169815
0.0503425
0.0641979
-0.0414246
-0.27787
-0.526084
-0.764434
-0.971786
-1.22427
-1.74166
-0.90646
-0.872344
-0.809683
-0.730556
-0.643377
-0.550249
-0.452164
-0.350403
-0.246361
-0.142294
-0.0541666
0.00335633
-0.00714453
-0.171387
-0.415965
-0.675056
-0.915843
-1.08861
-1.16357
-1.2172
-0.929451
-0.895531
-0.832863
-0.753701
-0.666629
-0.57393
-0.47681
-0.376775
-0.27561
-0.176381
-0.0953472
-0.0491404
-0.0919112
-0.298849
-0.545716
-0.793421
-0.995102
-1.08343
-1.11026
-1.11472
-0.953755
-0.919936
-0.857322
-0.778238
-0.691419
-0.599305
-0.503381
-0.405396
-0.307517
-0.213791
-0.140364
-0.10887
-0.183126
-0.421663
-0.663544
-0.887145
-1.04029
-1.07428
-1.07815
-1.079
-0.979401
-0.945592
-0.883026
-0.804075
-0.717624
-0.626285
-0.531747
-0.436166
-0.342
-0.254282
-0.189289
-0.175293
-0.281554
-0.538335
-0.769363
-0.968783
-1.04975
-1.06405
-1.06366
-1.06335
-1.00621
-0.9724
-0.909854
-0.831111
-0.745125
-0.65472
-0.56174
-0.468916
-0.378942
-0.297453
-0.242681
-0.242581
-0.396723
-0.650269
-0.866951
-1.02607
-1.05498
-1.05426
-1.0557
-1.05516
-1.03365
-1.00003
-0.937558
-0.859097
-0.773681
-0.684349
-0.593123
-0.50328
-0.418157
-0.342712
-0.299858
-0.316049
-0.508976
-0.76544
-0.954915
-1.0468
-1.05731
-1.05258
-1.04878
-1.04799
-1.06129
-1.02799
-0.965737
-0.887643
-0.802921
-0.714771
-0.625488
-0.538649
-0.459197
-0.389675
-0.358748
-0.394878
-0.607337
-0.88203
-1.05898
-1.0724
-1.06749
-1.05219
-1.04052
-1.03737
-1.08837
-1.05567
-0.993794
-0.916202
-0.83227
-0.745437
-0.658202
-0.574284
-0.501027
-0.43835
-0.416155
-0.484126
-0.690707
-0.975821
-1.20844
-1.2163
-1.15372
-1.11786
-1.10095
-1.0928
-1.11418
-1.08226
-1.02096
-0.944039
-0.860991
-0.775573
-0.690437
-0.609252
-0.541716
-0.488518
-0.47105
-0.584839
-0.789168
-0.986339
-1.24518
-1.32242
-1.334
-1.35622
-1.32422
-1.29995
-1.13728
-1.10663
-1.04627
-0.970226
-0.888211
-0.804107
-0.721131
-0.642523
-0.578596
-0.538752
-0.524274
-0.671909
-0.942084
-0.986924
-0.955051
-1.08507
-1.43235
-1.54848
-1.52019
-1.50916
-1.15645
-1.1275
-1.06856
-0.993694
-0.912825
-0.82994
-0.748705
-0.672878
-0.609659
-0.583196
-0.574829
-0.731649
-1.11019
-1.1902
-1.00714
-1.17923
-1.45596
-1.5149
-1.51253
-1.52215
-1.17028
-1.14347
-1.08656
-1.01326
-0.93351
-0.851951
-0.771483
-0.698108
-0.634799
-0.609595
-0.627547
-0.791016
-1.31462
-1.78606
-2.06924
-2.33363
-2.3504
-2.05505
-1.80341
-1.7789
-1.17745
-1.15327
-1.09915
-1.02764
-0.949111
-0.868503
-0.78852
-0.715153
-0.652233
-0.621322
-0.648124
-0.855502
-1.47941
-2.36237
-3.01223
-3.335
-3.27845
-3.0133
-2.65388
-2.48803
-1.1768
-1.15564
-1.10544
-1.03582
-0.958576
-0.878378
-0.798494
-0.722666
-0.657056
-0.621761
-0.616788
-0.852953
-1.33854
-2.14185
-2.78481
-2.96373
-2.95991
-2.80833
-2.60486
-2.50736
-1.16646
-1.15005
-1.10471
-1.03724
-0.961073
-0.88113
-0.800139
-0.720028
-0.650955
-0.578604
-0.58314
-0.565614
-0.881602
-1.18235
-1.6017
-1.67666
-1.43685
-1.13406
-0.885593
-0.755026
-1.14751
-1.1352
-1.0962
-1.03184
-0.956678
-0.876548
-0.793229
-0.709399
-0.623533
-0.531539
-0.453712
-0.310041
-0.205669
0.00800933
0.404627
0.809892
1.19596
1.51248
1.71919
1.80058
-1.12105
-1.11286
-1.081
-1.02013
-0.945465
-0.864809
-0.780144
-0.691332
-0.592799
-0.483818
-0.341768
-0.212075
0.156982
0.708102
1.37975
2.02891
2.50914
2.7943
2.92756
2.9602
-1.0886
-1.08357
-1.05844
-1.00224
-0.927656
-0.848026
-0.763721
-0.672664
-0.57037
-0.440843
-0.293963
-0.1518
0.0520617
0.553032
1.18534
1.74669
2.16294
2.41388
2.53116
2.56635
-1.04923
-1.04728
-1.02769
-0.975589
-0.903993
-0.826418
-0.744988
-0.657799
-0.557521
-0.428641
-0.276779
-0.162573
-0.065473
0.238902
0.685205
1.07924
1.37226
1.55342
1.65765
1.69914
-0.992667
-0.992191
-0.977921
-0.933558
-0.8689
-0.798419
-0.726294
-0.649645
-0.557537
-0.434945
-0.281319
-0.172399
-0.0900239
0.0782899
0.356507
0.599864
0.780483
0.897336
0.962406
0.989827
-0.905858
-0.905253
-0.895143
-0.864449
-0.816934
-0.763396
-0.708305
-0.648529
-0.570835
-0.452633
-0.308622
-0.19164
-0.0869973
0.0101693
0.20596
0.359837
0.472803
0.542225
0.578094
0.587714
-0.817279
-0.81561
-0.80865
-0.791022
-0.762536
-0.728725
-0.692809
-0.652871
-0.597176
-0.495122
-0.352198
-0.244272
-0.11665
-0.0372005
0.0514866
0.152111
0.220832
0.267661
0.288707
0.293819
-0.755633
-0.753891
-0.749789
-0.741233
-0.727067
-0.710152
-0.693725
-0.678721
-0.655454
-0.588154
-0.469302
-0.357823
-0.202756
-0.128498
-0.0897675
-0.0275666
0.0285036
0.0717786
0.0936664
0.096785
-0.726798
-0.726044
-0.724526
-0.721545
-0.717303
-0.714789
-0.718988
-0.735788
-0.764662
-0.784851
-0.752274
-0.626345
-0.423098
-0.335757
-0.271302
-0.1944
-0.123353
-0.0774213
-0.053226
-0.0525716
-0.713369
-0.713916
-0.71491
-0.716661
-0.72131
-0.733503
-0.761875
-0.823355
-0.944682
-1.12057
-1.23962
-1.05075
-0.750756
-0.597253
-0.493541
-0.382812
-0.280237
-0.20963
-0.179579
-0.181564
-0.695324
-0.697057
-0.700503
-0.706916
-0.720059
-0.746812
-0.800992
-0.915242
-1.16127
-1.5813
-1.87474
-1.62433
-1.16779
-0.913918
-0.75273
-0.58018
-0.439348
-0.345529
-0.315479
-0.319583
-0.657641
-0.660225
-0.665331
-0.674944
-0.693932
-0.730791
-0.80362
-0.95759
-1.30073
-1.93866
-2.3673
-2.06956
-1.52252
-1.20485
-0.970101
-0.769934
-0.626964
-0.552516
-0.533989
-0.535617
-0.59179
-0.594521
-0.599957
-0.610325
-0.630245
-0.668595
-0.743754
-0.902199
-1.25971
-1.92452
-2.3306
-2.0044
-1.56688
-1.29296
-1.05651
-0.903085
-0.828888
-0.79988
-0.784211
-0.779645
-0.499571
-0.50178
-0.506227
-0.514589
-0.530918
-0.561984
-0.622253
-0.747566
-1.02711
-1.54814
-1.87256
-1.64841
-1.3649
-1.1322
-0.961991
-0.890767
-0.891145
-0.893488
-0.881721
-0.874723
-0.391993
-0.393311
-0.396043
-0.401153
-0.411346
-0.430592
-0.467329
-0.541862
-0.703783
-1.01396
-1.22978
-1.12616
-0.94172
-0.78225
-0.705825
-0.719518
-0.75595
-0.767277
-0.763854
-0.76
-0.284108
-0.284557
-0.285655
-0.28773
-0.292059
-0.300198
-0.31535
-0.344957
-0.406174
-0.525093
-0.618894
-0.552624
-0.461167
-0.413208
-0.450445
-0.506128
-0.538445
-0.549486
-0.552079
-0.551607
-0.188718
-0.188577
-0.188583
-0.188677
-0.18906
-0.18975
-0.190952
-0.193148
-0.196794
-0.195337
-0.169759
-0.15589
-0.140874
-0.198348
-0.268024
-0.315114
-0.337719
-0.347715
-0.351591
-0.35246
-0.112777
-0.112363
-0.111891
-0.111137
-0.109732
-0.10697
-0.101914
-0.0930075
-0.0773246
-0.0498083
-0.0191098
-0.00746465
-0.0396223
-0.0943791
-0.143482
-0.175715
-0.191329
-0.19893
-0.203052
-0.204344
-0.0574568
-0.0570042
-0.056472
-0.0556417
-0.0539299
-0.0504743
-0.0441969
-0.0334907
-0.0162851
0.00830094
0.0275166
0.0244582
-0.00369476
-0.0407904
-0.0715031
-0.0911529
-0.101528
-0.106771
-0.109675
-0.110662
-0.0201913
-0.0198192
-0.0194208
-0.0188595
-0.0175508
-0.0146989
-0.00947391
-0.000811032
0.012259
0.0285919
0.0377021
0.0302861
0.0101299
-0.0129982
-0.0316086
-0.043586
-0.0501152
-0.0535125
-0.0553634
-0.0559927
0.00305224
0.00331094
0.00353436
0.00375211
0.00449257
0.0063817
0.0100121
0.0159864
0.0245093
0.0339397
0.0371262
0.0297445
0.016065
0.00177523
-0.00956552
-0.0170578
-0.0213228
-0.0235574
-0.0247077
-0.0250869
0.0162445
0.0164019
0.0164764
0.0164134
0.0166484
0.0176484
0.019796
0.023415
0.0284172
0.0332944
0.033533
0.0274657
0.0183521
0.00939548
0.00231205
-0.00252015
-0.00539792
-0.00691031
-0.00764341
-0.00787665
0.0226204
0.022705
0.0226738
0.0224281
0.0223251
0.0226745
0.0237337
0.0256492
0.0282372
0.0303743
0.0293697
0.0247179
0.01861
0.0128481
0.00828724
0.0050809
0.0030935
0.00204709
0.00157376
0.00142743
0.0245495
0.0245877
0.024499
0.0241723
0.0238761
0.0238192
0.0241729
0.0250024
0.0261235
0.0267336
0.0252828
0.0217727
0.0176129
0.0138049
0.0107807
0.0086004
0.00720407
0.00646847
0.0061534
0.00605709
0.0236704
0.0236816
0.0235706
0.0232304
0.0228499
0.0225746
0.0225143
0.0226912
0.02296
0.0227889
0.021313
0.0186976
0.0158225
0.0132473
0.0111953
0.00968626
0.00869572
0.00817527
0.00796349
0.00790246
0.0210693
0.0210673
0.0209579
0.0206443
0.020257
0.0198984
0.0196389
0.0194836
0.0193248
0.018816
0.0174926
0.0155555
0.013548
0.0117805
0.0103678
0.00931288
0.00860814
0.00823901
0.00809509
0.00805443
0.0174353
0.0174285
0.0173341
0.0170669
0.0167167
0.0163573
0.0160339
0.015746
0.0154197
0.0148364
0.0137553
0.0123552
0.0109659
0.00975701
0.00878705
0.00805304
0.00755553
0.00729602
0.00719913
0.00717209
0.0131846
0.0131774
0.0131042
0.0128933
0.0126048
0.0122983
0.0120011
0.011711
0.0113795
0.0108742
0.0100759
0.00911889
0.00819674
0.00739903
0.00675383
0.0062568
0.00591396
0.00573633
0.00567323
0.00565536
0.00856368
0.0085577
0.00850653
0.00835594
0.0081483
0.0079308
0.00771769
0.00750517
0.00726433
0.00692235
0.00642317
0.00584992
0.00530704
0.00483712
0.00445086
0.00414349
0.00392424
0.00381089
0.00377237
0.00376069
0.00372245
0.0037206
0.00371817
0.00367357
0.00357849
0.00347748
0.00337765
0.00328128
0.00318073
0.00305492
0.00287228
0.00264024
0.00240866
0.00220027
0.00202356
0.00187646
0.00175789
0.00168481
0.00166147
0.00165129
-1.00164
-0.548303
-0.242845
-0.0250369
0.146629
0.282628
0.397578
0.501227
0.59854
0.584491
-0.355362
-0.171734
-0.0047387
0.138994
0.25998
0.360934
0.444565
0.504907
0.527556
0.539785
-0.0638782
0.0520589
0.165877
0.265813
0.351731
0.423561
0.479972
0.520052
0.546609
0.565379
0.135351
0.214702
0.295185
0.366948
0.428755
0.480446
0.522159
0.555266
0.579882
0.599448
0.284491
0.342402
0.400519
0.453474
0.499772
0.539613
0.573457
0.601733
0.622738
0.641666
0.405107
0.448958
0.492304
0.533429
0.570653
0.603674
0.632492
0.656637
0.674778
0.692856
0.505029
0.541779
0.578051
0.612908
0.645291
0.674519
0.700104
0.72128
0.736976
0.754521
0.596778
0.630638
0.664643
0.697351
0.727737
0.755121
0.778817
0.79789
0.811643
0.828643
0.689279
0.724901
0.759593
0.792489
0.822543
0.849056
0.871448
0.888948
0.901283
0.917791
0.79371
0.833429
0.87029
0.903857
0.93355
0.958932
0.979791
0.995906
1.0078
1.02405
0.921453
0.963787
1.00108
1.03318
1.06073
1.08396
1.10321
1.11862
1.13125
1.14742
1.07955
1.11756
1.14968
1.17606
1.19897
1.21943
1.23787
1.25419
1.26834
1.28426
1.26159
1.28645
1.30821
1.32729
1.34534
1.36237
1.37884
1.39541
1.41111
1.42713
1.44745
1.4593
1.474
1.48892
1.50277
1.51506
1.52647
1.53792
1.55086
1.57162
1.63571
1.64576
1.65271
1.65407
1.65618
1.66368
1.67693
1.69234
1.70546
1.73375
1.9122
1.85318
1.80555
1.77445
1.7614
1.76602
1.78925
1.8346
1.90516
1.98379
0.33475
0.327251
0.318339
0.305524
0.292128
0.280533
0.271314
0.264425
0.259815
0.257739
0.258815
0.26267
0.268757
0.277034
0.287613
0.300377
0.314023
0.325185
0.332943
0.339256
0.248688
0.256581
0.263751
0.26854
0.269823
0.267864
0.264156
0.260198
0.257052
0.255576
0.256467
0.259373
0.263401
0.267654
0.270896
0.271511
0.268506
0.262415
0.254364
0.248454
0.240623
0.243697
0.246813
0.249372
0.25179
0.253607
0.254126
0.25345
0.252362
0.251785
0.252431
0.253916
0.255326
0.255769
0.254764
0.252681
0.250301
0.247575
0.244332
0.241962
0.235269
0.236804
0.239101
0.241336
0.242998
0.244332
0.245476
0.246259
0.246591
0.246785
0.247232
0.247661
0.247573
0.246928
0.245923
0.24464
0.242826
0.240507
0.238598
0.237515
0.230115
0.230972
0.232536
0.234485
0.236315
0.237761
0.238871
0.23982
0.240673
0.241348
0.241702
0.241659
0.241317
0.240713
0.239748
0.238307
0.236524
0.23478
0.233654
0.233028
0.225202
0.225787
0.226963
0.228539
0.230236
0.231886
0.233355
0.234602
0.235653
0.236505
0.23691
0.236839
0.236377
0.235505
0.234294
0.232858
0.231379
0.230071
0.229278
0.228852
0.22052
0.220956
0.221994
0.223488
0.225118
0.226844
0.22856
0.230051
0.231238
0.232156
0.232729
0.232774
0.232254
0.231233
0.229917
0.228549
0.227185
0.226011
0.22537
0.225074
0.216245
0.216571
0.21745
0.218798
0.220284
0.221782
0.22333
0.224964
0.226531
0.22779
0.228429
0.228345
0.227739
0.226896
0.225922
0.224802
0.223615
0.222626
0.222126
0.221918
0.212247
0.212474
0.21326
0.214547
0.215999
0.217489
0.218978
0.220435
0.221872
0.223229
0.224102
0.22438
0.2242
0.223647
0.222813
0.221808
0.220734
0.219846
0.219456
0.219332
0.208962
0.209102
0.209763
0.21095
0.212321
0.213784
0.215385
0.217057
0.218732
0.220288
0.221429
0.221896
0.2218
0.221301
0.220609
0.219794
0.218881
0.218156
0.217888
0.217832
0.206309
0.206391
0.206816
0.207672
0.208734
0.209908
0.211203
0.212722
0.214435
0.216257
0.217737
0.218603
0.218987
0.219053
0.218829
0.21843
0.217941
0.217568
0.217447
0.217414
0.203539
0.203608
0.20388
0.204463
0.205301
0.206392
0.207745
0.209381
0.211293
0.213416
0.215315
0.216597
0.217293
0.21759
0.21769
0.21767
0.217564
0.217489
0.217451
0.217416
0.200018
0.200089
0.200325
0.200782
0.201502
0.20249
0.203827
0.205578
0.207776
0.210352
0.212777
0.214528
0.215703
0.2164
0.216855
0.217159
0.217354
0.217442
0.217436
0.217397
0.195609
0.195675
0.195929
0.196399
0.197139
0.198217
0.199725
0.201742
0.204319
0.207442
0.210501
0.212843
0.214435
0.215596
0.216345
0.216856
0.217225
0.217376
0.217393
0.217357
0.19038
0.190433
0.19073
0.191336
0.192237
0.193527
0.195338
0.197767
0.20091
0.204764
0.208605
0.21161
0.213746
0.215227
0.216255
0.216968
0.217388
0.217572
0.217623
0.217596
0.184456
0.184506
0.184842
0.185583
0.18676
0.188293
0.190484
0.19345
0.197285
0.202042
0.206874
0.210705
0.213484
0.215442
0.216768
0.217666
0.218167
0.218419
0.218513
0.218491
0.177777
0.177832
0.178202
0.17907
0.180442
0.182517
0.185184
0.188779
0.193508
0.199423
0.205463
0.210296
0.213825
0.216313
0.218041
0.219153
0.21983
0.220192
0.220322
0.220298
0.170106
0.17017
0.170647
0.171663
0.17331
0.175725
0.179038
0.183525
0.189411
0.196789
0.204331
0.2104
0.214813
0.217972
0.220154
0.221598
0.222506
0.223003
0.223169
0.223138
0.160994
0.161089
0.16166
0.162916
0.164902
0.167835
0.171958
0.17758
0.184964
0.194187
0.203585
0.211122
0.216642
0.22058
0.223302
0.22514
0.226325
0.226971
0.227176
0.227135
0.149856
0.149988
0.150728
0.152282
0.154782
0.15848
0.1637
0.170813
0.180104
0.191635
0.203305
0.212621
0.219445
0.224284
0.227654
0.229953
0.231451
0.232262
0.232514
0.232463
0.13605
0.136239
0.137237
0.139264
0.142491
0.147248
0.153955
0.163026
0.17477
0.189181
0.203606
0.215033
0.223363
0.229291
0.23343
0.236268
0.238127
0.239136
0.239443
0.239377
0.118638
0.118931
0.120318
0.123026
0.127312
0.133593
0.142352
0.15405
0.168951
0.18691
0.20461
0.218506
0.228609
0.235813
0.240866
0.24435
0.246641
0.24788
0.248252
0.248167
0.0961721
0.0966492
0.0986534
0.102426
0.10835
0.1169
0.12859
0.143825
0.16273
0.184973
0.206487
0.223211
0.235354
0.244052
0.250197
0.254468
0.257291
0.258805
0.259251
0.259145
0.0663065
0.0671481
0.0702326
0.0758591
0.0844897
0.0965544
0.112451
0.132397
0.156296
0.18359
0.209425
0.229306
0.243748
0.25417
0.261621
0.266865
0.270354
0.27221
0.272741
0.272605
0.0248967
0.0265882
0.0320006
0.0412507
0.0546011
0.0721605
0.0940049
0.120064
0.149985
0.183027
0.213594
0.236893
0.253851
0.266221
0.275218
0.281689
0.286059
0.288343
0.288956
0.288783
-0.0356813
-0.0307802
-0.0194331
-0.00294564
0.0184838
0.0442195
0.0739618
0.107468
0.144268
0.183561
0.219106
0.24596
0.265558
0.28003
0.29079
0.298717
0.3042
0.307068
0.307832
0.3076
-0.108697
-0.0993058
-0.0783877
-0.0512061
-0.019764
0.0150731
0.053289
0.0947622
0.139082
0.185549
0.227237
0.258846
0.282254
0.299923
0.313438
0.323848
0.331252
0.334917
0.335916
0.336054
-0.181422
-0.165229
-0.135259
-0.0980924
-0.0571688
-0.0133376
0.0333509
0.0828038
0.134689
0.188403
0.236322
0.272744
0.299947
0.320827
0.33714
0.349943
0.359148
0.363994
0.365985
0.366317
-0.239715
-0.220365
-0.184453
-0.13999
-0.0914297
-0.039828
0.0145545
0.0714444
0.130449
0.190955
0.244555
0.285142
0.315439
0.338668
0.356848
0.371075
0.38145
0.387428
0.389881
0.39028
-0.287244
-0.265919
-0.225771
-0.17606
-0.121635
-0.0637609
-0.00286132
0.0606073
0.126063
0.192719
0.251343
0.295408
0.328043
0.352885
0.372173
0.387263
0.398405
0.405022
0.407688
0.408057
-0.326943
-0.304631
-0.261368
-0.207445
-0.148255
-0.0852124
-0.0188363
0.050325
0.121512
0.193683
0.256755
0.303727
0.338153
0.364082
0.384022
0.399479
0.410894
0.417738
0.420449
0.420825
-0.361509
-0.338543
-0.292874
-0.235545
-0.172367
-0.104892
-0.0337191
0.0404938
0.116814
0.194031
0.261121
0.310701
0.346677
0.373451
0.393774
0.409324
0.420729
0.427549
0.430228
0.430616
-0.392502
-0.369077
-0.321495
-0.261298
-0.194713
-0.123372
-0.0479393
0.0308347
0.111888
0.193832
0.264819
0.316893
0.354273
0.381753
0.402355
0.41796
0.429348
0.436227
0.438815
0.439139
-0.421071
-0.397273
-0.348076
-0.285417
-0.215889
-0.141161
-0.061905
0.0210512
0.106562
0.193034
0.267786
0.322306
0.361128
0.389387
0.410359
0.426088
0.437472
0.444373
0.446903
0.447081
-0.448061
-0.423881
-0.373274
-0.30843
-0.236308
-0.158554
-0.0758572
0.010908
0.100581
0.191413
0.269966
0.327142
0.367602
0.396788
0.41823
0.434155
0.445581
0.452438
0.454918
0.455013
-0.473909
-0.449344
-0.397461
-0.330659
-0.256228
-0.175799
-0.0900109
0.000258025
0.093833
0.188978
0.271511
0.331531
0.373823
0.404116
0.426172
0.442406
0.453935
0.460749
0.463193
0.463263
-0.498928
-0.473954
-0.420899
-0.352357
-0.275881
-0.193038
-0.104441
-0.0109546
0.0863299
0.185712
0.272302
0.335419
0.379815
0.411464
0.434329
0.451004
0.462721
0.469488
0.47185
0.471883
-0.523309
-0.497912
-0.443762
-0.373647
-0.295329
-0.210315
-0.119194
-0.0227481
0.0779903
0.181443
0.272213
0.33875
0.38559
0.418856
0.442731
0.459984
0.471959
0.478709
0.480949
0.480963
-0.547124
-0.521267
-0.466105
-0.394585
-0.314631
-0.227688
-0.134303
-0.0351812
0.068738
0.176121
0.271154
0.341379
0.391039
0.426245
0.451355
0.469332
0.481631
0.488359
0.490444
0.490396
-0.570427
-0.544105
-0.487976
-0.415194
-0.333787
-0.245131
-0.149739
-0.0482375
0.0585993
0.169707
0.268983
0.343139
0.395994
0.433534
0.460154
0.478996
0.491646
0.498323
0.500222
0.500078
-0.593181
-0.566411
-0.509363
-0.435442
-0.352747
-0.262592
-0.165444
-0.0618346
0.0476144
0.162161
0.26558
0.343851
0.400288
0.440608
0.46908
0.488943
0.501944
0.508503
0.510167
0.509919
-0.615365
-0.588137
-0.530218
-0.455283
-0.371461
-0.280007
-0.181335
-0.075902
0.0358356
0.153486
0.260858
0.343297
0.40366
0.4473
0.478113
0.499193
0.512447
0.518687
0.520033
0.519685
-0.63687
-0.60922
-0.550493
-0.474675
-0.389868
-0.297285
-0.197323
-0.0903522
0.0233489
0.143718
0.254748
0.341294
0.405784
0.453306
0.487192
0.509899
0.523209
0.528718
0.52957
0.529133
-0.657734
-0.629606
-0.570159
-0.49355
-0.407886
-0.31435
-0.21331
-0.105065
0.0102554
0.132934
0.247213
0.33769
0.406347
0.458189
0.496122
0.521421
0.534767
0.538662
0.538495
0.537994
-0.677814
-0.649273
-0.589167
-0.511853
-0.425454
-0.331117
-0.229204
-0.119946
-0.00331667
0.121242
0.238272
0.332369
0.405027
0.461327
0.504298
0.533953
0.548542
0.549904
0.54688
0.546165
-0.697194
-0.668214
-0.607459
-0.529526
-0.442497
-0.347498
-0.244879
-0.134852
-0.0172277
0.108779
0.22799
0.325268
0.401593
0.461979
0.510513
0.546615
0.5658
0.567119
0.558355
0.542651
-0.715794
-0.686455
-0.625177
-0.546773
-0.459306
-0.36383
-0.26076
-0.150269
-0.0320347
0.0949556
0.215724
0.315665
0.395476
0.459117
0.512823
0.556857
0.583957
0.589129
0.577648
0.584147
-0.733632
-0.704013
-0.642287
-0.563532
-0.475845
-0.380065
-0.276831
-0.166162
-0.0477337
0.0796981
0.201333
0.303032
0.386182
0.451597
0.507041
0.556073
0.587049
0.591365
0.542384
0.525409
-0.751218
-0.721038
-0.658537
-0.579506
-0.491779
-0.395846
-0.29292
-0.182262
-0.0640134
0.0632562
0.18498
0.287062
0.373308
0.439529
0.488647
0.534306
0.556601
0.53046
0.465461
0.423828
-0.771718
-0.738949
-0.673389
-0.594164
-0.506457
-0.410797
-0.308644
-0.198303
-0.0806595
0.0457815
0.166777
0.267786
0.355672
0.424407
0.463713
0.480594
0.473322
0.423955
0.355724
0.313776
-0.376257
-0.269594
-0.156438
-0.03582
0.0881892
0.198668
0.288229
0.176043
-0.783766
-0.774604
-0.734334
-0.666298
-0.583191
-0.492176
-0.393921
-0.288648
-0.176684
-0.0578632
0.0640014
0.172624
0.258786
0.333916
0.382337
0.348941
0.2227
0.146049
0.0850825
-0.805854
-0.794558
-0.750523
-0.681215
-0.598006
-0.507287
-0.409647
-0.305103
-0.194395
-0.077522
0.0412093
0.145851
0.226652
0.285186
0.284619
0.184184
0.0466926
-0.0466415
-0.124553
-0.827907
-0.81637
-0.770039
-0.699721
-0.616597
-0.526005
-0.428493
-0.324576
-0.215228
-0.100551
0.0143217
0.113582
0.186714
0.225034
0.178293
0.0158968
-0.146084
-0.265806
-0.362498
-0.849403
-0.837919
-0.790365
-0.719084
-0.635795
-0.545302
-0.448225
-0.345313
-0.237579
-0.125515
-0.0149507
0.0782581
0.142308
0.155316
0.056389
-0.154044
-0.353643
-0.523627
-0.668409
-0.870679
-0.859378
-0.811116
-0.739184
-0.655639
-0.565232
-0.468723
-0.366939
-0.26099
-0.15186
-0.0460739
0.0402619
0.0939672
0.0697758
-0.0886862
-0.321717
-0.558275
-0.76783
-0.964103
-0.892175
-0.88113
-0.83264
-0.760333
-0.676575
-0.586233
-0.490235
-0.389518
-0.28541
-0.179335
-0.0785417
0.000426286
0.0410598
-0.0199613
-0.227923
-0.473806
-0.729625
-0.957457
-1.13469
-1.30981
-0.914599
-0.903774
-0.85523
-0.782791
-0.698986
-0.608802
-0.513387
-0.413861
-0.311826
-0.209191
-0.113933
-0.0431348
-0.01968
-0.112888
-0.361237
-0.612148
-0.857257
-1.04553
-1.11548
-1.14504
-0.938183
-0.927531
-0.879033
-0.806609
-0.722899
-0.633043
-0.538368
-0.440306
-0.340697
-0.241992
-0.15298
-0.0914873
-0.0879445
-0.228888
-0.485111
-0.729346
-0.944508
-1.06152
-1.08746
-1.09322
-0.963094
-0.952528
-0.904078
-0.831722
-0.748219
-0.658837
-0.565097
-0.468778
-0.371973
-0.277639
-0.195793
-0.144319
-0.169835
-0.35198
-0.599885
-0.831396
-1.00678
-1.06516
-1.0687
-1.07004
-0.989227
-0.978725
-0.930327
-0.85805
-0.774849
-0.686072
-0.59346
-0.499108
-0.405551
-0.315961
-0.242302
-0.200222
-0.258077
-0.47231
-0.707679
-0.924697
-1.0396
-1.05881
-1.05898
-1.05872
-1.01632
-1.00585
-0.95757
-0.885429
-0.802609
-0.714566
-0.623265
-0.531054
-0.441249
-0.356791
-0.291595
-0.261212
-0.345533
-0.591418
-0.812566
-0.99607
-1.05196
-1.05265
-1.05331
-1.05227
-1.0438
-1.03344
-0.985469
-0.913539
-0.831205
-0.744008
-0.654183
-0.564252
-0.478596
-0.399923
-0.342294
-0.32828
-0.428012
-0.701157
-0.927966
-1.04224
-1.06442
-1.05597
-1.04496
-1.04146
-1.07105
-1.06091
-1.0135
-0.941913
-0.860154
-0.773936
-0.685696
-0.598182
-0.51673
-0.445069
-0.393217
-0.399316
-0.517299
-0.794029
-1.05935
-1.13316
-1.10949
-1.08234
-1.06365
-1.0532
-1.09736
-1.0875
-1.04094
-0.969886
-0.888822
-0.803688
-0.71714
-0.632096
-0.554402
-0.49129
-0.44435
-0.472119
-0.62462
-0.854908
-1.14073
-1.29843
-1.26606
-1.22501
-1.19934
-1.17871
-1.12183
-1.11229
-1.0669
-0.996618
-0.916408
-0.832385
-0.747597
-0.665046
-0.590191
-0.536347
-0.496469
-0.537784
-0.757413
-0.918682
-1.06996
-1.15878
-1.30228
-1.46514
-1.47214
-1.44239
-1.14298
-1.13398
-1.09024
-1.02109
-0.941895
-0.85907
-0.775766
-0.695808
-0.622959
-0.575541
-0.549198
-0.59196
-0.881807
-1.07247
-0.94774
-0.912329
-1.24557
-1.51037
-1.52368
-1.52152
-1.15938
-1.15112
-1.10965
-1.04214
-0.96412
-0.882569
-0.800356
-0.722416
-0.651853
-0.604034
-0.600224
-0.63232
-0.980035
-1.37125
-1.45371
-1.55835
-1.75779
-1.70974
-1.58655
-1.57195
-1.17007
-1.1627
-1.12393
-1.05848
-0.981938
-0.901384
-0.820327
-0.742699
-0.674501
-0.62341
-0.625578
-0.681872
-1.09105
-1.76982
-2.37995
-2.8236
-2.97809
-2.77732
-2.39996
-2.15193
-1.17323
-1.16698
-1.13182
-1.06917
-0.994076
-0.914404
-0.834063
-0.755695
-0.687056
-0.63255
-0.624735
-0.720821
-1.11289
-1.92315
-2.8482
-3.23726
-3.31801
-3.1832
-2.93699
-2.68037
-1.16876
-1.16353
-1.13248
-1.0732
-0.999654
-0.920817
-0.840183
-0.760488
-0.687955
-0.62147
-0.615716
-0.605938
-0.937624
-1.36952
-2.00524
-2.43451
-2.5076
-2.32711
-2.0769
-1.87857
-1.15457
-1.15062
-1.12471
-1.07001
-0.998361
-0.920105
-0.838385
-0.756705
-0.675065
-0.602891
-0.527234
-0.467096
-0.458528
-0.612893
-0.626326
-0.537832
-0.259166
0.0756836
0.339181
0.480869
-1.1324
-1.12971
-1.10925
-1.05984
-0.990454
-0.911957
-0.829826
-0.744172
-0.655563
-0.560623
-0.441506
-0.355805
-0.129596
0.279336
0.796378
1.37235
1.89788
2.28273
2.49777
2.5841
-1.10348
-1.10198
-1.08738
-1.04357
-0.975934
-0.897714
-0.815107
-0.727295
-0.632957
-0.521464
-0.392793
-0.237408
-0.0583285
0.364361
1.01471
1.70737
2.25942
2.61921
2.80994
2.88649
-1.06866
-1.06808
-1.05878
-1.02027
-0.954514
-0.877651
-0.796059
-0.710521
-0.615471
-0.501088
-0.358544
-0.212764
-0.0925001
0.161279
0.671865
1.18768
1.60782
1.88903
2.03945
2.10654
-1.02412
-1.02409
-1.01837
-0.985938
-0.924208
-0.850779
-0.775053
-0.696036
-0.608194
-0.497748
-0.356017
-0.21676
-0.132843
-0.0120801
0.305992
0.640177
0.913466
1.10057
1.2114
1.25997
-0.951471
-0.951976
-0.947966
-0.923827
-0.874297
-0.813217
-0.749653
-0.683389
-0.608682
-0.509004
-0.365826
-0.227587
-0.127096
-0.0358953
0.156554
0.38537
0.552669
0.669867
0.740613
0.775392
-0.859516
-0.859434
-0.855685
-0.840274
-0.808632
-0.767057
-0.722199
-0.674373
-0.617691
-0.533568
-0.400207
-0.266947
-0.151994
-0.060388
0.0587717
0.192274
0.301296
0.370195
0.408107
0.424777
-0.782126
-0.78147
-0.778118
-0.769551
-0.75267
-0.729254
-0.703438
-0.676689
-0.644444
-0.579812
-0.470166
-0.342256
-0.208936
-0.102532
-0.0485975
0.0250817
0.0902729
0.143461
0.1741
0.186286
-0.738012
-0.73735
-0.735307
-0.731421
-0.724116
-0.714452
-0.70609
-0.702994
-0.705178
-0.687576
-0.62916
-0.54458
-0.378145
-0.242598
-0.201223
-0.143179
-0.0819304
-0.0240321
0.00766083
0.0197448
-0.719572
-0.719535
-0.719399
-0.718912
-0.718359
-0.720112
-0.729309
-0.754377
-0.80841
-0.893171
-0.960388
-0.920807
-0.693583
-0.501697
-0.427904
-0.331553
-0.239754
-0.170058
-0.128344
-0.117211
-0.705759
-0.70639
-0.708087
-0.711041
-0.717178
-0.730589
-0.759227
-0.819303
-0.94704
-1.19308
-1.48354
-1.47979
-1.12854
-0.827076
-0.687258
-0.552161
-0.415995
-0.310732
-0.250133
-0.242075
-0.679273
-0.680535
-0.683783
-0.689767
-0.701486
-0.724729
-0.770565
-0.864087
-1.06856
-1.49236
-2.05371
-2.10035
-1.62485
-1.18515
-0.974289
-0.769696
-0.596216
-0.474195
-0.418297
-0.414309
-0.62782
-0.629456
-0.633465
-0.640917
-0.655277
-0.683251
-0.737267
-0.84681
-1.08846
-1.61125
-2.29286
-2.32204
-1.83027
-1.41412
-1.15842
-0.933632
-0.782033
-0.701538
-0.67172
-0.664007
-0.547874
-0.549477
-0.553135
-0.560103
-0.57342
-0.599214
-0.648577
-0.747907
-0.965334
-1.43907
-2.03987
-2.03408
-1.65729
-1.35754
-1.12162
-0.966431
-0.896393
-0.881354
-0.868977
-0.856785
-0.446277
-0.447514
-0.450069
-0.455018
-0.464571
-0.483022
-0.517984
-0.587217
-0.735364
-1.05699
-1.47575
-1.51015
-1.29444
-1.07436
-0.901364
-0.823074
-0.830384
-0.8509
-0.848776
-0.840779
-0.336822
-0.337555
-0.338796
-0.34134
-0.34635
-0.356101
-0.374337
-0.409557
-0.482338
-0.637165
-0.859519
-0.880339
-0.76154
-0.624649
-0.563184
-0.583751
-0.633417
-0.657014
-0.661212
-0.660055
-0.234063
-0.234354
-0.234536
-0.235224
-0.236652
-0.239503
-0.244751
-0.254481
-0.27342
-0.30954
-0.358325
-0.34993
-0.287725
-0.275771
-0.318871
-0.384056
-0.422828
-0.439464
-0.44547
-0.447107
-0.14803
-0.148038
-0.147624
-0.147314
-0.146757
-0.145686
-0.14366
-0.139968
-0.13322
-0.119546
-0.0886518
-0.0577041
-0.0581805
-0.105207
-0.168614
-0.220669
-0.248618
-0.262244
-0.268168
-0.27088
-0.0826059
-0.0824866
-0.0818873
-0.0812897
-0.0801093
-0.0776891
-0.0731341
-0.0650576
-0.0513387
-0.0288581
0.00105249
0.0163519
0.00164535
-0.0399731
-0.0842347
-0.116727
-0.135225
-0.144192
-0.148895
-0.151243
-0.0367999
-0.0366583
-0.0361135
-0.0356221
-0.0345842
-0.0322769
-0.0278546
-0.0201454
-0.00763781
0.0107319
0.0301248
0.0342784
0.018425
-0.0101586
-0.0377315
-0.0573433
-0.068713
-0.0745639
-0.0777212
-0.0793019
-0.00707627
-0.00696087
-0.00656547
-0.00631977
-0.00568365
-0.00406507
-0.000753756
0.00501852
0.0140057
0.0261356
0.036706
0.0356436
0.0227108
0.00438052
-0.0123442
-0.0242743
-0.031419
-0.0352135
-0.0372261
-0.0381922
0.0106824
0.0107593
0.0109983
0.0110269
0.0112458
0.0121278
0.0142025
0.0179525
0.0236957
0.0308713
0.0358336
0.0329045
0.0233688
0.0116913
0.00141657
-0.00602807
-0.0106787
-0.0132296
-0.0145368
-0.0151258
0.02012
0.0201643
0.0202787
0.0201518
0.020057
0.0203485
0.0214079
0.0235058
0.0267385
0.0305314
0.0323732
0.0292008
0.0224715
0.0149445
0.00846181
0.00368136
0.000569278
-0.00119115
-0.00206578
-0.00242817
0.0240278
0.0240495
0.0240838
0.0238773
0.0235891
0.023506
0.0238788
0.0248665
0.0264617
0.028175
0.0283834
0.0255081
0.0207644
0.0157973
0.0115789
0.00841642
0.00628386
0.00504696
0.0044538
0.00421966
0.024387
0.0243947
0.024384
0.0241502
0.0237752
0.0234841
0.0234375
0.0237253
0.0243127
0.0248382
0.0242792
0.0218654
0.0185064
0.0151579
0.0123391
0.0101964
0.00871002
0.00783099
0.0074205
0.0072676
0.0225393
0.0225394
0.0225084
0.0222821
0.0218974
0.0215219
0.0212614
0.0211648
0.0211924
0.0210936
0.0202495
0.0183107
0.0159154
0.0136158
0.0116929
0.010215
0.00916769
0.00854057
0.00825551
0.00815465
0.0193558
0.0193528
0.0193173
0.0191186
0.0187669
0.0183872
0.0180486
0.0177787
0.0175451
0.0171797
0.0163112
0.0148071
0.0131048
0.0115176
0.0101963
0.00917149
0.00843337
0.00798708
0.0077886
0.00772175
0.0153741
0.0153703
0.0153389
0.0151775
0.0148809
0.0145455
0.0142149
0.0139067
0.0135969
0.013178
0.0124343
0.011331
0.0101546
0.00907954
0.00818533
0.00748465
0.00697183
0.00665899
0.0065232
0.00647962
0.0109157
0.0109121
0.0108879
0.0107671
0.0105393
0.0102779
0.0100128
0.0097544
0.0094859
0.00914187
0.0086021
0.00786859
0.00711572
0.00643556
0.00586713
0.0054135
0.00507281
0.00486206
0.00477298
0.0047454
0.00617136
0.00616778
0.00615219
0.00607424
0.00592777
0.00576658
0.00560587
0.00544952
0.00528725
0.00508503
0.00478533
0.00439564
0.00400366
0.00365113
0.00335384
0.00310984
0.00291695
0.00279356
0.00274302
0.00272659
0.00372053
0.00372124
0.00370393
0.00362968
0.0035282
0.00342715
0.00332966
0.00323245
0.00312212
0.00297164
0.00276028
0.0025228
0.00230091
0.00210803
0.00194674
0.00181316
0.00171424
0.00166862
0.0016575
0.000527
-0.751854
-0.432126
-0.215721
-0.0209667
0.137727
0.267931
0.375942
0.468814
0.52884
0.523022
-0.263768
-0.121666
0.0212064
0.149223
0.259486
0.353063
0.430445
0.488752
0.524419
0.543241
0.000777383
0.0909054
0.188131
0.278309
0.356731
0.423386
0.47764
0.519276
0.550245
0.572122
0.18181
0.247273
0.316474
0.381915
0.439114
0.488098
0.529143
0.562978
0.590066
0.60995
0.322684
0.37247
0.422776
0.47144
0.515151
0.553629
0.587151
0.615811
0.6388
0.656464
0.437454
0.476912
0.515962
0.554549
0.590565
0.62319
0.652168
0.677065
0.696775
0.712609
0.536014
0.568359
0.603352
0.637761
0.670115
0.699783
0.726198
0.748622
0.765886
0.780175
0.627493
0.65917
0.69349
0.727179
0.758682
0.787258
0.812327
0.833117
0.848535
0.861531
0.723111
0.757958
0.794811
0.82962
0.861416
0.88949
0.913423
0.93276
0.946847
0.959262
0.836187
0.874921
0.914747
0.950299
0.9815
1.00819
1.0304
1.04822
1.06168
1.07462
0.978985
1.01762
1.0565
1.08907
1.11663
1.14025
1.16056
1.17778
1.19197
1.20588
1.15533
1.18496
1.21518
1.23978
1.26107
1.28061
1.29897
1.31642
1.3324
1.34733
1.34909
1.36349
1.3812
1.39815
1.41484
1.4304
1.44465
1.45879
1.47372
1.48993
1.53834
1.54266
1.55558
1.56781
1.57785
1.58723
1.59751
1.60825
1.61765
1.62991
1.76792
1.75436
1.74556
1.73051
1.71945
1.71899
1.73106
1.75489
1.78676
1.82255
2.14207
1.98355
1.87807
1.81936
1.7904
1.78384
1.79902
1.84028
1.91952
2.06464
-0.764262
-0.761045
-0.719828
-0.650308
-0.567491
-0.475723
0.371259
0.435094
0.434915
0.377554
0.318691
0.253234
0.0204258
-0.208353
-0.476031
-0.823765
-1.28969
)
;

boundaryField
{
    wall-4
    {
        type            zeroGradient;
    }
    pressure-outlet-7
    {
        type            fixedValue;
        value           uniform 0;
    }
    velocity-inlet-6
    {
        type            zeroGradient;
    }
    velocity-inlet-5
    {
        type            zeroGradient;
    }
    frontAndBackPlanes
    {
        type            empty;
    }
}


// ************************************************************************* //
