/*--------------------------------*- C++ -*----------------------------------*\
  =========                 |
  \\      /  F ield         | OpenFOAM: The Open Source CFD Toolbox
   \\    /   O peration     | Website:  https://openfoam.org
    \\  /    A nd           | Version:  6
     \\/     M anipulation  |
\*---------------------------------------------------------------------------*/
FoamFile
{
    version     2.0;
    format      ascii;
    class       volScalarField;
    location    "93.9";
    object      p;
}
// * * * * * * * * * * * * * * * * * * * * * * * * * * * * * * * * * * * * * //

dimensions      [0 2 -2 0 0 0 0];

internalField   nonuniform List<scalar> 
8800
(
0.856278
0.806964
0.769
0.740933
0.720776
0.706194
0.695603
0.688072
0.683201
0.68115
0.682541
0.686902
0.693709
0.703144
0.715888
0.733215
0.757096
0.790196
0.833135
0.88565
0.690767
0.697112
0.706264
0.709815
0.707209
0.701125
0.694191
0.687958
0.683169
0.680316
0.680106
0.682754
0.687413
0.693555
0.700665
0.707706
0.71259
0.71247
0.705799
0.696903
0.664272
0.670508
0.675011
0.678886
0.681838
0.682794
0.681714
0.679604
0.67764
0.676822
0.677878
0.680353
0.683257
0.685541
0.686072
0.684292
0.680933
0.676925
0.672147
0.668431
0.659955
0.662722
0.665331
0.667493
0.669236
0.670812
0.671925
0.672292
0.672197
0.672321
0.673155
0.674323
0.675086
0.674953
0.673991
0.672647
0.670986
0.66869
0.666284
0.664717
0.654877
0.656303
0.658146
0.660233
0.661952
0.663254
0.664365
0.665362
0.666194
0.666962
0.667708
0.668199
0.668249
0.667907
0.667257
0.666155
0.66451
0.662624
0.661276
0.660473
0.649858
0.650762
0.652013
0.653646
0.655349
0.656893
0.658193
0.659336
0.66043
0.661485
0.662314
0.662743
0.662786
0.662446
0.661665
0.660495
0.659148
0.657893
0.657077
0.656553
0.644914
0.64557
0.646536
0.647862
0.649321
0.650852
0.652357
0.653748
0.655046
0.656298
0.657304
0.657848
0.657908
0.657507
0.656754
0.655835
0.654863
0.653972
0.653398
0.653013
0.640039
0.640545
0.641336
0.642486
0.643801
0.645237
0.646771
0.648345
0.649901
0.651416
0.652639
0.653312
0.653445
0.653169
0.652642
0.651984
0.651273
0.650627
0.650206
0.649906
0.635179
0.63558
0.636246
0.63728
0.638528
0.639916
0.641452
0.643134
0.64492
0.646738
0.648239
0.649126
0.649471
0.649441
0.649168
0.648741
0.648244
0.647796
0.647489
0.647244
0.630248
0.630576
0.631156
0.632114
0.633322
0.634707
0.636289
0.638085
0.640087
0.642231
0.644094
0.645315
0.645972
0.646228
0.646212
0.646028
0.645738
0.645458
0.645235
0.645029
0.625158
0.625429
0.625951
0.626867
0.628066
0.629488
0.63116
0.633118
0.635378
0.637901
0.640217
0.641868
0.642903
0.643484
0.643749
0.643813
0.643734
0.643604
0.643451
0.643272
0.619813
0.620041
0.620526
0.621431
0.622662
0.624165
0.625972
0.62815
0.630741
0.633736
0.636604
0.638769
0.640244
0.641202
0.641785
0.642103
0.642248
0.64226
0.642164
0.642004
0.614117
0.614311
0.614778
0.615702
0.617006
0.618635
0.620635
0.623103
0.626115
0.629695
0.633233
0.63601
0.638003
0.639393
0.640339
0.640958
0.641329
0.641472
0.641424
0.641275
0.607958
0.608125
0.608592
0.609564
0.610981
0.61279
0.615052
0.617895
0.621435
0.625731
0.630079
0.633591
0.636198
0.638092
0.639455
0.640412
0.641026
0.641302
0.641295
0.641154
0.60121
0.601354
0.601836
0.602884
0.604461
0.606511
0.609113
0.612433
0.616627
0.621798
0.627124
0.631513
0.63485
0.637339
0.639179
0.640521
0.641414
0.641827
0.641859
0.641719
0.593722
0.593842
0.594353
0.595508
0.597296
0.599657
0.602693
0.606609
0.61161
0.617847
0.62435
0.629787
0.633985
0.637178
0.639589
0.641378
0.642581
0.643138
0.643203
0.643062
0.5853
0.585403
0.585949
0.587243
0.589304
0.59206
0.595641
0.600299
0.606294
0.613826
0.621742
0.628424
0.63364
0.637661
0.640757
0.643071
0.644623
0.645329
0.645425
0.645278
0.575657
0.575762
0.576376
0.577844
0.580256
0.583512
0.587775
0.593357
0.600577
0.609681
0.619287
0.627443
0.633859
0.638855
0.642756
0.645684
0.647631
0.648494
0.648616
0.648458
0.564499
0.564581
0.565281
0.567004
0.569861
0.573751
0.578877
0.585614
0.594344
0.605356
0.616977
0.626863
0.634685
0.640827
0.645655
0.649307
0.651691
0.65271
0.652851
0.65268
0.551406
0.551475
0.552285
0.554322
0.557745
0.562451
0.568677
0.576871
0.587472
0.600799
0.61481
0.626712
0.636157
0.643628
0.649537
0.654008
0.656858
0.658025
0.658174
0.657986
0.535785
0.535845
0.536807
0.539264
0.543432
0.549203
0.556854
0.566907
0.579843
0.595974
0.612797
0.627024
0.638314
0.647302
0.654435
0.659815
0.663145
0.664434
0.664577
0.664369
0.516797
0.516853
0.518039
0.521091
0.526275
0.533484
0.543027
0.555493
0.571362
0.590881
0.610971
0.62783
0.641194
0.651873
0.660351
0.666716
0.670493
0.671855
0.671971
0.671743
0.493216
0.493278
0.494816
0.498762
0.50541
0.514638
0.526778
0.542432
0.561996
0.585573
0.6094
0.629175
0.644812
0.657338
0.667262
0.674613
0.678745
0.680103
0.680169
0.679924
0.463118
0.46321
0.465363
0.470764
0.479707
0.491917
0.507734
0.527636
0.551822
0.580181
0.608197
0.631126
0.649181
0.663646
0.675086
0.683321
0.687632
0.688882
0.688877
0.688622
0.423248
0.42348
0.426903
0.434992
0.447819
0.46467
0.485747
0.511243
0.541079
0.574927
0.607512
0.63377
0.65431
0.670745
0.683657
0.692545
0.69677
0.697796
0.697709
0.697454
0.367398
0.368571
0.375423
0.389125
0.408754
0.432795
0.461169
0.49373
0.530196
0.570114
0.607521
0.637188
0.660204
0.678536
0.692734
0.701891
0.705691
0.706405
0.706245
0.706001
0.286575
0.294515
0.310307
0.334328
0.364135
0.397804
0.435047
0.475674
0.519428
0.565882
0.608418
0.641725
0.667419
0.687772
0.702939
0.711941
0.715102
0.715502
0.7153
0.715099
0.200424
0.217838
0.243496
0.278599
0.319136
0.36255
0.408636
0.457388
0.508655
0.562103
0.610418
0.647965
0.67686
0.69941
0.715365
0.723503
0.725708
0.725823
0.725654
0.72553
0.126449
0.14776
0.181652
0.22624
0.276274
0.328861
0.383546
0.440253
0.498805
0.558868
0.612472
0.653775
0.685403
0.709661
0.725728
0.732736
0.734231
0.734246
0.734117
0.734028
0.0656798
0.0893621
0.128902
0.180299
0.237733
0.297961
0.360202
0.424166
0.489477
0.555682
0.614116
0.658748
0.69266
0.718164
0.73412
0.740372
0.741527
0.741507
0.741399
0.741321
0.0151973
0.0403062
0.0839297
0.140606
0.203949
0.270433
0.33907
0.409395
0.480795
0.552621
0.615474
0.663112
0.699017
0.725532
0.741339
0.747025
0.747985
0.747951
0.747854
0.747777
-0.0276084
-0.00166491
0.0449718
0.105918
0.174214
0.24602
0.320172
0.39609
0.472972
0.549938
0.616853
0.667195
0.704826
0.732116
0.747692
0.75296
0.753822
0.753795
0.753709
0.753628
-0.0648152
-0.0383341
0.0106466
0.0751306
0.147659
0.224107
0.303157
0.38412
0.466029
0.547774
0.61846
0.671257
0.710345
0.73816
0.753444
0.758404
0.759231
0.759238
0.759177
0.759091
-0.0979467
-0.0710573
-0.0201576
0.0473442
0.123553
0.204097
0.287571
0.373183
0.459801
0.546098
0.620377
0.675458
0.715819
0.743975
0.758935
0.763653
0.764479
0.764547
0.76453
0.764445
-0.128068
-0.100819
-0.0482973
0.0218437
0.101307
0.185509
0.273007
0.362944
0.454056
0.544771
0.622592
0.679902
0.721463
0.749905
0.764559
0.769072
0.769903
0.770043
0.770085
0.77001
-0.156027
-0.128409
-0.0744411
-0.00191094
0.0804528
0.16795
0.259132
0.353119
0.448552
0.543637
0.625056
0.684655
0.727459
0.756215
0.770636
0.774987
0.77582
0.776013
0.77611
0.77605
-0.182259
-0.154307
-0.0990185
-0.0243479
0.0606276
0.151112
0.245688
0.343476
0.44308
0.542557
0.627701
0.68974
0.733884
0.763061
0.77734
0.781563
0.78236
0.782573
0.782705
0.782661
-0.207283
-0.178917
-0.122409
-0.045785
0.0415521
0.134753
0.232465
0.333828
0.437461
0.541366
0.630447
0.695128
0.740743
0.770429
0.78462
0.78873
0.789456
0.78965
0.78979
0.789762
-0.231269
-0.202487
-0.144835
-0.0664418
0.0230271
0.118708
0.219309
0.324028
0.431546
0.53991
0.633179
0.700755
0.747965
0.778189
0.792315
0.796284
0.796906
0.797046
0.797173
0.797159
-0.254402
-0.225184
-0.166469
-0.0864614
0.0049345
0.102864
0.206114
0.313957
0.425201
0.538027
0.635744
0.706563
0.755515
0.786223
0.800198
0.80394
0.804431
0.804496
0.80459
0.804597
-0.276818
-0.247127
-0.187408
-0.105927
-0.0128108
0.0871508
0.192816
0.30355
0.418321
0.535563
0.637982
0.712469
0.763402
0.794491
0.808045
0.811441
0.811765
0.811755
0.811812
0.811819
-0.298616
-0.268405
-0.207695
-0.124884
-0.0302347
0.0715362
0.179387
0.292764
0.410837
0.532379
0.639716
0.718368
0.771687
0.803077
0.815834
0.818585
0.81869
0.818638
0.818669
0.818665
-0.319702
-0.288999
-0.227346
-0.143364
-0.0473533
0.056031
0.165824
0.281598
0.402714
0.52838
0.64076
0.724119
0.780432
0.812297
0.823815
0.825365
0.825051
0.825022
0.825119
0.825111
-0.340085
-0.308913
-0.246385
-0.161362
-0.0641519
0.0406496
0.152164
0.270062
0.393952
0.523485
0.640938
0.729524
0.789647
0.822534
0.832634
0.832243
0.830885
0.830892
0.831375
0.831503
-0.359843
-0.328144
-0.264824
-0.178876
-0.0805998
0.0254386
0.138454
0.258208
0.38457
0.517658
0.64007
0.73434
0.799188
0.8341
0.8433
0.840517
0.837089
0.836708
0.838086
0.83906
-0.378859
-0.346683
-0.282631
-0.195864
-0.096666
0.0104545
0.124759
0.246103
0.374626
0.51091
0.63801
0.738264
0.808739
0.846917
0.856572
0.852146
0.846105
0.843638
0.844365
0.845253
-0.397227
-0.364564
-0.299823
-0.212374
-0.112399
-0.00435328
0.111018
0.233681
0.364041
0.503158
0.634571
0.741006
0.818033
0.860662
0.872502
0.868329
0.860296
0.852438
0.844056
0.846555
-0.414891
-0.381852
-0.316547
-0.228603
-0.128092
-0.0193032
0.0968328
0.220487
0.352316
0.493845
0.629204
0.741954
0.826887
0.875221
0.890388
0.888362
0.878106
0.863168
0.841297
0.84323
-0.431739
-0.398536
-0.332655
-0.244374
-0.143494
-0.0341109
0.0823824
0.206806
0.339684
0.483102
0.621741
0.740062
0.833945
0.888972
0.906097
0.904499
0.89208
0.861042
0.804653
0.781131
-0.447672
-0.415621
-0.347757
-0.259257
-0.157807
-0.0482899
0.0679462
0.192909
0.326414
0.471072
0.612138
0.734524
0.837539
0.90008
0.913913
0.906611
0.88122
0.823398
0.760747
0.722943
-0.489499
-0.432464
-0.361551
-0.274206
-0.171801
-0.0628393
0.0536716
0.178661
0.312273
0.457341
0.599831
0.724411
0.833669
0.903145
0.909367
0.881171
0.820068
0.747285
0.675966
0.636584
-0.46336
-0.44466
-0.382481
-0.294481
-0.193547
-0.0847349
0.0312119
0.155801
0.288954
0.433449
0.575839
0.700532
0.803446
0.880396
0.851572
0.727373
0.627181
0.557594
0.489829
0.511819
-0.493198
-0.461394
-0.39834
-0.310788
-0.210219
-0.101512
0.0147179
0.138795
0.271168
0.414326
0.554718
0.676392
0.768069
0.811058
0.745266
0.592718
0.474605
0.394914
0.309228
0.349208
-0.51605
-0.481941
-0.417201
-0.329602
-0.229077
-0.120345
-0.00416032
0.11923
0.250406
0.391435
0.528244
0.643965
0.723414
0.728238
0.607279
0.441704
0.30489
0.206347
0.107784
0.134006
-0.538138
-0.50306
-0.437023
-0.348805
-0.24821
-0.139578
-0.023876
0.0986137
0.22829
0.366632
0.49854
0.604995
0.666792
0.637678
0.466188
0.2809
0.115067
-0.0232623
-0.150734
-0.143462
-0.559861
-0.52447
-0.457595
-0.368834
-0.26813
-0.159725
-0.0446812
0.0767086
0.204515
0.339603
0.465456
0.562224
0.602555
0.523475
0.326825
0.123034
-0.0680392
-0.225079
-0.431381
-0.511508
-0.581911
-0.54665
-0.479318
-0.390201
-0.289384
-0.181192
-0.0667762
0.053425
0.179146
0.310549
0.429591
0.516802
0.528684
0.398419
0.199125
-0.0153185
-0.210712
-0.373789
-0.497591
-0.612446
-0.60535
-0.570076
-0.502545
-0.413287
-0.312509
-0.204655
-0.0909979
0.0277857
0.150991
0.277981
0.389467
0.463238
0.445812
0.279475
0.0793131
-0.128758
-0.307427
-0.406007
-0.432049
-0.445259
-0.630315
-0.595043
-0.527405
-0.438182
-0.337652
-0.23034
-0.117729
-0.000734736
0.11941
0.241086
0.34446
0.398858
0.361216
0.164989
-0.032793
-0.220496
-0.355663
-0.394133
-0.402726
-0.403058
-0.657092
-0.62168
-0.553939
-0.464873
-0.364764
-0.258262
-0.147005
-0.0322089
0.0843178
0.199854
0.294242
0.330766
0.258524
0.0599088
-0.1311
-0.294207
-0.370197
-0.384336
-0.385376
-0.385244
-0.685689
-0.650021
-0.582174
-0.493368
-0.393871
-0.288423
-0.178849
-0.0666708
0.0457187
0.154412
0.238453
0.258746
0.147198
-0.0358886
-0.215886
-0.345018
-0.374458
-0.375144
-0.375759
-0.375363
-0.715856
-0.67991
-0.612019
-0.523594
-0.424899
-0.320785
-0.213252
-0.104111
0.00366407
0.104878
0.178415
0.178866
0.0489873
-0.123346
-0.282226
-0.356617
-0.371563
-0.369846
-0.369625
-0.369268
-0.747044
-0.711002
-0.643215
-0.555328
-0.457669
-0.355199
-0.250073
-0.144418
-0.0416274
0.0517134
0.114536
0.098446
-0.0407374
-0.199961
-0.327121
-0.365789
-0.365188
-0.365338
-0.365099
-0.364814
-0.77881
-0.742767
-0.675281
-0.588159
-0.491834
-0.391346
-0.289033
-0.187315
-0.0898564
-0.00410287
0.0456535
0.0227121
-0.121047
-0.260693
-0.35415
-0.362174
-0.362928
-0.362812
-0.362553
-0.362302
-0.810184
-0.774341
-0.707495
-0.621455
-0.526843
-0.428749
-0.329662
-0.232309
-0.140589
-0.0617129
-0.0230336
-0.0529307
-0.188923
-0.303415
-0.360604
-0.370171
-0.363772
-0.362283
-0.361698
-0.361368
-0.839459
-0.804448
-0.738822
-0.654333
-0.561918
-0.466697
-0.371285
-0.27865
-0.193044
-0.120611
-0.0864655
-0.130564
-0.243534
-0.335474
-0.358871
-0.361859
-0.36261
-0.362052
-0.361704
-0.361479
-0.865451
-0.831583
-0.76787
-0.685591
-0.595995
-0.504242
-0.413015
-0.325406
-0.245961
-0.180251
-0.14833
-0.197375
-0.285064
-0.351683
-0.373532
-0.364432
-0.361885
-0.361203
-0.361041
-0.360979
-0.885511
-0.853653
-0.792884
-0.71371
-0.627759
-0.540196
-0.453735
-0.371504
-0.298012
-0.238902
-0.20981
-0.249423
-0.313704
-0.355091
-0.360543
-0.361884
-0.360777
-0.360488
-0.360484
-0.360423
-0.89761
-0.86856
-0.811799
-0.736948
-0.655682
-0.573171
-0.492126
-0.415672
-0.348106
-0.293966
-0.266011
-0.293211
-0.333954
-0.363247
-0.360485
-0.36201
-0.362349
-0.361921
-0.361659
-0.361487
-0.899063
-0.873935
-0.822524
-0.753464
-0.67813
-0.601704
-0.526763
-0.456419
-0.395052
-0.344672
-0.312459
-0.332137
-0.347606
-0.376562
-0.37136
-0.365313
-0.363684
-0.362956
-0.362591
-0.36241
-0.887524
-0.867173
-0.82293
-0.761518
-0.693632
-0.62442
-0.556309
-0.49228
-0.437
-0.391992
-0.347213
-0.364226
-0.345517
-0.355633
-0.359637
-0.359684
-0.360804
-0.361698
-0.362061
-0.362131
-0.860774
-0.8459
-0.811173
-0.759889
-0.701145
-0.640319
-0.57977
-0.522133
-0.472165
-0.434564
-0.386392
-0.375783
-0.34988
-0.327458
-0.33689
-0.353272
-0.360714
-0.364233
-0.36584
-0.366379
-0.822269
-0.812789
-0.788447
-0.748857
-0.700689
-0.649153
-0.59659
-0.545382
-0.50023
-0.468225
-0.435993
-0.408774
-0.386341
-0.387803
-0.401532
-0.394209
-0.387027
-0.384896
-0.385389
-0.385629
-0.779051
-0.773649
-0.759678
-0.73151
-0.694352
-0.651795
-0.606825
-0.561838
-0.520458
-0.490263
-0.462903
-0.448016
-0.442077
-0.455609
-0.429721
-0.410215
-0.412106
-0.415898
-0.416517
-0.415915
-0.740962
-0.737668
-0.731025
-0.713161
-0.685014
-0.650041
-0.611563
-0.571255
-0.532262
-0.50058
-0.474678
-0.46148
-0.454116
-0.456031
-0.461023
-0.474852
-0.476234
-0.459238
-0.449284
-0.451439
-0.71355
-0.711598
-0.708214
-0.697681
-0.67634
-0.646993
-0.612636
-0.574735
-0.535737
-0.500045
-0.474186
-0.454157
-0.457218
-0.492668
-0.547228
-0.608131
-0.631604
-0.607272
-0.561763
-0.548223
-0.693458
-0.692766
-0.691619
-0.686423
-0.670854
-0.645167
-0.612139
-0.574086
-0.532192
-0.490394
-0.459951
-0.432453
-0.41637
-0.434418
-0.481093
-0.495137
-0.489296
-0.476266
-0.451113
-0.43776
-0.681781
-0.68155
-0.68093
-0.678512
-0.667965
-0.644423
-0.611136
-0.571104
-0.524847
-0.473691
-0.430413
-0.375961
-0.307933
-0.256809
-0.236225
-0.226577
-0.212765
-0.189288
-0.166225
-0.153769
-0.673787
-0.673636
-0.673221
-0.672515
-0.666092
-0.64494
-0.610523
-0.567161
-0.515049
-0.452421
-0.389442
-0.306714
-0.185467
-0.0487044
0.0596751
0.130925
0.199589
0.261186
0.306543
0.327838
-0.668662
-0.668614
-0.668483
-0.668318
-0.664471
-0.646658
-0.611434
-0.563765
-0.505711
-0.433028
-0.350197
-0.252456
-0.0828879
0.149275
0.395684
0.60747
0.766046
0.867869
0.924366
0.945556
-0.664583
-0.664586
-0.664532
-0.664432
-0.663077
-0.649122
-0.613587
-0.561911
-0.49931
-0.418089
-0.322382
-0.218811
-0.0190589
0.275087
0.606819
0.916178
1.15605
1.29375
1.34941
1.36352
-0.661096
-0.661175
-0.66121
-0.661158
-0.661042
-0.651201
-0.616939
-0.564109
-0.497134
-0.41135
-0.310224
-0.203798
-0.0190689
0.2733
0.600261
0.908187
1.15614
1.2971
1.34654
1.35652
-0.658359
-0.658429
-0.658428
-0.658357
-0.658796
-0.651895
-0.621695
-0.569667
-0.500513
-0.413868
-0.314498
-0.215572
-0.0646609
0.189836
0.464384
0.712065
0.907693
1.01762
1.05735
1.06583
-0.656475
-0.656471
-0.65625
-0.655658
-0.654752
-0.651364
-0.62762
-0.578646
-0.509541
-0.424346
-0.332104
-0.244333
-0.126759
0.0789481
0.292475
0.468795
0.603452
0.680064
0.709752
0.717351
-0.657632
-0.657629
-0.657173
-0.655805
-0.65364
-0.652584
-0.637121
-0.59083
-0.522164
-0.441098
-0.359322
-0.28338
-0.19806
-0.0425688
0.12281
0.252706
0.348918
0.404831
0.427913
0.433905
-0.662273
-0.662755
-0.66394
-0.666328
-0.668981
-0.669611
-0.655409
-0.605579
-0.536693
-0.46369
-0.390664
-0.325068
-0.260964
-0.14481
-0.0168731
0.0827012
0.156026
0.200823
0.218293
0.222069
-0.665684
-0.666954
-0.671378
-0.682989
-0.69984
-0.705665
-0.679367
-0.618795
-0.552679
-0.48941
-0.422538
-0.365325
-0.319063
-0.228188
-0.127123
-0.049283
0.00907296
0.0448133
0.0580605
0.0599266
-0.670281
-0.671433
-0.675597
-0.686365
-0.704716
-0.712716
-0.679277
-0.621059
-0.570477
-0.515332
-0.451096
-0.402831
-0.368412
-0.299099
-0.218347
-0.156469
-0.110056
-0.0823826
-0.073181
-0.0727603
-0.685796
-0.686544
-0.687618
-0.678915
-0.654259
-0.635473
-0.627155
-0.610374
-0.586653
-0.535129
-0.474895
-0.434895
-0.406163
-0.348951
-0.286117
-0.240033
-0.205807
-0.185516
-0.17884
-0.178592
-0.707766
-0.707662
-0.705146
-0.677269
-0.609454
-0.55231
-0.568553
-0.607108
-0.600838
-0.54996
-0.495922
-0.460171
-0.435186
-0.388303
-0.338946
-0.304558
-0.27982
-0.266551
-0.262287
-0.262645
-0.735523
-0.732845
-0.729871
-0.713754
-0.672721
-0.63037
-0.632965
-0.658285
-0.632748
-0.566622
-0.513636
-0.478812
-0.451196
-0.41271
-0.376507
-0.35209
-0.334716
-0.326137
-0.32361
-0.323837
-0.80883
-0.810103
-0.835633
-0.873735
-0.892803
-0.873276
-0.8368
-0.77851
-0.685364
-0.589724
-0.531
-0.490635
-0.460386
-0.426343
-0.396214
-0.37728
-0.365397
-0.360396
-0.35821
-0.358281
-0.942622
-0.957786
-1.00294
-1.0561
-1.08208
-1.06787
-1.00664
-0.890019
-0.733682
-0.611558
-0.542713
-0.492453
-0.461951
-0.432436
-0.403158
-0.384123
-0.373231
-0.367292
-0.364823
-0.364949
-1.03964
-1.0576
-1.09461
-1.13169
-1.15313
-1.13853
-1.06841
-0.912258
-0.734146
-0.613817
-0.534785
-0.481994
-0.456774
-0.426185
-0.395613
-0.374385
-0.360556
-0.352507
-0.349578
-0.349906
-1.02121
-1.03343
-1.05848
-1.08606
-1.10471
-1.09388
-1.02299
-0.851117
-0.692247
-0.582412
-0.499389
-0.460525
-0.440166
-0.406802
-0.373709
-0.350239
-0.333513
-0.323807
-0.32084
-0.321539
-0.879485
-0.890841
-0.912395
-0.938234
-0.958365
-0.950957
-0.88192
-0.740733
-0.619336
-0.516089
-0.450105
-0.425531
-0.406281
-0.375239
-0.344089
-0.319709
-0.301064
-0.291329
-0.288836
-0.289798
-0.646418
-0.658196
-0.681086
-0.710457
-0.73551
-0.73425
-0.677836
-0.590668
-0.505269
-0.429797
-0.393802
-0.371109
-0.358931
-0.33233
-0.303882
-0.282965
-0.268268
-0.261241
-0.259631
-0.260502
-0.368058
-0.378093
-0.39918
-0.4299
-0.46068
-0.47269
-0.453331
-0.416911
-0.373805
-0.341059
-0.318259
-0.304201
-0.300968
-0.277249
-0.25615
-0.242789
-0.233753
-0.229748
-0.228817
-0.229416
-0.122529
-0.12951
-0.146642
-0.175429
-0.211592
-0.244057
-0.262918
-0.266961
-0.257868
-0.246941
-0.233233
-0.23209
-0.228831
-0.211793
-0.200898
-0.194355
-0.190662
-0.189372
-0.188934
-0.189314
0.0240217
0.0189996
0.00541474
-0.0200758
-0.0561604
-0.0975652
-0.133435
-0.153963
-0.159735
-0.158675
-0.156571
-0.152872
-0.148693
-0.143335
-0.139345
-0.137402
-0.136701
-0.136636
-0.136709
-0.137145
0.0648048
0.0609851
0.0510128
0.0321462
0.00488331
-0.025094
-0.0519872
-0.0707627
-0.0802825
-0.0836053
-0.0825999
-0.0773001
-0.0754812
-0.0747583
-0.0751716
-0.0760766
-0.0758861
-0.0759329
-0.0764267
-0.0770331
0.0273981
0.0263741
0.0241793
0.0185966
0.0104284
0.00125209
-0.00629177
-0.0117447
-0.0153243
-0.0164856
-0.016431
-0.0156532
-0.0127008
-0.0132457
-0.014717
-0.0169912
-0.0184012
-0.018778
-0.0175112
-0.0169155
-0.0170291
0.168151
0.337548
0.480244
0.593147
0.680894
0.752997
0.811371
0.825463
0.822433
0.264439
0.382694
0.493198
0.588329
0.667725
0.732738
0.783733
0.818173
0.836661
0.853546
0.454676
0.533117
0.610528
0.678218
0.735649
0.783148
0.8206
0.849328
0.871031
0.890307
0.595355
0.651143
0.707191
0.757396
0.800678
0.837521
0.868522
0.8946
0.914548
0.933456
0.709248
0.751264
0.792938
0.831967
0.866872
0.89779
0.924879
0.947907
0.965685
0.983774
0.804319
0.83923
0.873593
0.906562
0.936996
0.964605
0.98904
1.00962
1.02523
1.04272
0.891328
0.922817
0.954551
0.985276
1.01388
1.03991
1.06277
1.08152
1.09531
1.11232
0.977424
1.00972
1.04183
1.07276
1.1013
1.12689
1.14885
1.16624
1.17853
1.19504
1.07131
1.10764
1.14225
1.17454
1.20355
1.22875
1.24975
1.26594
1.27748
1.2936
1.18417
1.22489
1.26176
1.29451
1.32285
1.34673
1.36626
1.38147
1.39332
1.40937
1.32562
1.3665
1.40166
1.43112
1.45623
1.47778
1.49623
1.51167
1.52476
1.54069
1.49694
1.52894
1.55588
1.57822
1.59828
1.61697
1.63468
1.65143
1.66632
1.68204
1.68302
1.70022
1.7173
1.73398
1.75007
1.76479
1.77868
1.79315
1.80837
1.82567
1.86639
1.87631
1.88948
1.90045
1.90986
1.91951
1.93011
1.94028
1.94956
1.97523
2.0842
2.0785
2.06555
2.05129
2.04499
2.05069
2.06882
2.09735
2.13111
2.16743
2.38702
2.25108
2.17156
2.12901
2.11168
2.11567
2.14309
2.20095
2.30861
2.48702
0.759969
0.753668
0.74594
0.73483
0.721265
0.708625
0.698242
0.69025
0.684561
0.681271
0.680974
0.683859
0.689134
0.696523
0.706095
0.717942
0.731515
0.744452
0.753447
0.760991
0.669024
0.674945
0.68302
0.689158
0.692234
0.691733
0.688661
0.684688
0.681131
0.678891
0.678814
0.681125
0.684925
0.689406
0.693533
0.695797
0.694736
0.69011
0.683061
0.67523
0.66225
0.664623
0.667895
0.670674
0.673134
0.675336
0.676532
0.676411
0.675509
0.674751
0.675031
0.676511
0.678346
0.679615
0.67957
0.678126
0.675984
0.673635
0.670662
0.667647
0.657428
0.658516
0.660438
0.662784
0.664667
0.666081
0.66732
0.668342
0.668983
0.669419
0.670049
0.670869
0.671398
0.671328
0.670736
0.669841
0.668531
0.666576
0.66448
0.663006
0.65236
0.652994
0.654127
0.655895
0.657753
0.659365
0.660641
0.66174
0.662771
0.663738
0.664615
0.665226
0.665438
0.665289
0.664797
0.663857
0.662455
0.660865
0.659539
0.658741
0.647379
0.647817
0.648611
0.649927
0.651467
0.653053
0.654562
0.6559
0.657113
0.658282
0.659343
0.660054
0.660323
0.660158
0.659549
0.658592
0.657472
0.656352
0.655463
0.654932
0.642473
0.6428
0.643418
0.644502
0.645819
0.647247
0.648762
0.650286
0.651748
0.653148
0.654425
0.655303
0.655639
0.655482
0.654953
0.654223
0.653418
0.652594
0.65195
0.651561
0.637616
0.637869
0.638368
0.639297
0.640495
0.641837
0.643304
0.644891
0.646554
0.648232
0.649784
0.650864
0.651342
0.651351
0.651055
0.650576
0.649995
0.649405
0.648944
0.648648
0.632732
0.632932
0.63335
0.634171
0.635296
0.636598
0.63806
0.639705
0.641526
0.643475
0.645353
0.646732
0.647478
0.647758
0.647724
0.647489
0.647127
0.646739
0.646422
0.646189
0.627733
0.627894
0.628253
0.629005
0.63009
0.631382
0.632885
0.63463
0.63663
0.638867
0.641134
0.642918
0.64403
0.644635
0.644885
0.644903
0.644773
0.644572
0.644373
0.644188
0.622527
0.622657
0.622976
0.623686
0.624761
0.626088
0.627673
0.629565
0.631803
0.634394
0.637134
0.639419
0.640971
0.641954
0.642527
0.642821
0.642923
0.642906
0.642811
0.642661
0.61702
0.617124
0.617415
0.61811
0.619211
0.620618
0.622331
0.624428
0.626976
0.630013
0.633335
0.636222
0.638292
0.639713
0.640655
0.641251
0.641612
0.641777
0.641772
0.64165
0.611107
0.611189
0.611465
0.612169
0.613333
0.614861
0.616759
0.61913
0.622076
0.625669
0.629701
0.633311
0.635998
0.637931
0.639297
0.640257
0.640891
0.641237
0.641314
0.641213
0.604671
0.604733
0.605003
0.605739
0.607002
0.6087
0.610849
0.613577
0.617024
0.621303
0.626198
0.630679
0.634101
0.63664
0.638495
0.639858
0.640808
0.641353
0.641509
0.641423
0.59757
0.597613
0.597887
0.598678
0.600079
0.602003
0.604477
0.60766
0.611731
0.616852
0.622793
0.628318
0.632615
0.63587
0.638306
0.640134
0.641446
0.642206
0.642442
0.642367
0.58965
0.589667
0.589943
0.590813
0.592394
0.59461
0.597498
0.601252
0.606098
0.612249
0.619454
0.626228
0.631561
0.635661
0.638789
0.641175
0.642898
0.643892
0.644205
0.644138
0.580637
0.580648
0.580952
0.581924
0.583741
0.586325
0.589734
0.5942
0.600005
0.607417
0.616148
0.62441
0.63097
0.636065
0.640005
0.643059
0.645256
0.646505
0.646895
0.646831
0.570274
0.570258
0.570604
0.571729
0.573848
0.576902
0.58097
0.586328
0.593322
0.602276
0.612843
0.622867
0.630871
0.637138
0.642036
0.645863
0.648609
0.650134
0.650596
0.650531
0.558199
0.558162
0.558559
0.559871
0.56237
0.566029
0.570934
0.577419
0.585895
0.596738
0.609511
0.621613
0.631299
0.638931
0.644954
0.649668
0.653035
0.654847
0.655373
0.6553
0.5439
0.543841
0.544318
0.545885
0.548872
0.553311
0.559297
0.56722
0.577558
0.590721
0.606133
0.620668
0.632288
0.641484
0.64881
0.654534
0.658578
0.660674
0.661247
0.661159
0.526672
0.526592
0.527197
0.52912
0.532761
0.538238
0.545648
0.555441
0.568144
0.584167
0.602717
0.620059
0.633876
0.644839
0.653614
0.660474
0.665235
0.667582
0.668173
0.668062
0.505499
0.505401
0.506215
0.508657
0.51322
0.520138
0.529489
0.541772
0.557517
0.57706
0.599304
0.61983
0.636099
0.649014
0.659372
0.667465
0.672922
0.675449
0.676016
0.675874
0.478837
0.478741
0.479906
0.483157
0.489125
0.498144
0.510261
0.52594
0.545617
0.569465
0.595991
0.620056
0.638984
0.654003
0.666061
0.675412
0.681459
0.684042
0.684533
0.684357
0.444189
0.444147
0.445946
0.450592
0.458927
0.471273
0.487469
0.507825
0.532546
0.561558
0.592935
0.620845
0.642575
0.659788
0.67359
0.684132
0.690548
0.693012
0.693372
0.693163
0.397119
0.397306
0.400513
0.408106
0.420858
0.438684
0.460957
0.487642
0.518639
0.553649
0.590355
0.62232
0.646926
0.666328
0.681839
0.69336
0.699775
0.701902
0.702095
0.701865
0.329316
0.330783
0.338607
0.353015
0.373931
0.400501
0.431356
0.466091
0.504479
0.54615
0.58849
0.624583
0.652053
0.673545
0.690526
0.702603
0.708569
0.710165
0.710196
0.709975
0.248351
0.251207
0.266455
0.291372
0.323493
0.360373
0.400486
0.443671
0.489819
0.538652
0.587306
0.628276
0.659298
0.683445
0.701961
0.714086
0.719323
0.720455
0.720428
0.720296
0.165379
0.172818
0.195746
0.231152
0.274087
0.32105
0.37041
0.422069
0.475989
0.53194
0.586837
0.632584
0.66703
0.693722
0.713664
0.72534
0.729342
0.729909
0.729839
0.729762
0.0974287
0.106969
0.134763
0.177587
0.228979
0.284458
0.342127
0.401699
0.462985
0.525658
0.586336
0.636375
0.673782
0.702497
0.72315
0.734149
0.737419
0.737811
0.737748
0.737696
0.0416712
0.0519638
0.0834625
0.131773
0.18954
0.251792
0.316404
0.382887
0.450815
0.51966
0.585648
0.63958
0.679587
0.70996
0.731104
0.741586
0.744387
0.744678
0.744625
0.744586
-0.00505307
0.00558799
0.0396269
0.0921992
0.155155
0.223012
0.293461
0.365901
0.439716
0.514154
0.585015
0.642489
0.68482
0.71661
0.738073
0.748089
0.750587
0.750832
0.750789
0.750756
-0.0451943
-0.0344072
0.00151796
0.057497
0.124776
0.197433
0.272964
0.350658
0.429764
0.509321
0.584679
0.645399
0.689773
0.722705
0.744303
0.753908
0.756222
0.756462
0.756441
0.756418
-0.0804699
-0.0696419
-0.0322486
0.0265479
0.0975072
0.174335
0.254379
0.33683
0.420806
0.505146
0.584745
0.648482
0.69468
0.728508
0.750089
0.759325
0.761523
0.761792
0.761819
0.761815
-0.112155
-0.10132
-0.0627621
-0.00154272
0.0726192
0.153125
0.237214
0.32403
0.412566
0.501473
0.585178
0.651819
0.69972
0.734309
0.755798
0.7647
0.766813
0.767128
0.767225
0.767255
-0.14128
-0.130418
-0.0908354
-0.0274675
0.0495458
0.133327
0.221071
0.311912
0.404766
0.498103
0.585879
0.655438
0.705033
0.740371
0.761785
0.770411
0.772438
0.7728
0.772973
0.773048
-0.168431
-0.15753
-0.11703
-0.051729
0.0278306
0.114556
0.205632
0.300209
0.397155
0.494842
0.586737
0.659335
0.710711
0.74687
0.768293
0.77671
0.77867
0.779051
0.779271
0.779385
-0.194101
-0.183143
-0.141785
-0.0747253
0.00712958
0.0965186
0.190645
0.288696
0.389542
0.491509
0.587644
0.66347
0.716779
0.753876
0.775402
0.783656
0.785532
0.785889
0.786123
0.786267
-0.21868
-0.207577
-0.165415
-0.096735
-0.012805
0.078992
0.175919
0.277205
0.381758
0.487942
0.588471
0.667775
0.723198
0.761292
0.782989
0.791114
0.792887
0.793178
0.79339
0.793539
-0.24231
-0.231037
-0.188109
-0.117953
-0.0321476
0.0618383
0.161323
0.265602
0.373667
0.483984
0.589051
0.672156
0.729912
0.769062
0.790889
0.798846
0.800472
0.800669
0.800834
0.800963
-0.26519
-0.253696
-0.210032
-0.138495
-0.0510006
0.0449562
0.146766
0.253804
0.365166
0.479502
0.589219
0.676494
0.736896
0.77713
0.798961
0.806584
0.808007
0.808094
0.808195
0.808303
-0.287329
-0.27563
-0.231258
-0.15843
-0.0694214
0.0282974
0.132209
0.241764
0.35619
0.474374
0.588812
0.680642
0.744132
0.785556
0.807097
0.814128
0.815234
0.815217
0.815265
0.815347
-0.308827
-0.296891
-0.251792
-0.177785
-0.0874422
0.0118417
0.117634
0.229467
0.346704
0.468519
0.587667
0.684431
0.75158
0.794492
0.815509
0.821459
0.821986
0.821864
0.821909
0.821981
-0.329571
-0.317466
-0.271653
-0.196587
-0.105061
-0.00438482
0.103056
0.216923
0.336707
0.461899
0.585643
0.687668
0.759159
0.804161
0.824626
0.828886
0.828251
0.827912
0.828131
0.828312
-0.349701
-0.337356
-0.290852
-0.214849
-0.12228
-0.0203804
0.088524
0.204162
0.32622
0.454508
0.582624
0.690132
0.766696
0.814687
0.835112
0.837369
0.83468
0.833521
0.834157
0.834924
-0.369097
-0.356519
-0.309399
-0.232548
-0.139047
-0.0360897
0.0740886
0.191265
0.315297
0.446338
0.578535
0.691591
0.773913
0.82598
0.847498
0.84832
0.843085
0.840015
0.840742
0.842785
-0.38786
-0.37503
-0.327262
-0.249649
-0.155347
-0.0514687
0.0598119
0.178282
0.304006
0.437465
0.573344
0.691793
0.780449
0.837629
0.861668
0.862708
0.855792
0.849729
0.84577
0.839777
-0.405891
-0.392884
-0.344531
-0.266322
-0.171403
-0.0667905
0.0453757
0.164838
0.291945
0.427463
0.566651
0.690348
0.786165
0.849756
0.877678
0.88094
0.873955
0.863852
0.850924
0.850867
-0.423177
-0.410164
-0.361225
-0.282522
-0.187215
-0.0820296
0.0307957
0.150895
0.279054
0.416158
0.55818
0.686591
0.790049
0.861451
0.893668
0.899703
0.892579
0.8807
0.844441
0.806781
-0.439535
-0.426738
-0.377319
-0.29813
-0.202794
-0.0972029
0.0160542
0.136566
0.265367
0.403531
0.547735
0.679947
0.790516
0.871237
0.907258
0.911268
0.90155
0.871606
0.817163
0.763732
-0.457653
-0.441503
-0.392583
-0.312696
-0.217853
-0.112072
0.000775963
0.121883
0.250955
0.389658
0.535171
0.669966
0.7854
0.878313
0.917003
0.918997
0.881921
0.824658
0.755177
0.695025
-0.4464
-0.421918
-0.368246
-0.284264
-0.182282
-0.0733226
0.0454063
0.170305
0.303823
0.448831
0.591623
0.716692
0.825281
0.912068
0.920119
0.841225
0.780622
0.71088
0.641394
0.597264
-0.459756
-0.451898
-0.410674
-0.336095
-0.241157
-0.136242
-0.0229503
0.0980653
0.227
0.365514
0.511056
0.647041
0.762421
0.858126
0.91053
0.874719
0.755483
0.670359
0.60699
0.531546
-0.480255
-0.469597
-0.424851
-0.348823
-0.253321
-0.148883
-0.0365715
0.0835896
0.211847
0.349458
0.494103
0.629595
0.742027
0.82462
0.83947
0.738184
0.601605
0.51205
0.443011
0.365614
-0.502588
-0.490802
-0.442966
-0.366049
-0.270593
-0.165912
-0.0534539
0.0666033
0.194189
0.330688
0.473014
0.60472
0.707548
0.771414
0.740697
0.594933
0.45033
0.346802
0.264497
0.154655
-0.524471
-0.512681
-0.463219
-0.385195
-0.28974
-0.184949
-0.0725699
0.0470089
0.173621
0.30843
0.447495
0.573374
0.666037
0.703695
0.628474
0.447521
0.28138
0.150586
0.0436996
-0.0981315
-0.54614
-0.534429
-0.483962
-0.404946
-0.309203
-0.204437
-0.0924508
0.0263082
0.151607
0.284193
0.419232
0.538038
0.621137
0.61924
0.492637
0.298445
0.106253
-0.0628734
-0.206385
-0.4525
-0.568043
-0.55651
-0.505468
-0.425813
-0.329812
-0.225064
-0.113521
0.00433944
0.128111
0.25806
0.388433
0.498091
0.567365
0.532958
0.359552
0.156405
-0.0500039
-0.23002
-0.399529
-0.655426
-0.590759
-0.579388
-0.528114
-0.448093
-0.351941
-0.247241
-0.13614
-0.0192074
0.102887
0.229842
0.355034
0.454438
0.505822
0.443688
0.237632
0.0292288
-0.173893
-0.345529
-0.432099
-0.48059
-0.614976
-0.603701
-0.552259
-0.472088
-0.376003
-0.271553
-0.161089
-0.0453752
0.0746182
0.197894
0.316964
0.406216
0.434154
0.326755
0.122678
-0.0823817
-0.262959
-0.376946
-0.412538
-0.418294
-0.64088
-0.629637
-0.578019
-0.497804
-0.401942
-0.297965
-0.188407
-0.0742427
0.0431776
0.162071
0.274008
0.352528
0.347042
0.211545
0.0143342
-0.176081
-0.327509
-0.381085
-0.390351
-0.392728
-0.668614
-0.657322
-0.605458
-0.525261
-0.429764
-0.326489
-0.218113
-0.105875
0.00850771
0.122402
0.22625
0.292724
0.261969
0.102027
-0.0823669
-0.258712
-0.356808
-0.379466
-0.379813
-0.380025
-0.698062
-0.686687
-0.634549
-0.554438
-0.459445
-0.357095
-0.250215
-0.140279
-0.0293862
0.0789168
0.174041
0.225972
0.184162
0.00287345
-0.167524
-0.316445
-0.368979
-0.371492
-0.372387
-0.372399
-0.728862
-0.717441
-0.665083
-0.585182
-0.490866
-0.389692
-0.284635
-0.1774
-0.0704473
0.0318392
0.117635
0.156652
0.0968825
-0.0833121
-0.241468
-0.345222
-0.368084
-0.367722
-0.367312
-0.367055
-0.760571
-0.749128
-0.696677
-0.617154
-0.523737
-0.424037
-0.321147
-0.217036
-0.114473
-0.0183586
0.0575283
0.0843796
0.0025748
-0.15887
-0.299126
-0.351413
-0.36295
-0.363481
-0.363696
-0.363531
-0.79243
-0.781064
-0.728706
-0.649791
-0.557581
-0.45971
-0.359388
-0.258821
-0.161105
-0.0712086
-0.00441028
0.00585679
-0.0815552
-0.220583
-0.33282
-0.371392
-0.364956
-0.363046
-0.362243
-0.361919
-0.823372
-0.812182
-0.760243
-0.682284
-0.591695
-0.496088
-0.398774
-0.302157
-0.20969
-0.126268
-0.0657767
-0.0685121
-0.155868
-0.271128
-0.348082
-0.365293
-0.364003
-0.362602
-0.362001
-0.361658
-0.851533
-0.84081
-0.789942
-0.713517
-0.625106
-0.532309
-0.438521
-0.346258
-0.259276
-0.182597
-0.126909
-0.13426
-0.219129
-0.307619
-0.361516
-0.363142
-0.362634
-0.36215
-0.361755
-0.361573
-0.875401
-0.865393
-0.816204
-0.742013
-0.656541
-0.567246
-0.477593
-0.390144
-0.30874
-0.238693
-0.188922
-0.192404
-0.26716
-0.329994
-0.359841
-0.366843
-0.362098
-0.360866
-0.360708
-0.360703
-0.892405
-0.883318
-0.836875
-0.765984
-0.684473
-0.599544
-0.514736
-0.432616
-0.356984
-0.292916
-0.248076
-0.245999
-0.301248
-0.343789
-0.356961
-0.359495
-0.361365
-0.361212
-0.361052
-0.360954
-0.900399
-0.892178
-0.849607
-0.783487
-0.707182
-0.627691
-0.548545
-0.472288
-0.402728
-0.344134
-0.300777
-0.29631
-0.328421
-0.35869
-0.370676
-0.364655
-0.363866
-0.363161
-0.362644
-0.362363
-0.895453
-0.888588
-0.852585
-0.792584
-0.722923
-0.65018
-0.577606
-0.507717
-0.444308
-0.391662
-0.347981
-0.336215
-0.350209
-0.359397
-0.373443
-0.365925
-0.363364
-0.362767
-0.362571
-0.362437
-0.875915
-0.871187
-0.843262
-0.791756
-0.730391
-0.665738
-0.600726
-0.537636
-0.480177
-0.433804
-0.39484
-0.371894
-0.354058
-0.317279
-0.33479
-0.348355
-0.356717
-0.360717
-0.362419
-0.363032
-0.842545
-0.839231
-0.820495
-0.780235
-0.729024
-0.673755
-0.617146
-0.561239
-0.509534
-0.468174
-0.441383
-0.404614
-0.374343
-0.34558
-0.345348
-0.362109
-0.36884
-0.370966
-0.372817
-0.373754
-0.800475
-0.798402
-0.787967
-0.760338
-0.720165
-0.674827
-0.626826
-0.578169
-0.531889
-0.494358
-0.468413
-0.4438
-0.418252
-0.425223
-0.431326
-0.41671
-0.406425
-0.402293
-0.401093
-0.400729
-0.758585
-0.757367
-0.752422
-0.736598
-0.707523
-0.670871
-0.630758
-0.588442
-0.546787
-0.510487
-0.484854
-0.464534
-0.454022
-0.457055
-0.44073
-0.414837
-0.41697
-0.427953
-0.430702
-0.431514
-0.725585
-0.724912
-0.722389
-0.713623
-0.69389
-0.665077
-0.630826
-0.593125
-0.553875
-0.516833
-0.490127
-0.464106
-0.4622
-0.460984
-0.496038
-0.533612
-0.565946
-0.563297
-0.525603
-0.507066
-0.702536
-0.701864
-0.700526
-0.696967
-0.683809
-0.660509
-0.629625
-0.593963
-0.554505
-0.513996
-0.480833
-0.454211
-0.440675
-0.454851
-0.503539
-0.560233
-0.58402
-0.578192
-0.543804
-0.515532
-0.687066
-0.686839
-0.68631
-0.684458
-0.677269
-0.658178
-0.628948
-0.592792
-0.551248
-0.505487
-0.464066
-0.428614
-0.386777
-0.355647
-0.363773
-0.370986
-0.363105
-0.356463
-0.338848
-0.321268
-0.677372
-0.677331
-0.676999
-0.676391
-0.672895
-0.657474
-0.628871
-0.590695
-0.545452
-0.492664
-0.436445
-0.381244
-0.29413
-0.195566
-0.118717
-0.0831174
-0.0531195
-0.0105869
0.0278458
0.0544296
-0.670986
-0.670963
-0.670733
-0.67051
-0.668869
-0.657671
-0.629862
-0.589053
-0.539392
-0.478563
-0.405526
-0.330111
-0.210052
-0.0420657
0.146305
0.306029
0.427176
0.52291
0.588764
0.626649
-0.666474
-0.666476
-0.666415
-0.666251
-0.665682
-0.658719
-0.6322
-0.589045
-0.53424
-0.465741
-0.38047
-0.289611
-0.149232
0.0838909
0.381214
0.669382
0.913684
1.07809
1.16368
1.19677
-0.662774
-0.662828
-0.662892
-0.662915
-0.662985
-0.658961
-0.63528
-0.591017
-0.531718
-0.458324
-0.365684
-0.263668
-0.123815
0.130249
0.460017
0.792256
1.08549
1.28656
1.38097
1.40715
-0.659577
-0.659678
-0.659716
-0.659643
-0.659747
-0.658231
-0.638663
-0.594889
-0.533576
-0.457636
-0.362709
-0.259057
-0.137338
0.0914769
0.389724
0.686083
0.946892
1.12561
1.20616
1.22799
-0.657194
-0.657279
-0.657275
-0.657147
-0.657024
-0.655791
-0.641718
-0.601001
-0.540931
-0.463719
-0.371128
-0.274554
-0.173681
0.0150086
0.262842
0.490456
0.679725
0.808765
0.868345
0.886239
-0.656428
-0.65652
-0.656312
-0.655576
-0.65393
-0.652811
-0.645144
-0.610474
-0.552392
-0.475245
-0.388962
-0.302422
-0.221395
-0.0790767
0.114759
0.284359
0.415809
0.505018
0.548052
0.562592
-0.659676
-0.659865
-0.659973
-0.659819
-0.658997
-0.658375
-0.655159
-0.625306
-0.565574
-0.491117
-0.413574
-0.337816
-0.272397
-0.170001
-0.020369
0.111043
0.208481
0.274941
0.307896
0.318729
-0.664106
-0.6647
-0.666273
-0.671056
-0.679789
-0.687689
-0.68193
-0.644613
-0.578564
-0.510505
-0.442098
-0.373442
-0.320821
-0.24433
-0.129737
-0.0285593
0.0477439
0.102063
0.129043
0.136754
-0.666632
-0.667579
-0.670126
-0.679019
-0.697521
-0.715163
-0.707403
-0.655851
-0.589501
-0.533476
-0.47036
-0.408404
-0.366565
-0.310579
-0.217794
-0.136877
-0.0774109
-0.0347326
-0.0149973
-0.0100613
-0.67634
-0.677042
-0.678882
-0.682637
-0.684233
-0.687845
-0.678026
-0.637097
-0.597991
-0.555742
-0.49436
-0.438782
-0.404662
-0.361326
-0.289298
-0.226305
-0.179659
-0.146741
-0.131952
-0.128161
-0.696225
-0.696396
-0.697082
-0.690943
-0.652929
-0.596894
-0.584134
-0.598515
-0.605504
-0.571958
-0.512964
-0.464683
-0.436325
-0.398665
-0.339776
-0.292644
-0.258327
-0.234774
-0.224857
-0.222855
-0.719737
-0.719234
-0.71769
-0.705269
-0.655245
-0.584521
-0.558362
-0.60406
-0.627918
-0.589075
-0.528804
-0.486252
-0.457352
-0.425224
-0.379736
-0.343855
-0.319273
-0.303658
-0.297121
-0.296029
-0.764138
-0.76079
-0.761549
-0.773143
-0.779667
-0.761268
-0.731437
-0.725089
-0.689913
-0.61666
-0.546838
-0.502664
-0.471035
-0.439011
-0.402686
-0.376888
-0.359525
-0.348992
-0.34527
-0.34428
-0.874778
-0.873125
-0.898084
-0.947593
-0.992853
-0.998101
-0.962903
-0.894456
-0.779269
-0.65161
-0.566109
-0.514386
-0.476076
-0.447156
-0.414586
-0.390892
-0.376429
-0.369009
-0.365512
-0.364526
-1.0033
-1.00776
-1.03979
-1.08881
-1.1248
-1.13245
-1.0922
-0.994201
-0.824047
-0.669848
-0.576727
-0.512423
-0.472478
-0.446849
-0.415315
-0.390174
-0.374745
-0.365099
-0.360311
-0.359292
-1.04533
-1.05204
-1.07635
-1.1084
-1.13603
-1.14312
-1.10419
-0.985813
-0.794104
-0.654707
-0.558546
-0.491579
-0.46088
-0.43597
-0.400554
-0.373581
-0.35512
-0.343034
-0.337144
-0.33633
-0.962051
-0.967378
-0.985288
-1.01022
-1.03428
-1.04202
-1.00885
-0.887906
-0.722783
-0.605313
-0.508433
-0.456834
-0.435684
-0.410776
-0.375088
-0.346885
-0.325742
-0.311425
-0.305309
-0.304947
-0.770531
-0.776738
-0.793468
-0.819075
-0.846033
-0.859115
-0.828243
-0.727643
-0.617734
-0.517539
-0.443383
-0.410673
-0.39265
-0.371089
-0.339089
-0.31264
-0.292284
-0.279387
-0.274298
-0.274263
-0.504327
-0.511218
-0.528377
-0.556979
-0.589088
-0.608414
-0.591189
-0.534642
-0.471911
-0.408012
-0.37127
-0.346701
-0.335604
-0.320563
-0.292521
-0.271435
-0.256864
-0.248385
-0.245261
-0.245239
-0.23318
-0.238689
-0.25311
-0.278226
-0.310755
-0.340625
-0.352204
-0.345013
-0.325341
-0.303213
-0.285095
-0.270224
-0.269426
-0.256618
-0.23591
-0.224229
-0.21605
-0.211739
-0.21038
-0.210364
-0.0341562
-0.0380003
-0.0482979
-0.0693009
-0.101672
-0.141562
-0.177732
-0.201469
-0.207765
-0.204948
-0.196453
-0.193191
-0.191238
-0.183797
-0.173794
-0.168226
-0.165382
-0.164518
-0.164169
-0.164211
0.0573729
0.054554
0.0469284
0.0298465
0.00154634
-0.034343
-0.071448
-0.100069
-0.114059
-0.119446
-0.120852
-0.116262
-0.112216
-0.109418
-0.107679
-0.107181
-0.106946
-0.106788
-0.106879
-0.10722
0.0267602
0.025695
0.0217829
0.0147854
0.00579738
-0.00274267
-0.00926847
-0.0136479
-0.016535
-0.0161712
-0.0167992
-0.0131203
-0.013864
-0.0132961
-0.0158269
-0.0177822
-0.0188623
-0.0182282
-0.0169419
-0.0454775
-0.634548
-0.212623
0.118043
0.333107
0.48952
0.607357
0.697215
0.769897
0.849517
0.900916
0.0541115
0.215066
0.355669
0.481674
0.586525
0.671282
0.739493
0.792942
0.821824
0.828447
0.325708
0.414322
0.510316
0.596649
0.670154
0.731482
0.78075
0.817357
0.842572
0.861961
0.498195
0.56193
0.628558
0.690664
0.744441
0.789895
0.827305
0.857682
0.882081
0.901385
0.631324
0.67875
0.727415
0.773595
0.814789
0.850728
0.881793
0.908548
0.930441
0.948055
0.739201
0.778067
0.815223
0.851575
0.885489
0.916159
0.943472
0.967256
0.986501
1.00252
0.833489
0.864724
0.897554
0.929619
0.960003
0.988008
1.01314
1.03486
1.05196
1.06646
0.9202
0.949748
0.981361
1.0125
1.04204
1.06919
1.09331
1.11367
1.12905
1.1423
1.00786
1.03983
1.07362
1.10605
1.13627
1.16348
1.18704
1.20634
1.22042
1.23278
1.10801
1.14429
1.18188
1.21624
1.24711
1.27395
1.29645
1.31448
1.32775
1.3402
1.23301
1.27219
1.31181
1.34584
1.37514
1.40003
1.42082
1.4378
1.45117
1.46457
1.39212
1.4274
1.46261
1.49119
1.51532
1.53663
1.55579
1.57303
1.58794
1.60236
1.57984
1.60202
1.62561
1.64548
1.66378
1.68115
1.69766
1.71404
1.73023
1.7458
1.7722
1.78033
1.79412
1.80896
1.82341
1.83635
1.84799
1.85922
1.87094
1.88702
1.96768
1.96761
1.97762
1.9811
1.98209
1.98648
1.99698
2.01189
2.02622
2.04063
2.2648
2.20928
2.15477
2.11514
2.09288
2.08875
2.10227
2.13607
2.19393
2.27427
0.882063
0.829572
0.786692
0.753687
0.729953
0.712848
0.700431
0.691461
0.685286
0.681761
0.68142
0.684428
0.690027
0.698102
0.709085
0.723938
0.744276
0.772461
0.810501
0.859857
0.693149
0.702099
0.708862
0.709113
0.704421
0.697658
0.690949
0.685372
0.681484
0.679841
0.681113
0.684852
0.690305
0.697014
0.704283
0.710599
0.713363
0.709922
0.700843
0.694528
0.6658
0.668003
0.672868
0.677017
0.680571
0.68262
0.682465
0.680708
0.678529
0.677017
0.67711
0.679014
0.681819
0.684548
0.686074
0.685436
0.682711
0.679003
0.674615
0.669959
0.660571
0.661529
0.664032
0.666496
0.668392
0.670058
0.671463
0.672204
0.672264
0.672182
0.672647
0.673748
0.674793
0.675135
0.674541
0.673343
0.671875
0.669913
0.667439
0.665337
0.655202
0.655681
0.657135
0.659226
0.661158
0.662646
0.663825
0.664885
0.6658
0.666575
0.667341
0.668001
0.668278
0.668116
0.667622
0.666771
0.665383
0.663544
0.66186
0.660805
0.65008
0.650379
0.651307
0.652809
0.65451
0.656155
0.657575
0.658778
0.659889
0.660967
0.661937
0.662579
0.662809
0.662665
0.662108
0.661113
0.659821
0.65849
0.657423
0.656784
0.645077
0.64529
0.645985
0.64717
0.648581
0.650085
0.651619
0.653071
0.654407
0.655681
0.656842
0.657635
0.657935
0.657758
0.65716
0.656303
0.655354
0.654395
0.65364
0.653189
0.640165
0.640326
0.640879
0.641878
0.643128
0.644507
0.645997
0.647561
0.649131
0.650669
0.652076
0.653046
0.653436
0.653346
0.652926
0.652323
0.651634
0.650932
0.650384
0.650046
0.635277
0.635403
0.635858
0.636726
0.637885
0.639207
0.640667
0.642279
0.644021
0.645835
0.647544
0.648759
0.649354
0.649492
0.649327
0.648968
0.648495
0.648008
0.647622
0.647361
0.630326
0.630428
0.630813
0.631595
0.632697
0.633993
0.635474
0.637162
0.639066
0.641153
0.643216
0.644785
0.645702
0.646141
0.646246
0.646134
0.645889
0.645593
0.645336
0.645129
0.625219
0.625302
0.625639
0.626364
0.627441
0.62875
0.630292
0.632104
0.634214
0.636616
0.639107
0.64113
0.642451
0.64324
0.643648
0.643798
0.643786
0.643673
0.643527
0.643361
0.619861
0.619929
0.620232
0.620929
0.622013
0.623381
0.625028
0.627013
0.629395
0.632196
0.635212
0.637784
0.639581
0.640778
0.641532
0.641969
0.642195
0.642269
0.64222
0.642085
0.614152
0.614209
0.61449
0.615184
0.616312
0.617782
0.619584
0.621807
0.624541
0.627841
0.6315
0.634732
0.637093
0.638763
0.639913
0.640684
0.641174
0.641427
0.641464
0.641352
0.607983
0.60803
0.608301
0.609014
0.610222
0.611839
0.613858
0.616395
0.619576
0.623493
0.627936
0.631961
0.634995
0.637223
0.63883
0.639986
0.640761
0.641205
0.641322
0.641229
0.601224
0.601262
0.601532
0.602285
0.603612
0.605428
0.607735
0.610675
0.614415
0.619093
0.624486
0.629465
0.633301
0.636189
0.638329
0.639911
0.641026
0.641677
0.641874
0.641795
0.593723
0.593751
0.594027
0.594843
0.596329
0.598405
0.60108
0.60453
0.608966
0.614575
0.621118
0.62724
0.632028
0.635695
0.63847
0.640557
0.642058
0.642934
0.64321
0.64314
0.585295
0.585322
0.585593
0.586492
0.588185
0.590594
0.593734
0.597821
0.603119
0.609867
0.6178
0.625286
0.631202
0.635785
0.639313
0.642005
0.643951
0.645072
0.645425
0.64536
0.575637
0.575656
0.575984
0.576982
0.578944
0.581777
0.585501
0.590384
0.596749
0.604892
0.614498
0.623606
0.630854
0.636517
0.640929
0.644334
0.646793
0.648182
0.648611
0.648547
0.564466
0.564475
0.564825
0.565991
0.568301
0.571675
0.57614
0.582023
0.589714
0.599563
0.611183
0.622206
0.631015
0.637946
0.643394
0.647624
0.650673
0.652346
0.652844
0.652776
0.551357
0.551358
0.551755
0.553123
0.55587
0.559936
0.56535
0.572504
0.581853
0.593795
0.607829
0.621105
0.631719
0.640114
0.646773
0.651953
0.655653
0.657615
0.65817
0.658091
0.535715
0.535709
0.536174
0.537814
0.541142
0.546116
0.552765
0.561554
0.572998
0.587515
0.604429
0.620324
0.633005
0.643066
0.651105
0.65735
0.661756
0.663992
0.664581
0.664483
0.516702
0.516689
0.517256
0.519291
0.52342
0.529629
0.537931
0.548869
0.562992
0.580682
0.601006
0.619899
0.634907
0.646834
0.656384
0.66382
0.668943
0.671401
0.67199
0.671865
0.493087
0.493067
0.493799
0.496442
0.501749
0.509709
0.520309
0.534147
0.551728
0.573317
0.597628
0.619886
0.637457
0.651422
0.662615
0.6713
0.677084
0.67967
0.68021
0.680051
0.46294
0.462915
0.463942
0.467606
0.474809
0.485408
0.499349
0.517173
0.539218
0.565536
0.59442
0.620379
0.64069
0.656817
0.669738
0.679661
0.685947
0.688508
0.688944
0.68875
0.422994
0.422982
0.424675
0.430319
0.44087
0.455754
0.47468
0.49797
0.525671
0.557582
0.591572
0.621496
0.644656
0.662988
0.677653
0.688671
0.695183
0.69752
0.697803
0.697578
0.367067
0.367284
0.371168
0.381441
0.398336
0.420261
0.44648
0.476985
0.511553
0.549825
0.589322
0.623359
0.649402
0.669895
0.686184
0.698017
0.704339
0.706249
0.706358
0.706115
0.287358
0.289844
0.301326
0.321411
0.348736
0.380565
0.416055
0.455024
0.497265
0.542447
0.587816
0.62622
0.655371
0.678216
0.69604
0.708269
0.714054
0.715457
0.715416
0.715188
0.203027
0.208917
0.229385
0.260085
0.298524
0.34059
0.385345
0.432778
0.482827
0.535249
0.587078
0.630508
0.66332
0.688889
0.708307
0.720373
0.725063
0.725856
0.725739
0.725583
0.129063
0.136035
0.163137
0.20297
0.250955
0.3024
0.356056
0.41177
0.46944
0.528806
0.586648
0.6346
0.670605
0.698439
0.718834
0.730206
0.733838
0.734293
0.734179
0.734066
0.0683228
0.0758761
0.107325
0.153553
0.208663
0.267693
0.328976
0.392124
0.456823
0.522649
0.586036
0.638069
0.676829
0.706475
0.727432
0.738209
0.741245
0.741554
0.741449
0.741356
0.0178387
0.025747
0.0600563
0.111143
0.171871
0.237024
0.304651
0.374209
0.44516
0.516863
0.585336
0.641081
0.682297
0.713477
0.734844
0.745119
0.747761
0.747997
0.747899
0.747812
-0.0249863
-0.016895
0.0193571
0.0742195
0.139602
0.209932
0.282988
0.35812
0.434638
0.51168
0.584827
0.643957
0.68735
0.719803
0.741403
0.751226
0.753621
0.753834
0.75375
0.753667
-0.0622128
-0.0540273
-0.01636
0.0415643
0.110867
0.185667
0.263507
0.343629
0.425208
0.507187
0.584686
0.646937
0.69225
0.725703
0.747358
0.756783
0.75903
0.759259
0.759209
0.759135
-0.0953831
-0.0871206
-0.04832
0.0121749
0.0848618
0.163573
0.245683
0.330357
0.416644
0.503284
0.584944
0.650139
0.6972
0.731456
0.753047
0.762113
0.764262
0.764536
0.764544
0.764492
-0.125507
-0.117182
-0.0774421
-0.0147416
0.0609353
0.143115
0.229069
0.317932
0.408653
0.499785
0.585523
0.653614
0.702357
0.737347
0.758849
0.767603
0.769667
0.769994
0.770075
0.770058
-0.153435
-0.145042
-0.104451
-0.0397765
0.0385838
0.123869
0.213308
0.306049
0.400973
0.49649
0.586315
0.657374
0.707845
0.743606
0.765059
0.773573
0.775574
0.775935
0.776076
0.776095
-0.179673
-0.171205
-0.129808
-0.0633599
0.0174067
0.105492
0.19812
0.294464
0.39338
0.493213
0.587209
0.661393
0.713715
0.750344
0.771869
0.780195
0.782123
0.78248
0.782655
0.7827
-0.204659
-0.19607
-0.153933
-0.0858316
-0.00289136
0.0877271
0.183281
0.282977
0.385698
0.489781
0.588094
0.665624
0.719968
0.757564
0.779218
0.787413
0.789249
0.78956
0.789736
0.789793
-0.228592
-0.219888
-0.177043
-0.107425
-0.0225177
0.0703997
0.168629
0.271441
0.377775
0.486035
0.588816
0.66998
0.726536
0.76516
0.786977
0.795033
0.796744
0.796978
0.797121
0.797181
-0.251672
-0.242835
-0.199307
-0.128294
-0.0416074
0.0533861
0.154058
0.259747
0.36949
0.48183
0.589211
0.674353
0.733387
0.773077
0.794959
0.802793
0.804326
0.80446
0.804547
0.804607
-0.274052
-0.265071
-0.220833
-0.148531
-0.0602429
0.0366187
0.139505
0.247833
0.360751
0.477032
0.589109
0.678614
0.740499
0.781309
0.803048
0.810439
0.811727
0.811752
0.811782
0.811826
-0.295777
-0.286618
-0.24169
-0.168173
-0.0784681
0.0200624
0.124933
0.23566
0.351519
0.471552
0.588351
0.682605
0.747847
0.789963
0.811272
0.817854
0.81872
0.81865
0.818651
0.818675
-0.316809
-0.307495
-0.261866
-0.187252
-0.0962921
0.00370967
0.110356
0.22323
0.341777
0.465317
0.586782
0.686145
0.755376
0.79924
0.819965
0.825149
0.825202
0.825001
0.825076
0.825129
-0.337158
-0.327695
-0.281379
-0.20579
-0.113713
-0.0124097
0.0957936
0.210573
0.33153
0.458309
0.58427
0.689022
0.762965
0.809333
0.829677
0.832938
0.831411
0.830761
0.831148
0.831493
-0.356857
-0.347217
-0.300242
-0.223773
-0.130716
-0.0282577
0.081298
0.197737
0.320814
0.45052
0.580727
0.691014
0.770382
0.820274
0.841077
0.842474
0.838503
0.836536
0.837357
0.838677
-0.375822
-0.366013
-0.31845
-0.241182
-0.147258
-0.0438094
0.066926
0.184779
0.309691
0.441987
0.576079
0.691876
0.777311
0.831816
0.854426
0.855114
0.848846
0.844352
0.843751
0.844903
-0.394135
-0.384156
-0.335988
-0.258033
-0.163387
-0.0590956
0.052648
0.171661
0.298124
0.432664
0.570238
0.691342
0.783477
0.843659
0.869494
0.871426
0.864288
0.856327
0.848724
0.838713
-0.411776
-0.401698
-0.352975
-0.27451
-0.179351
-0.0744151
0.0381007
0.157937
0.285607
0.421977
0.562654
0.688813
0.788458
0.855766
0.885853
0.890598
0.883951
0.871171
0.857469
0.829857
-0.428827
-0.418686
-0.369377
-0.290439
-0.195015
-0.0895969
0.0234689
0.1438
0.272329
0.410031
0.553229
0.683685
0.790892
0.86671
0.900867
0.907057
0.898478
0.880151
0.833066
0.784735
-0.446899
-0.434229
-0.385098
-0.305704
-0.210549
-0.104783
0.0084902
0.129251
0.258233
0.396719
0.541693
0.675386
0.788847
0.875103
0.912372
0.908705
0.896617
0.854807
0.791539
0.734579
-0.469315
-0.46647
-0.405648
-0.318262
-0.223142
-0.117558
-0.00655144
0.114912
0.244006
0.382819
0.5286
0.66415
0.780738
0.88205
0.896052
0.895388
0.851621
0.783201
0.711005
0.64797
-0.446764
-0.438304
-0.377512
-0.290741
-0.189394
-0.0805137
0.0359305
0.160728
0.294082
0.438847
0.581572
0.70669
0.813624
0.90145
0.889713
0.789824
0.705785
0.63921
0.570571
0.446372
-0.480382
-0.452374
-0.389814
-0.301947
-0.201253
-0.0925
0.0235669
0.14792
0.280756
0.424704
0.566292
0.689885
0.786847
0.847873
0.803177
0.662591
0.551921
0.477583
0.402422
0.265721
-0.505027
-0.471563
-0.407609
-0.320133
-0.219589
-0.110884
0.00539325
0.129149
0.260961
0.403115
0.541901
0.660948
0.746847
0.771718
0.677258
0.518661
0.393211
0.30647
0.211611
0.0271878
-0.527429
-0.492593
-0.427083
-0.339171
-0.238612
-0.129908
-0.0139131
0.109053
0.239514
0.379264
0.513766
0.62509
0.696455
0.683845
0.537123
0.361705
0.211391
0.0963784
-0.0170399
-0.294475
-0.549276
-0.513811
-0.447227
-0.358675
-0.258025
-0.149492
-0.0341154
0.0878447
0.216632
0.35341
0.482427
0.583828
0.635553
0.584917
0.395857
0.200961
0.0169275
-0.131793
-0.314254
-0.664227
-0.571035
-0.535584
-0.468354
-0.379357
-0.278581
-0.170288
-0.0555684
0.0652263
0.192011
0.325284
0.447779
0.539734
0.567296
0.459377
0.2611
0.0504957
-0.143843
-0.312638
-0.50342
-0.831945
-0.593818
-0.558348
-0.490799
-0.401534
-0.300696
-0.192647
-0.0785906
0.0409518
0.165477
0.294781
0.410136
0.490939
0.488085
0.338647
0.138275
-0.0753274
-0.266616
-0.400709
-0.456825
-0.495067
-0.618022
-0.582545
-0.514851
-0.425534
-0.324833
-0.217224
-0.10405
0.0138909
0.135626
0.260065
0.367508
0.431946
0.403699
0.22125
0.0216703
-0.175746
-0.334255
-0.397533
-0.415901
-0.419117
-0.643943
-0.60836
-0.540567
-0.451335
-0.350969
-0.244026
-0.132052
-0.016111
0.102298
0.220983
0.320007
0.364867
0.312986
0.111243
-0.0834134
-0.259658
-0.369377
-0.387416
-0.392213
-0.392435
-0.671722
-0.635882
-0.567982
-0.478928
-0.379077
-0.273071
-0.162617
-0.0490779
0.0654458
0.177634
0.266884
0.295881
0.201774
0.010951
-0.175072
-0.322311
-0.372643
-0.37977
-0.380061
-0.379765
-0.701235
-0.665062
-0.597069
-0.508316
-0.409158
-0.304345
-0.195749
-0.0850348
0.0250994
0.13012
0.208686
0.219269
0.0965233
-0.0807372
-0.250633
-0.357107
-0.37155
-0.372033
-0.372498
-0.372229
-0.732049
-0.695671
-0.627658
-0.539342
-0.44109
-0.33776
-0.231388
-0.123939
-0.018607
0.0786746
0.146789
0.138639
0.00301655
-0.162371
-0.307239
-0.357479
-0.368329
-0.367451
-0.367189
-0.366915
-0.763798
-0.727267
-0.659386
-0.571699
-0.474617
-0.373092
-0.269327
-0.165592
-0.065414
0.0240488
0.0803113
0.059482
-0.0823726
-0.231421
-0.341847
-0.364259
-0.363034
-0.363723
-0.363625
-0.363423
-0.795562
-0.75923
-0.691642
-0.60487
-0.509288
-0.409943
-0.309194
-0.209621
-0.114976
-0.032736
0.0104145
-0.0143056
-0.156712
-0.281769
-0.361263
-0.3669
-0.363825
-0.362545
-0.362059
-0.361797
-0.826284
-0.790532
-0.723569
-0.638098
-0.544446
-0.447725
-0.350414
-0.25539
-0.166704
-0.0910444
-0.0556112
-0.0923673
-0.21783
-0.319273
-0.355204
-0.365548
-0.363079
-0.362255
-0.361813
-0.361533
-0.854449
-0.819689
-0.753944
-0.67035
-0.579174
-0.48561
-0.392219
-0.302058
-0.219565
-0.150428
-0.117575
-0.166147
-0.265263
-0.344304
-0.36716
-0.362622
-0.362439
-0.361912
-0.361647
-0.361527
-0.878094
-0.845079
-0.781206
-0.700252
-0.612277
-0.522527
-0.433602
-0.348619
-0.272192
-0.209921
-0.17982
-0.225097
-0.300023
-0.352476
-0.368543
-0.363937
-0.36122
-0.360736
-0.360708
-0.360684
-0.894904
-0.864299
-0.803419
-0.726151
-0.642323
-0.557179
-0.473344
-0.393921
-0.323374
-0.26706
-0.239275
-0.27215
-0.323504
-0.356007
-0.357271
-0.360919
-0.361352
-0.36111
-0.361008
-0.360896
-0.902523
-0.874847
-0.81845
-0.746226
-0.667711
-0.588118
-0.510052
-0.436582
-0.372056
-0.319902
-0.291045
-0.313233
-0.341732
-0.369185
-0.366313
-0.364101
-0.363531
-0.362866
-0.362481
-0.362283
-0.897938
-0.874428
-0.824484
-0.758584
-0.686841
-0.613899
-0.542309
-0.47508
-0.416783
-0.368823
-0.331577
-0.349423
-0.348333
-0.371706
-0.368983
-0.364249
-0.362947
-0.362658
-0.362499
-0.362388
-0.877878
-0.860686
-0.819549
-0.761854
-0.698409
-0.633292
-0.568913
-0.50808
-0.455528
-0.414114
-0.373878
-0.372792
-0.328976
-0.319297
-0.342181
-0.353311
-0.359101
-0.361769
-0.362818
-0.363119
-0.844205
-0.832549
-0.802486
-0.75549
-0.701724
-0.645625
-0.589088
-0.534693
-0.487222
-0.453034
-0.41763
-0.391301
-0.35919
-0.338315
-0.354805
-0.366657
-0.369964
-0.371964
-0.37342
-0.373897
-0.801828
-0.794787
-0.776325
-0.74124
-0.697941
-0.651164
-0.602526
-0.554574
-0.511633
-0.480943
-0.453712
-0.430211
-0.418076
-0.430588
-0.425598
-0.410067
-0.403827
-0.401438
-0.400907
-0.400572
-0.759561
-0.755724
-0.746161
-0.723411
-0.689889
-0.651324
-0.609797
-0.567436
-0.527583
-0.497027
-0.470028
-0.460888
-0.452176
-0.457701
-0.42428
-0.413392
-0.422907
-0.429949
-0.431256
-0.431574
-0.726165
-0.724075
-0.719202
-0.705084
-0.680462
-0.648287
-0.612387
-0.573604
-0.534856
-0.501424
-0.477072
-0.463113
-0.456779
-0.474137
-0.514441
-0.552077
-0.571082
-0.545216
-0.511549
-0.508525
-0.702283
-0.701271
-0.69938
-0.691784
-0.673224
-0.645874
-0.612461
-0.574682
-0.534137
-0.495644
-0.468317
-0.443599
-0.443349
-0.477259
-0.533363
-0.578155
-0.583607
-0.564973
-0.525108
-0.513345
-0.687
-0.686592
-0.685812
-0.682035
-0.669174
-0.64467
-0.611539
-0.572653
-0.528754
-0.483134
-0.447223
-0.408399
-0.368662
-0.354234
-0.371862
-0.36608
-0.36102
-0.349028
-0.328533
-0.318904
-0.677375
-0.677203
-0.676708
-0.67533
-0.666999
-0.644528
-0.610817
-0.569001
-0.520302
-0.463413
-0.410689
-0.340697
-0.24472
-0.15068
-0.095895
-0.0701346
-0.0325519
0.00947643
0.0436313
0.0599702
-0.670992
-0.670874
-0.670574
-0.670376
-0.665171
-0.645624
-0.610818
-0.565501
-0.510581
-0.442313
-0.368766
-0.276617
-0.131534
0.0524953
0.230719
0.370231
0.478414
0.559051
0.611788
0.634419
-0.666482
-0.666453
-0.666351
-0.666093
-0.663957
-0.647931
-0.612406
-0.562865
-0.502117
-0.424527
-0.334395
-0.233778
-0.0438765
0.227814
0.527585
0.80005
1.00718
1.12912
1.18528
1.20267
-0.662801
-0.662854
-0.662915
-0.662929
-0.661945
-0.65022
-0.615169
-0.56299
-0.497282
-0.413521
-0.314256
-0.208157
-0.0109913
0.288417
0.628246
0.946923
1.20026
1.34606
1.39924
1.41071
-0.659629
-0.659708
-0.659698
-0.659594
-0.66011
-0.651582
-0.619358
-0.566113
-0.497825
-0.411593
-0.310493
-0.206731
-0.0388991
0.237053
0.53986
0.823192
1.04969
1.17661
1.22158
1.23061
-0.657243
-0.657288
-0.657227
-0.657061
-0.657005
-0.651684
-0.624376
-0.573131
-0.504493
-0.41833
-0.321839
-0.228434
-0.0937608
0.137291
0.380773
0.590283
0.753909
0.846105
0.880585
0.888563
-0.656497
-0.656461
-0.656026
-0.654875
-0.653117
-0.651445
-0.630946
-0.584312
-0.515758
-0.43189
-0.344829
-0.263025
-0.162333
0.0169381
0.204422
0.354377
0.4666
0.531599
0.557669
0.564749
-0.659772
-0.659931
-0.659951
-0.659513
-0.658407
-0.658231
-0.644186
-0.598561
-0.529282
-0.451764
-0.374801
-0.304297
-0.230931
-0.0966721
0.0497207
0.163314
0.246133
0.295253
0.315213
0.320019
-0.664349
-0.665259
-0.668121
-0.675042
-0.684363
-0.687249
-0.668173
-0.613265
-0.54432
-0.476278
-0.406625
-0.345311
-0.290273
-0.188341
-0.0758348
0.0120609
0.0782739
0.118821
0.134574
0.137312
-0.667061
-0.668437
-0.673472
-0.687229
-0.708222
-0.715015
-0.687094
-0.621565
-0.561299
-0.502772
-0.437503
-0.384576
-0.345826
-0.265343
-0.174402
-0.105089
-0.0535276
-0.0219378
-0.0113884
-0.0100968
-0.676675
-0.677685
-0.680636
-0.683964
-0.685062
-0.689258
-0.659235
-0.61641
-0.579231
-0.526222
-0.463344
-0.419703
-0.388263
-0.326485
-0.255351
-0.201541
-0.160933
-0.13742
-0.129038
-0.12832
-0.696294
-0.696659
-0.696303
-0.676382
-0.624398
-0.58128
-0.590009
-0.605339
-0.592899
-0.542732
-0.485949
-0.448479
-0.422399
-0.36942
-0.313937
-0.274441
-0.244822
-0.228366
-0.223147
-0.223352
-0.719634
-0.718574
-0.714535
-0.685546
-0.618634
-0.562215
-0.577995
-0.623262
-0.614224
-0.55765
-0.50502
-0.470304
-0.444107
-0.402613
-0.360063
-0.330415
-0.310277
-0.299423
-0.296093
-0.296411
-0.762714
-0.759886
-0.766965
-0.776271
-0.775453
-0.744559
-0.728656
-0.712625
-0.656666
-0.57743
-0.522474
-0.485773
-0.456387
-0.420354
-0.388302
-0.367412
-0.353161
-0.34666
-0.344433
-0.344569
-0.872708
-0.881338
-0.920953
-0.973764
-1.0005
-0.984686
-0.933432
-0.842204
-0.713308
-0.60184
-0.538255
-0.492952
-0.462096
-0.430681
-0.401255
-0.382728
-0.372003
-0.366951
-0.364686
-0.364786
-1.00284
-1.02049
-1.0643
-1.10915
-1.13301
-1.11869
-1.05198
-0.914108
-0.740663
-0.616248
-0.542189
-0.48863
-0.460223
-0.431087
-0.401451
-0.381592
-0.369236
-0.362144
-0.35941
-0.359617
-1.04658
-1.06232
-1.09216
-1.12343
-1.1433
-1.13069
-1.05845
-0.889243
-0.717146
-0.602728
-0.519956
-0.472555
-0.450476
-0.418069
-0.385759
-0.363463
-0.348315
-0.339281
-0.336258
-0.336761
-0.963207
-0.975074
-0.997268
-1.02291
-1.04156
-1.03188
-0.963378
-0.800992
-0.660325
-0.553166
-0.475393
-0.445171
-0.425518
-0.392707
-0.359957
-0.335593
-0.317541
-0.307407
-0.304615
-0.305489
-0.772542
-0.783734
-0.805498
-0.83299
-0.85565
-0.851152
-0.784605
-0.670926
-0.56705
-0.474024
-0.423522
-0.40079
-0.384282
-0.355034
-0.32501
-0.301707
-0.284719
-0.275994
-0.273865
-0.274823
-0.506929
-0.518164
-0.541567
-0.573247
-0.601692
-0.605368
-0.565499
-0.50341
-0.439079
-0.385395
-0.358831
-0.338598
-0.331352
-0.306308
-0.280829
-0.263545
-0.251773
-0.246259
-0.244968
-0.245691
-0.235243
-0.244551
-0.264416
-0.293992
-0.326813
-0.349396
-0.350031
-0.337005
-0.313054
-0.294885
-0.275106
-0.269106
-0.266583
-0.245188
-0.229455
-0.219736
-0.213411
-0.210865
-0.210203
-0.210702
-0.0357073
-0.042005
-0.057376
-0.084126
-0.121225
-0.160632
-0.191324
-0.20656
-0.206973
-0.200557
-0.194109
-0.192784
-0.18843
-0.177883
-0.170597
-0.166497
-0.164772
-0.164349
-0.164082
-0.164473
0.0561785
0.051677
0.0397552
0.0169461
-0.0156583
-0.0532804
-0.0872062
-0.108689
-0.117399
-0.120585
-0.11943
-0.113659
-0.11068
-0.108469
-0.107232
-0.107174
-0.106808
-0.106814
-0.10699
-0.107485
0.0528765
0.0511189
0.0468647
0.0368969
0.020533
-0.000104178
-0.0195254
-0.0341366
-0.0440203
-0.0480176
-0.0483001
-0.0459117
-0.0432275
-0.0428535
-0.0435293
-0.0455732
-0.0456136
-0.0453688
-0.0451791
-0.0457301
-0.402829
-0.0299686
0.235053
0.415256
0.55199
0.654383
0.73576
0.806684
0.886892
0.880264
0.138449
0.286254
0.421367
0.536838
0.631279
0.70717
0.768381
0.811439
0.824903
0.83863
0.36799
0.462715
0.555121
0.634979
0.702305
0.757661
0.800643
0.831166
0.852375
0.871517
0.52957
0.595218
0.660595
0.718626
0.768192
0.80957
0.843268
0.870676
0.891676
0.911256
0.654572
0.703095
0.751053
0.794868
0.833396
0.866831
0.895689
0.920243
0.93908
0.957782
0.758854
0.796688
0.8336
0.868921
0.901241
0.930237
0.955838
0.977555
0.994258
1.01217
0.848337
0.881185
0.913742
0.94508
0.974334
1.00096
1.02448
1.04408
1.05877
1.07615
0.934085
0.965573
0.997058
1.02753
1.05595
1.08167
1.10403
1.12205
1.1351
1.15193
1.02273
1.05691
1.09003
1.12149
1.15029
1.17575
1.19727
1.21407
1.22591
1.24227
1.12473
1.16353
1.19945
1.23215
1.26106
1.28576
1.30604
1.32168
1.33327
1.34941
1.25098
1.29273
1.32946
1.36105
1.38812
1.41091
1.42977
1.44488
1.4573
1.47339
1.40813
1.44589
1.47764
1.50367
1.52627
1.54646
1.56466
1.58079
1.59482
1.61069
1.58964
1.61433
1.63588
1.65475
1.67259
1.68948
1.70582
1.72227
1.73789
1.75387
1.77516
1.78691
1.80151
1.81633
1.83009
1.84229
1.8536
1.86496
1.87784
1.89856
1.96316
1.97316
1.98011
1.98149
1.98359
1.99099
2.00413
2.01947
2.03255
2.06082
2.23958
2.1805
2.13288
2.10176
2.08862
2.09318
2.11642
2.16175
2.23229
2.3109
0.757358
0.749858
0.740945
0.728132
0.714742
0.703166
0.693983
0.687144
0.682616
0.680716
0.682056
0.686204
0.692538
0.700994
0.711702
0.724565
0.738281
0.749493
0.757284
0.763611
0.671301
0.679186
0.68634
0.691114
0.692381
0.690411
0.686701
0.682808
0.679811
0.678539
0.679713
0.682875
0.687123
0.691593
0.695014
0.695762
0.69286
0.686848
0.678854
0.672957
0.663212
0.666277
0.669374
0.671907
0.674299
0.676089
0.676612
0.676002
0.675058
0.674726
0.675662
0.677438
0.67911
0.679794
0.679004
0.677096
0.67485
0.672225
0.669045
0.666684
0.657854
0.659376
0.66162
0.663796
0.665407
0.666712
0.667868
0.668705
0.6692
0.669699
0.670466
0.671199
0.671447
0.671084
0.670326
0.669263
0.667639
0.665478
0.663658
0.662574
0.652625
0.653468
0.654965
0.656829
0.658598
0.660034
0.6612
0.66226
0.66326
0.664202
0.664971
0.665383
0.665407
0.665093
0.664394
0.663208
0.661669
0.660128
0.659103
0.658468
0.647568
0.648142
0.649227
0.65068
0.652257
0.653822
0.655248
0.656513
0.657698
0.658848
0.659759
0.660244
0.660299
0.659911
0.659106
0.658045
0.6569
0.655854
0.655177
0.654732
0.642616
0.643047
0.643918
0.645148
0.646517
0.647994
0.649526
0.651023
0.652451
0.653826
0.654935
0.655539
0.65562
0.655256
0.654606
0.653825
0.652995
0.652234
0.651743
0.651405
0.637726
0.638065
0.638788
0.639875
0.641149
0.642552
0.644082
0.645714
0.647391
0.649056
0.650408
0.651173
0.651397
0.651234
0.650835
0.650293
0.649691
0.64915
0.64879
0.648521
0.632819
0.633094
0.633714
0.634705
0.635927
0.637305
0.638857
0.640593
0.642486
0.644463
0.646133
0.647175
0.647667
0.647773
0.647627
0.647321
0.646928
0.646568
0.646305
0.646082
0.627802
0.628031
0.62858
0.629515
0.63071
0.632103
0.633724
0.635596
0.637719
0.640044
0.642121
0.643549
0.644387
0.644797
0.644917
0.644858
0.644674
0.644471
0.644285
0.644094
0.622581
0.622776
0.623278
0.624186
0.625392
0.626844
0.628576
0.630637
0.633053
0.6358
0.638378
0.640277
0.641524
0.642283
0.642702
0.642897
0.642924
0.642868
0.642745
0.642576
0.617061
0.61723
0.617706
0.618619
0.619877
0.62143
0.623325
0.625639
0.62843
0.631702
0.634889
0.637349
0.639073
0.640235
0.64099
0.641455
0.641718
0.641796
0.641724
0.641571
0.611137
0.611287
0.611755
0.612702
0.614052
0.615756
0.617877
0.620523
0.623786
0.627706
0.631629
0.63476
0.637047
0.638674
0.639819
0.640609
0.6411
0.641309
0.641281
0.641137
0.60469
0.604826
0.605302
0.606314
0.607798
0.609709
0.61213
0.6152
0.619051
0.623763
0.628577
0.632511
0.635467
0.63764
0.639225
0.640381
0.641133
0.641476
0.641488
0.641348
0.597578
0.597704
0.598205
0.599311
0.600977
0.603161
0.605967
0.609571
0.614149
0.619827
0.625714
0.630607
0.634357
0.637177
0.639282
0.640854
0.6419
0.642382
0.64243
0.64229
0.589649
0.589752
0.590289
0.591522
0.593424
0.595958
0.599251
0.60352
0.608995
0.615848
0.623025
0.629061
0.633747
0.63733
0.640063
0.64212
0.643493
0.644122
0.644202
0.644058
0.580624
0.580746
0.581335
0.582733
0.584938
0.587912
0.591816
0.596914
0.603491
0.611772
0.620494
0.627886
0.633678
0.638158
0.641638
0.644266
0.646008
0.646789
0.646898
0.646746
0.570246
0.570363
0.571048
0.572669
0.575258
0.578792
0.583464
0.589594
0.597531
0.607544
0.618112
0.6271
0.634195
0.639733
0.644081
0.647376
0.649533
0.650471
0.650602
0.650439
0.558156
0.55828
0.559076
0.560973
0.564054
0.568306
0.573951
0.581377
0.590993
0.603108
0.615873
0.62673
0.635339
0.642113
0.647469
0.651533
0.654142
0.655233
0.655379
0.6552
0.54384
0.543982
0.544939
0.547198
0.55091
0.556087
0.562982
0.572052
0.583757
0.59842
0.613781
0.626806
0.637147
0.64534
0.651865
0.656789
0.659873
0.6611
0.661247
0.66105
0.526592
0.526773
0.527966
0.530716
0.535269
0.541675
0.550207
0.56139
0.575711
0.593458
0.611855
0.627358
0.639663
0.649458
0.657276
0.663153
0.666704
0.668031
0.668162
0.667944
0.505394
0.505651
0.507202
0.510655
0.516385
0.524479
0.535221
0.549172
0.566786
0.588247
0.610145
0.628426
0.642909
0.654473
0.663699
0.670571
0.67453
0.675894
0.675986
0.67575
0.478705
0.479115
0.481238
0.485774
0.493253
0.503784
0.517612
0.535243
0.556996
0.582875
0.608741
0.630063
0.6469
0.660363
0.671086
0.678904
0.683138
0.684448
0.68448
0.684229
0.444034
0.444757
0.447867
0.454265
0.464614
0.478861
0.49709
0.519611
0.546495
0.577518
0.607775
0.632348
0.651647
0.667065
0.67931
0.687908
0.692194
0.693338
0.693292
0.693037
0.396974
0.398453
0.403712
0.41382
0.429184
0.449248
0.473719
0.502575
0.535619
0.572442
0.607416
0.635369
0.65716
0.674513
0.688182
0.697237
0.701248
0.702117
0.701994
0.701748
0.329365
0.333904
0.344999
0.362664
0.386595
0.415387
0.4482
0.484788
0.524866
0.567971
0.607827
0.639179
0.663418
0.682536
0.697307
0.706339
0.709734
0.710261
0.710089
0.709877
0.248512
0.257432
0.277899
0.306606
0.341431
0.379972
0.421617
0.466299
0.513825
0.563822
0.609307
0.644775
0.672114
0.69337
0.708963
0.717472
0.72019
0.720486
0.72036
0.720245
0.167393
0.182383
0.212273
0.251822
0.297144
0.34535
0.395848
0.448647
0.503613
0.560428
0.611449
0.650921
0.681214
0.70458
0.720659
0.728091
0.729816
0.729888
0.729796
0.729736
0.100098
0.118652
0.154737
0.20244
0.256285
0.31293
0.37156
0.432015
0.494035
0.557239
0.613315
0.656318
0.689093
0.713933
0.729918
0.736456
0.737758
0.737785
0.737719
0.737679
0.0444385
0.065203
0.106003
0.159739
0.220186
0.283711
0.349293
0.416555
0.485002
0.554087
0.614781
0.660948
0.695854
0.721811
0.737684
0.743597
0.744645
0.744654
0.744604
0.74457
-0.00227832
0.0198116
0.064139
0.122683
0.188555
0.257816
0.329311
0.40252
0.476735
0.551188
0.616117
0.665139
0.701917
0.728773
0.744456
0.749894
0.750807
0.750812
0.750772
0.75074
-0.0424555
-0.0194883
0.0275777
0.0900619
0.160521
0.23474
0.311415
0.389918
0.469366
0.548762
0.617595
0.669189
0.70756
0.735067
0.750487
0.75558
0.756431
0.756453
0.756432
0.756399
-0.0777856
-0.0542065
-0.00491719
0.0608715
0.135282
0.213852
0.295176
0.378511
0.462812
0.546856
0.619355
0.673309
0.713035
0.740968
0.756073
0.760906
0.761739
0.761809
0.761824
0.761795
-0.109511
-0.0854989
-0.0343422
0.034307
0.11218
0.194614
0.280149
0.367967
0.456858
0.545378
0.621428
0.677623
0.718575
0.746813
0.761591
0.76621
0.767043
0.767181
0.767253
0.767238
-0.138676
-0.114248
-0.0614546
0.00974398
0.0906882
0.176589
0.265971
0.35797
0.451264
0.544169
0.623778
0.682217
0.724382
0.752921
0.76742
0.771854
0.772677
0.772894
0.773029
0.773039
-0.165852
-0.141034
-0.0867955
-0.0133004
0.0703957
0.159428
0.252344
0.348264
0.445804
0.54308
0.626343
0.687137
0.730592
0.75949
0.773815
0.778106
0.778911
0.779167
0.779349
0.779386
-0.191548
-0.166324
-0.110775
-0.0351991
0.0509788
0.142857
0.239038
0.338643
0.440279
0.54197
0.62905
0.692381
0.737245
0.766642
0.780828
0.785006
0.785755
0.786009
0.786215
0.786277
-0.2161
-0.190451
-0.133682
-0.0562204
0.0322034
0.126679
0.225866
0.328938
0.434532
0.540667
0.63181
0.697901
0.744293
0.774223
0.788355
0.792405
0.793071
0.793282
0.793482
0.793555
-0.239706
-0.213604
-0.155715
-0.0765416
0.0139101
0.110746
0.212702
0.319016
0.428423
0.539018
0.634478
0.703627
0.751684
0.782146
0.79618
0.800054
0.800604
0.800744
0.800914
0.800981
-0.262535
-0.235966
-0.177006
-0.0962728
-0.00399875
0.0949768
0.199466
0.308787
0.421823
0.536863
0.636901
0.709493
0.759396
0.790304
0.804083
0.807668
0.808078
0.808132
0.808258
0.808323
-0.284634
-0.257622
-0.197627
-0.115478
-0.021577
0.0793166
0.186105
0.298196
0.414644
0.534057
0.638907
0.71541
0.767477
0.798707
0.811893
0.815016
0.815238
0.815225
0.815311
0.815366
-0.306062
-0.278605
-0.217595
-0.134189
-0.0388471
0.0637536
0.172607
0.287217
0.406846
0.53048
0.640324
0.721258
0.775984
0.807565
0.819747
0.821974
0.821903
0.82187
0.821952
0.821992
-0.326771
-0.298896
-0.236937
-0.15243
-0.0558092
0.0483095
0.158993
0.275861
0.398406
0.526038
0.64096
0.726864
0.784972
0.817243
0.828034
0.828698
0.827972
0.827991
0.82825
0.82832
-0.346846
-0.318487
-0.25568
-0.170184
-0.0724336
0.0330106
0.145304
0.264169
0.389325
0.52068
0.640635
0.73201
0.794378
0.828124
0.837651
0.836053
0.833789
0.833707
0.834608
0.835069
-0.36618
-0.33739
-0.273807
-0.187432
-0.0886964
0.0179055
0.131584
0.252173
0.379652
0.514393
0.639189
0.736418
0.803975
0.84036
0.849571
0.845779
0.841035
0.840007
0.84178
0.843628
-0.384868
-0.355616
-0.291282
-0.204141
-0.104547
0.00305831
0.11793
0.239971
0.36946
0.507195
0.636486
0.739769
0.81336
0.853598
0.864118
0.859546
0.852408
0.847609
0.843716
0.832997
-0.402865
-0.373207
-0.308251
-0.220522
-0.120283
-0.0118447
0.103948
0.227142
0.35829
0.498669
0.632127
0.741747
0.822588
0.867944
0.88142
0.878186
0.869259
0.857836
0.847259
0.860783
-0.420189
-0.390177
-0.324695
-0.236541
-0.135871
-0.0267677
0.0896229
0.213682
0.34608
0.488628
0.625727
0.74139
0.830696
0.882271
0.898761
0.897637
0.8859
0.870596
0.820016
0.813491
-0.43734
-0.40675
-0.340372
-0.251929
-0.150877
-0.041343
0.0751144
0.199846
0.333099
0.477218
0.61719
0.737742
0.836282
0.89504
0.911207
0.90833
0.889702
0.846689
0.787484
0.752322
-0.457527
-0.424894
-0.354811
-0.266325
-0.164435
-0.0551778
0.0608654
0.185919
0.319552
0.464522
0.60645
0.730145
0.836753
0.903127
0.927683
0.89634
0.856541
0.788728
0.722119
0.682467
-0.0127583
0.108758
0.237885
0.376744
0.522447
0.65812
0.774265
0.587036
-0.469407
-0.460011
-0.417402
-0.342154
-0.246931
-0.142406
-0.0297753
0.0906533
0.219238
0.357317
0.502586
0.638779
0.753254
0.843941
0.881628
0.811025
0.674723
0.590628
0.52495
-0.491335
-0.479795
-0.433369
-0.356937
-0.261411
-0.156858
-0.0445121
0.0755907
0.203543
0.340654
0.484284
0.618214
0.726891
0.800489
0.789483
0.667225
0.527857
0.432207
0.354715
-0.513423
-0.501636
-0.452924
-0.375533
-0.280124
-0.175377
-0.0628972
0.0569918
0.184136
0.319866
0.460658
0.589675
0.686858
0.739012
0.689589
0.521665
0.36803
0.252294
0.159186
-0.535155
-0.523411
-0.473446
-0.394951
-0.299376
-0.194595
-0.0823909
0.0368082
0.16279
0.296548
0.433703
0.556191
0.644711
0.663333
0.560982
0.372759
0.193914
0.0421193
-0.0840109
-0.556846
-0.545251
-0.494493
-0.415188
-0.319334
-0.214571
-0.102819
0.0154865
0.140043
0.271346
0.404105
0.518719
0.595705
0.574733
0.425066
0.225358
0.0234404
-0.148864
-0.313811
-0.578995
-0.567606
-0.516499
-0.436711
-0.340631
-0.23588
-0.124547
-0.00712646
0.115858
0.2444
0.372307
0.476932
0.537581
0.49234
0.297757
0.0919125
-0.115893
-0.298544
-0.437062
-0.559375
-0.602411
-0.591163
-0.539853
-0.459841
-0.363732
-0.259126
-0.148317
-0.0319497
0.0891471
0.214357
0.33663
0.431086
0.471809
0.387087
0.179331
-0.0291912
-0.223179
-0.369169
-0.42045
-0.440996
-0.627385
-0.616227
-0.564774
-0.484689
-0.388729
-0.284499
-0.17444
-0.0594582
0.059304
0.180479
0.29612
0.380279
0.391159
0.268217
0.0673102
-0.130664
-0.300494
-0.377699
-0.400619
-0.403297
-0.654137
-0.642986
-0.591346
-0.51126
-0.415607
-0.311961
-0.20295
-0.0897079
0.026253
0.142732
0.250739
0.323774
0.303542
0.156045
-0.0354601
-0.219778
-0.345907
-0.38619
-0.384614
-0.385563
-0.682654
-0.671462
-0.6196
-0.539566
-0.444367
-0.341525
-0.233862
-0.122718
-0.0100274
0.101148
0.200712
0.260293
0.222631
0.0504775
-0.126545
-0.292474
-0.36163
-0.374435
-0.375603
-0.375624
-0.712715
-0.701447
-0.649425
-0.569539
-0.474935
-0.373149
-0.267134
-0.158487
-0.0495193
0.055814
0.146381
0.191708
0.142614
-0.0410103
-0.207361
-0.332606
-0.375014
-0.37015
-0.369756
-0.369449
-0.743829
-0.732544
-0.680534
-0.600928
-0.507125
-0.406661
-0.302636
-0.1969
-0.0920823
0.00711219
0.0880457
0.121428
0.0496455
-0.122849
-0.273873
-0.351762
-0.364854
-0.365404
-0.365215
-0.364962
-0.775478
-0.764202
-0.712426
-0.63329
-0.540553
-0.441728
-0.340071
-0.237671
-0.137467
-0.0444618
0.0267142
0.0456341
-0.0406938
-0.191916
-0.320307
-0.358438
-0.362775
-0.362894
-0.362677
-0.362427
-0.806719
-0.795519
-0.744312
-0.665951
-0.57463
-0.477845
-0.378967
-0.280319
-0.185174
-0.0984924
-0.0350813
-0.0325053
-0.119387
-0.248552
-0.341615
-0.376183
-0.36586
-0.362852
-0.361925
-0.36152
-0.835938
-0.825085
-0.775044
-0.69797
-0.608526
-0.514266
-0.418644
-0.324151
-0.234398
-0.154345
-0.0960671
-0.102309
-0.188999
-0.292815
-0.355918
-0.359686
-0.362679
-0.362303
-0.361858
-0.361576
-0.861924
-0.851462
-0.803136
-0.728051
-0.641119
-0.549998
-0.458191
-0.368283
-0.28407
-0.210766
-0.157707
-0.164319
-0.245111
-0.321848
-0.364834
-0.36812
-0.362684
-0.36144
-0.361093
-0.361007
-0.882029
-0.872259
-0.826701
-0.754545
-0.671004
-0.583795
-0.496459
-0.411623
-0.333079
-0.266106
-0.218944
-0.219139
-0.28555
-0.338997
-0.356586
-0.362035
-0.361246
-0.360558
-0.360481
-0.360463
-0.89427
-0.885541
-0.843536
-0.775586
-0.696552
-0.61421
-0.532106
-0.452865
-0.380269
-0.318916
-0.275051
-0.271644
-0.315567
-0.353015
-0.36344
-0.361124
-0.362445
-0.362117
-0.36177
-0.361564
-0.896157
-0.888851
-0.851435
-0.789216
-0.716007
-0.639708
-0.563702
-0.490574
-0.42414
-0.368389
-0.324492
-0.317785
-0.34027
-0.364056
-0.37805
-0.367365
-0.364286
-0.363267
-0.36274
-0.362483
-0.885373
-0.87943
-0.848155
-0.793467
-0.727814
-0.658862
-0.589918
-0.523365
-0.462978
-0.41352
-0.370802
-0.34972
-0.355792
-0.349647
-0.361084
-0.359432
-0.360211
-0.361324
-0.361926
-0.362121
-0.859035
-0.854854
-0.831344
-0.786885
-0.730924
-0.670673
-0.609752
-0.550181
-0.495597
-0.451992
-0.416071
-0.378503
-0.36168
-0.341184
-0.328247
-0.346316
-0.357769
-0.36278
-0.365205
-0.366208
-0.820789
-0.818142
-0.803091
-0.770052
-0.725447
-0.67509
-0.622746
-0.570487
-0.52146
-0.482283
-0.455181
-0.422397
-0.394542
-0.383519
-0.396674
-0.399361
-0.389922
-0.385363
-0.385093
-0.385562
-0.777789
-0.776124
-0.7687
-0.747
-0.713866
-0.67337
-0.629392
-0.584047
-0.5402
-0.503468
-0.477625
-0.4551
-0.439884
-0.452687
-0.444946
-0.417696
-0.409412
-0.414513
-0.416509
-0.416197
-0.740086
-0.738986
-0.735454
-0.723723
-0.700103
-0.668075
-0.631102
-0.59138
-0.551233
-0.51477
-0.489247
-0.465292
-0.458005
-0.453304
-0.457756
-0.466858
-0.479001
-0.467552
-0.452655
-0.449772
-0.713079
-0.712457
-0.71022
-0.704443
-0.688197
-0.662485
-0.630268
-0.593945
-0.555057
-0.516902
-0.487018
-0.458937
-0.455549
-0.470647
-0.518558
-0.579106
-0.626276
-0.62476
-0.583181
-0.549907
-0.693591
-0.693177
-0.692329
-0.690026
-0.680142
-0.659063
-0.629304
-0.593603
-0.553494
-0.510527
-0.473727
-0.444287
-0.422267
-0.417018
-0.457319
-0.493003
-0.49228
-0.484327
-0.464587
-0.440914
-0.681805
-0.681704
-0.681333
-0.680047
-0.67499
-0.657644
-0.628791
-0.591932
-0.548746
-0.499277
-0.451234
-0.406868
-0.341171
-0.278649
-0.243968
-0.232427
-0.220905
-0.201409
-0.17723
-0.157993
-0.673776
-0.67375
-0.673448
-0.673076
-0.670863
-0.657491
-0.629105
-0.589796
-0.542058
-0.485237
-0.420659
-0.354929
-0.24996
-0.11595
0.0108322
0.0983512
0.165113
0.232596
0.286137
0.320368
-0.668659
-0.668652
-0.668549
-0.668455
-0.667038
-0.658192
-0.630822
-0.588767
-0.536255
-0.471733
-0.392057
-0.308252
-0.176019
0.0274234
0.276284
0.507791
0.693423
0.823865
0.900978
0.938288
-0.664569
-0.664591
-0.664575
-0.664455
-0.664551
-0.658953
-0.633774
-0.589317
-0.532241
-0.461497
-0.371697
-0.274469
-0.131523
0.119008
0.443907
0.766532
1.04793
1.23695
1.32938
1.3589
-0.661051
-0.66114
-0.6612
-0.661194
-0.661207
-0.65883
-0.637228
-0.592284
-0.532333
-0.45727
-0.362624
-0.2583
-0.126145
0.119087
0.43804
0.758713
1.04347
1.24036
1.32964
1.35357
-0.65831
-0.658403
-0.658442
-0.658379
-0.658508
-0.657159
-0.640295
-0.597888
-0.537136
-0.45979
-0.36548
-0.264918
-0.153879
0.0552926
0.329717
0.59308
0.818958
0.973259
1.04357
1.06337
-0.656418
-0.656501
-0.656397
-0.656017
-0.655185
-0.654038
-0.643016
-0.606064
-0.546256
-0.468702
-0.379111
-0.287171
-0.19625
-0.030366
0.190001
0.385581
0.542534
0.648912
0.69898
0.71506
-0.657553
-0.657671
-0.657489
-0.656638
-0.654678
-0.653442
-0.648511
-0.617532
-0.558561
-0.482742
-0.400533
-0.319661
-0.24746
-0.126582
0.0437104
0.192514
0.305279
0.381861
0.419334
0.432165
-0.662127
-0.662474
-0.663204
-0.665009
-0.667774
-0.669914
-0.666841
-0.634377
-0.571992
-0.500432
-0.427648
-0.355819
-0.296679
-0.208466
-0.0781827
0.0368558
0.122482
0.182141
0.212124
0.221097
-0.665328
-0.666169
-0.668469
-0.676148
-0.691398
-0.705725
-0.697956
-0.65178
-0.584516
-0.521676
-0.456514
-0.391208
-0.344644
-0.278453
-0.175517
-0.0850598
-0.0179496
0.0302908
0.0533233
0.0598525
-0.669834
-0.67073
-0.672883
-0.679752
-0.695435
-0.711689
-0.701886
-0.650511
-0.594259
-0.545186
-0.483134
-0.424353
-0.386245
-0.338457
-0.256941
-0.185051
-0.131417
-0.0935359
-0.0759613
-0.0727413
-0.685614
-0.686041
-0.687348
-0.685662
-0.667574
-0.642673
-0.632302
-0.618776
-0.601429
-0.564509
-0.504195
-0.452072
-0.421465
-0.380834
-0.315742
-0.261163
-0.221628
-0.1936
-0.181055
-0.178185
-0.707726
-0.707741
-0.707375
-0.696751
-0.646942
-0.573262
-0.552766
-0.589506
-0.612337
-0.579637
-0.520847
-0.476138
-0.447962
-0.414318
-0.361861
-0.320199
-0.291022
-0.271741
-0.263646
-0.262183
-0.73608
-0.734288
-0.731563
-0.725476
-0.693673
-0.650015
-0.621029
-0.649966
-0.653606
-0.601201
-0.537461
-0.494886
-0.465122
-0.433093
-0.392917
-0.363291
-0.342467
-0.329287
-0.324467
-0.323513
-0.811125
-0.80723
-0.819501
-0.854655
-0.88888
-0.887098
-0.855937
-0.812433
-0.734996
-0.634422
-0.556587
-0.509473
-0.474962
-0.443889
-0.409752
-0.385629
-0.370508
-0.362283
-0.359053
-0.358028
-0.944132
-0.945831
-0.977288
-1.03176
-1.07357
-1.08126
-1.04288
-0.957025
-0.811526
-0.664557
-0.573799
-0.515785
-0.475207
-0.448136
-0.416693
-0.392434
-0.377904
-0.369762
-0.365683
-0.364668
-1.03907
-1.04537
-1.07464
-1.11428
-1.14561
-1.15243
-1.11136
-1.00304
-0.816389
-0.666568
-0.572116
-0.504296
-0.467971
-0.442944
-0.409721
-0.383889
-0.366686
-0.355871
-0.350492
-0.349533
-1.01978
-1.02531
-1.04507
-1.0726
-1.09771
-1.10473
-1.06951
-0.946786
-0.762135
-0.63444
-0.536518
-0.475556
-0.450423
-0.425163
-0.388826
-0.361122
-0.341032
-0.327781
-0.321653
-0.321049
-0.877783
-0.883727
-0.900628
-0.925328
-0.950073
-0.960215
-0.927581
-0.813212
-0.675598
-0.565993
-0.476848
-0.435466
-0.416357
-0.392121
-0.358661
-0.33122
-0.309394
-0.2951
-0.289386
-0.289233
-0.643927
-0.650928
-0.668395
-0.695508
-0.724714
-0.740321
-0.714231
-0.633972
-0.548182
-0.463464
-0.408544
-0.381042
-0.365018
-0.347522
-0.317175
-0.292579
-0.274721
-0.263938
-0.25996
-0.259983
-0.365922
-0.371791
-0.387161
-0.413776
-0.446297
-0.470665
-0.466644
-0.435828
-0.395923
-0.354444
-0.330127
-0.308909
-0.303799
-0.290497
-0.265228
-0.249
-0.237638
-0.231231
-0.229045
-0.229026
-0.120901
-0.125038
-0.136564
-0.159674
-0.193225
-0.229245
-0.255561
-0.267166
-0.262844
-0.253356
-0.239267
-0.231698
-0.231566
-0.220831
-0.205488
-0.197264
-0.192132
-0.189808
-0.18908
-0.189039
0.0253056
0.022227
0.013616
-0.00581457
-0.0369928
-0.0769432
-0.117003
-0.146215
-0.158058
-0.159879
-0.157572
-0.154582
-0.151242
-0.146244
-0.141058
-0.13816
-0.136927
-0.136641
-0.136652
-0.136892
0.06584
0.0634047
0.0569951
0.0428374
0.0191936
-0.0101391
-0.0394282
-0.0626948
-0.0764696
-0.0825697
-0.0839561
-0.0797502
-0.0762696
-0.0747008
-0.0748701
-0.075814
-0.0759448
-0.0758784
-0.0761393
-0.0767558
0.0520048
0.0495899
0.0426325
0.0295187
0.0104229
-0.010199
-0.0274178
-0.039675
-0.0469117
-0.0479766
-0.0480449
-0.0436791
-0.0434175
-0.042766
-0.04463
-0.0457634
-0.0455316
-0.0452119
-0.0452626
-0.0167922
-0.17979
0.0825692
0.253055
0.412402
0.539514
0.639591
0.718433
0.784516
0.826543
0.815509
0.208229
0.323947
0.439554
0.542809
0.62993
0.701931
0.760085
0.803208
0.828866
0.844553
0.418213
0.493305
0.572762
0.645711
0.708174
0.760644
0.80311
0.835885
0.861103
0.880698
0.567935
0.622928
0.679624
0.733182
0.779869
0.819872
0.853694
0.882151
0.905653
0.923749
0.68696
0.730458
0.772206
0.812949
0.849932
0.882815
0.911806
0.936963
0.957464
0.974184
0.788114
0.82186
0.856478
0.890361
0.922116
0.951172
0.977248
0.999889
1.01801
1.0331
0.877276
0.906987
0.938695
0.970148
0.999869
1.02725
1.05179
1.07275
1.08894
1.10268
0.963267
0.993526
1.02581
1.05755
1.08737
1.1145
1.13837
1.1582
1.17289
1.18546
1.05557
1.08956
1.12516
1.15876
1.18949
1.21665
1.2398
1.2585
1.27209
1.28425
1.16661
1.20479
1.24384
1.27868
1.30923
1.33533
1.35703
1.37442
1.38757
1.40033
1.30811
1.34646
1.38489
1.417
1.44416
1.4674
1.48738
1.50434
1.51832
1.53211
1.48367
1.51319
1.54315
1.56744
1.58846
1.60776
1.62593
1.64323
1.65908
1.67394
1.677
1.69132
1.70888
1.72565
1.74217
1.7576
1.77175
1.78579
1.80064
1.8168
1.86594
1.87023
1.88309
1.89525
1.90525
1.91456
1.92474
1.93538
1.94471
1.95693
2.09532
2.08173
2.07291
2.05787
2.04679
2.04625
2.05826
2.08206
2.11389
2.14966
2.46952
2.31102
2.20552
2.14665
2.11756
2.11101
2.12618
2.1674
2.24663
2.39174
-0.449886
-0.446434
-0.403188
-0.327172
-0.231519
-0.126266
0.873986
0.918561
0.892594
0.809962
0.731555
0.659578
0.461973
0.275117
0.0588902
-0.225709
-0.5616
)
;

boundaryField
{
    wall-4
    {
        type            zeroGradient;
    }
    pressure-outlet-7
    {
        type            fixedValue;
        value           uniform 0;
    }
    velocity-inlet-6
    {
        type            zeroGradient;
    }
    velocity-inlet-5
    {
        type            zeroGradient;
    }
    frontAndBackPlanes
    {
        type            empty;
    }
}


// ************************************************************************* //
