/*--------------------------------*- C++ -*----------------------------------*\
  =========                 |
  \\      /  F ield         | OpenFOAM: The Open Source CFD Toolbox
   \\    /   O peration     | Website:  https://openfoam.org
    \\  /    A nd           | Version:  6
     \\/     M anipulation  |
\*---------------------------------------------------------------------------*/
FoamFile
{
    version     2.0;
    format      ascii;
    class       volScalarField;
    location    "27.9";
    object      p;
}
// * * * * * * * * * * * * * * * * * * * * * * * * * * * * * * * * * * * * * //

dimensions      [0 2 -2 0 0 0 0];

internalField   nonuniform List<scalar> 
8800
(
1.06633
1.01701
0.979036
0.950953
0.930768
0.916141
0.905487
0.897873
0.892891
0.890683
0.891862
0.896035
0.902696
0.91202
0.924688
0.941961
0.965806
0.998881
1.0418
1.09431
0.900839
0.907181
0.916322
0.91986
0.917236
0.911122
0.904143
0.89784
0.89295
0.889957
0.889549
0.891984
0.896464
0.902473
0.909484
0.916453
0.921285
0.921127
0.91443
0.905519
0.874396
0.880628
0.88512
0.888977
0.891906
0.892827
0.891692
0.889494
0.887386
0.88637
0.8872
0.889482
0.892219
0.894367
0.894795
0.892935
0.889519
0.885467
0.880663
0.876941
0.870159
0.872922
0.875521
0.877664
0.879379
0.880914
0.881969
0.88223
0.881972
0.881875
0.882457
0.883403
0.883986
0.883692
0.882603
0.881165
0.879431
0.87708
0.87464
0.873071
0.865189
0.866612
0.868449
0.870522
0.872216
0.873473
0.874509
0.875394
0.876044
0.876547
0.877007
0.877245
0.877066
0.876537
0.875737
0.874513
0.872767
0.870803
0.869415
0.868613
0.86032
0.861223
0.862468
0.864088
0.865763
0.867252
0.868457
0.869458
0.870346
0.871107
0.871593
0.871698
0.871474
0.870918
0.869958
0.868632
0.867157
0.865805
0.864944
0.864424
0.855567
0.856219
0.857188
0.858514
0.859953
0.861441
0.86286
0.864113
0.865214
0.866145
0.866724
0.866843
0.866539
0.865846
0.864845
0.863716
0.862568
0.861547
0.860922
0.860546
0.850964
0.851465
0.852269
0.853437
0.854757
0.856172
0.857653
0.859098
0.860395
0.861514
0.862234
0.862418
0.862103
0.861413
0.860541
0.859592
0.858637
0.857821
0.85734
0.857052
0.846455
0.846849
0.847536
0.848602
0.849862
0.851232
0.852704
0.854247
0.855764
0.857127
0.858024
0.858281
0.858046
0.85751
0.856805
0.856008
0.8552
0.854537
0.854161
0.853937
0.842
0.84231
0.842915
0.843925
0.845157
0.846497
0.847951
0.849521
0.851168
0.852741
0.853886
0.854379
0.854382
0.854077
0.853567
0.852926
0.85223
0.851691
0.851399
0.851223
0.837562
0.837807
0.838348
0.83931
0.840522
0.841893
0.843416
0.845078
0.846871
0.848721
0.850164
0.850963
0.851243
0.851142
0.850791
0.850299
0.849746
0.849315
0.849093
0.848954
0.833112
0.833304
0.833811
0.834789
0.836062
0.837532
0.839213
0.841106
0.843153
0.8453
0.847161
0.848332
0.848848
0.848905
0.84869
0.8483
0.847834
0.847479
0.847311
0.847203
0.828594
0.828733
0.829205
0.830178
0.831473
0.832978
0.834706
0.836744
0.839152
0.841793
0.844098
0.84561
0.846496
0.84693
0.847005
0.846819
0.846493
0.846233
0.846125
0.846046
0.824015
0.824107
0.824548
0.825522
0.826866
0.828475
0.830391
0.832658
0.835314
0.838401
0.84135
0.843539
0.844923
0.845694
0.846023
0.846068
0.845899
0.845756
0.845709
0.845656
0.819382
0.819428
0.819831
0.820778
0.82216
0.823879
0.825994
0.828648
0.831903
0.835726
0.839375
0.842113
0.84396
0.845125
0.845815
0.846147
0.846241
0.846257
0.846265
0.846224
0.814297
0.81435
0.814724
0.815615
0.816993
0.818806
0.821138
0.824119
0.827886
0.832487
0.837107
0.840735
0.843322
0.845108
0.846291
0.847017
0.84743
0.847636
0.847696
0.847655
0.808402
0.808447
0.808823
0.809756
0.811261
0.813316
0.816048
0.819649
0.824266
0.82994
0.835663
0.840215
0.843528
0.845887
0.847571
0.848701
0.849416
0.849785
0.849882
0.849833
0.801352
0.801395
0.801831
0.802855
0.804578
0.806976
0.810214
0.814522
0.820135
0.827126
0.834257
0.840009
0.84427
0.847357
0.849583
0.851138
0.852158
0.852679
0.852811
0.852755
0.792822
0.792874
0.793398
0.794624
0.796688
0.7996
0.803565
0.80889
0.815823
0.824476
0.833318
0.840469
0.845778
0.849666
0.852495
0.854504
0.855826
0.856483
0.856644
0.856577
0.782402
0.782461
0.783118
0.784661
0.787226
0.790852
0.795805
0.802455
0.811107
0.821848
0.832776
0.841585
0.848134
0.852937
0.856457
0.858971
0.860608
0.861391
0.861584
0.861507
0.769577
0.769649
0.77049
0.772463
0.77573
0.780345
0.78665
0.795066
0.805921
0.819263
0.832706
0.843471
0.851448
0.85733
0.861657
0.864753
0.866733
0.867661
0.867893
0.867802
0.753597
0.753678
0.754767
0.757371
0.761664
0.767678
0.77584
0.786602
0.800276
0.816827
0.83327
0.84633
0.855994
0.863106
0.868365
0.872082
0.874434
0.875535
0.875815
0.875709
0.733506
0.733605
0.735053
0.738552
0.744315
0.752329
0.763046
0.776934
0.794191
0.814628
0.834581
0.850285
0.861893
0.870442
0.87675
0.881203
0.883979
0.885295
0.885621
0.88549
0.707654
0.707807
0.709876
0.714782
0.722755
0.733713
0.748034
0.766062
0.787808
0.812868
0.836839
0.855514
0.869303
0.879496
0.886997
0.892286
0.895581
0.897134
0.897495
0.897332
0.673102
0.673423
0.676769
0.684251
0.69587
0.711276
0.730673
0.754123
0.781373
0.811799
0.840248
0.862169
0.878335
0.890324
0.899177
0.905449
0.909361
0.911165
0.911544
0.911337
0.62416
0.625436
0.632151
0.644932
0.662829
0.684974
0.711309
0.74158
0.775311
0.811737
0.845007
0.870352
0.889004
0.902885
0.91322
0.920641
0.925278
0.92734
0.927708
0.927443
0.55217
0.560004
0.575377
0.597822
0.625115
0.65619
0.690944
0.729034
0.769984
0.813029
0.851629
0.880814
0.902316
0.91846
0.930683
0.939629
0.945307
0.9479
0.948425
0.948233
0.475749
0.492407
0.517334
0.550078
0.587113
0.627282
0.670546
0.716711
0.765367
0.815879
0.860949
0.895102
0.920446
0.939654
0.954488
0.965618
0.972791
0.976049
0.976897
0.976882
0.410935
0.431274
0.463994
0.505346
0.551039
0.599739
0.651229
0.705271
0.761438
0.819089
0.870199
0.908841
0.937584
0.959492
0.976408
0.989157
0.997596
1.00154
1.00228
1.00235
0.3584
0.380941
0.41877
0.466249
0.518666
0.574473
0.633208
0.694417
0.757543
0.82187
0.878489
0.92109
0.952631
0.976609
0.99508
1.00904
1.01855
1.02291
1.02382
1.02398
0.314892
0.33867
0.380158
0.432391
0.490189
0.551814
0.61667
0.684162
0.753557
0.823934
0.885514
0.931535
0.965393
0.990968
1.01064
1.02545
1.03556
1.04038
1.0416
1.0418
0.277624
0.302149
0.346338
0.402444
0.46474
0.531317
0.60145
0.674456
0.74945
0.825291
0.891323
0.940325
0.976108
1.00294
1.02342
1.0388
1.04925
1.05446
1.0559
1.05611
0.244633
0.26968
0.31598
0.375286
0.441436
0.512316
0.587111
0.665067
0.745147
0.825996
0.896114
0.947813
0.985244
1.01305
1.03407
1.04977
1.06033
1.06574
1.06729
1.06744
0.214513
0.240005
0.288068
0.350124
0.419586
0.494235
0.573221
0.655687
0.740479
0.826051
0.90007
0.954304
0.993243
1.02187
1.04327
1.05911
1.06973
1.0752
1.07683
1.07697
0.186358
0.21227
0.261865
0.326328
0.398708
0.476699
0.559451
0.646055
0.735268
0.825382
0.90321
0.959986
1.0004
1.02984
1.05163
1.06761
1.07824
1.0837
1.08539
1.08553
0.159462
0.185833
0.236831
0.303464
0.378422
0.459401
0.54557
0.635981
0.729352
0.823864
0.905528
0.964909
1.00693
1.03728
1.05954
1.07571
1.08636
1.09173
1.0934
1.09356
0.133552
0.160378
0.212661
0.28123
0.358498
0.442168
0.531428
0.625341
0.72263
0.82143
0.906996
0.969189
1.01303
1.04445
1.0673
1.08374
1.09445
1.09975
1.10131
1.10141
0.108272
0.135653
0.189112
0.259436
0.338786
0.424874
0.516942
0.614076
0.715045
0.818027
0.907643
0.972904
1.01876
1.05145
1.07504
1.09185
1.10266
1.10788
1.1093
1.10931
0.0835547
0.111492
0.166058
0.237982
0.319196
0.407463
0.502074
0.602163
0.706576
0.813639
0.907395
0.975945
1.02413
1.05832
1.0828
1.10006
1.11098
1.11608
1.11735
1.11727
0.0593307
0.0878329
0.143453
0.216838
0.29972
0.389938
0.486832
0.589603
0.697218
0.808186
0.906105
0.978244
1.0291
1.06506
1.09059
1.10837
1.11934
1.12426
1.12535
1.12518
0.03555
0.0646485
0.121306
0.196
0.280364
0.372325
0.471256
0.576437
0.686966
0.80161
0.903705
0.979682
1.03358
1.07165
1.09842
1.11674
1.12771
1.13233
1.1332
1.13297
0.0122008
0.0419672
0.0996081
0.175492
0.26118
0.354678
0.455408
0.562715
0.675859
0.793916
0.900112
0.980089
1.03743
1.07807
1.10635
1.12519
1.13597
1.14017
1.1408
1.1405
-0.0105412
0.0198417
0.0784127
0.155359
0.242229
0.337079
0.439364
0.548531
0.663981
0.785137
0.895227
0.979304
1.04045
1.08423
1.11449
1.13388
1.14415
1.14764
1.14796
1.14762
-0.0326322
-0.00166593
0.0577707
0.135673
0.22358
0.3196
0.423228
0.53398
0.651425
0.775297
0.889009
0.977162
1.04237
1.08991
1.12296
1.14322
1.1525
1.15469
1.15453
1.15419
-0.0541146
-0.0225117
0.0377198
0.11648
0.205306
0.302333
0.407099
0.519174
0.638291
0.764477
0.881431
0.973531
1.0429
1.09472
1.13166
1.15388
1.16207
1.16183
1.16044
1.1602
-0.0748271
-0.0426605
0.0183201
0.0978534
0.187474
0.285369
0.39108
0.50423
0.624705
0.752801
0.872506
0.968292
1.04175
1.09802
1.13999
1.16623
1.17498
1.17185
1.16685
1.1644
-0.0948528
-0.0621158
-0.000430782
0.0797658
0.170054
0.268662
0.375114
0.489083
0.610596
0.740201
0.862088
0.961193
1.0386
1.09908
1.14661
1.17928
1.19239
1.19005
1.17803
1.17439
-0.114106
-0.0809488
-0.0186687
0.0620248
0.152746
0.251864
0.358774
0.473228
0.595381
0.725987
0.849446
0.951348
1.03276
1.09675
1.14878
1.18856
1.2071
1.20209
1.18695
1.17785
-0.132453
-0.0991211
-0.036225
0.0448423
0.135791
0.235283
0.342284
0.457002
0.579388
0.710462
0.834771
0.938375
1.02378
1.0901
1.14165
1.18129
1.20337
1.18606
1.12533
1.09696
-0.149787
-0.11736
-0.052684
0.0287387
0.119831
0.219394
0.325904
0.440672
0.5629
0.69382
0.818189
0.921933
1.01102
1.07913
1.12204
1.15214
1.15741
1.11357
1.04984
1.01025
-0.193602
-0.134712
-0.0680049
0.0130656
0.10412
0.203314
0.309759
0.424129
0.545733
0.675765
0.799378
0.901781
0.991361
1.06475
1.08631
1.09046
1.0613
1.00529
0.937109
0.899405
-0.16809
-0.149905
-0.0908524
-0.0103788
0.080468
0.179285
0.284878
0.398255
0.518398
0.646133
0.766948
0.865831
0.946568
1.02118
1.0192
0.924169
0.839268
0.78099
0.718282
0.751882
-0.19948
-0.167866
-0.108081
-0.0279099
0.0627479
0.161133
0.266721
0.379245
0.498055
0.623528
0.74109
0.835979
0.907492
0.947237
0.905226
0.774276
0.668966
0.59826
0.516192
0.569517
-0.223783
-0.18972
-0.128114
-0.0477295
0.0428216
0.141066
0.246412
0.357949
0.475121
0.597799
0.711161
0.800451
0.860241
0.865501
0.76511
0.609698
0.48084
0.389752
0.291774
0.331402
-0.247355
-0.212194
-0.1492
-0.068174
0.0224948
0.120586
0.225344
0.335746
0.451078
0.57062
0.678948
0.761747
0.805122
0.776505
0.620052
0.438305
0.273972
0.13532
0.00693861
0.031966
-0.270552
-0.235001
-0.171126
-0.0895286
0.00133154
0.0992113
0.203255
0.312397
0.425636
0.541708
0.644318
0.719552
0.743035
0.674439
0.47728
0.270801
0.0731609
-0.0905783
-0.310092
-0.392166
-0.294038
-0.258578
-0.194194
-0.112164
-0.021098
0.0766183
0.18002
0.287887
0.398938
0.51136
0.607915
0.674066
0.676303
0.552241
0.346668
0.124216
-0.0833475
-0.258277
-0.394223
-0.536812
-0.318812
-0.283363
-0.218724
-0.136445
-0.045296
0.0521678
0.154837
0.26126
0.369796
0.478075
0.568056
0.623213
0.597939
0.432617
0.224305
0.00497681
-0.184151
-0.291784
-0.321338
-0.336342
-0.345024
-0.309606
-0.244815
-0.16244
-0.0713774
0.0256772
0.127386
0.232065
0.337638
0.4411
0.524135
0.564598
0.514181
0.317128
0.111728
-0.0886049
-0.234649
-0.277468
-0.288401
-0.288854
-0.372938
-0.337407
-0.272475
-0.190099
-0.0992528
-0.00281749
0.0976924
0.200309
0.302439
0.400405
0.475877
0.498305
0.422008
0.208438
0.0110528
-0.164607
-0.252137
-0.269274
-0.269682
-0.269383
-0.402499
-0.36677
-0.301681
-0.21937
-0.128882
-0.0332494
0.0658066
0.166053
0.264261
0.356124
0.422909
0.429758
0.310942
0.107342
-0.0804642
-0.219886
-0.257031
-0.258097
-0.259613
-0.259283
-0.43343
-0.397489
-0.332276
-0.250117
-0.160111
-0.0654865
0.0318286
0.129415
0.223247
0.308415
0.365784
0.351671
0.200907
0.0100953
-0.157216
-0.238656
-0.253346
-0.25442
-0.25486
-0.254726
-0.465116
-0.429169
-0.363953
-0.282056
-0.192678
-0.0992639
-0.0039937
0.0906092
0.179828
0.257473
0.305809
0.269756
0.092981
-0.0845059
-0.214047
-0.258022
-0.260252
-0.255156
-0.252459
-0.251972
-0.497085
-0.461239
-0.396207
-0.314711
-0.226158
-0.134129
-0.0412214
0.0499737
0.134661
0.204
0.242268
0.18734
-0.0154344
-0.192313
-0.268562
-0.26661
-0.26733
-0.261557
-0.254815
-0.252337
-0.528206
-0.492819
-0.428271
-0.347394
-0.259928
-0.169478
-0.0791303
0.00807404
0.0883818
0.149581
0.175186
0.110473
-0.116478
-0.325767
-0.373021
-0.345112
-0.322328
-0.30853
-0.29666
-0.290103
-0.557393
-0.522763
-0.459142
-0.379188
-0.293118
-0.204535
-0.116703
-0.0340163
0.0413456
0.0965837
0.108941
0.0350933
-0.18925
-0.454607
-0.562751
-0.50792
-0.401868
-0.357892
-0.349335
-0.346638
-0.583045
-0.54969
-0.487526
-0.408914
-0.324558
-0.238293
-0.152838
-0.0744635
-0.00593887
0.0467162
0.0476613
-0.0397341
-0.205321
-0.472473
-0.569859
-0.541759
-0.544404
-0.524841
-0.503174
-0.491157
-0.603124
-0.571751
-0.511862
-0.435138
-0.352851
-0.269312
-0.186567
-0.111053
-0.0509572
-0.000772768
-0.00259665
-0.111605
-0.166587
-0.221083
-0.376712
-0.51917
-0.683737
-0.682429
-0.656439
-0.648473
-0.615988
-0.587234
-0.530372
-0.456307
-0.376516
-0.29571
-0.216617
-0.142541
-0.0878199
-0.0495488
-0.0382557
-0.174135
-0.201356
0.0772568
0.0928803
-0.335294
-0.600732
-0.632328
-0.639439
-0.642592
-0.619261
-0.59416
-0.541398
-0.47076
-0.394006
-0.315852
-0.240372
-0.168809
-0.112767
-0.0922286
-0.0715601
-0.263224
-0.500385
-0.47211
-0.678194
-0.94491
-0.920359
-0.763435
-0.708887
-0.724249
-0.61194
-0.59093
-0.543323
-0.477031
-0.403835
-0.328647
-0.255169
-0.187308
-0.129638
-0.104355
-0.124149
-0.406872
-1.05541
-1.72813
-2.11034
-2.22705
-2.04031
-1.68727
-1.38986
-1.31337
-0.591473
-0.575239
-0.534772
-0.474264
-0.405079
-0.332876
-0.260681
-0.192969
-0.136299
-0.100896
-0.126178
-0.450078
-1.15846
-2.11604
-2.46576
-2.52138
-2.38405
-2.17732
-1.94672
-1.79565
-0.560291
-0.548993
-0.516342
-0.462724
-0.397879
-0.327851
-0.25651
-0.186498
-0.120806
-0.0848678
-0.0633697
-0.228956
-0.64918
-1.17913
-1.57226
-1.57729
-1.39926
-1.14552
-0.95266
-0.825099
-0.522229
-0.515412
-0.491289
-0.444735
-0.383507
-0.315784
-0.241283
-0.168792
-0.0920595
-0.0140227
0.038459
0.114439
0.137285
0.303012
0.540342
0.875872
1.22574
1.45394
1.57252
1.62222
-0.482938
-0.479202
-0.463559
-0.424066
-0.365977
-0.297107
-0.22277
-0.136697
-0.0542489
0.0573232
0.168715
0.326683
0.669149
1.21351
1.87543
2.47349
2.89865
3.13969
3.23721
3.26066
-0.447479
-0.445467
-0.43646
-0.40447
-0.349186
-0.279056
-0.198685
-0.111566
-0.00810507
0.101914
0.237749
0.359831
0.661922
1.21629
1.7912
2.32264
2.70831
2.94066
3.04667
3.07508
-0.413023
-0.412058
-0.408814
-0.386918
-0.33571
-0.262903
-0.179837
-0.0885268
0.0109597
0.124476
0.243375
0.355569
0.489485
0.892747
1.37701
1.77811
2.06581
2.24111
2.32501
2.35287
-0.389987
-0.389328
-0.388904
-0.372361
-0.321488
-0.246107
-0.161929
-0.0723394
0.022859
0.128529
0.231465
0.330677
0.406648
0.618146
0.969092
1.27448
1.4975
1.62938
1.68817
1.70445
-0.37015
-0.372493
-0.374455
-0.356975
-0.300668
-0.22143
-0.138672
-0.0553425
0.0321973
0.127301
0.216067
0.297397
0.364757
0.498047
0.723127
0.930118
1.07692
1.16394
1.20362
1.21178
-0.312374
-0.317008
-0.319745
-0.301842
-0.248457
-0.177509
-0.104789
-0.0316709
0.0424928
0.1237
0.200031
0.266201
0.327908
0.411003
0.559058
0.691182
0.78019
0.8322
0.853779
0.857999
-0.194159
-0.197832
-0.199792
-0.187958
-0.15331
-0.107082
-0.0559163
-0.00192889
0.0572241
0.121156
0.181009
0.229669
0.276375
0.32109
0.414461
0.500809
0.561718
0.598207
0.614599
0.616136
-0.0603979
-0.0616182
-0.062793
-0.0598521
-0.0486723
-0.0299794
-0.00309203
0.030542
0.0732824
0.120865
0.162398
0.190751
0.222665
0.241723
0.309113
0.3708
0.413629
0.438078
0.446547
0.446405
0.0352426
0.0350369
0.033674
0.0302475
0.0277611
0.0305651
0.0411338
0.0599792
0.0877436
0.121558
0.145248
0.15424
0.169374
0.179301
0.227185
0.274257
0.307588
0.326862
0.334142
0.333454
0.0843796
0.0841304
0.0824
0.0781246
0.0726943
0.069781
0.0725428
0.0825497
0.100949
0.125094
0.134753
0.13477
0.129101
0.137262
0.184746
0.220326
0.243221
0.254591
0.258292
0.257804
0.103774
0.1034
0.101847
0.0983038
0.093906
0.0908243
0.091252
0.097925
0.111797
0.132373
0.138622
0.13584
0.126157
0.134377
0.174218
0.201636
0.219593
0.227771
0.230533
0.229578
0.107926
0.107676
0.106688
0.10428
0.101469
0.0998033
0.100952
0.107301
0.12068
0.141171
0.153094
0.155042
0.156293
0.174835
0.199129
0.213453
0.221946
0.226904
0.228611
0.228064
0.102233
0.102306
0.102102
0.100981
0.099671
0.0996221
0.102373
0.110404
0.126431
0.149132
0.170189
0.18481
0.200324
0.223024
0.236834
0.243211
0.247154
0.249409
0.251363
0.250622
0.086456
0.0868619
0.0873746
0.0875116
0.0878977
0.0899212
0.0952604
0.106579
0.127846
0.156725
0.183763
0.20919
0.234866
0.254969
0.262268
0.26985
0.280169
0.289634
0.292945
0.290503
0.059073
0.0598562
0.060967
0.062194
0.0643247
0.0687794
0.0773513
0.0928823
0.121519
0.160139
0.191151
0.221214
0.251327
0.269288
0.275265
0.284348
0.290997
0.296985
0.299807
0.299108
0.0191651
0.0200952
0.0216609
0.0238223
0.0274056
0.0338795
0.0451925
0.0648748
0.10061
0.151039
0.187119
0.224391
0.260812
0.270202
0.278627
0.29358
0.310215
0.316391
0.318125
0.31578
-0.0349887
-0.0337828
-0.0319157
-0.0292346
-0.0249884
-0.0179455
-0.00619177
0.0145852
0.0544298
0.114216
0.158133
0.204906
0.228096
0.23389
0.25738
0.288858
0.307264
0.321711
0.321824
0.321378
-0.104561
-0.103262
-0.101482
-0.0990662
-0.0957067
-0.0909684
-0.0836343
-0.0690339
-0.0348745
0.020851
0.078701
0.157472
0.193933
0.203611
0.245633
0.301029
0.335664
0.347652
0.347441
0.347174
-0.188535
-0.187514
-0.186547
-0.185741
-0.185853
-0.188097
-0.193401
-0.198999
-0.192398
-0.165905
-0.0756782
0.0566255
0.124054
0.156059
0.233373
0.309267
0.367665
0.388217
0.383991
0.384998
-0.28086
-0.280649
-0.281446
-0.284059
-0.291075
-0.306479
-0.335907
-0.384242
-0.442009
-0.48213
-0.342929
-0.119763
0.0239614
0.0914394
0.215954
0.331862
0.407294
0.4275
0.422048
0.418405
-0.368553
-0.369649
-0.373034
-0.380702
-0.397665
-0.431815
-0.496725
-0.613413
-0.783554
-0.90639
-0.72697
-0.370828
-0.153404
-0.01763
0.147643
0.286855
0.361919
0.36322
0.358517
0.354684
-0.43275
-0.435319
-0.441402
-0.454434
-0.481854
-0.535708
-0.639111
-0.832029
-1.1242
-1.32481
-1.08357
-0.632525
-0.355538
-0.155588
0.043081
0.153807
0.196592
0.206494
0.208824
0.207758
-0.454226
-0.457822
-0.465735
-0.482376
-0.516596
-0.583416
-0.712619
-0.956833
-1.32509
-1.56686
-1.28762
-0.830713
-0.530999
-0.279893
-0.0353699
0.0523019
0.0548832
0.0543471
0.0535226
0.0516842
-0.422675
-0.426351
-0.434066
-0.450523
-0.485167
-0.552543
-0.683674
-0.932847
-1.29509
-1.54148
-1.28567
-0.905562
-0.680641
-0.446647
-0.167311
-0.105299
-0.104116
-0.112609
-0.120787
-0.126611
-0.342535
-0.345395
-0.3514
-0.364506
-0.392529
-0.447712
-0.555333
-0.761311
-1.04835
-1.2167
-1.0536
-0.830625
-0.785225
-0.762323
-0.55475
-0.444007
-0.407035
-0.395817
-0.39354
-0.397043
-0.232811
-0.234357
-0.237647
-0.245573
-0.263423
-0.299369
-0.370578
-0.509557
-0.709221
-0.791652
-0.688181
-0.654609
-0.816183
-1.37755
-1.37338
-1.02681
-0.816688
-0.718506
-0.673944
-0.659574
-0.118498
-0.118855
-0.119915
-0.122871
-0.130783
-0.147701
-0.182108
-0.253199
-0.370486
-0.417347
-0.372155
-0.356558
-0.580307
-0.996498
-1.2205
-0.964208
-0.755692
-0.651239
-0.601404
-0.583051
-0.0192014
-0.0189551
-0.0175336
-0.0161218
-0.0159495
-0.0171449
-0.0202113
-0.0268845
-0.0440744
-0.0773593
-0.0807987
-0.0927393
-0.0996592
-0.161051
-0.25002
-0.226697
-0.17265
-0.141324
-0.130891
-0.125357
0.175326
0.378948
0.56841
0.72834
0.858994
0.96487
1.05458
1.12741
1.14735
1.14336
0.493555
0.625935
0.750058
0.858596
0.950994
1.02823
1.08952
1.1312
1.15349
1.16968
0.710765
0.79847
0.885216
0.962077
1.02815
1.08319
1.12657
1.15936
1.18345
1.20259
0.868442
0.929887
0.992351
1.04882
1.09774
1.13924
1.17382
1.20241
1.22389
1.24284
0.990836
1.03748
1.08456
1.12788
1.16632
1.20012
1.22948
1.25417
1.27289
1.29102
1.09521
1.13248
1.16944
1.20505
1.2377
1.26711
1.29297
1.31458
1.33086
1.34841
1.18621
1.21959
1.253
1.28523
1.31519
1.34235
1.36611
1.38554
1.39981
1.4169
1.27514
1.30845
1.34164
1.3735
1.40286
1.42917
1.45173
1.46959
1.48224
1.49883
1.37073
1.4075
1.44272
1.47562
1.50519
1.53089
1.55232
1.56884
1.58063
1.59682
1.48442
1.52515
1.56251
1.59581
1.62459
1.64882
1.66865
1.68408
1.69609
1.7122
1.62609
1.66746
1.70292
1.73273
1.75812
1.77988
1.7985
1.81408
1.82727
1.84324
1.79804
1.83076
1.85769
1.88008
1.90026
1.91907
1.93688
1.9537
1.96866
1.9844
1.98466
2.00201
2.01921
2.03594
2.05208
2.06687
2.08081
2.09532
2.11059
2.1279
2.16812
2.17816
2.19141
2.20242
2.21184
2.22152
2.23217
2.24238
2.25169
2.27737
2.38616
2.38047
2.36753
2.35326
2.34698
2.35273
2.37089
2.39942
2.4332
2.46953
2.68894
2.55297
2.47351
2.43107
2.41377
2.41773
2.44518
2.50305
2.61073
2.78913
0.970024
0.963719
0.955983
0.94486
0.931275
0.918606
0.908177
0.900115
0.89433
0.890901
0.890409
0.893088
0.898189
0.905448
0.914927
0.926705
0.94023
0.953134
0.962106
0.969638
0.879115
0.885033
0.893102
0.899225
0.90228
0.901749
0.898634
0.894591
0.890921
0.888528
0.888248
0.890336
0.893962
0.898307
0.902327
0.904513
0.903395
0.898727
0.891647
0.883799
0.872408
0.87478
0.878044
0.880812
0.883254
0.885426
0.88658
0.886385
0.885366
0.884433
0.884484
0.885737
0.887373
0.88848
0.888305
0.886759
0.884541
0.882131
0.879115
0.876083
0.867679
0.868767
0.870682
0.873015
0.874877
0.876259
0.877447
0.878389
0.878885
0.879096
0.879465
0.880037
0.880362
0.880101
0.879352
0.878334
0.876927
0.874899
0.87275
0.871259
0.86274
0.863373
0.864502
0.86626
0.868099
0.869672
0.87088
0.871869
0.872743
0.873491
0.874065
0.874359
0.874294
0.873927
0.873259
0.872173
0.87065
0.86896
0.867568
0.866753
0.857926
0.858363
0.859156
0.86047
0.861996
0.863551
0.864991
0.86621
0.867257
0.868167
0.868869
0.869204
0.86913
0.868685
0.86785
0.866697
0.865411
0.864157
0.863183
0.862637
0.853252
0.853575
0.854195
0.855286
0.856601
0.858008
0.859475
0.860894
0.862173
0.863297
0.864164
0.864554
0.864457
0.863931
0.863082
0.862086
0.861058
0.860055
0.859308
0.858905
0.848701
0.848948
0.849455
0.85041
0.851631
0.852978
0.854415
0.855926
0.857407
0.858746
0.859798
0.860312
0.860249
0.859753
0.859024
0.858184
0.857299
0.85647
0.855877
0.855567
0.844227
0.844416
0.844839
0.845696
0.846857
0.84816
0.849566
0.851071
0.852647
0.854188
0.855465
0.85616
0.856262
0.855976
0.855443
0.854768
0.854028
0.853341
0.85287
0.85263
0.839781
0.839925
0.840284
0.841074
0.842201
0.843484
0.844886
0.846421
0.848102
0.849856
0.851402
0.852354
0.852701
0.852652
0.852333
0.851832
0.851235
0.850663
0.850293
0.850109
0.83534
0.835445
0.835757
0.836513
0.837642
0.838976
0.840492
0.842184
0.844001
0.84593
0.847798
0.849152
0.849855
0.850027
0.849841
0.849455
0.848972
0.848507
0.848219
0.84808
0.830862
0.830935
0.831214
0.83196
0.833125
0.834518
0.836103
0.837949
0.840098
0.842457
0.84476
0.846462
0.847396
0.847804
0.847863
0.84766
0.847296
0.846919
0.846701
0.846601
0.826312
0.826351
0.826592
0.827312
0.828479
0.829905
0.831559
0.833503
0.835789
0.838459
0.841276
0.843563
0.845063
0.845943
0.84633
0.846385
0.846223
0.845984
0.845852
0.845793
0.821717
0.821721
0.821934
0.822636
0.823835
0.825363
0.827199
0.829442
0.832168
0.835377
0.838831
0.841764
0.84373
0.844959
0.845652
0.845971
0.846007
0.845928
0.845889
0.845865
0.816928
0.816932
0.817108
0.817757
0.818917
0.820472
0.822424
0.824905
0.828033
0.831893
0.836172
0.83988
0.842557
0.844363
0.845492
0.846221
0.846637
0.846819
0.846896
0.84689
0.811478
0.811465
0.811654
0.812285
0.813459
0.815111
0.817302
0.820186
0.82389
0.828524
0.833796
0.838528
0.842002
0.844469
0.846196
0.847346
0.848103
0.84853
0.848708
0.848711
0.805046
0.805025
0.805236
0.80591
0.807203
0.80908
0.811636
0.815064
0.819559
0.825269
0.831807
0.837697
0.8421
0.845292
0.847584
0.849217
0.850323
0.850985
0.851251
0.851259
0.7973
0.797272
0.79752
0.798314
0.799802
0.802006
0.805069
0.80921
0.814697
0.821691
0.829788
0.837159
0.842711
0.846791
0.84975
0.851888
0.853373
0.854266
0.85461
0.854623
0.787873
0.787836
0.788156
0.789144
0.790954
0.793671
0.797461
0.802613
0.809432
0.818138
0.828161
0.837261
0.844124
0.849182
0.852869
0.855564
0.857445
0.858548
0.858961
0.85898
0.776303
0.776254
0.77667
0.777927
0.78021
0.783624
0.788403
0.79489
0.803439
0.814285
0.826692
0.837894
0.846319
0.852505
0.85706
0.8604
0.862731
0.864061
0.864549
0.864575
0.761974
0.761911
0.762467
0.764104
0.767054
0.771461
0.77761
0.785897
0.796728
0.810288
0.825599
0.839281
0.849507
0.857045
0.862589
0.866676
0.869471
0.871038
0.871622
0.871656
0.744014
0.743934
0.744692
0.746865
0.750786
0.756627
0.764701
0.775429
0.789214
0.806152
0.824942
0.841522
0.853865
0.862957
0.869663
0.874543
0.877894
0.879753
0.880453
0.880491
0.721195
0.721119
0.722225
0.725198
0.730512
0.738442
0.749239
0.763302
0.78091
0.802011
0.8249
0.844806
0.85955
0.870427
0.878453
0.884283
0.888235
0.890446
0.891268
0.891302
0.691302
0.691286
0.693038
0.697382
0.704933
0.716068
0.730823
0.749437
0.771956
0.79808
0.825683
0.849299
0.8667
0.87956
0.889064
0.895974
0.900662
0.903278
0.904219
0.904237
0.650284
0.650489
0.653666
0.660873
0.672522
0.688818
0.709367
0.734075
0.762687
0.794681
0.827543
0.855181
0.875426
0.890407
0.901526
0.909664
0.915223
0.918283
0.919314
0.919301
0.590516
0.591943
0.599616
0.613253
0.632473
0.656879
0.685463
0.717861
0.753652
0.792213
0.830716
0.862546
0.885709
0.902862
0.915672
0.92515
0.931696
0.935205
0.936284
0.936232
0.518444
0.521368
0.536214
0.559856
0.589475
0.623358
0.660701
0.701304
0.744865
0.790799
0.836035
0.873274
0.900484
0.920807
0.936186
0.947681
0.955708
0.96013
0.961454
0.961522
0.444975
0.452433
0.474651
0.508014
0.547481
0.590611
0.636689
0.685556
0.736942
0.790357
0.842482
0.885264
0.916599
0.940183
0.958255
0.972117
0.981807
0.986575
0.988291
0.988689
0.386068
0.395105
0.422025
0.462189
0.509273
0.560207
0.614117
0.67069
0.72951
0.790006
0.848578
0.896405
0.931337
0.957633
0.977788
0.993173
1.00393
1.00975
1.01221
1.01275
0.337897
0.347616
0.377939
0.423059
0.475884
0.533042
0.59351
0.65679
0.7223
0.789327
0.853781
0.906083
0.944084
0.972507
0.99426
1.01088
1.02267
1.0293
1.03208
1.03269
0.29747
0.307424
0.34003
0.389027
0.446546
0.508842
0.574825
0.643892
0.715322
0.78821
0.857988
0.914239
0.954813
0.984978
1.0079
1.02539
1.0379
1.04515
1.04819
1.04883
0.262213
0.272277
0.30658
0.358712
0.420141
0.486843
0.557613
0.631766
0.708486
0.786674
0.861279
0.92109
0.963893
0.995457
1.01925
1.03729
1.05018
1.05779
1.06098
1.06164
0.230565
0.240673
0.276328
0.331066
0.395802
0.466305
0.541303
0.620045
0.701586
0.784669
0.863784
0.926911
0.971744
1.00449
1.02892
1.04726
1.06032
1.06808
1.07128
1.07197
0.201366
0.211523
0.248283
0.305286
0.372894
0.446724
0.525486
0.608382
0.694382
0.782084
0.865546
0.931869
0.978665
1.01251
1.0375
1.05608
1.06922
1.07708
1.08027
1.08087
0.173782
0.184006
0.221777
0.280778
0.350943
0.427717
0.509847
0.596529
0.686671
0.778777
0.866484
0.936042
0.984819
1.01982
1.04542
1.06429
1.07753
1.08538
1.08858
1.08906
0.147325
0.157654
0.196371
0.257174
0.329602
0.409007
0.494183
0.584318
0.678305
0.774619
0.86654
0.939427
0.990359
1.02667
1.05302
1.07224
1.08563
1.09344
1.09659
1.09706
0.121661
0.132162
0.171773
0.234207
0.308667
0.39044
0.478362
0.571645
0.66921
0.769544
0.865672
0.942096
0.995437
1.03325
1.06048
1.08019
1.09378
1.10159
1.10462
1.10506
0.0965694
0.107317
0.147782
0.211714
0.288008
0.3719
0.462306
0.558465
0.659343
0.763521
0.863881
0.944041
1.00002
1.03958
1.06788
1.08819
1.10205
1.10986
1.11275
1.11311
0.0720114
0.0830199
0.124287
0.189621
0.267566
0.353363
0.446003
0.544767
0.6487
0.756522
0.861065
0.945122
1.00406
1.04566
1.07524
1.09627
1.11042
1.11817
1.12088
1.12114
0.0479229
0.0592085
0.101288
0.16792
0.247336
0.334834
0.429469
0.530574
0.637294
0.74851
0.857116
0.94525
1.00749
1.05148
1.08256
1.10441
1.11884
1.12649
1.12896
1.12909
0.0243289
0.0358965
0.0787807
0.146601
0.227337
0.316349
0.412758
0.51594
0.625153
0.739475
0.851998
0.944308
1.01016
1.05695
1.08987
1.11264
1.12727
1.13465
1.13681
1.13683
0.00119804
0.0131087
0.0567957
0.125699
0.207616
0.297968
0.395935
0.50094
0.612349
0.729469
0.845682
0.942147
1.01189
1.06196
1.09718
1.12105
1.13571
1.14259
1.14433
1.14421
-0.0212258
-0.0090903
0.0353842
0.10527
0.188243
0.27978
0.379079
0.485661
0.59898
0.718567
0.838134
0.938663
1.01247
1.06629
1.10449
1.12988
1.14438
1.15027
1.15135
1.15109
-0.043088
-0.0306286
0.0145977
0.0853627
0.169267
0.261836
0.362297
0.470203
0.585146
0.706857
0.829375
0.933758
1.01167
1.06962
1.11162
1.13946
1.15394
1.15806
1.15781
1.15733
-0.0641973
-0.0514561
-0.0055406
0.0660332
0.150778
0.244231
0.345681
0.454695
0.570963
0.694426
0.81947
0.927364
1.00931
1.07151
1.11808
1.14989
1.1656
1.16761
1.16443
1.16295
-0.0846439
-0.0715946
-0.0249676
0.0473445
0.13282
0.227041
0.32932
0.439224
0.55655
0.68143
0.80852
0.919431
1.00522
1.07153
1.12295
1.16036
1.18009
1.18246
1.17559
1.16471
-0.104313
-0.0910373
-0.043775
0.0291307
0.115172
0.209967
0.31286
0.423361
0.541423
0.667312
0.795933
0.909278
0.998791
1.06904
1.12492
1.1689
1.19577
1.20197
1.19359
1.1881
-0.123148
-0.10986
-0.0619596
0.0114649
0.0978627
0.193031
0.296341
0.407097
0.525567
0.651975
0.781578
0.896536
0.989446
1.06333
1.12159
1.16951
1.20043
1.21158
1.18063
1.13972
-0.140955
-0.12791
-0.0794829
-0.00553011
0.0809143
0.176216
0.279786
0.390574
0.509069
0.635492
0.765446
0.881038
0.976352
1.05403
1.11144
1.15184
1.1829
1.17629
1.12454
1.06583
-0.160431
-0.144074
-0.0959999
-0.0214674
0.0644655
0.159786
0.262876
0.373846
0.492033
0.617996
0.747514
0.862707
0.958132
1.04221
1.09379
1.13784
1.12436
1.09143
1.02998
0.968466
-0.149998
-0.126055
-0.0760332
0.00246516
0.0932556
0.192455
0.300766
0.414847
0.53602
0.66541
0.788399
0.890055
0.977773
1.06306
1.10293
1.04497
1.00899
0.955748
0.891347
0.849735
-0.164094
-0.156376
-0.116447
-0.0469922
0.0387754
0.133784
0.236947
0.347363
0.464605
0.589036
0.716307
0.829158
0.919502
1.00253
1.06618
1.06366
0.967581
0.897027
0.843561
0.769868
-0.185741
-0.175136
-0.131792
-0.0610635
0.025104
0.11966
0.221601
0.330939
0.44704
0.569779
0.694786
0.80528
0.89145
0.961237
0.986982
0.918861
0.79863
0.721078
0.659565
0.583872
-0.209502
-0.197655
-0.151153
-0.0793983
0.00678202
0.101358
0.203232
0.312181
0.427199
0.548166
0.669897
0.775813
0.854895
0.904888
0.883523
0.762821
0.630467
0.536455
0.460562
0.349314
-0.232841
-0.220943
-0.172664
-0.0997553
-0.0134223
0.0811221
0.182824
0.291075
0.404787
0.523584
0.641483
0.741946
0.812367
0.839818
0.778286
0.606535
0.44638
0.320464
0.2165
0.0747559
-0.255981
-0.244117
-0.194739
-0.120848
-0.0341148
0.0603934
0.161679
0.268969
0.381126
0.497389
0.61101
0.705305
0.765862
0.7615
0.644814
0.450903
0.257848
0.0859749
-0.0604703
-0.32532
-0.279336
-0.267628
-0.217616
-0.143067
-0.0559621
0.038563
0.139418
0.245727
0.356206
0.469689
0.57868
0.665858
0.714279
0.675009
0.511359
0.303342
0.0880846
-0.101424
-0.282985
-0.581319
-0.303451
-0.291906
-0.241617
-0.16664
-0.0792488
0.0152933
0.115752
0.221102
0.329833
0.440341
0.544482
0.623689
0.656892
0.593068
0.38657
0.172511
-0.0443123
-0.227071
-0.322058
-0.375766
-0.328983
-0.317542
-0.267065
-0.19186
-0.104372
-0.0099711
0.0899348
0.194096
0.300729
0.407722
0.506453
0.576547
0.592171
0.486344
0.270032
0.057109
-0.136682
-0.258703
-0.298437
-0.305778
-0.356095
-0.344696
-0.294039
-0.218704
-0.131249
-0.037156
0.0619849
0.164702
0.268841
0.371751
0.464372
0.524445
0.513004
0.369403
0.161391
-0.0383792
-0.202862
-0.263952
-0.275111
-0.277556
-0.384896
-0.373473
-0.322568
-0.247143
-0.159829
-0.0662166
0.0319436
0.132931
0.234199
0.33249
0.418107
0.468023
0.426513
0.257155
0.0608496
-0.123897
-0.237666
-0.262526
-0.263713
-0.263918
-0.41522
-0.403754
-0.35258
-0.277098
-0.190023
-0.0970458
-0.000113784
0.0988612
0.196919
0.289977
0.368023
0.405453
0.342129
0.148846
-0.0319883
-0.19114
-0.245031
-0.253195
-0.256082
-0.256788
-0.446665
-0.435201
-0.383808
-0.308356
-0.221638
-0.129456
-0.0340051
0.0626395
0.157221
0.244421
0.314464
0.337931
0.254627
0.0470522
-0.116939
-0.228098
-0.256468
-0.255003
-0.254149
-0.253711
-0.478753
-0.467318
-0.415829
-0.340526
-0.254313
-0.163102
-0.0693642
0.0245609
0.115466
0.19643
0.25765
0.26964
0.152342
-0.0580999
-0.198565
-0.250388
-0.266566
-0.260325
-0.251769
-0.250388
-0.51071
-0.499383
-0.447989
-0.373004
-0.287502
-0.197475
-0.105637
-0.0148574
0.072041
0.147177
0.198074
0.196867
0.0504767
-0.170431
-0.299781
-0.294266
-0.285861
-0.283212
-0.276247
-0.267928
-0.541361
-0.530309
-0.479362
-0.404951
-0.320427
-0.231882
-0.142045
-0.0546878
0.0274388
0.0978953
0.138048
0.122123
-0.0345554
-0.281206
-0.458202
-0.468158
-0.392764
-0.343731
-0.325758
-0.31852
-0.569267
-0.558734
-0.508734
-0.435281
-0.352053
-0.265365
-0.177713
-0.0935546
-0.0173005
0.0490702
0.0813306
0.0485948
-0.0947915
-0.345243
-0.571699
-0.56733
-0.494184
-0.430994
-0.409458
-0.402877
-0.592942
-0.583091
-0.534612
-0.462611
-0.38111
-0.29661
-0.211639
-0.129975
-0.0597212
9.90949e-05
0.0308415
-0.02004
-0.135657
-0.266923
-0.505768
-0.513953
-0.61252
-0.647904
-0.617819
-0.59288
-0.610239
-0.601252
-0.555164
-0.485356
-0.40615
-0.324027
-0.242337
-0.162994
-0.096218
-0.0480086
-0.0127132
-0.0699981
-0.189776
-0.0815614
-0.0298598
-0.256628
-0.576161
-0.67054
-0.657635
-0.654534
-0.61949
-0.611351
-0.568501
-0.501842
-0.425577
-0.346092
-0.267544
-0.191795
-0.125064
-0.0862096
-0.0583965
-0.103085
-0.303896
-0.184656
0.0418866
-0.251101
-0.551859
-0.629807
-0.625503
-0.642529
-0.617726
-0.610707
-0.573242
-0.51047
-0.437736
-0.361439
-0.285318
-0.213517
-0.147641
-0.105061
-0.106409
-0.178039
-0.551794
-0.970646
-1.28933
-1.5865
-1.60043
-1.36594
-1.04015
-0.935196
-0.603519
-0.598577
-0.567771
-0.510105
-0.441356
-0.368703
-0.29494
-0.224435
-0.161367
-0.113474
-0.107024
-0.251456
-0.771522
-1.71112
-2.29021
-2.50783
-2.45855
-2.23458
-1.92657
-1.70699
-0.577294
-0.573697
-0.550489
-0.500283
-0.436344
-0.367101
-0.295442
-0.224687
-0.158739
-0.111627
-0.0925603
-0.183001
-0.64132
-1.34503
-2.09154
-2.28394
-2.20256
-2.01923
-1.82047
-1.66821
-0.542023
-0.539717
-0.524073
-0.482566
-0.423557
-0.35755
-0.286106
-0.214515
-0.143506
-0.0744686
-0.042543
0.0124655
-0.164446
-0.352927
-0.494757
-0.493204
-0.282677
0.00118107
0.196788
0.328365
-0.502489
-0.501222
-0.491629
-0.459778
-0.406396
-0.341332
-0.271043
-0.19173
-0.115982
-0.0259332
0.0655303
0.159974
0.351733
0.648318
1.12392
1.65798
2.13451
2.45516
2.64052
2.73208
-0.464483
-0.46384
-0.459022
-0.435308
-0.387614
-0.323286
-0.249616
-0.169628
-0.0746718
0.0179659
0.15189
0.274244
0.499165
0.995688
1.64132
2.27749
2.7786
3.10353
3.27444
3.34076
-0.430117
-0.429263
-0.427314
-0.41315
-0.371849
-0.308014
-0.231064
-0.144126
-0.0507119
0.0598263
0.177219
0.305455
0.426276
0.801146
1.32584
1.82385
2.22302
2.48572
2.62559
2.68156
-0.400159
-0.399069
-0.398386
-0.391657
-0.357702
-0.293944
-0.213855
-0.126297
-0.0325094
0.0714361
0.182909
0.293906
0.386291
0.555042
0.946952
1.34804
1.64968
1.85439
1.96615
2.01019
-0.382219
-0.381675
-0.383314
-0.378912
-0.344355
-0.275579
-0.193341
-0.10819
-0.0188519
0.0775682
0.176336
0.269933
0.349746
0.443102
0.683864
0.96233
1.18521
1.33025
1.40471
1.43206
-0.348568
-0.350351
-0.354943
-0.350713
-0.313232
-0.242375
-0.162846
-0.0837913
-0.00448457
0.0805108
0.16848
0.245245
0.317096
0.388483
0.543856
0.72801
0.866801
0.956741
1.00193
1.01886
-0.258285
-0.26133
-0.266297
-0.262317
-0.231144
-0.175357
-0.113487
-0.0501071
0.0159505
0.084955
0.156984
0.220457
0.277772
0.325992
0.420842
0.539689
0.628227
0.686869
0.718177
0.725623
-0.124076
-0.126045
-0.128424
-0.126726
-0.112029
-0.0843744
-0.0489586
-0.00789595
0.0392203
0.0927362
0.146593
0.191276
0.230218
0.258221
0.316248
0.397273
0.458548
0.499115
0.518597
0.524007
-0.0057989
-0.00655736
-0.0073194
-0.00889025
-0.008181
-0.00244388
0.0108129
0.0323805
0.0620307
0.101225
0.137736
0.162941
0.183302
0.196815
0.234067
0.292303
0.337665
0.366881
0.380909
0.384331
0.0650071
0.0646493
0.0640576
0.0611423
0.0560965
0.0525961
0.0546097
0.0642432
0.0821815
0.108649
0.13373
0.142011
0.143419
0.144392
0.177574
0.225259
0.259038
0.280903
0.290871
0.292681
0.096902
0.0965477
0.0958017
0.0929156
0.0881105
0.0833499
0.0818197
0.086108
0.0972826
0.117032
0.136322
0.136094
0.128441
0.117388
0.150809
0.191014
0.21764
0.23308
0.239113
0.239916
0.107407
0.107068
0.106427
0.104226
0.100732
0.0974194
0.0962774
0.099461
0.108868
0.12613
0.143533
0.146142
0.140238
0.139249
0.169818
0.195113
0.21044
0.218221
0.221592
0.22284
0.106384
0.106201
0.105996
0.104798
0.10268
0.101011
0.101338
0.105524
0.116013
0.133807
0.15558
0.16544
0.173689
0.187903
0.210877
0.224691
0.233394
0.239498
0.241887
0.241859
0.0957308
0.095772
0.0960944
0.0959506
0.095305
0.0953475
0.0976051
0.103901
0.117333
0.140257
0.167412
0.18713
0.209708
0.234542
0.248484
0.252494
0.257955
0.263328
0.268332
0.268602
0.0742814
0.074555
0.0753135
0.0760595
0.076888
0.0789694
0.0838198
0.093401
0.111833
0.142365
0.177174
0.20156
0.2309
0.253927
0.268179
0.27562
0.285232
0.294408
0.299497
0.299489
0.0406242
0.0410957
0.0422133
0.0437554
0.0459308
0.0499917
0.0575204
0.0707621
0.0945913
0.133987
0.177578
0.206284
0.241916
0.26798
0.275265
0.283716
0.295832
0.304941
0.311337
0.310278
-0.00625267
-0.00554848
-0.0041396
-0.00208979
0.00102304
0.00635441
0.015495
0.0310953
0.0596694
0.107548
0.158644
0.195355
0.234863
0.252213
0.259336
0.281084
0.298269
0.31083
0.313831
0.313877
-0.0681722
-0.067262
-0.0656719
-0.0634327
-0.0601575
-0.0551057
-0.0470745
-0.0333058
-0.00542545
0.0463786
0.101131
0.157577
0.208729
0.211134
0.229707
0.272885
0.312846
0.330302
0.338283
0.336174
-0.145397
-0.144392
-0.143055
-0.141406
-0.139449
-0.137458
-0.13547
-0.132022
-0.118348
-0.0806322
-0.0295262
0.0646249
0.15011
0.169893
0.209814
0.271548
0.327013
0.359102
0.36123
0.360358
-0.234707
-0.233878
-0.233442
-0.233549
-0.235159
-0.240392
-0.251904
-0.272238
-0.297222
-0.309992
-0.267498
-0.108162
0.0472937
0.0974276
0.172748
0.282997
0.363556
0.414353
0.414611
0.41142
-0.326628
-0.326348
-0.327532
-0.330706
-0.33844
-0.355547
-0.389225
-0.450651
-0.54811
-0.660885
-0.637671
-0.377836
-0.128066
-0.00734965
0.11378
0.254248
0.368741
0.40756
0.40577
0.400565
-0.404842
-0.405426
-0.408643
-0.415678
-0.43109
-0.462824
-0.524234
-0.640241
-0.838252
-1.08244
-1.06789
-0.712892
-0.354009
-0.179951
0.0148577
0.175379
0.27058
0.290274
0.291197
0.288402
-0.449396
-0.450863
-0.455933
-0.466282
-0.488308
-0.53261
-0.618079
-0.782652
-1.07016
-1.40671
-1.39961
-0.97487
-0.569708
-0.337123
-0.0988433
0.0595752
0.111132
0.123726
0.128307
0.128974
-0.444482
-0.446487
-0.451897
-0.463644
-0.488728
-0.538135
-0.63364
-0.819509
-1.14749
-1.51014
-1.52674
-1.07583
-0.739505
-0.491585
-0.211519
-0.0361462
-0.0166094
-0.0186098
-0.0235017
-0.0280502
-0.386992
-0.389008
-0.393874
-0.404184
-0.426477
-0.471302
-0.558346
-0.727986
-1.02641
-1.3329
-1.36556
-1.01765
-0.795925
-0.659891
-0.415865
-0.235559
-0.224101
-0.230459
-0.238594
-0.246177
-0.289075
-0.290562
-0.29369
-0.300616
-0.316384
-0.34911
-0.413364
-0.540068
-0.765422
-0.966944
-0.967332
-0.805163
-0.750615
-0.961179
-1.08835
-0.843072
-0.677708
-0.596764
-0.562147
-0.549156
-0.174217
-0.174985
-0.176192
-0.17917
-0.187359
-0.205592
-0.242534
-0.317703
-0.459604
-0.585234
-0.571773
-0.481117
-0.589272
-1.01807
-1.52587
-1.30517
-0.980115
-0.803095
-0.721392
-0.68501
-0.0192277
-0.0182903
-0.016781
-0.015842
-0.0163641
-0.0183853
-0.0229135
-0.0332664
-0.0608404
-0.0792527
-0.0832707
-0.0895606
-0.127407
-0.205742
-0.248723
-0.199837
-0.153169
-0.134601
-0.128384
-0.384724
-0.510152
-0.0298224
0.324167
0.55764
0.733179
0.871052
0.981538
1.07638
1.17302
1.22622
0.2556
0.435536
0.592525
0.734236
0.854553
0.95469
1.0375
1.10308
1.13962
1.14828
0.565212
0.663852
0.771493
0.869109
0.953577
1.02516
1.08322
1.12644
1.15584
1.1766
0.760796
0.831154
0.905347
0.975088
1.0362
1.08818
1.13084
1.16506
1.19196
1.21242
0.907688
0.9587
1.0132
1.065
1.11107
1.15111
1.18541
1.21462
1.23828
1.25638
1.02397
1.06607
1.10721
1.14734
1.18434
1.21754
1.24688
1.27223
1.29253
1.309
1.1253
1.15907
1.19389
1.22796
1.26023
1.28982
1.31622
1.33893
1.35674
1.37158
1.21626
1.24688
1.27993
1.31234
1.34299
1.37113
1.39605
1.41707
1.43294
1.44645
1.30635
1.33887
1.37343
1.40664
1.43755
1.46539
1.4895
1.50926
1.52369
1.53626
1.40791
1.44429
1.48222
1.51715
1.54855
1.57585
1.59874
1.61709
1.63061
1.64319
1.53357
1.57261
1.61248
1.64705
1.67678
1.70198
1.72303
1.74022
1.75374
1.76724
1.69277
1.72887
1.76416
1.79284
1.81716
1.83865
1.85796
1.87531
1.89032
1.9048
1.88118
1.90371
1.92749
1.94738
1.96574
1.98319
1.99978
2.01623
2.03247
2.04808
2.07392
2.08211
2.09599
2.1109
2.12539
2.13837
2.15006
2.16133
2.17308
2.1892
2.26959
2.26954
2.27959
2.28306
2.28403
2.28845
2.299
2.31395
2.32831
2.34274
2.56678
2.51128
2.45678
2.41712
2.39488
2.39081
2.40434
2.43814
2.49601
2.57636
1.09212
1.03962
0.996734
0.963716
0.939961
0.922821
0.910349
0.901306
0.895036
0.89138
0.890848
0.89365
0.899083
0.907029
0.91792
0.932708
0.953002
0.981157
1.01918
1.06852
0.90322
0.912163
0.918914
0.91915
0.914434
0.907636
0.90087
0.895208
0.891202
0.889383
0.890449
0.893987
0.899284
0.90588
0.913064
0.919318
0.922037
0.918564
0.909466
0.903141
0.875924
0.878127
0.882983
0.887118
0.890652
0.892673
0.892474
0.890647
0.888357
0.886671
0.886547
0.888235
0.89086
0.893438
0.894844
0.894116
0.891324
0.887566
0.883142
0.878469
0.870775
0.871732
0.874228
0.876677
0.878551
0.880182
0.881539
0.882203
0.882127
0.881853
0.882076
0.882933
0.88378
0.883952
0.883213
0.881905
0.880353
0.878328
0.875808
0.873689
0.865513
0.865992
0.867441
0.869523
0.871438
0.872891
0.87401
0.874979
0.875752
0.8763
0.876784
0.877169
0.877205
0.876833
0.876173
0.875187
0.873688
0.871759
0.870013
0.868942
0.860542
0.86084
0.861766
0.863259
0.864941
0.866547
0.867892
0.868977
0.869916
0.870751
0.871389
0.871688
0.871623
0.871239
0.870487
0.869325
0.867891
0.866445
0.865305
0.86465
0.855729
0.855939
0.856635
0.857824
0.859226
0.8607
0.862173
0.863511
0.864686
0.865706
0.866487
0.866839
0.866738
0.866236
0.86537
0.864284
0.863142
0.862027
0.861179
0.860714
0.851087
0.851246
0.851804
0.85282
0.854084
0.855456
0.856911
0.858393
0.859771
0.860983
0.861933
0.86239
0.862315
0.861789
0.860988
0.860069
0.859112
0.8582
0.857535
0.857183
0.846549
0.846672
0.847133
0.848033
0.849216
0.850537
0.851958
0.853474
0.85502
0.856479
0.857645
0.858222
0.85821
0.857803
0.857171
0.856413
0.855599
0.85484
0.854312
0.85404
0.842071
0.842165
0.842554
0.843379
0.844527
0.845816
0.847212
0.848725
0.850344
0.85198
0.853381
0.854207
0.854425
0.854259
0.85384
0.853256
0.852569
0.851933
0.851515
0.851305
0.837614
0.837687
0.83802
0.838785
0.839898
0.841191
0.842639
0.844232
0.845963
0.847806
0.849509
0.850638
0.851157
0.85123
0.850989
0.850555
0.850019
0.849506
0.84918
0.84902
0.833148
0.833202
0.833497
0.834248
0.835401
0.836775
0.838346
0.840139
0.842116
0.844223
0.846288
0.847835
0.848659
0.848917
0.848822
0.84851
0.848066
0.847632
0.847375
0.847256
0.828613
0.828649
0.828905
0.829636
0.830798
0.832204
0.833813
0.835682
0.837908
0.840459
0.843014
0.844948
0.846114
0.846765
0.847003
0.846936
0.846661
0.846343
0.846165
0.846087
0.824019
0.824039
0.824262
0.824973
0.82616
0.827639
0.829393
0.83148
0.833941
0.836811
0.839916
0.842557
0.844322
0.845366
0.845911
0.846083
0.845993
0.845814
0.845725
0.845687
0.819376
0.819378
0.819568
0.820237
0.821424
0.822978
0.824881
0.82725
0.830199
0.83376
0.837612
0.840866
0.843131
0.84462
0.845505
0.846026
0.846214
0.846248
0.846264
0.84625
0.814282
0.814292
0.81448
0.8151
0.81625
0.817844
0.819899
0.822541
0.8259
0.830091
0.834838
0.839064
0.842148
0.844296
0.845771
0.8467
0.847257
0.847552
0.847681
0.847682
0.808381
0.808386
0.80858
0.809211
0.810443
0.812215
0.814587
0.817733
0.821823
0.826982
0.83285
0.838115
0.842008
0.844809
0.8468
0.848201
0.849104
0.849638
0.849859
0.849865
0.801325
0.801327
0.801552
0.802252
0.803636
0.805685
0.808477
0.812219
0.817165
0.823465
0.830741
0.837342
0.842307
0.845939
0.848564
0.850435
0.851711
0.852474
0.85278
0.852793
0.792788
0.792791
0.793061
0.793907
0.795555
0.79803
0.801432
0.80604
0.812149
0.819947
0.828956
0.837152
0.843328
0.84788
0.851193
0.853593
0.855249
0.856231
0.856605
0.856622
0.782356
0.782358
0.782696
0.783761
0.785818
0.788898
0.79314
0.798901
0.806521
0.816236
0.827391
0.837494
0.845111
0.850722
0.854831
0.857824
0.859902
0.861092
0.861537
0.86156
0.769517
0.769518
0.769947
0.771317
0.773933
0.777856
0.78326
0.790573
0.800187
0.812307
0.826095
0.838488
0.847764
0.854616
0.859665
0.863352
0.865878
0.867307
0.867835
0.867865
0.753516
0.753514
0.75406
0.755856
0.759311
0.764435
0.771465
0.780874
0.793078
0.808234
0.82521
0.840286
0.851533
0.859825
0.865932
0.870395
0.873431
0.875112
0.875745
0.875782
0.733395
0.73339
0.73411
0.736512
0.741166
0.748012
0.757327
0.769584
0.785157
0.804072
0.824833
0.843024
0.856535
0.866497
0.873859
0.879186
0.882791
0.88479
0.885542
0.885578
0.707501
0.707498
0.70853
0.711939
0.718402
0.727844
0.740432
0.756594
0.776509
0.800005
0.825174
0.84689
0.862934
0.874788
0.883548
0.889902
0.894167
0.896543
0.897414
0.897438
0.672879
0.672898
0.674621
0.679969
0.689577
0.703102
0.72048
0.741925
0.767338
0.796294
0.826464
0.852058
0.870865
0.88478
0.8951
0.902618
0.907685
0.910489
0.911469
0.911465
0.623863
0.62412
0.628022
0.637837
0.653318
0.673397
0.697659
0.726019
0.758104
0.793313
0.828958
0.85868
0.880382
0.896458
0.908445
0.917281
0.9233
0.926584
0.927653
0.927598
0.552933
0.555392
0.566674
0.585881
0.611014
0.640224
0.673186
0.709665
0.749271
0.791397
0.833067
0.867374
0.892361
0.910955
0.925007
0.93556
0.94287
0.946939
0.948322
0.94835
0.477997
0.483635
0.503712
0.533014
0.56826
0.606872
0.648616
0.693373
0.74086
0.790553
0.839282
0.879352
0.908688
0.930697
0.947551
0.960535
0.96971
0.974832
0.976659
0.976919
0.413297
0.419866
0.446252
0.483982
0.527879
0.575118
0.625246
0.678061
0.733241
0.790252
0.845652
0.891023
0.924231
0.949267
0.968501
0.983309
0.993917
1.00012
1.0021
1.00233
0.360821
0.367954
0.398265
0.441749
0.492086
0.546283
0.603616
0.663663
0.725914
0.789757
0.851339
0.901468
0.937995
0.965419
0.986459
1.00261
1.01439
1.02135
1.02355
1.02394
0.317305
0.324741
0.357597
0.405433
0.460861
0.520682
0.584
0.650268
0.718826
0.78885
0.856039
0.910372
0.949707
0.979049
1.00146
1.01863
1.03112
1.0386
1.04122
1.04175
0.280031
0.287629
0.322211
0.373458
0.433105
0.49767
0.566117
0.637794
0.71193
0.787528
0.859763
0.917838
0.959561
0.99046
1.01387
1.03174
1.04466
1.05248
1.05545
1.05606
0.24703
0.254727
0.290614
0.3446
0.407813
0.476475
0.549413
0.625913
0.70509
0.785762
0.862648
0.924135
0.967976
1.00015
1.02429
1.04256
1.05569
1.06364
1.06682
1.06742
0.216895
0.224689
0.261654
0.317981
0.384251
0.45646
0.533389
0.614254
0.698063
0.783481
0.864785
0.929511
0.975322
1.00862
1.03334
1.05184
1.06506
1.07306
1.07633
1.07696
0.188758
0.196644
0.234549
0.292904
0.361866
0.437204
0.517689
0.602518
0.690625
0.780552
0.86614
0.934077
0.98185
1.01625
1.04155
1.06029
1.07359
1.08155
1.08487
1.08553
0.161925
0.169925
0.208681
0.268893
0.340246
0.418366
0.502052
0.590499
0.682596
0.776828
0.866646
0.937847
0.987673
1.0233
1.04927
1.06832
1.08172
1.08963
1.09287
1.09357
0.136041
0.144179
0.183747
0.245637
0.319123
0.39974
0.48632
0.578065
0.67387
0.772216
0.866236
0.940861
0.992969
1.03001
1.05678
1.07625
1.0898
1.0977
1.10083
1.10144
0.110829
0.119149
0.159508
0.222922
0.298333
0.381192
0.470385
0.565137
0.66439
0.766667
0.864911
0.943185
0.997808
1.03646
1.0642
1.08421
1.09798
1.10589
1.10889
1.10937
0.0861889
0.0946804
0.135814
0.200632
0.277782
0.362651
0.4542
0.551696
0.654133
0.760159
0.862622
0.944709
1.00213
1.04266
1.07158
1.09224
1.10628
1.11416
1.11701
1.11736
0.0620318
0.070702
0.112599
0.178733
0.257444
0.344111
0.437775
0.537744
0.643107
0.752656
0.859248
0.945323
1.00587
1.04862
1.07892
1.10035
1.11467
1.12244
1.12509
1.12531
0.0383154
0.0471905
0.0898779
0.157219
0.237322
0.325597
0.421146
0.523324
0.63132
0.744123
0.854713
0.944931
1.00895
1.05427
1.08623
1.10853
1.12309
1.13066
1.13303
1.13312
0.0150779
0.0241728
0.0676452
0.1361
0.21745
0.307156
0.404363
0.508491
0.618834
0.734599
0.849
0.943395
1.01117
1.05954
1.09353
1.11683
1.13151
1.13871
1.14071
1.14067
-0.00759204
0.00170682
0.0459575
0.115425
0.197892
0.288854
0.387516
0.493333
0.605736
0.724135
0.842069
0.940585
1.01235
1.06424
1.10085
1.12541
1.14002
1.1465
1.14798
1.14779
-0.0296302
-0.020135
0.0248682
0.0952457
0.178711
0.270775
0.370683
0.477953
0.592121
0.712816
0.833908
0.936399
1.01226
1.06811
1.10811
1.13457
1.14901
1.15413
1.15469
1.15435
-0.0510312
-0.0413161
0.00441048
0.0756201
0.159965
0.252999
0.353968
0.462459
0.578094
0.700725
0.82457
0.930757
1.0107
1.07078
1.11499
1.14461
1.15945
1.16245
1.161
1.16022
-0.0716828
-0.0617635
-0.0153799
0.0565998
0.14173
0.235591
0.337462
0.446947
0.563775
0.687991
0.814119
0.923599
1.00749
1.07179
1.12079
1.15524
1.17256
1.1742
1.16911
1.16526
-0.0916309
-0.0815148
-0.0344727
0.0381846
0.123978
0.218527
0.321136
0.431384
0.549129
0.674573
0.80249
0.914701
1.00236
1.07067
1.12444
1.16513
1.18816
1.19262
1.18486
1.17038
-0.110854
-0.100625
-0.052982
0.0202015
0.106466
0.201483
0.304601
0.415282
0.533585
0.659793
0.788979
0.903248
0.99453
1.06663
1.12406
1.17061
1.20071
1.20659
1.20034
1.17018
-0.129418
-0.11912
-0.0708483
0.0028498
0.0893666
0.184628
0.288086
0.398884
0.517413
0.643893
0.773751
0.889151
0.983455
1.05914
1.11738
1.16332
1.19521
1.20261
1.15667
1.10297
-0.148976
-0.136123
-0.0879903
-0.0137809
0.0725136
0.167841
0.271379
0.382215
0.500598
0.62684
0.756682
0.872207
0.967952
1.04827
1.10355
1.13513
1.15841
1.1401
1.08195
1.02179
-0.172722
-0.168596
-0.107909
-0.0276188
0.0581293
0.15341
0.254771
0.365892
0.483815
0.609401
0.738359
0.852951
0.947365
1.03679
1.06875
1.07896
1.07941
1.03501
0.971884
0.908659
-0.150814
-0.142914
-0.0850985
-0.00531505
0.0854671
0.184515
0.290681
0.404454
0.525138
0.653748
0.775829
0.876301
0.960906
1.04523
1.06823
0.990283
0.924942
0.872028
0.808654
0.678312
-0.185907
-0.158223
-0.098916
-0.0185725
0.0722126
0.170785
0.276351
0.389317
0.508849
0.635535
0.754835
0.851925
0.928081
0.985923
0.963659
0.85232
0.75546
0.691105
0.620186
0.476594
-0.212038
-0.178674
-0.117928
-0.0377256
0.0528595
0.151144
0.256666
0.368712
0.48673
0.610839
0.726417
0.818669
0.88462
0.907733
0.837296
0.692898
0.5783
0.499915
0.40791
0.213609
-0.235906
-0.201042
-0.138605
-0.0578932
0.0327031
0.130882
0.235975
0.346962
0.463237
0.584383
0.695312
0.781396
0.833565
0.821562
0.692696
0.524204
0.378607
0.268351
0.155008
-0.136987
-0.259241
-0.223635
-0.160069
-0.0787057
0.0120562
0.110051
0.214451
0.324234
0.43855
0.556392
0.661932
0.741076
0.774753
0.729599
0.547968
0.353358
0.168069
0.0142889
-0.172219
-0.580355
-0.282458
-0.246811
-0.182555
-0.100694
-0.00972153
0.0880674
0.191775
0.300272
0.412423
0.526669
0.626262
0.697058
0.710697
0.613572
0.410103
0.193858
-0.0108384
-0.188708
-0.400431
-0.803255
-0.306624
-0.270961
-0.206324
-0.124102
-0.0329623
0.0646485
0.167699
0.274885
0.38473
0.495157
0.588464
0.649206
0.638207
0.491736
0.284435
0.0613574
-0.142624
-0.287188
-0.348356
-0.392956
-0.332131
-0.296482
-0.231646
-0.149253
-0.0581087
0.0391696
0.141391
0.246982
0.354087
0.460038
0.546577
0.594833
0.556465
0.374327
0.16647
-0.0438749
-0.212115
-0.281517
-0.302965
-0.306708
-0.359252
-0.323522
-0.258541
-0.176094
-0.0851022
0.011671
0.112812
0.216493
0.320409
0.42119
0.500526
0.531936
0.470836
0.261842
0.0601189
-0.128152
-0.251111
-0.272494
-0.276998
-0.277252
-0.388083
-0.352145
-0.287009
-0.204567
-0.113862
-0.0178049
0.0820091
0.183476
0.283705
0.378678
0.449886
0.464522
0.367528
0.156947
-0.0350909
-0.195509
-0.252894
-0.263546
-0.263993
-0.263582
-0.418463
-0.382259
-0.316963
-0.23461
-0.144315
-0.0491655
0.0490577
0.148011
0.244073
0.332664
0.394593
0.392128
0.254934
0.0580497
-0.118947
-0.236072
-0.25173
-0.254875
-0.256712
-0.256651
-0.449895
-0.413586
-0.348175
-0.266006
-0.176256
-0.0822161
0.014114
0.110252
0.201785
0.283303
0.33589
0.310822
0.147025
-0.0361241
-0.186608
-0.241828
-0.255886
-0.254508
-0.253894
-0.2536
-0.481973
-0.445639
-0.380233
-0.298384
-0.209347
-0.116606
-0.0224868
0.0704829
0.157398
0.230965
0.274347
0.228225
0.0382627
-0.134284
-0.238458
-0.267802
-0.264603
-0.255089
-0.25062
-0.250191
-0.513722
-0.477761
-0.41251
-0.331166
-0.243063
-0.151799
-0.0601708
0.0291199
0.111605
0.176736
0.208567
0.148356
-0.0677424
-0.25316
-0.307147
-0.285348
-0.285431
-0.280589
-0.271469
-0.265852
-0.544302
-0.508944
-0.444121
-0.363547
-0.276671
-0.187112
-0.0980519
-0.0130589
0.0649205
0.122726
0.141341
0.0726672
-0.158292
-0.393888
-0.470711
-0.431734
-0.36326
-0.332205
-0.321419
-0.316776
-0.572141
-0.537893
-0.473924
-0.39448
-0.309149
-0.221669
-0.135037
-0.0546211
0.0176363
0.0711532
0.0769451
-0.00251009
-0.206511
-0.484039
-0.589797
-0.537116
-0.456796
-0.415796
-0.405969
-0.399866
-0.595573
-0.56304
-0.500477
-0.422653
-0.339199
-0.254277
-0.17008
-0.0934058
-0.0290605
0.022834
0.0203531
-0.0768319
-0.186906
-0.393266
-0.515183
-0.553765
-0.646148
-0.63513
-0.602355
-0.589535
-0.612661
-0.582395
-0.522096
-0.446551
-0.36536
-0.283234
-0.202196
-0.127476
-0.0708831
-0.0248704
-0.0224965
-0.142455
-0.162077
-0.027479
-0.107644
-0.428427
-0.65644
-0.662863
-0.655215
-0.654725
-0.621525
-0.593994
-0.537026
-0.464541
-0.386131
-0.306659
-0.229536
-0.156385
-0.101607
-0.0736568
-0.0539481
-0.212834
-0.302988
-0.0289849
-0.0637623
-0.425231
-0.617573
-0.622554
-0.635356
-0.644641
-0.620161
-0.596043
-0.54383
-0.474947
-0.399952
-0.32326
-0.248983
-0.179481
-0.121941
-0.102394
-0.102715
-0.336561
-0.780239
-1.11989
-1.46967
-1.62345
-1.52078
-1.1856
-0.957389
-0.94114
-0.605384
-0.587096
-0.541226
-0.47661
-0.405489
-0.331926
-0.259156
-0.191674
-0.135613
-0.102901
-0.136026
-0.453387
-1.20359
-2.1036
-2.42605
-2.51536
-2.35877
-2.08901
-1.79264
-1.67473
-0.578804
-0.565551
-0.528027
-0.469375
-0.402382
-0.331455
-0.25994
-0.191295
-0.130785
-0.0966053
-0.102332
-0.372357
-0.953753
-1.7798
-2.23891
-2.26243
-2.11943
-1.91799
-1.7298
-1.64441
-0.543186
-0.534498
-0.506359
-0.454517
-0.39111
-0.32272
-0.249836
-0.179626
-0.107142
-0.0575741
-0.0106683
-0.0582526
-0.268333
-0.427176
-0.530531
-0.404393
-0.139956
0.112411
0.269622
0.365205
-0.503354
-0.49838
-0.478838
-0.435093
-0.374891
-0.306888
-0.232683
-0.152889
-0.0757338
0.027969
0.0983899
0.256089
0.472632
0.865044
1.39122
1.91076
2.31702
2.55997
2.69776
2.74945
-0.465077
-0.462672
-0.45024
-0.414008
-0.357072
-0.287715
-0.210786
-0.123727
-0.0290485
0.0807321
0.217033
0.349944
0.719958
1.30948
1.96804
2.55021
2.96242
3.20629
3.31764
3.35122
-0.429706
-0.428739
-0.422981
-0.395791
-0.342288
-0.27082
-0.188566
-0.0993598
0.00388357
0.116375
0.243723
0.359724
0.562197
1.06008
1.58223
2.03967
2.37189
2.56899
2.66159
2.69133
-0.399672
-0.398625
-0.396985
-0.378796
-0.328785
-0.255057
-0.171231
-0.0798423
0.0170657
0.127883
0.238594
0.345473
0.441322
0.731962
1.15893
1.51064
1.76474
1.92111
1.99456
2.01704
-0.381766
-0.382332
-0.383112
-0.366516
-0.312957
-0.235256
-0.151256
-0.0644901
0.0278056
0.128242
0.223797
0.313887
0.382736
0.547613
0.826611
1.08287
1.26756
1.37541
1.42275
1.43553
-0.348963
-0.352676
-0.355248
-0.337126
-0.280302
-0.202922
-0.123536
-0.0444225
0.0368862
0.125544
0.208352
0.281926
0.347581
0.454356
0.638755
0.804061
0.918007
0.983915
1.01328
1.02017
-0.259317
-0.263952
-0.266484
-0.250706
-0.204972
-0.144814
-0.0818646
-0.0174005
0.0493243
0.122225
0.190652
0.248639
0.305022
0.365628
0.482114
0.588053
0.661174
0.705908
0.724162
0.725582
-0.124945
-0.127284
-0.128594
-0.1214
-0.0991989
-0.0676485
-0.0290085
0.014324
0.0654527
0.120746
0.171679
0.210383
0.246586
0.279607
0.358131
0.430718
0.481443
0.511098
0.522834
0.523287
-0.00627613
-0.00681302
-0.00807404
-0.00905193
-0.0061371
0.00308483
0.0204752
0.0459206
0.0806225
0.121064
0.15334
0.171319
0.196943
0.208077
0.264266
0.316982
0.354358
0.375655
0.383757
0.383383
0.0647288
0.0645515
0.0629149
0.0587222
0.0538794
0.0527351
0.0585952
0.0722822
0.0946185
0.122905
0.138953
0.141783
0.14554
0.155877
0.202069
0.24383
0.271642
0.287008
0.292686
0.29176
0.0966807
0.096351
0.0946603
0.0906557
0.0855402
0.0821744
0.0831957
0.090983
0.106604
0.128206
0.134222
0.132794
0.122881
0.12847
0.173813
0.205407
0.226809
0.237068
0.240002
0.239326
0.107219
0.10687
0.105554
0.102553
0.098971
0.0965438
0.097151
0.103398
0.116494
0.136528
0.145594
0.14315
0.137936
0.151979
0.184112
0.2043
0.215058
0.220099
0.222674
0.222417
0.106261
0.106161
0.105558
0.103783
0.101708
0.100821
0.102675
0.109602
0.124169
0.145511
0.161773
0.169806
0.178089
0.199248
0.218549
0.229154
0.237124
0.240958
0.242278
0.240918
0.0956945
0.0959405
0.0961148
0.0956382
0.095151
0.0960649
0.0999799
0.109521
0.127876
0.152732
0.177522
0.198397
0.220932
0.242797
0.250016
0.255393
0.260426
0.266242
0.268969
0.268064
0.0743362
0.074908
0.0757078
0.076413
0.0776855
0.0809211
0.0878574
0.101184
0.125991
0.159475
0.188454
0.216692
0.242829
0.263741
0.270996
0.280194
0.29052
0.297228
0.300418
0.298314
0.0407721
0.041578
0.0429451
0.0447056
0.0476338
0.0532083
0.0633056
0.0810744
0.11345
0.157835
0.191131
0.224717
0.258942
0.272362
0.277871
0.289776
0.299901
0.30974
0.311381
0.309495
-0.00600672
-0.00491906
-0.00320072
-0.00072322
0.00332547
0.0103434
0.0223077
0.0431495
0.0815986
0.137549
0.177089
0.217615
0.248915
0.255772
0.268932
0.290532
0.307362
0.311468
0.314031
0.313714
-0.0678267
-0.0665395
-0.0646451
-0.0619659
-0.0579094
-0.0515539
-0.0412111
-0.0222745
0.0165913
0.0769004
0.126546
0.186259
0.211988
0.217082
0.252017
0.292809
0.322971
0.338222
0.337272
0.335933
-0.144974
-0.143755
-0.142274
-0.140461
-0.138447
-0.136497
-0.134221
-0.127413
-0.103317
-0.058434
0.0123677
0.114521
0.165142
0.181469
0.239901
0.305236
0.343741
0.360999
0.359689
0.360974
-0.234292
-0.233605
-0.233401
-0.234069
-0.237188
-0.245203
-0.26101
-0.284717
-0.305057
-0.306556
-0.192247
-0.0199003
0.0777223
0.128865
0.227042
0.32624
0.400629
0.41911
0.412666
0.410857
-0.326358
-0.326753
-0.328778
-0.333773
-0.345489
-0.36975
-0.415772
-0.49542
-0.602255
-0.685354
-0.525494
-0.239615
-0.0538149
0.0427944
0.186949
0.312313
0.394984
0.407274
0.40293
0.399437
-0.404857
-0.406696
-0.411499
-0.421958
-0.444334
-0.488683
-0.573381
-0.729472
-0.9626
-1.13041
-0.92156
-0.503897
-0.257309
-0.0872629
0.103036
0.240557
0.287264
0.291769
0.289961
0.287134
-0.449732
-0.452929
-0.460153
-0.475338
-0.506889
-0.568541
-0.687338
-0.910088
-1.24997
-1.47362
-1.20629
-0.747571
-0.442089
-0.221773
0.000513068
0.095691
0.118672
0.126433
0.12911
0.128438
-0.445108
-0.448706
-0.456621
-0.474075
-0.509443
-0.578234
-0.711638
-0.965107
-1.34109
-1.59365
-1.31726
-0.881343
-0.61518
-0.351251
-0.115353
-0.0203585
-0.0160617
-0.020978
-0.0258554
-0.029639
-0.387688
-0.391021
-0.398103
-0.413253
-0.445248
-0.507802
-0.629665
-0.862067
-1.19322
-1.40855
-1.19522
-0.892109
-0.731598
-0.567985
-0.263975
-0.226577
-0.226874
-0.234641
-0.242397
-0.248979
-0.28966
-0.291847
-0.296449
-0.306975
-0.330049
-0.375978
-0.46631
-0.64129
-0.883747
-1.00111
-0.877052
-0.746795
-0.815616
-1.09155
-0.98399
-0.747476
-0.628291
-0.575797
-0.553273
-0.548755
-0.174598
-0.175449
-0.17731
-0.182406
-0.194821
-0.220948
-0.273553
-0.380283
-0.537909
-0.590954
-0.522726
-0.516998
-0.753553
-1.34753
-1.4767
-1.12432
-0.8746
-0.754349
-0.698892
-0.679081
-0.0665734
-0.0668474
-0.0666326
-0.0668932
-0.0691373
-0.0747722
-0.0874774
-0.115355
-0.174582
-0.242621
-0.228475
-0.219269
-0.257502
-0.43211
-0.714167
-0.692567
-0.54379
-0.449145
-0.405386
-0.38053
-0.242811
0.166358
0.450213
0.649084
0.8053
0.928225
1.03098
1.12302
1.21271
1.20114
0.34981
0.515083
0.666158
0.797148
0.907035
0.998058
1.07288
1.12608
1.1445
1.15709
0.61213
0.718055
0.821994
0.91298
0.990989
1.05596
1.10672
1.14262
1.16678
1.1856
0.79531
0.868175
0.941228
1.00679
1.06335
1.11066
1.1489
1.17946
1.20247
1.222
0.932229
0.9859
1.03973
1.08881
1.13183
1.16894
1.20062
1.2273
1.2472
1.26602
1.04534
1.0866
1.12757
1.16631
1.20142
1.23269
1.26008
1.28313
1.3006
1.31858
1.1415
1.17654
1.21107
1.24439
1.27539
1.30345
1.32809
1.34855
1.36378
1.38124
1.2306
1.26342
1.29629
1.32794
1.35741
1.38403
1.40711
1.42572
1.43915
1.45608
1.32146
1.3563
1.39025
1.42244
1.45189
1.47795
1.49997
1.51718
1.5293
1.54576
1.42469
1.46364
1.50007
1.53333
1.56274
1.58786
1.6085
1.62442
1.63621
1.65242
1.55145
1.5932
1.6304
1.6625
1.68993
1.713
1.73209
1.74738
1.75993
1.77607
1.7089
1.74745
1.77922
1.80542
1.82821
1.84856
1.86689
1.88313
1.89723
1.91313
1.89112
1.91617
1.93778
1.95667
1.9746
1.99156
2.00797
2.02449
2.04015
2.05616
2.07691
2.08874
2.10342
2.11829
2.13209
2.14433
2.15568
2.16709
2.18
2.20073
2.26506
2.27512
2.28208
2.28344
2.28554
2.29298
2.30618
2.32156
2.33465
2.36293
2.54157
2.48251
2.43487
2.40374
2.39065
2.39525
2.41849
2.46383
2.53437
2.61299
0.967411
0.959906
0.950983
0.938153
0.92474
0.913127
0.903887
0.896965
0.892323
0.89025
0.891387
0.895341
0.901522
0.909869
0.920497
0.933302
0.946978
0.958162
0.965936
0.972256
0.881392
0.889272
0.896414
0.901171
0.902413
0.900407
0.896644
0.892661
0.889529
0.888078
0.889031
0.891993
0.896088
0.900436
0.903766
0.904447
0.901497
0.895449
0.887429
0.881525
0.87337
0.87643
0.879519
0.882037
0.884406
0.886161
0.886628
0.885924
0.884836
0.884296
0.884999
0.88656
0.888052
0.888591
0.887684
0.885688
0.883374
0.880697
0.877486
0.875121
0.868105
0.869624
0.871858
0.874017
0.875603
0.876868
0.87796
0.87869
0.878999
0.879247
0.879748
0.880264
0.880313
0.879773
0.878877
0.877705
0.875996
0.873771
0.871915
0.87083
0.863004
0.863845
0.865336
0.867186
0.868928
0.870311
0.87139
0.872318
0.873132
0.873807
0.874261
0.87437
0.874147
0.873639
0.872781
0.871462
0.869811
0.868184
0.867117
0.866484
0.858115
0.858686
0.859772
0.861218
0.862773
0.864291
0.865624
0.866748
0.867727
0.868558
0.869094
0.869217
0.868957
0.86832
0.867305
0.866064
0.864768
0.863609
0.862882
0.862442
0.853393
0.853822
0.854698
0.855933
0.857291
0.858736
0.860195
0.861548
0.862753
0.863786
0.864425
0.864565
0.864247
0.863539
0.862595
0.861573
0.860539
0.859631
0.859085
0.858757
0.848808
0.849144
0.849887
0.851
0.852291
0.853683
0.855162
0.856676
0.858095
0.85933
0.860139
0.860349
0.860045
0.85941
0.858616
0.857743
0.856866
0.856131
0.855705
0.855451
0.844309
0.844576
0.845219
0.846251
0.847494
0.848847
0.850304
0.851852
0.853427
0.854889
0.855903
0.856273
0.856161
0.855735
0.85512
0.8544
0.853669
0.85307
0.852737
0.852537
0.839842
0.840057
0.840626
0.841608
0.842824
0.844168
0.845633
0.847241
0.848978
0.850694
0.851971
0.85259
0.852717
0.852523
0.852102
0.851546
0.850931
0.850448
0.850192
0.850036
0.835383
0.835555
0.836078
0.837044
0.838285
0.839708
0.841316
0.843077
0.844946
0.846917
0.848564
0.849581
0.85
0.84997
0.849667
0.849224
0.848725
0.848338
0.848143
0.848021
0.83089
0.831029
0.831523
0.832505
0.833796
0.83528
0.836987
0.838985
0.841259
0.84366
0.845725
0.84701
0.847656
0.84787
0.847792
0.847491
0.847096
0.846787
0.846648
0.846554
0.826324
0.826427
0.826885
0.827855
0.829163
0.830697
0.83249
0.834595
0.837074
0.839914
0.842532
0.8444
0.845571
0.846193
0.846391
0.846323
0.846099
0.845901
0.845823
0.845758
0.821712
0.821785
0.822215
0.823187
0.824563
0.826234
0.828262
0.830744
0.833705
0.837144
0.84042
0.842858
0.844425
0.84536
0.845862
0.846013
0.845971
0.845901
0.845882
0.845838
0.81692
0.816981
0.817363
0.818283
0.819648
0.82139
0.823588
0.826377
0.829871
0.834063
0.838172
0.841338
0.843556
0.844999
0.845892
0.846464
0.846748
0.846868
0.846904
0.846864
0.81146
0.811525
0.811901
0.81281
0.814226
0.816129
0.818647
0.821926
0.826083
0.831182
0.836329
0.840407
0.843342
0.845416
0.846821
0.847772
0.848354
0.848648
0.848726
0.848682
0.805022
0.805089
0.805499
0.806484
0.808066
0.81026
0.813227
0.817161
0.822258
0.828563
0.834948
0.840065
0.843829
0.846533
0.848475
0.849825
0.85071
0.851162
0.851277
0.851225
0.797269
0.797348
0.797838
0.79897
0.80081
0.803417
0.806989
0.811767
0.81799
0.825762
0.833712
0.840139
0.844913
0.848388
0.850909
0.852704
0.853897
0.854498
0.854644
0.854582
0.787832
0.787934
0.788553
0.789941
0.792192
0.795415
0.799843
0.805795
0.813538
0.823176
0.833007
0.840949
0.846846
0.851171
0.854329
0.856597
0.858097
0.858826
0.859003
0.858932
0.77625
0.776381
0.777181
0.778933
0.781767
0.785821
0.791407
0.79888
0.808563
0.820535
0.832666
0.842412
0.849659
0.85495
0.858861
0.861694
0.863522
0.86439
0.864601
0.864519
0.761905
0.762083
0.763134
0.765406
0.769065
0.774292
0.781457
0.790968
0.803154
0.818025
0.832905
0.844776
0.853565
0.860021
0.86481
0.86822
0.870408
0.871428
0.871686
0.87159
0.743922
0.744171
0.745581
0.748594
0.753459
0.760353
0.769696
0.781917
0.79728
0.815683
0.833817
0.848155
0.858757
0.866553
0.872313
0.876412
0.879
0.880222
0.880528
0.880413
0.721078
0.721479
0.723455
0.727534
0.734143
0.743458
0.755825
0.771639
0.791021
0.813678
0.83558
0.852731
0.865398
0.874739
0.881611
0.88649
0.889548
0.891001
0.891349
0.891209
0.691165
0.691888
0.694854
0.700722
0.710054
0.72297
0.739623
0.760192
0.784568
0.812226
0.838385
0.858654
0.873608
0.88467
0.89281
0.89859
0.90222
0.903921
0.9043
0.904127
0.650153
0.651635
0.656743
0.666113
0.680118
0.698546
0.721184
0.74788
0.778258
0.811618
0.842447
0.866068
0.883467
0.896378
0.90593
0.912763
0.917061
0.919002
0.919385
0.919172
0.590567
0.595008
0.605741
0.622144
0.644098
0.670634
0.701162
0.735308
0.772571
0.81217
0.847927
0.875008
0.894907
0.909729
0.920783
0.928804
0.933829
0.93598
0.936334
0.936095
0.518802
0.527409
0.547189
0.573969
0.605919
0.641545
0.680535
0.722662
0.767486
0.814293
0.856175
0.887894
0.911357
0.929022
0.942381
0.952133
0.958388
0.961096
0.961539
0.961483
0.447027
0.461749
0.490338
0.527105
0.568588
0.613207
0.66069
0.710857
0.763324
0.817469
0.86562
0.902079
0.929188
0.949795
0.96567
0.977552
0.98477
0.987678
0.988588
0.988721
0.388537
0.406463
0.440906
0.485045
0.534247
0.586707
0.641979
0.69973
0.759458
0.820521
0.874466
0.91516
0.945364
0.968364
0.986019
0.999205
1.00739
1.01132
1.01261
1.0128
0.340458
0.360397
0.399151
0.448713
0.503908
0.562776
0.624704
0.689167
0.75553
0.82296
0.882129
0.926513
0.959269
0.984079
1.00316
1.01743
1.02661
1.03107
1.03254
1.03274
0.300006
0.321068
0.363043
0.416956
0.477079
0.541281
0.608875
0.679213
0.751484
0.824671
0.888532
0.936085
0.970955
0.99719
1.01727
1.03227
1.0422
1.0471
1.04868
1.04887
0.264709
0.286538
0.331018
0.388525
0.452812
0.521626
0.594159
0.669706
0.747303
0.825695
0.89381
0.944183
0.980815
1.00816
1.02891
1.04439
1.05465
1.05984
1.06149
1.06167
0.233014
0.25541
0.301956
0.362457
0.430313
0.503145
0.580098
0.660363
0.742843
0.826083
0.898171
0.951151
0.98934
1.01756
1.03877
1.05446
1.06487
1.07016
1.07182
1.07199
0.203794
0.226641
0.274939
0.33805
0.40901
0.485387
0.566306
0.650889
0.737928
0.825794
0.901718
0.957223
0.9969
1.02592
1.04749
1.06332
1.07381
1.07916
1.08075
1.08086
0.176179
0.199507
0.249326
0.31477
0.388473
0.468004
0.552508
0.641059
0.732384
0.824715
0.904459
0.962517
1.00372
1.03359
1.05559
1.0716
1.08212
1.08749
1.08901
1.08901
0.149716
0.173521
0.224726
0.292254
0.368395
0.450759
0.538514
0.630716
0.726078
0.822747
0.90635
0.967104
1.01
1.04087
1.0634
1.07965
1.09022
1.09551
1.09702
1.09699
0.124077
0.14838
0.200865
0.270263
0.348597
0.43351
0.524213
0.619771
0.71893
0.819835
0.907406
0.971107
1.01593
1.04795
1.07114
1.08773
1.0984
1.1036
1.10503
1.10497
0.0990491
0.123884
0.177556
0.24865
0.328956
0.416166
0.509538
0.608186
0.710905
0.815947
0.907629
0.9745
1.02148
1.05489
1.07889
1.0959
1.1067
1.1118
1.1131
1.11301
0.0745485
0.099921
0.154711
0.227356
0.309425
0.398696
0.494481
0.595949
0.701999
0.811039
0.906874
0.977182
1.02665
1.06169
1.08667
1.10417
1.11507
1.12002
1.12117
1.12102
0.0505065
0.0764412
0.132336
0.206368
0.290008
0.381125
0.47907
0.583083
0.692194
0.805027
0.905038
0.979066
1.03139
1.06836
1.09448
1.11252
1.12348
1.12821
1.12917
1.12895
0.0269915
0.0534554
0.110404
0.18569
0.270734
0.363489
0.463349
0.569633
0.681503
0.797892
0.902052
0.980012
1.03558
1.07487
1.10235
1.12093
1.13181
1.13621
1.13694
1.13667
0.00398515
0.0310026
0.0889482
0.165366
0.25166
0.345855
0.447394
0.555665
0.670003
0.789656
0.897826
0.979845
1.03905
1.08118
1.11037
1.12947
1.14003
1.14389
1.14436
1.14404
-0.0184015
0.00914266
0.068025
0.145448
0.23285
0.328308
0.431293
0.541283
0.657777
0.780337
0.892281
0.978403
1.04155
1.08714
1.11867
1.13841
1.14823
1.15116
1.15127
1.15093
-0.0401651
-0.0120545
0.0476717
0.126004
0.214382
0.310927
0.41515
0.526601
0.644914
0.769995
0.885383
0.975534
1.04282
1.09245
1.12729
1.14832
1.15698
1.15812
1.15752
1.15722
-0.0612055
-0.0325736
0.02794
0.107092
0.19632
0.293801
0.399055
0.511703
0.631536
0.758734
0.877126
0.97111
1.04254
1.0966
1.13594
1.15984
1.16793
1.1661
1.16331
1.16308
-0.0815511
-0.0523886
0.00889088
0.0887742
0.178744
0.277021
0.383135
0.496733
0.617779
0.746678
0.867547
0.965032
1.04046
1.09888
1.14359
1.17269
1.1831
1.17969
1.17109
1.15624
-0.101158
-0.0715408
-0.00961651
0.0708406
0.161355
0.260241
0.366956
0.4812
0.603085
0.73325
0.856011
0.956612
1.03602
1.09842
1.14856
1.18489
1.20134
1.1992
1.18647
1.19449
-0.12003
-0.0900361
-0.0275397
0.0533533
0.144192
0.243508
0.350533
0.465136
0.587447
0.718359
0.842345
0.945269
1.02866
1.09399
1.1467
1.18748
1.20923
1.20569
1.15534
1.14237
-0.138669
-0.108004
-0.0446211
0.036619
0.127616
0.227195
0.33404
0.448814
0.571176
0.702246
0.826689
0.930569
1.01792
1.08514
1.13314
1.17093
1.18536
1.15508
1.09236
1.05379
-0.160314
-0.126917
-0.0603833
0.0212049
0.112307
0.211692
0.317879
0.432512
0.554491
0.685054
0.809159
0.912396
1.00248
1.0723
1.11713
1.12436
1.11294
1.06165
0.996791
0.957213
0.247646
0.358666
0.476332
0.60147
0.729519
0.842939
0.935167
0.833786
-0.174265
-0.165009
-0.123739
-0.0537924
0.0322171
0.126889
0.229275
0.339006
0.455663
0.579258
0.70554
0.817564
0.906184
0.984437
1.0319
0.997855
0.879836
0.808761
0.75166
-0.197527
-0.185963
-0.140944
-0.0697358
0.0164502
0.111019
0.212874
0.322009
0.437589
0.559476
0.682934
0.79132
0.874203
0.934596
0.934578
0.840818
0.716322
0.631581
0.560451
-0.221061
-0.209192
-0.16174
-0.0894695
-0.00325345
0.0912997
0.193136
0.301795
0.416194
0.53613
0.656003
0.75928
0.834289
0.873112
0.833936
0.684821
0.54031
0.432139
0.344522
-0.244257
-0.232382
-0.183557
-0.110177
-0.0236619
0.0708576
0.172368
0.280159
0.393109
0.510679
0.626505
0.724024
0.789922
0.803159
0.712795
0.528372
0.352042
0.20152
0.0739749
-0.267414
-0.255655
-0.205963
-0.131777
-0.0448732
0.0496453
0.150699
0.257488
0.368815
0.4837
0.595026
0.685878
0.740806
0.717356
0.577114
0.374908
0.168102
-0.0115092
-0.182776
-0.290993
-0.279428
-0.229336
-0.154623
-0.0673694
0.0271858
0.127851
0.233699
0.343346
0.455413
0.562066
0.645449
0.686598
0.634999
0.448184
0.23692
0.0176082
-0.177491
-0.326386
-0.46875
-0.315764
-0.30435
-0.254023
-0.179017
-0.0915828
0.0029131
0.103116
0.207906
0.315633
0.424458
0.525978
0.600863
0.625656
0.543012
0.327159
0.111818
-0.0953767
-0.251228
-0.307502
-0.331456
-0.341997
-0.330685
-0.280204
-0.205046
-0.117585
-0.0233275
0.076235
0.179706
0.28514
0.390166
0.485957
0.551282
0.554661
0.427236
0.214874
0.00744067
-0.173793
-0.261301
-0.285512
-0.289115
-0.369884
-0.358597
-0.307935
-0.232681
-0.145319
-0.0514538
0.0472319
0.149112
0.251868
0.352547
0.441779
0.497015
0.469646
0.313058
0.110034
-0.0830759
-0.223022
-0.270581
-0.269143
-0.269782
-0.399373
-0.388072
-0.337209
-0.261878
-0.174724
-0.0814092
0.016164
0.116187
0.21589
0.311656
0.393544
0.438011
0.383759
0.202051
0.0131025
-0.162874
-0.240808
-0.256855
-0.259121
-0.259563
-0.430197
-0.418853
-0.367849
-0.292506
-0.205655
-0.113064
-0.0168373
0.0810208
0.17736
0.267574
0.34172
0.372108
0.300033
0.0984847
-0.0773859
-0.211203
-0.256095
-0.253608
-0.254785
-0.254826
-0.461819
-0.450498
-0.39952
-0.32426
-0.237855
-0.146146
-0.0515191
0.0438228
0.136589
0.22069
0.286509
0.3043
0.204983
-0.0045755
-0.15833
-0.244446
-0.260903
-0.257834
-0.253308
-0.252137
-0.493674
-0.482413
-0.431699
-0.356651
-0.270866
-0.180226
-0.0874175
0.00498895
0.0939452
0.171899
0.228253
0.234138
0.0999493
-0.113179
-0.246748
-0.261011
-0.268155
-0.264628
-0.257854
-0.253283
-0.524717
-0.513663
-0.463566
-0.388959
-0.304033
-0.214717
-0.123859
-0.0347772
0.0498587
0.122489
0.168062
0.1597
0.00537475
-0.228339
-0.374264
-0.364545
-0.332214
-0.314713
-0.302295
-0.292493
-0.553841
-0.543098
-0.494037
-0.420245
-0.336449
-0.248803
-0.160009
-0.074315
0.00500998
0.0734223
0.109275
0.0851122
-0.0676063
-0.324696
-0.537298
-0.551763
-0.449633
-0.372456
-0.351923
-0.347862
-0.57954
-0.569265
-0.521769
-0.449272
-0.366955
-0.281354
-0.194945
-0.112126
-0.0389526
0.0246385
0.0554118
0.0129529
-0.115277
-0.330379
-0.568979
-0.548265
-0.541222
-0.536859
-0.513833
-0.494667
-0.599698
-0.59015
-0.545068
-0.474542
-0.394186
-0.31089
-0.227492
-0.146927
-0.0788435
-0.0243208
0.00864136
-0.0482376
-0.16022
-0.167332
-0.32035
-0.425203
-0.622354
-0.693972
-0.6674
-0.650334
-0.612748
-0.604187
-0.562107
-0.494413
-0.416638
-0.335805
-0.255753
-0.178002
-0.111543
-0.0691533
-0.0338069
-0.0853919
-0.235485
-0.0696967
0.181188
-0.109005
-0.513054
-0.626728
-0.636299
-0.641779
-0.616438
-0.609229
-0.571123
-0.507247
-0.432645
-0.354687
-0.277385
-0.203788
-0.137162
-0.0976994
-0.087367
-0.127716
-0.409038
-0.503377
-0.522788
-0.848691
-0.959351
-0.837302
-0.722906
-0.716321
-0.609877
-0.603807
-0.570544
-0.511511
-0.440721
-0.366152
-0.291174
-0.220266
-0.156268
-0.109861
-0.10844
-0.223446
-0.687053
-1.44304
-1.93747
-2.21032
-2.16821
-1.86931
-1.51964
-1.32188
-0.589854
-0.585358
-0.558431
-0.506118
-0.440133
-0.36899
-0.296389
-0.225917
-0.161534
-0.115502
-0.103273
-0.237613
-0.757365
-1.65626
-2.35163
-2.52077
-2.46873
-2.28343
-2.06058
-1.84977
-0.559028
-0.556052
-0.535973
-0.491477
-0.431048
-0.363322
-0.291726
-0.221223
-0.152562
-0.097508
-0.0724807
-0.092317
-0.431805
-0.898169
-1.4313
-1.6063
-1.50744
-1.26658
-1.04316
-0.87438
-0.521194
-0.519441
-0.506667
-0.470273
-0.415423
-0.350042
-0.279431
-0.20357
-0.132652
-0.0482285
0.00619284
0.0915848
0.11542
0.204063
0.419381
0.697101
1.05876
1.35856
1.5224
1.60458
-0.482134
-0.481139
-0.47423
-0.446739
-0.396844
-0.332327
-0.260474
-0.181145
-0.0938989
-0.00683269
0.118601
0.226534
0.475163
0.917793
1.54285
2.19202
2.7105
3.03918
3.20246
3.25325
-0.446914
-0.446311
-0.442988
-0.423977
-0.379169
-0.31531
-0.239847
-0.156296
-0.0611565
0.0440273
0.168373
0.29852
0.466826
0.933077
1.50292
2.07143
2.53503
2.84269
3.00609
3.06696
-0.413416
-0.412532
-0.411352
-0.401657
-0.364703
-0.301125
-0.222563
-0.134454
-0.041088
0.0671785
0.182294
0.302778
0.402872
0.667294
1.13955
1.59165
1.93624
2.1664
2.2922
2.34374
-0.390541
-0.389463
-0.389594
-0.38448
-0.351266
-0.285658
-0.204344
-0.117935
-0.0252981
0.074984
0.180005
0.282362
0.368048
0.48337
0.791862
1.13158
1.39733
1.57397
1.66568
1.69985
-0.370262
-0.370854
-0.374261
-0.370114
-0.333546
-0.262129
-0.179813
-0.0968562
-0.0122516
0.0791289
0.172731
0.257333
0.333179
0.414709
0.607684
0.83346
1.01122
1.12731
1.18843
1.21044
-0.311646
-0.314209
-0.319519
-0.315127
-0.2791
-0.213555
-0.140942
-0.0683575
0.00503158
0.0824239
0.163038
0.233375
0.299226
0.360355
0.481949
0.631104
0.740261
0.81071
0.845527
0.857583
-0.193104
-0.195811
-0.199626
-0.196699
-0.173121
-0.130836
-0.0819317
-0.0295223
0.0275149
0.0883413
0.151464
0.206145
0.25357
0.290996
0.364831
0.461206
0.53403
0.583073
0.608311
0.616515
-0.0597399
-0.0610017
-0.0623276
-0.062385
-0.0551549
-0.0403916
-0.0173531
0.0131378
0.0507981
0.0973034
0.14191
0.176669
0.207178
0.226382
0.273157
0.342232
0.394515
0.428056
0.443883
0.44736
0.0355911
0.0351291
0.0346041
0.0323027
0.0283778
0.028382
0.0347996
0.0494614
0.0726396
0.104829
0.134906
0.150997
0.161258
0.168806
0.201566
0.252203
0.292609
0.319154
0.331482
0.334406
0.0846211
0.0842793
0.083591
0.0805554
0.0753817
0.0706304
0.070177
0.076442
0.0903386
0.112717
0.134202
0.136766
0.132718
0.125422
0.159861
0.204998
0.233058
0.250217
0.257142
0.25835
0.103981
0.103619
0.10288
0.100286
0.0961058
0.0919488
0.0903248
0.0936848
0.103434
0.121631
0.139635
0.139763
0.130984
0.122675
0.155265
0.188787
0.211893
0.224686
0.229564
0.230396
0.108086
0.10781
0.107357
0.105632
0.10282
0.100353
0.0999069
0.103431
0.113312
0.129987
0.14943
0.154637
0.155336
0.162531
0.188559
0.207522
0.217943
0.225076
0.22802
0.228531
0.102313
0.102241
0.102305
0.101646
0.100253
0.0993996
0.10061
0.105712
0.117321
0.137052
0.161449
0.176674
0.192456
0.212812
0.232837
0.240125
0.245431
0.24828
0.25059
0.251243
0.0864487
0.0866
0.0871531
0.0874815
0.0875844
0.0886185
0.0921052
0.09991
0.115713
0.142313
0.172922
0.195638
0.222563
0.24669
0.259971
0.265789
0.275074
0.285035
0.292486
0.291774
0.0589852
0.0593606
0.0604161
0.0615387
0.0630553
0.0661695
0.0724114
0.0838672
0.104957
0.139793
0.179105
0.205098
0.238577
0.261749
0.273265
0.279854
0.287779
0.294694
0.298641
0.299531
0.0189824
0.0195447
0.020809
0.0226376
0.0253472
0.030176
0.0387329
0.0534585
0.0799549
0.123794
0.171418
0.203591
0.240959
0.265538
0.272862
0.285874
0.302925
0.313155
0.318667
0.316802
-0.0352867
-0.0344749
-0.032932
-0.0307105
-0.0273762
-0.0219211
-0.0128697
0.00257978
0.0319181
0.0828727
0.136543
0.180966
0.223689
0.228433
0.242961
0.271747
0.30099
0.316858
0.321901
0.321352
-0.104952
-0.10397
-0.102438
-0.100371
-0.0975199
-0.0935608
-0.0877745
-0.0778022
-0.0547183
-0.00646869
0.0471136
0.119917
0.185499
0.195072
0.223234
0.274609
0.317891
0.343783
0.349236
0.347107
-0.188969
-0.18801
-0.18703
-0.18609
-0.185593
-0.186624
-0.190316
-0.196762
-0.198624
-0.180557
-0.132785
-0.0104035
0.103588
0.135899
0.18751
0.276812
0.344871
0.38179
0.384974
0.384497
-0.281222
-0.28062
-0.280909
-0.282392
-0.286765
-0.297399
-0.318963
-0.357617
-0.414395
-0.471118
-0.436726
-0.230777
-0.0275756
0.0548012
0.153006
0.273204
0.374371
0.427829
0.424916
0.419528
-0.368694
-0.368821
-0.371001
-0.37606
-0.387563
-0.411879
-0.459175
-0.547078
-0.693732
-0.873729
-0.852845
-0.543644
-0.242973
-0.0924268
0.0690032
0.224586
0.33041
0.362477
0.361137
0.356195
-0.432572
-0.433626
-0.437803
-0.446639
-0.465685
-0.504318
-0.57894
-0.721703
-0.967774
-1.26585
-1.25552
-0.863329
-0.459873
-0.262024
-0.0466511
0.113473
0.192734
0.203827
0.20827
0.208435
-0.453728
-0.455583
-0.461023
-0.472469
-0.496462
-0.54447
-0.637184
-0.816848
-1.13392
-1.49141
-1.4934
-1.04256
-0.674058
-0.413637
-0.151363
0.0191611
0.0510237
0.0542055
0.0540801
0.0525858
-0.421991
-0.424107
-0.429515
-0.440638
-0.464806
-0.513279
-0.606812
-0.789375
-1.11027
-1.45552
-1.48698
-1.07066
-0.773682
-0.56908
-0.279735
-0.118559
-0.101095
-0.108058
-0.116884
-0.124216
-0.341871
-0.343693
-0.347791
-0.356661
-0.376037
-0.415488
-0.492372
-0.642529
-0.906125
-1.16037
-1.17941
-0.921979
-0.79431
-0.786576
-0.685524
-0.478971
-0.420973
-0.399772
-0.393973
-0.395019
-0.232314
-0.233475
-0.235654
-0.240744
-0.252827
-0.278272
-0.328817
-0.428889
-0.610549
-0.77335
-0.759399
-0.659319
-0.687585
-1.07719
-1.47052
-1.18668
-0.905187
-0.758064
-0.691987
-0.663384
-0.118234
-0.118668
-0.119277
-0.120954
-0.125976
-0.137746
-0.161786
-0.211133
-0.309544
-0.410146
-0.394847
-0.335632
-0.442857
-0.758224
-1.19792
-1.10561
-0.844932
-0.693969
-0.621832
-0.588775
-0.0667993
-0.0666996
-0.0666377
-0.0677233
-0.0713949
-0.0799275
-0.0987246
-0.140383
-0.211379
-0.244054
-0.217458
-0.219799
-0.333193
-0.566402
-0.747759
-0.615834
-0.487635
-0.42309
-0.392918
-0.126444
-0.00676099
0.283247
0.474202
0.65176
0.796458
0.914391
1.01137
1.09407
1.14652
1.13808
0.431317
0.560151
0.689638
0.806437
0.906758
0.991453
1.06105
1.11302
1.14429
1.16155
0.670207
0.753981
0.842801
0.925033
0.996456
1.05709
1.10634
1.14411
1.1725
1.19337
0.837896
0.898709
0.961548
1.02153
1.07422
1.1194
1.15734
1.18883
1.21439
1.23332
0.968736
1.01391
1.06126
1.10683
1.1477
1.18379
1.21535
1.24247
1.26431
1.28152
1.07602
1.11409
1.15095
1.18758
1.22177
1.25282
1.28051
1.30438
1.32336
1.33885
1.17141
1.20283
1.23633
1.26937
1.30053
1.32915
1.3547
1.37646
1.39324
1.40727
1.26063
1.29172
1.32509
1.35786
1.38854
1.41643
1.44096
1.46134
1.47644
1.48925
1.35482
1.38917
1.42531
1.45955
1.49086
1.51855
1.54217
1.56125
1.57513
1.58746
1.4669
1.50499
1.54429
1.57972
1.61077
1.63726
1.65928
1.67693
1.69027
1.70315
1.60865
1.64724
1.68598
1.71844
1.74592
1.7694
1.78957
1.80668
1.82079
1.83466
1.78457
1.81481
1.84497
1.86925
1.89037
1.90981
1.92808
1.94547
1.96139
1.97629
1.97857
1.99305
2.01074
2.02759
2.04416
2.05965
2.07385
2.08794
2.10284
2.11902
2.1677
2.17202
2.18498
2.1972
2.20722
2.21655
2.22677
2.23746
2.24683
2.25907
2.39728
2.38369
2.37489
2.35985
2.34877
2.34827
2.36031
2.38413
2.41597
2.45175
2.77145
2.61293
2.50743
2.44865
2.41965
2.41309
2.42825
2.46949
2.54874
2.69386
-0.153711
-0.15021
-0.108384
-0.0369106
0.0488205
0.144127
1.021
1.08266
1.08636
1.02746
0.968294
0.90558
0.691586
0.483428
0.241943
-0.0689288
-0.459271
)
;

boundaryField
{
    wall-4
    {
        type            zeroGradient;
    }
    pressure-outlet-7
    {
        type            fixedValue;
        value           uniform 0;
    }
    velocity-inlet-6
    {
        type            zeroGradient;
    }
    velocity-inlet-5
    {
        type            zeroGradient;
    }
    frontAndBackPlanes
    {
        type            empty;
    }
}


// ************************************************************************* //
