/*--------------------------------*- C++ -*----------------------------------*\
  =========                 |
  \\      /  F ield         | OpenFOAM: The Open Source CFD Toolbox
   \\    /   O peration     | Website:  https://openfoam.org
    \\  /    A nd           | Version:  6
     \\/     M anipulation  |
\*---------------------------------------------------------------------------*/
FoamFile
{
    version     2.0;
    format      ascii;
    class       volScalarField;
    location    "92.2";
    object      p;
}
// * * * * * * * * * * * * * * * * * * * * * * * * * * * * * * * * * * * * * //

dimensions      [0 2 -2 0 0 0 0];

internalField   nonuniform List<scalar> 
8800
(
0.855396
0.806082
0.768118
0.740051
0.719893
0.705311
0.694719
0.687188
0.682315
0.680262
0.68165
0.686009
0.692814
0.702248
0.714992
0.732318
0.756199
0.789299
0.832238
0.884752
0.689886
0.696231
0.705383
0.708933
0.706327
0.700243
0.693307
0.687074
0.682283
0.679429
0.679216
0.681862
0.68652
0.69266
0.699769
0.706809
0.711693
0.711572
0.704901
0.696005
0.663391
0.669628
0.67413
0.678005
0.680957
0.681912
0.680831
0.67872
0.676754
0.675933
0.676987
0.67946
0.682362
0.684645
0.685175
0.683394
0.680034
0.676026
0.671248
0.667532
0.659076
0.661843
0.664452
0.666613
0.668356
0.669931
0.671043
0.671408
0.671312
0.671433
0.672263
0.673429
0.67419
0.674056
0.673093
0.671748
0.670086
0.66779
0.665383
0.663817
0.654
0.655426
0.657269
0.659354
0.661073
0.662375
0.663484
0.664479
0.665309
0.666074
0.666816
0.667305
0.667353
0.667009
0.666357
0.665255
0.663609
0.661723
0.660374
0.659571
0.648983
0.649887
0.651138
0.65277
0.654472
0.656015
0.657313
0.658455
0.659545
0.660597
0.661422
0.661848
0.661888
0.661546
0.660764
0.659592
0.658244
0.656989
0.656172
0.655648
0.644042
0.644698
0.645664
0.646989
0.648446
0.649977
0.651479
0.652868
0.654163
0.655411
0.656411
0.656952
0.657009
0.656605
0.65585
0.65493
0.653956
0.653065
0.65249
0.652106
0.639171
0.639676
0.640467
0.641617
0.64293
0.644364
0.645896
0.647467
0.649019
0.650529
0.651747
0.652414
0.652544
0.652264
0.651736
0.651075
0.650362
0.649715
0.649295
0.648994
0.634315
0.634716
0.635382
0.636414
0.637661
0.639047
0.64058
0.642258
0.64404
0.645852
0.647346
0.648227
0.648568
0.648533
0.648258
0.647828
0.647329
0.64688
0.646572
0.646328
0.62939
0.629717
0.630297
0.631254
0.63246
0.633842
0.635421
0.637213
0.63921
0.641346
0.643201
0.644415
0.645066
0.645317
0.645297
0.64511
0.644818
0.644536
0.644313
0.644107
0.624306
0.624577
0.625098
0.626013
0.627209
0.628629
0.630297
0.63225
0.634503
0.637018
0.639324
0.640966
0.641993
0.642569
0.642829
0.642889
0.642807
0.642676
0.642522
0.642343
0.618969
0.619197
0.619681
0.620584
0.621813
0.623312
0.625115
0.627287
0.62987
0.632854
0.635711
0.637865
0.639331
0.640281
0.640858
0.641172
0.641313
0.641323
0.641226
0.641066
0.613281
0.613476
0.613942
0.614864
0.616165
0.617791
0.619786
0.622247
0.62525
0.628816
0.63234
0.635104
0.637086
0.638467
0.639405
0.640018
0.640384
0.640525
0.640476
0.640327
0.607134
0.607301
0.607768
0.608737
0.610151
0.611956
0.614211
0.617047
0.620575
0.624856
0.629187
0.632682
0.635275
0.637158
0.638512
0.639461
0.64007
0.640343
0.640335
0.640194
0.600399
0.600543
0.601025
0.60207
0.603644
0.605688
0.608284
0.611594
0.615775
0.620928
0.626233
0.630603
0.633923
0.636397
0.638226
0.639559
0.640444
0.640854
0.640885
0.640746
0.592927
0.593047
0.593558
0.59471
0.596494
0.59885
0.601878
0.605782
0.610768
0.616983
0.623462
0.628875
0.633053
0.636229
0.638625
0.640402
0.641597
0.642149
0.642214
0.642073
0.584525
0.584629
0.585173
0.586465
0.58852
0.59127
0.594842
0.599487
0.605465
0.612971
0.620858
0.627512
0.632703
0.636703
0.639782
0.64208
0.643622
0.644323
0.644419
0.644272
0.574906
0.575011
0.575624
0.577089
0.579495
0.582744
0.586997
0.592565
0.599763
0.608838
0.618409
0.626532
0.632918
0.637889
0.641767
0.644677
0.646612
0.647469
0.647591
0.647434
0.563776
0.563858
0.564557
0.566276
0.569128
0.573011
0.578124
0.584845
0.59355
0.604528
0.616109
0.625954
0.633742
0.639853
0.644653
0.648283
0.650653
0.651667
0.651808
0.651637
0.55072
0.55079
0.551598
0.55363
0.557046
0.561744
0.567957
0.576131
0.586703
0.59999
0.613954
0.62581
0.635212
0.642647
0.648524
0.652969
0.655804
0.656965
0.657115
0.656928
0.535142
0.535203
0.536163
0.538615
0.542776
0.548537
0.556173
0.566204
0.579106
0.595191
0.611958
0.626132
0.637373
0.646318
0.653413
0.658764
0.662078
0.663362
0.663506
0.663299
0.516208
0.516265
0.517448
0.520495
0.525672
0.53287
0.542396
0.554835
0.570665
0.59013
0.610155
0.626952
0.640259
0.65089
0.659325
0.665657
0.669419
0.670778
0.670895
0.670669
0.492697
0.492759
0.494294
0.498235
0.504874
0.51409
0.526209
0.54183
0.561349
0.584862
0.608614
0.628318
0.643891
0.65636
0.666237
0.673554
0.677674
0.679033
0.679102
0.678857
0.462691
0.462784
0.464933
0.470325
0.479257
0.49145
0.507241
0.527104
0.551234
0.579519
0.607447
0.630297
0.648279
0.662683
0.674071
0.682275
0.68658
0.687835
0.687834
0.687578
0.422945
0.423176
0.426593
0.434669
0.447479
0.464307
0.485349
0.510796
0.540565
0.574323
0.606808
0.632976
0.653436
0.669803
0.682663
0.691526
0.695756
0.696791
0.696708
0.696452
0.36727
0.368439
0.375275
0.388953
0.408555
0.432561
0.460887
0.493385
0.52977
0.569581
0.606872
0.636436
0.659366
0.677625
0.691773
0.700919
0.704735
0.705462
0.705304
0.70506
0.286704
0.294618
0.31037
0.334344
0.364108
0.397725
0.434905
0.475453
0.519109
0.56544
0.60784
0.641028
0.666625
0.686901
0.702029
0.711041
0.714233
0.714647
0.714447
0.714245
0.200852
0.218199
0.24379
0.278823
0.319297
0.362643
0.408654
0.457316
0.508474
0.561783
0.609946
0.647354
0.676137
0.698608
0.71455
0.722732
0.724979
0.725106
0.724937
0.724812
0.127148
0.148375
0.182177
0.226678
0.276634
0.32914
0.383737
0.440344
0.498778
0.558692
0.612129
0.653269
0.684768
0.708947
0.725024
0.732107
0.733651
0.733677
0.733547
0.733457
0.0666251
0.0902142
0.129649
0.180943
0.238289
0.298429
0.360575
0.424434
0.489621
0.555672
0.613922
0.658375
0.692126
0.717544
0.733536
0.739889
0.741097
0.741088
0.740979
0.740899
0.016368
0.0413746
0.0848812
0.141448
0.204695
0.271087
0.339627
0.409845
0.481125
0.552797
0.615464
0.662901
0.698618
0.725029
0.740891
0.746697
0.747717
0.747696
0.7476
0.747521
-0.0262382
-0.000402768
0.0461075
0.10694
0.175138
0.24685
0.320906
0.396723
0.473496
0.550322
0.617057
0.66719
0.704608
0.731781
0.747424
0.752824
0.753752
0.753746
0.753667
0.753584
-0.0632712
-0.0369015
0.0119461
0.0763125
0.148743
0.225099
0.304058
0.38493
0.466745
0.548379
0.618912
0.671514
0.710389
0.738082
0.753448
0.758549
0.759447
0.759484
0.759436
0.75935
-0.096255
-0.0694785
-0.0187167
0.0486654
0.124776
0.205231
0.288619
0.374154
0.460701
0.546923
0.621099
0.676027
0.716213
0.744282
0.75936
0.764227
0.765119
0.765218
0.76522
0.765139
-0.126254
-0.0991184
-0.0467376
0.0232818
0.102647
0.186763
0.274181
0.364053
0.455121
0.545802
0.62359
0.680816
0.722276
0.750715
0.76555
0.770221
0.771124
0.77129
0.77135
0.771282
-0.154116
-0.12661
-0.0727857
-0.00037831
0.0818875
0.169299
0.260408
0.35434
0.44975
0.544852
0.626307
0.68592
0.728721
0.757594
0.772298
0.776851
0.77774
0.777941
0.778047
0.777995
-0.180274
-0.152431
-0.0972883
-0.0227424
0.0621326
0.15253
0.247036
0.344779
0.444376
0.543914
0.629168
0.691324
0.735592
0.765036
0.779692
0.784155
0.784997
0.785197
0.785324
0.785287
-0.205243
-0.176984
-0.120624
-0.0441281
0.0431036
0.136218
0.233859
0.335182
0.438823
0.542816
0.632077
0.696965
0.742822
0.772907
0.787597
0.791987
0.792748
0.792908
0.79303
0.793006
-0.229195
-0.200516
-0.143013
-0.0647536
0.0246058
0.120197
0.220724
0.3254
0.432934
0.541403
0.634897
0.702765
0.750328
0.781078
0.795793
0.800065
0.800721
0.800813
0.800908
0.800905
-0.252311
-0.223189
-0.164626
-0.0847578
0.00652379
0.104356
0.207527
0.315323
0.426577
0.539513
0.637477
0.708652
0.758047
0.789393
0.804026
0.808094
0.808616
0.808625
0.80868
0.808685
-0.274723
-0.245126
-0.185557
-0.104222
-0.011226
0.0886312
0.194209
0.304886
0.419654
0.536994
0.63966
0.714537
0.765999
0.797812
0.812077
0.815815
0.816166
0.8161
0.816117
0.816119
-0.296531
-0.266409
-0.205849
-0.123189
-0.0286665
0.0729912
0.180744
0.29405
0.412101
0.533715
0.641276
0.720322
0.77423
0.806448
0.819979
0.823067
0.82319
0.823079
0.823073
0.823065
-0.317636
-0.287018
-0.225514
-0.141688
-0.0458111
0.0574505
0.167132
0.282818
0.403889
0.52959
0.642147
0.725873
0.782815
0.81561
0.827983
0.829896
0.829577
0.829472
0.829525
0.829514
-0.338047
-0.306955
-0.244576
-0.159713
-0.0626431
0.0420263
0.153417
0.271208
0.395023
0.524545
0.642109
0.731004
0.791763
0.825679
0.836755
0.836779
0.835409
0.835286
0.835675
0.835792
-0.357838
-0.326214
-0.263042
-0.177258
-0.0791294
0.0267674
0.139646
0.259273
0.385529
0.518552
0.640995
0.735484
0.800934
0.836947
0.847248
0.844984
0.841559
0.840954
0.842108
0.843003
-0.376892
-0.344786
-0.280881
-0.194282
-0.0952372
0.0117323
0.125887
0.247085
0.375469
0.51163
0.638668
0.739029
0.810025
0.849325
0.860191
0.856404
0.850429
0.847697
0.848061
0.848757
-0.395302
-0.362703
-0.298109
-0.21083
-0.111014
-0.00312804
0.112079
0.234577
0.364765
0.503699
0.634949
0.741356
0.818778
0.862489
0.875604
0.872218
0.864414
0.85655
0.848074
0.850417
-0.41301
-0.380031
-0.314871
-0.227098
-0.126752
-0.0181323
0.0978272
0.221295
0.352917
0.4942
0.629284
0.741844
0.826997
0.876301
0.892748
0.89167
0.881913
0.867207
0.845623
0.847277
-0.429902
-0.396756
-0.331019
-0.24291
-0.1422
-0.0329949
0.0833096
0.207526
0.340163
0.483272
0.62152
0.739479
0.833373
0.889182
0.907525
0.906938
0.895363
0.864694
0.808202
0.784574
-0.445879
-0.413874
-0.346161
-0.257836
-0.156561
-0.0472296
0.0688067
0.193543
0.326773
0.47106
0.611625
0.733474
0.83629
0.899379
0.914289
0.908088
0.883501
0.826086
0.763455
0.725637
-0.487734
-0.430741
-0.359997
-0.272826
-0.170604
-0.0618331
0.0544657
0.179209
0.312516
0.457156
0.599046
0.722924
0.831755
0.901649
0.908669
0.881595
0.821396
0.749104
0.67792
0.638628
-0.461706
-0.44305
-0.380998
-0.293164
-0.19242
-0.0838083
0.0319136
0.156233
0.289037
0.43303
0.574705
0.698523
0.800823
0.878228
0.850325
0.727185
0.627621
0.558473
0.490947
0.513285
-0.491581
-0.459823
-0.396897
-0.309519
-0.209141
-0.10064
0.0153545
0.139147
0.271146
0.413761
0.553379
0.674141
0.765187
0.8085
0.743759
0.592107
0.474589
0.395311
0.309857
0.350218
-0.514483
-0.480415
-0.415803
-0.32838
-0.228048
-0.119527
-0.00358656
0.119506
0.250291
0.390748
0.526749
0.641556
0.720419
0.72554
0.605628
0.440759
0.304459
0.206327
0.107963
0.134563
-0.53663
-0.501588
-0.435676
-0.347633
-0.247233
-0.138817
-0.0233654
0.0988173
0.228089
0.36584
0.496932
0.602552
0.663775
0.635022
0.464499
0.279763
0.114319
-0.0237274
-0.150996
-0.143291
-0.55842
-0.52306
-0.456307
-0.367719
-0.26721
-0.159023
-0.0442344
0.0768418
0.204234
0.338723
0.463788
0.559807
0.599656
0.521214
0.325146
0.121794
-0.0690334
-0.225907
-0.4322
-0.512224
-0.580544
-0.545308
-0.478093
-0.389146
-0.288524
-0.18055
-0.0663919
0.0534923
0.178796
0.309603
0.427898
0.514348
0.525974
0.396308
0.197513
-0.016601
-0.211805
-0.37485
-0.49875
-0.613894
-0.604065
-0.568809
-0.501389
-0.412297
-0.311712
-0.204075
-0.0906755
0.0277911
0.150581
0.276988
0.387766
0.46084
0.443265
0.277528
0.077799
-0.129976
-0.308478
-0.407023
-0.433092
-0.446331
-0.629118
-0.593858
-0.526323
-0.437261
-0.336921
-0.229823
-0.117467
-0.000786615
0.118952
0.240064
0.342819
0.396611
0.358886
0.163191
-0.0341746
-0.221599
-0.356638
-0.395096
-0.403718
-0.404049
-0.655991
-0.620584
-0.552938
-0.464026
-0.3641
-0.257809
-0.146801
-0.0323126
0.0838229
0.198827
0.292673
0.328667
0.256605
0.0582674
-0.132336
-0.295167
-0.371126
-0.385285
-0.386329
-0.386195
-0.684689
-0.649019
-0.581258
-0.492597
-0.393277
-0.288034
-0.178702
-0.0668193
0.0451994
0.153398
0.236958
0.256869
0.145536
-0.0373686
-0.217006
-0.345837
-0.375314
-0.376062
-0.376705
-0.376313
-0.714963
-0.679008
-0.611192
-0.522903
-0.424377
-0.320458
-0.213157
-0.104297
0.00313017
0.103901
0.177022
0.177116
0.0474595
-0.124744
-0.28344
-0.357428
-0.37243
-0.370808
-0.370624
-0.370278
-0.746263
-0.710204
-0.642482
-0.55472
-0.457218
-0.354932
-0.250025
-0.144633
-0.0421639
0.0507916
0.113269
0.0968144
-0.0422777
-0.201255
-0.328398
-0.366926
-0.366235
-0.366389
-0.366161
-0.365885
-0.778145
-0.742078
-0.674643
-0.587634
-0.491454
-0.391138
-0.289026
-0.187552
-0.0903824
-0.0049581
0.044531
0.0212491
-0.122916
-0.261695
-0.355344
-0.363409
-0.364032
-0.363846
-0.36358
-0.363338
-0.80964
-0.773762
-0.706954
-0.621014
-0.526532
-0.428595
-0.329691
-0.232556
-0.141096
-0.0624645
-0.0240956
-0.0541259
-0.191401
-0.30477
-0.360914
-0.371165
-0.364927
-0.363391
-0.362809
-0.362472
-0.839028
-0.803979
-0.738378
-0.653973
-0.561673
-0.466592
-0.371344
-0.278898
-0.193512
-0.121292
-0.0876785
-0.131413
-0.246636
-0.339122
-0.360441
-0.363844
-0.36454
-0.363898
-0.363465
-0.363192
-0.865134
-0.831222
-0.767519
-0.685308
-0.595811
-0.504181
-0.413098
-0.325646
-0.246373
-0.180909
-0.149266
-0.198055
-0.28761
-0.362089
-0.380731
-0.368864
-0.365002
-0.36368
-0.363222
-0.363067
-0.885301
-0.853393
-0.79262
-0.713498
-0.627629
-0.540172
-0.45384
-0.371725
-0.298395
-0.239462
-0.210234
-0.249884
-0.312632
-0.364922
-0.368652
-0.365102
-0.362254
-0.361425
-0.361246
-0.361134
-0.897492
-0.86839
-0.811613
-0.736798
-0.655595
-0.573177
-0.492246
-0.415893
-0.348471
-0.294276
-0.265939
-0.291527
-0.321644
-0.349809
-0.351709
-0.356907
-0.359363
-0.359997
-0.360195
-0.360144
-0.899017
-0.873837
-0.8224
-0.753361
-0.678077
-0.601728
-0.526891
-0.456686
-0.39534
-0.344864
-0.312527
-0.328602
-0.329899
-0.33288
-0.346766
-0.355437
-0.360165
-0.361988
-0.362636
-0.362782
-0.887533
-0.867134
-0.82285
-0.761443
-0.693599
-0.624445
-0.556456
-0.492555
-0.437352
-0.39267
-0.348096
-0.367002
-0.357329
-0.354508
-0.363943
-0.367841
-0.369571
-0.37033
-0.370591
-0.370714
-0.860789
-0.845874
-0.811105
-0.759816
-0.701104
-0.640332
-0.579901
-0.522399
-0.47283
-0.435742
-0.388482
-0.397133
-0.405887
-0.425747
-0.4041
-0.39055
-0.383059
-0.380177
-0.379251
-0.379073
-0.822232
-0.812725
-0.788341
-0.748744
-0.700601
-0.649127
-0.596624
-0.545694
-0.500815
-0.469726
-0.439477
-0.420564
-0.408791
-0.434547
-0.428015
-0.401876
-0.385082
-0.379717
-0.37887
-0.378544
-0.7789
-0.773485
-0.759482
-0.731308
-0.694175
-0.651652
-0.606773
-0.561884
-0.520925
-0.490939
-0.462742
-0.429578
-0.379709
-0.339668
-0.326359
-0.339754
-0.36298
-0.377835
-0.382264
-0.38249
-0.740654
-0.737352
-0.730696
-0.712825
-0.684702
-0.649777
-0.611298
-0.571037
-0.531943
-0.499844
-0.473929
-0.442137
-0.405624
-0.378607
-0.390232
-0.430676
-0.449877
-0.442664
-0.437277
-0.441
-0.713094
-0.711135
-0.707738
-0.697205
-0.675896
-0.646555
-0.612222
-0.57422
-0.53475
-0.499441
-0.472078
-0.45994
-0.494197
-0.570988
-0.657126
-0.713142
-0.723381
-0.688396
-0.636188
-0.620622
-0.69288
-0.692183
-0.691027
-0.685832
-0.670298
-0.644642
-0.611657
-0.573605
-0.53194
-0.489883
-0.459089
-0.438544
-0.452428
-0.516537
-0.608332
-0.631899
-0.622866
-0.597085
-0.559718
-0.540016
-0.681137
-0.680903
-0.680279
-0.677855
-0.667321
-0.643864
-0.610526
-0.570554
-0.524384
-0.472876
-0.429599
-0.375485
-0.328351
-0.295832
-0.311873
-0.321073
-0.284466
-0.231469
-0.184857
-0.161848
-0.673099
-0.672947
-0.672532
-0.67182
-0.665388
-0.644257
-0.610066
-0.566853
-0.514837
-0.45227
-0.388324
-0.305757
-0.180792
-0.0210706
0.13255
0.259599
0.36399
0.432834
0.47915
0.497977
-0.667932
-0.667883
-0.667751
-0.667587
-0.663735
-0.645986
-0.610851
-0.563446
-0.505538
-0.432313
-0.349165
-0.252614
-0.0685043
0.202747
0.500376
0.77048
0.958112
1.05542
1.08827
1.09569
-0.663806
-0.663819
-0.663786
-0.663716
-0.662375
-0.648373
-0.612916
-0.56185
-0.49869
-0.417878
-0.322657
-0.2183
-0.0189376
0.282662
0.610678
0.913678
1.14223
1.25761
1.29199
1.29875
-0.660184
-0.660281
-0.660349
-0.660347
-0.660249
-0.65023
-0.616326
-0.563326
-0.496734
-0.411892
-0.311463
-0.206881
-0.026711
0.250572
0.552107
0.826871
1.03256
1.14269
1.18593
1.19852
-0.657359
-0.657409
-0.657312
-0.657046
-0.657308
-0.650472
-0.620707
-0.569053
-0.500754
-0.414205
-0.315668
-0.218461
-0.0657854
0.179871
0.435857
0.663473
0.843018
0.949284
0.994916
1.0081
-0.65587
-0.65581
-0.655432
-0.65451
-0.653167
-0.650255
-0.626969
-0.579141
-0.50958
-0.42403
-0.333656
-0.247223
-0.131269
0.0749916
0.294594
0.479734
0.629561
0.72412
0.763281
0.773012
-0.657814
-0.65789
-0.657723
-0.656954
-0.655351
-0.654713
-0.63918
-0.592054
-0.521546
-0.441429
-0.359876
-0.284664
-0.198244
-0.0364687
0.141518
0.287801
0.403045
0.47601
0.504607
0.510604
-0.662459
-0.663267
-0.665561
-0.670691
-0.67709
-0.678415
-0.661162
-0.60613
-0.53592
-0.46409
-0.389822
-0.323464
-0.260138
-0.134428
0.00297785
0.111601
0.195622
0.246622
0.265773
0.26832
-0.665748
-0.667165
-0.672147
-0.685392
-0.705366
-0.711434
-0.681989
-0.615992
-0.553004
-0.490465
-0.420085
-0.361703
-0.314425
-0.223449
-0.120618
-0.0418293
0.0173399
0.0508841
0.0621176
0.0630425
-0.674831
-0.675942
-0.679417
-0.684845
-0.691974
-0.69728
-0.663119
-0.614647
-0.572382
-0.515207
-0.447299
-0.396667
-0.357181
-0.288958
-0.216326
-0.163935
-0.127276
-0.106978
-0.100427
-0.0997301
-0.694758
-0.69532
-0.695363
-0.677585
-0.63156
-0.596005
-0.600626
-0.605583
-0.589466
-0.534544
-0.472867
-0.428797
-0.396812
-0.344887
-0.291297
-0.255923
-0.233668
-0.223055
-0.219363
-0.21909
-0.7185
-0.717779
-0.713998
-0.683539
-0.613315
-0.555645
-0.574326
-0.619676
-0.609437
-0.55132
-0.495534
-0.457064
-0.42757
-0.386573
-0.346208
-0.320438
-0.303998
-0.295227
-0.292139
-0.291685
-0.757317
-0.754275
-0.758279
-0.761278
-0.751673
-0.718423
-0.707483
-0.700999
-0.649967
-0.572808
-0.517253
-0.48066
-0.452297
-0.414635
-0.377334
-0.352273
-0.336238
-0.327685
-0.324175
-0.324021
-0.86023
-0.867347
-0.905097
-0.957244
-0.984159
-0.967644
-0.917883
-0.831172
-0.707883
-0.598657
-0.537165
-0.495896
-0.468475
-0.434058
-0.39557
-0.367217
-0.346344
-0.334733
-0.330899
-0.331164
-0.995298
-1.01308
-1.05895
-1.1067
-1.13169
-1.11718
-1.05046
-0.913549
-0.740739
-0.616149
-0.545978
-0.497494
-0.474588
-0.439402
-0.398837
-0.367826
-0.344789
-0.331825
-0.32798
-0.328695
-1.05163
-1.06804
-1.09998
-1.13318
-1.15386
-1.1405
-1.06693
-0.89666
-0.722126
-0.607177
-0.526505
-0.484081
-0.466627
-0.428804
-0.388125
-0.359201
-0.338211
-0.327042
-0.323756
-0.324537
-0.97847
-0.991202
-1.0143
-1.04052
-1.05906
-1.04868
-0.978539
-0.811592
-0.667392
-0.560295
-0.481767
-0.45359
-0.435101
-0.399234
-0.366259
-0.343007
-0.326435
-0.317878
-0.315409
-0.316049
-0.792393
-0.804117
-0.82661
-0.854305
-0.876568
-0.871408
-0.80274
-0.684153
-0.577328
-0.481149
-0.427621
-0.400736
-0.381318
-0.35352
-0.329296
-0.313338
-0.303203
-0.298427
-0.296886
-0.297356
-0.528018
-0.53966
-0.563078
-0.594399
-0.622472
-0.625397
-0.58313
-0.517757
-0.450303
-0.392787
-0.360738
-0.331269
-0.317498
-0.297261
-0.281503
-0.272557
-0.266993
-0.264251
-0.263366
-0.263866
-0.248147
-0.256978
-0.276705
-0.30735
-0.340567
-0.362447
-0.361607
-0.34793
-0.322888
-0.303099
-0.277144
-0.260799
-0.250376
-0.234676
-0.227014
-0.222622
-0.219328
-0.217598
-0.217297
-0.217938
-0.0369604
-0.0427923
-0.0580571
-0.0854008
-0.123488
-0.16432
-0.197128
-0.21496
-0.217709
-0.210429
-0.199652
-0.191203
-0.183919
-0.176628
-0.172214
-0.169404
-0.166828
-0.165613
-0.165663
-0.166379
0.0663011
0.0621456
0.050349
0.0267255
-0.00839008
-0.0505035
-0.0910636
-0.118614
-0.1308
-0.134973
-0.132498
-0.124653
-0.123675
-0.120124
-0.11782
-0.115492
-0.113345
-0.112695
-0.113159
-0.113907
0.0766385
0.0735955
0.0652393
0.0488631
0.0234766
-0.00574787
-0.0326479
-0.0527753
-0.0652324
-0.0687587
-0.069319
-0.067398
-0.070149
-0.066608
-0.0646444
-0.0627927
-0.0611499
-0.0608851
-0.0616839
-0.0624216
0.0259633
0.0253453
0.0240886
0.0198645
0.0130116
0.00477723
-0.0026684
-0.00868529
-0.0116676
-0.0129013
-0.0137847
-0.0146664
-0.0134504
-0.013982
-0.0138521
-0.015022
-0.0156945
-0.0160471
-0.0146787
-0.0139989
-0.016401
0.16913
0.338912
0.481994
0.595332
0.683548
0.756117
0.814888
0.829154
0.826076
0.265883
0.384421
0.495213
0.590666
0.67039
0.735717
0.78698
0.821606
0.840195
0.857058
0.456686
0.535357
0.613004
0.680921
0.738567
0.786254
0.823849
0.852673
0.874444
0.893717
0.597809
0.653736
0.709945
0.760302
0.803717
0.840672
0.87176
0.897907
0.917878
0.936784
0.711961
0.754079
0.795856
0.834981
0.869971
0.900959
0.928106
0.951174
0.968962
0.987047
0.807197
0.842174
0.876608
0.909638
0.940124
0.967776
0.992245
1.01284
1.02847
1.04595
0.894319
0.925847
0.957622
0.988385
1.01702
1.04308
1.06596
1.08472
1.09852
1.11553
0.980482
1.0128
1.04493
1.07589
1.10445
1.13005
1.15202
1.16943
1.18172
1.19823
1.07441
1.11075
1.14536
1.17767
1.20669
1.23191
1.25291
1.26911
1.28066
1.29678
1.18729
1.228
1.26488
1.29764
1.32599
1.34988
1.36943
1.38464
1.39649
1.41254
1.32873
1.36963
1.4048
1.43426
1.45938
1.48093
1.49939
1.51484
1.52792
1.54386
1.50007
1.5321
1.55903
1.58137
1.60143
1.62012
1.63784
1.65459
1.66949
1.6852
1.68617
1.70337
1.72046
1.73713
1.75322
1.76795
1.78184
1.79631
1.81154
1.82883
1.86954
1.87946
1.89263
1.90361
1.91302
1.92267
1.93327
1.94343
1.95272
1.97838
2.08736
2.08165
2.0687
2.05445
2.04814
2.05384
2.07198
2.1005
2.13427
2.17059
2.39017
2.25423
2.17472
2.13217
2.11484
2.11882
2.14625
2.20411
2.31177
2.49018
0.759088
0.752786
0.745059
0.733948
0.720383
0.707743
0.697359
0.689366
0.683676
0.680384
0.680084
0.682967
0.68824
0.695628
0.705199
0.717045
0.730618
0.743555
0.75255
0.760093
0.668143
0.674064
0.682139
0.688277
0.691352
0.69085
0.687779
0.683804
0.680246
0.678003
0.677924
0.680233
0.684031
0.688511
0.692637
0.6949
0.693839
0.689212
0.682163
0.674332
0.661371
0.663744
0.667015
0.669794
0.672253
0.674454
0.67565
0.675527
0.674624
0.673864
0.674141
0.675619
0.677452
0.678719
0.678673
0.677228
0.675086
0.672736
0.669762
0.666748
0.65655
0.657638
0.65956
0.661905
0.663788
0.665201
0.666439
0.667459
0.668099
0.668533
0.66916
0.669977
0.670503
0.670431
0.669838
0.668942
0.667631
0.665676
0.663579
0.662104
0.651484
0.652117
0.653251
0.655018
0.656875
0.658487
0.659762
0.660859
0.661888
0.662852
0.663725
0.664333
0.664542
0.664391
0.663897
0.662956
0.661553
0.659962
0.658636
0.657837
0.646505
0.646944
0.647737
0.649053
0.650592
0.652177
0.653684
0.65502
0.65623
0.657397
0.658453
0.65916
0.659426
0.659258
0.658647
0.657689
0.656567
0.655446
0.654557
0.654026
0.641603
0.64193
0.642547
0.643631
0.644947
0.646373
0.647887
0.649409
0.650867
0.652264
0.653535
0.654408
0.654741
0.65458
0.654049
0.653317
0.652511
0.651685
0.65104
0.650652
0.636749
0.637002
0.637502
0.638429
0.639626
0.640967
0.642431
0.644016
0.645675
0.647349
0.648895
0.649969
0.650441
0.650447
0.650147
0.649666
0.649083
0.648492
0.648031
0.647734
0.63187
0.632071
0.632488
0.633308
0.634432
0.635732
0.637192
0.638834
0.64065
0.642593
0.644464
0.645835
0.646575
0.64685
0.646812
0.646575
0.646211
0.645821
0.645503
0.64527
0.626877
0.627039
0.627398
0.628148
0.629231
0.630521
0.632022
0.633762
0.635758
0.637987
0.640245
0.642021
0.643125
0.643725
0.643969
0.643984
0.643851
0.643648
0.643448
0.643262
0.621679
0.621809
0.622127
0.622836
0.623909
0.625234
0.626815
0.628703
0.630935
0.633516
0.636246
0.638521
0.640063
0.641039
0.641606
0.641895
0.641993
0.641974
0.641877
0.641728
0.61618
0.616284
0.616575
0.617268
0.618368
0.619771
0.62148
0.623571
0.626112
0.629139
0.632448
0.635322
0.637381
0.638793
0.639728
0.640318
0.640674
0.640836
0.64083
0.640707
0.610277
0.610359
0.610635
0.611337
0.612498
0.614023
0.615917
0.618281
0.621218
0.6248
0.628817
0.632411
0.635084
0.637006
0.638363
0.639314
0.639943
0.640285
0.640361
0.640259
0.603853
0.603915
0.604185
0.60492
0.606179
0.607874
0.610017
0.612738
0.616174
0.620439
0.625316
0.629778
0.633184
0.635708
0.637552
0.638906
0.639848
0.640388
0.640543
0.640457
0.596767
0.59681
0.597084
0.597873
0.59927
0.60119
0.603659
0.606833
0.610892
0.615996
0.621915
0.627417
0.631694
0.634933
0.637354
0.63917
0.640473
0.641227
0.64146
0.641386
0.588864
0.588882
0.589158
0.590025
0.591603
0.593814
0.596695
0.600438
0.60527
0.611402
0.618582
0.625329
0.630638
0.634717
0.637827
0.640198
0.64191
0.642897
0.643207
0.643141
0.579874
0.579885
0.580188
0.581158
0.582971
0.585549
0.588951
0.593405
0.599194
0.606583
0.615283
0.623513
0.630044
0.635114
0.639032
0.642068
0.644251
0.645492
0.645879
0.645816
0.569535
0.56952
0.569865
0.570989
0.573103
0.576151
0.58021
0.585555
0.59253
0.601457
0.611989
0.621975
0.629945
0.636181
0.641053
0.644857
0.647586
0.649102
0.649563
0.649497
0.557492
0.557456
0.557851
0.559162
0.561656
0.565308
0.570204
0.576673
0.585127
0.595939
0.608671
0.620729
0.630373
0.63797
0.64396
0.648648
0.651995
0.653797
0.654322
0.654249
0.543233
0.543174
0.543651
0.545215
0.548197
0.552628
0.558603
0.566509
0.576821
0.589948
0.605312
0.619795
0.631366
0.64052
0.647808
0.653502
0.657523
0.659609
0.660181
0.660094
0.526054
0.525973
0.526578
0.528499
0.532134
0.537603
0.544999
0.554772
0.567446
0.583426
0.601919
0.619201
0.632963
0.643877
0.652608
0.659432
0.664169
0.666507
0.667098
0.666988
0.504942
0.504845
0.505657
0.508095
0.512653
0.519561
0.528898
0.541156
0.556866
0.57636
0.598538
0.618994
0.635199
0.648059
0.658367
0.666419
0.671853
0.674374
0.674942
0.674802
0.47836
0.478264
0.479427
0.482674
0.488635
0.497643
0.509741
0.52539
0.545025
0.568814
0.595263
0.619249
0.638105
0.653061
0.665063
0.674372
0.680398
0.68298
0.683474
0.6833
0.443819
0.443777
0.445572
0.450212
0.458536
0.470867
0.487037
0.507357
0.532026
0.560967
0.592255
0.620074
0.641723
0.658866
0.672607
0.683108
0.689511
0.69198
0.692346
0.692138
0.396895
0.397081
0.40028
0.407862
0.420596
0.438398
0.460636
0.487274
0.518206
0.553131
0.589732
0.621592
0.646109
0.665435
0.680882
0.692367
0.698781
0.700921
0.701121
0.700891
0.329309
0.330769
0.33857
0.352951
0.373835
0.400365
0.43117
0.465843
0.50415
0.54572
0.587936
0.623909
0.651275
0.67269
0.689604
0.701656
0.70764
0.709254
0.709291
0.709069
0.248611
0.251457
0.266656
0.291519
0.323585
0.360409
0.400458
0.443567
0.489622
0.538338
0.586851
0.627681
0.658587
0.68264
0.701101
0.713231
0.718502
0.71966
0.719638
0.719506
0.165932
0.173345
0.196196
0.231522
0.274383
0.321273
0.370556
0.422127
0.475942
0.531766
0.586507
0.632096
0.666407
0.692997
0.712894
0.724608
0.728672
0.729262
0.729194
0.729117
0.0982481
0.107747
0.135449
0.178175
0.22948
0.284875
0.342455
0.401931
0.463105
0.525643
0.586154
0.636017
0.673259
0.701859
0.722476
0.733547
0.736893
0.73731
0.73725
0.737198
0.0427253
0.0529741
0.0843692
0.13257
0.190238
0.2524
0.316918
0.3833
0.451115
0.519822
0.58564
0.639378
0.679201
0.709429
0.730541
0.741125
0.744014
0.744332
0.744283
0.744243
-0.00378534
0.0068078
0.0407327
0.0931872
0.156039
0.223802
0.294157
0.366496
0.440203
0.514512
0.585206
0.642479
0.6846
0.71622
0.737655
0.747789
0.750385
0.750664
0.750629
0.750597
-0.0437391
-0.0330022
0.00280188
0.0586569
0.12583
0.198392
0.273831
0.35143
0.430437
0.509884
0.585095
0.645623
0.689781
0.722526
0.744095
0.753832
0.756251
0.756532
0.756528
0.75651
-0.0788529
-0.0680762
-0.0308092
0.0278586
0.0987102
0.175445
0.255399
0.337764
0.421658
0.505911
0.585404
0.648982
0.694988
0.728642
0.750213
0.759595
0.7619
0.762215
0.762265
0.762273
-0.110403
-0.0996189
-0.0611904
-0.000102917
0.0739502
0.154365
0.238368
0.325106
0.413579
0.50243
0.58608
0.652625
0.700384
0.734858
0.756396
0.765481
0.767685
0.768042
0.768171
0.76822
-0.139417
-0.128607
-0.0891553
-0.0259218
0.0509824
0.134673
0.222335
0.313108
0.405913
0.499233
0.587006
0.656555
0.706093
0.741415
0.762972
0.771831
0.773971
0.774367
0.774558
0.774649
-0.166482
-0.15563
-0.115264
-0.0500991
0.0293505
0.115985
0.20698
0.301496
0.398408
0.496108
0.588061
0.660737
0.712164
0.748438
0.770141
0.778852
0.780931
0.781325
0.781547
0.781673
-0.192087
-0.181177
-0.139953
-0.0730318
0.00870929
0.0980043
0.192051
0.290044
0.390869
0.492868
0.589122
0.66511
0.718586
0.755921
0.77786
0.786495
0.788503
0.788851
0.789066
0.789211
-0.216622
-0.205565
-0.163535
-0.0949983
-0.0111878
0.0805135
0.17736
0.278586
0.383123
0.489356
0.590039
0.669582
0.72527
0.763738
0.785974
0.794545
0.796461
0.796725
0.796904
0.797039
-0.240226
-0.228996
-0.186198
-0.116191
-0.0305096
0.0633758
0.162775
0.266991
0.375036
0.48541
0.590649
0.674049
0.73216
0.77179
0.794271
0.80272
0.804497
0.804659
0.804778
0.804889
-0.263096
-0.251641
-0.208106
-0.136721
-0.0493565
0.0464928
0.14821
0.255178
0.366512
0.480895
0.590788
0.678386
0.739214
0.78003
0.802594
0.810747
0.812324
0.812375
0.812421
0.812508
-0.285238
-0.273576
-0.22933
-0.156658
-0.0677848
0.0298192
0.133629
0.243103
0.357488
0.475701
0.590297
0.68245
0.746413
0.788505
0.810861
0.818453
0.819705
0.819652
0.819644
0.819704
-0.306751
-0.29485
-0.249873
-0.176025
-0.0858233
0.0133374
0.119018
0.230757
0.347934
0.469753
0.589023
0.686082
0.753719
0.797387
0.819313
0.825852
0.826525
0.826351
0.826338
0.826389
-0.327519
-0.315445
-0.269753
-0.194848
-0.103468
-0.00292358
0.104394
0.218152
0.337855
0.463017
0.586831
0.689096
0.761062
0.806887
0.828375
0.833305
0.832813
0.832387
0.832522
0.832671
-0.347679
-0.335362
-0.288976
-0.213137
-0.120719
-0.0189597
0.0898103
0.205323
0.327277
0.455495
0.58362
0.691287
0.768274
0.817128
0.838696
0.84173
0.839226
0.837948
0.838408
0.839079
-0.367109
-0.354559
-0.307553
-0.230868
-0.137522
-0.0347135
0.0753192
0.192355
0.316257
0.447187
0.579321
0.692437
0.775092
0.828016
0.850771
0.852496
0.84753
0.844308
0.844709
0.846502
-0.385912
-0.373106
-0.325449
-0.248003
-0.153861
-0.0501393
0.0609849
0.179299
0.304866
0.438172
0.573911
0.692306
0.781174
0.839148
0.86447
0.866531
0.860013
0.853876
0.849684
0.843507
-0.403988
-0.390999
-0.342755
-0.264713
-0.169959
-0.0655098
0.0464891
0.165779
0.292704
0.428023
0.566989
0.690498
0.786368
0.850633
0.879816
0.884201
0.877823
0.86792
0.855129
0.855003
-0.421319
-0.408322
-0.359488
-0.280953
-0.185814
-0.0807987
0.0318486
0.15176
0.27971
0.416569
0.558283
0.686361
0.789687
0.861576
0.894964
0.902155
0.895871
0.884507
0.84842
0.810713
-0.43772
-0.42494
-0.37562
-0.296602
-0.201436
-0.0960221
0.017047
0.137355
0.265922
0.403794
0.547607
0.679339
0.78958
0.870558
0.907577
0.912655
0.904007
0.874673
0.820345
0.766793
-0.455879
-0.439746
-0.390916
-0.311213
-0.216538
-0.110941
0.00171078
0.122598
0.251412
0.389781
0.534825
0.668999
0.783908
0.876857
0.916194
0.919542
0.883299
0.826698
0.757477
0.697336
-0.444691
-0.420271
-0.366709
-0.282897
-0.1811
-0.0723357
0.0461718
0.170817
0.304014
0.44857
0.590722
0.715031
0.823137
0.910266
0.919382
0.841346
0.781556
0.712328
0.64304
0.599027
-0.45808
-0.450239
-0.409094
-0.334665
-0.239905
-0.135182
-0.0220984
0.0986779
0.227322
0.365442
0.510417
0.64562
0.760217
0.855793
0.908927
0.874252
0.755847
0.671261
0.608253
0.532938
-0.478621
-0.467976
-0.423315
-0.34744
-0.252121
-0.147878
-0.0357817
0.0841286
0.212074
0.349258
0.493273
0.62791
0.739484
0.821961
0.837508
0.73739
0.601537
0.512494
0.443788
0.366547
-0.500995
-0.48922
-0.441471
-0.364712
-0.269441
-0.164959
-0.0527243
0.0670703
0.194326
0.330369
0.472023
0.602832
0.70482
0.76854
0.73841
0.593779
0.44984
0.346793
0.264827
0.155097
-0.522932
-0.511152
-0.461772
-0.383907
-0.288637
-0.184048
-0.0718989
0.0474081
0.173677
0.30801
0.446381
0.571348
0.663293
0.700765
0.626414
0.44617
0.280566
0.150182
0.0435887
-0.0980781
-0.544664
-0.53296
-0.482571
-0.403711
-0.308154
-0.203593
-0.0918403
0.0266403
0.151586
0.283683
0.418023
0.535931
0.618301
0.616455
0.490642
0.297026
0.105224
-0.0636344
-0.206936
-0.453157
-0.566637
-0.555109
-0.504139
-0.424639
-0.328823
-0.224279
-0.112972
0.00460601
0.128018
0.257473
0.387155
0.495977
0.564608
0.530233
0.357658
0.154978
-0.0511536
-0.23103
-0.400543
-0.656874
-0.589429
-0.578062
-0.526855
-0.446983
-0.351013
-0.246518
-0.135652
-0.0190035
0.102729
0.229193
0.353708
0.452387
0.503177
0.441359
0.235821
0.0278574
-0.175049
-0.34659
-0.433152
-0.481725
-0.613731
-0.602457
-0.551075
-0.471046
-0.37514
-0.270893
-0.160663
-0.0452313
0.0744025
0.197196
0.315619
0.404233
0.431693
0.324714
0.120998
-0.0836706
-0.264024
-0.37793
-0.413541
-0.419315
-0.639727
-0.628482
-0.576916
-0.496836
-0.401148
-0.29737
-0.188043
-0.074155
0.0429118
0.161339
0.272684
0.350555
0.34488
0.209656
0.0128231
-0.17723
-0.328486
-0.382026
-0.391316
-0.393696
-0.667559
-0.656261
-0.604442
-0.524371
-0.429042
-0.325961
-0.21781
-0.105839
0.00820125
0.121656
0.224957
0.290894
0.259993
0.100343
-0.0837274
-0.259713
-0.357681
-0.380385
-0.380752
-0.38097
-0.69711
-0.685728
-0.633626
-0.553632
-0.458798
-0.356634
-0.249972
-0.140291
-0.0297225
0.0781714
0.172789
0.224295
0.182393
0.00134494
-0.168823
-0.31737
-0.369754
-0.372379
-0.373338
-0.37337
-0.72802
-0.716588
-0.664257
-0.584462
-0.490295
-0.389298
-0.284449
-0.177455
-0.0708016
0.0311077
0.116459
0.155136
0.0952811
-0.0847431
-0.242726
-0.346264
-0.369015
-0.368698
-0.368341
-0.3681
-0.759842
-0.748385
-0.695951
-0.616523
-0.523242
-0.423708
-0.321015
-0.217131
-0.114835
-0.0190637
0.0564419
0.0830575
0.000914188
-0.160285
-0.300357
-0.352759
-0.364107
-0.364563
-0.364753
-0.364594
-0.791818
-0.780436
-0.728083
-0.64925
-0.557164
-0.459443
-0.359306
-0.25895
-0.161468
-0.0718735
-0.00541659
0.00486368
-0.0834198
-0.222319
-0.333403
-0.372408
-0.366086
-0.364078
-0.363252
-0.362939
-0.822879
-0.81167
-0.759724
-0.681833
-0.591352
-0.49588
-0.398735
-0.302316
-0.21005
-0.126894
-0.0666742
-0.0694987
-0.157622
-0.274254
-0.348628
-0.366082
-0.36537
-0.364025
-0.363393
-0.363023
-0.851154
-0.84041
-0.789525
-0.713153
-0.624834
-0.532155
-0.438514
-0.346437
-0.259635
-0.183172
-0.127607
-0.135379
-0.220225
-0.313668
-0.365463
-0.366612
-0.365511
-0.364621
-0.363949
-0.36363
-0.875133
-0.865103
-0.815884
-0.741732
-0.656336
-0.567141
-0.47761
-0.39033
-0.309103
-0.239144
-0.189473
-0.193517
-0.26702
-0.336833
-0.374968
-0.374057
-0.365691
-0.363215
-0.362564
-0.362379
-0.892238
-0.88313
-0.836647
-0.765778
-0.684327
-0.599481
-0.514769
-0.4328
-0.357321
-0.29328
-0.248614
-0.246009
-0.29844
-0.340086
-0.357869
-0.359342
-0.36075
-0.360579
-0.360529
-0.360489
-0.900316
-0.892078
-0.849457
-0.783343
-0.707086
-0.627662
-0.548593
-0.472457
-0.403016
-0.344529
-0.301099
-0.294214
-0.320665
-0.329384
-0.346193
-0.351588
-0.357595
-0.359955
-0.360776
-0.36099
-0.895442
-0.888557
-0.852492
-0.792485
-0.72286
-0.650173
-0.577673
-0.507851
-0.444618
-0.39212
-0.347963
-0.335263
-0.346399
-0.33352
-0.342378
-0.355545
-0.362005
-0.364769
-0.365814
-0.366144
-0.875934
-0.871193
-0.843208
-0.791678
-0.730335
-0.665741
-0.600795
-0.537777
-0.480507
-0.434321
-0.395644
-0.377832
-0.379286
-0.373765
-0.382076
-0.380013
-0.37775
-0.376455
-0.375883
-0.375699
-0.842542
-0.839218
-0.820433
-0.780142
-0.728945
-0.673731
-0.617196
-0.561409
-0.509751
-0.468952
-0.443267
-0.414061
-0.402638
-0.426676
-0.432725
-0.410614
-0.392546
-0.383513
-0.38102
-0.380388
-0.80039
-0.798311
-0.787845
-0.760182
-0.720021
-0.674725
-0.626831
-0.578226
-0.532167
-0.494878
-0.470778
-0.443999
-0.406269
-0.391073
-0.387899
-0.377843
-0.376779
-0.377846
-0.378328
-0.378359
-0.758357
-0.757137
-0.752178
-0.736333
-0.707263
-0.67066
-0.630608
-0.58842
-0.54685
-0.510669
-0.484922
-0.455994
-0.409664
-0.34886
-0.308705
-0.316027
-0.351902
-0.383066
-0.395041
-0.399198
-0.725198
-0.724522
-0.721992
-0.71321
-0.693493
-0.664716
-0.63054
-0.592876
-0.553747
-0.516645
-0.488459
-0.460811
-0.450615
-0.467129
-0.512595
-0.564528
-0.603018
-0.599121
-0.554562
-0.534689
-0.702016
-0.701339
-0.699992
-0.696422
-0.683271
-0.659996
-0.629205
-0.593613
-0.554362
-0.51383
-0.480586
-0.455166
-0.467343
-0.522671
-0.623606
-0.686401
-0.701336
-0.688187
-0.647072
-0.612338
-0.68645
-0.68622
-0.685685
-0.683828
-0.67664
-0.657571
-0.628405
-0.59241
-0.550756
-0.504677
-0.463332
-0.425266
-0.399385
-0.403171
-0.454353
-0.507846
-0.508064
-0.477211
-0.435453
-0.402925
-0.676706
-0.676665
-0.676332
-0.675724
-0.672234
-0.656793
-0.628181
-0.59004
-0.544732
-0.491993
-0.435041
-0.380519
-0.297938
-0.204601
-0.122339
-0.0740208
-0.0204242
0.0464723
0.103262
0.140281
-0.670275
-0.670251
-0.67002
-0.669796
-0.668159
-0.65699
-0.629129
-0.588378
-0.538693
-0.477828
-0.405147
-0.329917
-0.205723
-0.0138384
0.223778
0.454386
0.637279
0.74605
0.805828
0.828619
-0.665725
-0.665728
-0.665671
-0.665511
-0.664929
-0.657982
-0.631528
-0.588118
-0.53355
-0.465958
-0.380409
-0.288695
-0.147759
0.107054
0.429303
0.742687
1.00748
1.17024
1.2348
1.24781
-0.661941
-0.662006
-0.662097
-0.662174
-0.662327
-0.65825
-0.634674
-0.590134
-0.5318
-0.458448
-0.365897
-0.264889
-0.127512
0.120274
0.43332
0.745083
1.01004
1.1766
1.24626
1.26681
-0.658581
-0.658693
-0.658725
-0.658618
-0.658667
-0.657106
-0.637684
-0.594787
-0.533947
-0.457555
-0.363292
-0.261466
-0.140173
0.0831592
0.362054
0.629035
0.855436
1.00542
1.07756
1.10401
-0.656312
-0.656378
-0.656282
-0.655918
-0.655402
-0.65402
-0.640535
-0.601703
-0.540917
-0.463418
-0.371902
-0.275968
-0.176267
0.0103988
0.251972
0.474866
0.662161
0.798609
0.868857
0.892904
-0.656225
-0.656301
-0.65608
-0.655316
-0.653538
-0.652272
-0.645568
-0.611548
-0.552084
-0.474877
-0.389483
-0.304375
-0.22474
-0.0809417
0.121321
0.305719
0.454486
0.564511
0.621085
0.639173
-0.659999
-0.660307
-0.660813
-0.661838
-0.663024
-0.663847
-0.660416
-0.627242
-0.564997
-0.490909
-0.41394
-0.337255
-0.272342
-0.163969
-0.00578871
0.137319
0.250245
0.33332
0.37383
0.385331
-0.663851
-0.66466
-0.666828
-0.673572
-0.686443
-0.698341
-0.689708
-0.645221
-0.577443
-0.511406
-0.441774
-0.371678
-0.319172
-0.240755
-0.118488
-0.0119997
0.0690612
0.126347
0.153097
0.159967
-0.668249
-0.669223
-0.671577
-0.679286
-0.696424
-0.712673
-0.702727
-0.649494
-0.588295
-0.535347
-0.469096
-0.403991
-0.359288
-0.301617
-0.212951
-0.136225
-0.0804222
-0.0433102
-0.0272174
-0.0229622
-0.683667
-0.684163
-0.685607
-0.685118
-0.672964
-0.657126
-0.647047
-0.622749
-0.597658
-0.557201
-0.492203
-0.433869
-0.396685
-0.350651
-0.28463
-0.23336
-0.198068
-0.176152
-0.167453
-0.164945
-0.706501
-0.706548
-0.706477
-0.696592
-0.647936
-0.576743
-0.559363
-0.591702
-0.609818
-0.574118
-0.511833
-0.462124
-0.428384
-0.392883
-0.342806
-0.30463
-0.281742
-0.26837
-0.262648
-0.261124
-0.733754
-0.732338
-0.729741
-0.720903
-0.682211
-0.630648
-0.603167
-0.639386
-0.647059
-0.595849
-0.531254
-0.486356
-0.455335
-0.422824
-0.381142
-0.350727
-0.331186
-0.318201
-0.313435
-0.311837
-0.801218
-0.797175
-0.806675
-0.837512
-0.86772
-0.862818
-0.83177
-0.79543
-0.725469
-0.62967
-0.552637
-0.50781
-0.474827
-0.445381
-0.405194
-0.373147
-0.351554
-0.337847
-0.331092
-0.329554
-0.932627
-0.933653
-0.964813
-1.02091
-1.06467
-1.07216
-1.03409
-0.949447
-0.807065
-0.66212
-0.573353
-0.5194
-0.483955
-0.457821
-0.418379
-0.382976
-0.356533
-0.338628
-0.330977
-0.32978
-1.03795
-1.04413
-1.07502
-1.11728
-1.15017
-1.15738
-1.11568
-1.00714
-0.820524
-0.668466
-0.575616
-0.512174
-0.481859
-0.457152
-0.414276
-0.378101
-0.352016
-0.33443
-0.32709
-0.326289
-1.03002
-1.0361
-1.05724
-1.08613
-1.11223
-1.11953
-1.08279
-0.957723
-0.76944
-0.64015
-0.543064
-0.48377
-0.463372
-0.437249
-0.396379
-0.36477
-0.342018
-0.327445
-0.321322
-0.320703
-0.897069
-0.902318
-0.919607
-0.944641
-0.969493
-0.979206
-0.945622
-0.82811
-0.685192
-0.574127
-0.483131
-0.440023
-0.421235
-0.394672
-0.362119
-0.338676
-0.322223
-0.312238
-0.308326
-0.307882
-0.664028
-0.67095
-0.688575
-0.716489
-0.746348
-0.76174
-0.73438
-0.650245
-0.560844
-0.472725
-0.41368
-0.380809
-0.357767
-0.339149
-0.315716
-0.299936
-0.28987
-0.284383
-0.282223
-0.282007
-0.380843
-0.387188
-0.403971
-0.432188
-0.465106
-0.488871
-0.483089
-0.449699
-0.407721
-0.363811
-0.335677
-0.305547
-0.2897
-0.276601
-0.258777
-0.251201
-0.246122
-0.242985
-0.241633
-0.241711
-0.128236
-0.132833
-0.145198
-0.168474
-0.20195
-0.237765
-0.263363
-0.275563
-0.272567
-0.263344
-0.245573
-0.230271
-0.221738
-0.211323
-0.202056
-0.197611
-0.194509
-0.192284
-0.19152
-0.191948
0.0292861
0.026135
0.0174641
-0.00185991
-0.0334977
-0.0754274
-0.119691
-0.152802
-0.16856
-0.17196
-0.168354
-0.161429
-0.154612
-0.150613
-0.146216
-0.143891
-0.141229
-0.139445
-0.139013
-0.139584
0.081965
0.079682
0.0733025
0.0583389
0.0320274
-0.00258805
-0.0393203
-0.0703968
-0.0905642
-0.0996768
-0.10142
-0.0972292
-0.0956173
-0.095105
-0.091854
-0.0897175
-0.0876483
-0.0867121
-0.0868667
-0.0875348
0.0255103
0.025045
0.0223573
0.0167064
0.00898298
0.000870341
-0.00594852
-0.0102334
-0.0128545
-0.0131968
-0.0144944
-0.0136075
-0.0147568
-0.0131402
-0.0144497
-0.0153836
-0.0160749
-0.0154689
-0.0140534
-0.036542
-0.635195
-0.212249
0.118845
0.334269
0.49112
0.609459
0.699855
0.773122
0.853237
0.904723
0.0549548
0.216298
0.357218
0.483563
0.588788
0.673937
0.74253
0.796303
0.825391
0.832062
0.327372
0.416205
0.512454
0.599056
0.672834
0.734422
0.783913
0.820684
0.846005
0.865435
0.500379
0.564255
0.631091
0.693393
0.747348
0.792961
0.830498
0.860966
0.885427
0.904762
0.633858
0.681413
0.730198
0.776504
0.817812
0.853848
0.884993
0.911813
0.933755
0.951352
0.741974
0.780905
0.818154
0.854586
0.888573
0.919304
0.946667
0.970489
0.989752
1.00578
0.836406
0.86769
0.900573
0.932691
0.963119
0.991162
1.01632
1.03806
1.05518
1.06969
0.923218
0.952789
0.984435
1.0156
1.04517
1.07235
1.09648
1.11686
1.13225
1.1455
1.01093
1.04292
1.07672
1.10917
1.13941
1.16663
1.1902
1.20951
1.2236
1.23597
1.11112
1.1474
1.18499
1.21937
1.25025
1.2771
1.29961
1.31764
1.33092
1.34337
1.23613
1.2753
1.31493
1.34898
1.37829
1.40318
1.42398
1.44097
1.45434
1.46774
1.39524
1.43054
1.46576
1.49434
1.51847
1.53978
1.55895
1.57619
1.5911
1.60553
1.58298
1.60517
1.62876
1.64864
1.66694
1.6843
1.70081
1.7172
1.73339
1.74896
1.77535
1.78348
1.79727
1.81211
1.82656
1.83951
1.85115
1.86238
1.8741
1.89018
1.97083
1.97076
1.98078
1.98426
1.98525
1.98964
2.00014
2.01504
2.02937
2.04379
2.26795
2.21244
2.15793
2.11829
2.09604
2.0919
2.10543
2.13923
2.19709
2.27743
0.881182
0.828691
0.785811
0.752806
0.729071
0.711966
0.699547
0.690577
0.6844
0.680873
0.68053
0.683536
0.689134
0.697207
0.70819
0.723041
0.743379
0.771564
0.809603
0.858959
0.692268
0.701218
0.707981
0.708232
0.703539
0.696776
0.690065
0.684487
0.680598
0.678952
0.680222
0.683959
0.689411
0.696119
0.703387
0.709702
0.712466
0.709024
0.699946
0.69363
0.664919
0.667123
0.671988
0.676137
0.67969
0.681739
0.681582
0.679824
0.677644
0.67613
0.67622
0.678122
0.680925
0.683653
0.685177
0.684539
0.681813
0.678105
0.673717
0.66906
0.659692
0.66065
0.663153
0.665617
0.667512
0.669177
0.670581
0.671321
0.67138
0.671295
0.671757
0.672856
0.673898
0.674239
0.673644
0.672444
0.670975
0.669013
0.666539
0.664437
0.654325
0.654804
0.656258
0.658348
0.66028
0.661767
0.662944
0.664003
0.664916
0.665688
0.666452
0.667108
0.667383
0.667219
0.666723
0.665871
0.664482
0.662642
0.660958
0.659903
0.649206
0.649504
0.650432
0.651934
0.653634
0.655278
0.656696
0.657898
0.659006
0.660081
0.661047
0.661685
0.661912
0.661766
0.661207
0.660211
0.658918
0.657586
0.656518
0.655879
0.644205
0.644418
0.645113
0.646297
0.647708
0.64921
0.650743
0.652193
0.653526
0.654796
0.655952
0.656741
0.657038
0.656857
0.656257
0.655398
0.654448
0.653488
0.652732
0.652281
0.639296
0.639457
0.64001
0.641009
0.642257
0.643635
0.645123
0.646684
0.648251
0.649785
0.651187
0.652151
0.652537
0.652442
0.65202
0.651415
0.650724
0.650021
0.649473
0.649135
0.634413
0.634539
0.634993
0.635861
0.637018
0.638339
0.639797
0.641406
0.643143
0.644952
0.646654
0.647863
0.648452
0.648586
0.648418
0.648056
0.647581
0.647092
0.646706
0.646444
0.629467
0.629569
0.629954
0.630735
0.631835
0.63313
0.634608
0.636293
0.638192
0.640272
0.642327
0.643888
0.644798
0.645232
0.645333
0.645217
0.64497
0.644672
0.644414
0.644207
0.624367
0.62445
0.624786
0.625511
0.626586
0.627892
0.629432
0.631239
0.633343
0.635737
0.638219
0.640232
0.641544
0.642327
0.64273
0.642875
0.64286
0.642745
0.642598
0.642432
0.619016
0.619085
0.619387
0.620083
0.621165
0.62253
0.624173
0.626154
0.628529
0.63132
0.634325
0.636885
0.638672
0.63986
0.640609
0.64104
0.641262
0.641333
0.641282
0.641147
0.613317
0.613374
0.613655
0.614347
0.615473
0.616939
0.618737
0.620955
0.62368
0.626969
0.630614
0.633832
0.636181
0.637841
0.638983
0.639746
0.640231
0.64048
0.640516
0.640404
0.607159
0.607206
0.607477
0.608188
0.609393
0.611006
0.613021
0.615551
0.618722
0.622627
0.627052
0.631061
0.63408
0.636294
0.637891
0.639039
0.639807
0.640246
0.640363
0.640269
0.600413
0.600452
0.600721
0.601473
0.602796
0.604608
0.606909
0.609842
0.61357
0.618232
0.623606
0.628564
0.632382
0.635254
0.637381
0.638953
0.640059
0.640705
0.640901
0.640821
0.592928
0.592956
0.593232
0.594047
0.595529
0.597601
0.600269
0.603709
0.608132
0.613723
0.620243
0.62634
0.631106
0.634753
0.637513
0.639587
0.641077
0.641947
0.642221
0.642151
0.584521
0.584547
0.584818
0.585716
0.587404
0.589808
0.59294
0.597016
0.602299
0.609026
0.616931
0.624388
0.630277
0.634837
0.638346
0.641021
0.642954
0.644067
0.644418
0.644354
0.574886
0.574905
0.575233
0.576229
0.578186
0.581013
0.584729
0.589599
0.595947
0.604065
0.613638
0.622711
0.629927
0.635563
0.639951
0.643336
0.645779
0.647159
0.647586
0.647523
0.563743
0.563752
0.564102
0.565266
0.567571
0.570938
0.575394
0.581263
0.588934
0.598754
0.610335
0.621317
0.630088
0.636987
0.642406
0.646611
0.649641
0.651305
0.651801
0.651733
0.55067
0.550672
0.551068
0.552433
0.555175
0.559233
0.564637
0.571774
0.5811
0.593008
0.606998
0.620226
0.630795
0.639151
0.645776
0.650926
0.654605
0.656557
0.657111
0.657032
0.535073
0.535067
0.535531
0.537168
0.54049
0.545456
0.552092
0.560863
0.57228
0.586757
0.603619
0.619458
0.632087
0.642103
0.650101
0.656312
0.660694
0.662921
0.66351
0.663412
0.516113
0.516101
0.516667
0.518698
0.522822
0.529021
0.537309
0.548225
0.562316
0.57996
0.600224
0.619051
0.634001
0.645874
0.655379
0.662775
0.667873
0.670325
0.670914
0.67079
0.492568
0.492548
0.493279
0.495917
0.501218
0.509167
0.519751
0.533563
0.551106
0.57264
0.59688
0.619063
0.636567
0.650472
0.661613
0.670256
0.676017
0.678599
0.679141
0.678984
0.462514
0.462489
0.463514
0.467172
0.474364
0.484951
0.498871
0.516662
0.53866
0.564913
0.593715
0.619589
0.639823
0.655883
0.668748
0.678627
0.684895
0.687458
0.687899
0.687707
0.422691
0.422679
0.424368
0.430002
0.440539
0.455404
0.474301
0.497549
0.525193
0.557025
0.590919
0.620745
0.643821
0.662079
0.676683
0.68766
0.694164
0.696511
0.6968
0.696576
0.366938
0.367155
0.371029
0.381281
0.398151
0.420045
0.446224
0.476673
0.51117
0.549348
0.588732
0.622655
0.648605
0.669019
0.685244
0.697045
0.703373
0.705301
0.705417
0.705174
0.287483
0.289961
0.301411
0.321451
0.348731
0.380513
0.415946
0.454844
0.496998
0.542069
0.587306
0.625579
0.654623
0.67738
0.695144
0.707359
0.713171
0.714597
0.714563
0.714334
0.203439
0.209306
0.229714
0.260343
0.298715
0.340717
0.385402
0.432753
0.482703
0.535003
0.586683
0.629963
0.66265
0.68812
0.70749
0.719575
0.724317
0.725135
0.725023
0.724866
0.129748
0.136689
0.163709
0.203449
0.251353
0.30272
0.356292
0.411913
0.469475
0.528709
0.58639
0.634174
0.670029
0.697756
0.718114
0.729538
0.733239
0.73372
0.73361
0.733496
0.0692551
0.0767756
0.108125
0.154246
0.209263
0.268206
0.329397
0.392446
0.457031
0.522721
0.585937
0.637785
0.67637
0.705885
0.726815
0.737677
0.740796
0.741132
0.741031
0.740935
0.018996
0.0268689
0.0610662
0.112037
0.172663
0.237725
0.305257
0.374713
0.445553
0.517121
0.585425
0.640969
0.681988
0.713011
0.734351
0.744735
0.747471
0.747738
0.747645
0.747558
-0.0236293
-0.0155751
0.0205553
0.0752953
0.140573
0.210809
0.28377
0.358804
0.435218
0.512141
0.585127
0.644059
0.687235
0.719507
0.741081
0.751029
0.753526
0.753778
0.753706
0.753624
-0.060682
-0.0525343
-0.0149951
0.0428018
0.111998
0.186704
0.264453
0.344485
0.425972
0.507852
0.585222
0.647294
0.692399
0.725664
0.7473
0.756863
0.759217
0.759493
0.759463
0.759395
-0.0937041
-0.0854797
-0.0468116
0.0135524
0.0861317
0.164751
0.246773
0.331365
0.417579
0.504147
0.585726
0.65079
0.697679
0.731785
0.753395
0.762624
0.764875
0.765193
0.765227
0.765186
-0.123706
-0.115419
-0.0758135
-0.0132466
0.0623221
0.144411
0.230282
0.319071
0.409738
0.500832
0.58654
0.654576
0.703218
0.738137
0.759734
0.768687
0.770861
0.77123
0.771333
0.771328
-0.151536
-0.14318
-0.102726
-0.0381867
0.0400652
0.125259
0.214618
0.307294
0.402176
0.497694
0.587544
0.658638
0.709102
0.744906
0.766578
0.775354
0.777477
0.77786
0.778008
0.778037
-0.177699
-0.169266
-0.128006
-0.0616963
0.01896
0.106952
0.1995
0.295786
0.394674
0.49453
0.588617
0.66292
0.715355
0.752163
0.774033
0.782698
0.784751
0.785111
0.785275
0.785322
-0.20263
-0.194076
-0.152074
-0.0841147
-0.00129011
0.0892332
0.184707
0.284345
0.387049
0.491173
0.589625
0.667358
0.721916
0.759817
0.781954
0.790568
0.79254
0.792836
0.792981
0.793033
-0.226528
-0.217857
-0.175146
-0.105673
-0.0208881
0.0719315
0.170078
0.272829
0.379145
0.487461
0.590406
0.67184
0.728709
0.767764
0.790173
0.798708
0.800561
0.800771
0.800866
0.80092
-0.24959
-0.240784
-0.197387
-0.126525
-0.0399645
0.0549249
0.155508
0.261131
0.370851
0.483244
0.590802
0.676256
0.735682
0.775904
0.798484
0.80683
0.808516
0.808621
0.80865
0.808693
-0.271966
-0.263014
-0.218905
-0.146757
-0.058601
0.0381493
0.140938
0.249192
0.362075
0.478396
0.590642
0.680474
0.742812
0.784249
0.806754
0.814697
0.816133
0.816127
0.816102
0.816125
-0.293699
-0.284568
-0.239766
-0.166406
-0.0768391
0.0215723
0.126336
0.236975
0.352785
0.472836
0.589776
0.684342
0.750069
0.792898
0.81507
0.822221
0.823233
0.823121
0.823069
0.823073
-0.31475
-0.305462
-0.259956
-0.185502
-0.0946852
0.00518901
0.111718
0.22449
0.342968
0.466496
0.588058
0.687691
0.757408
0.802065
0.82375
0.829559
0.829754
0.829489
0.829499
0.82953
-0.335126
-0.325687
-0.27949
-0.204064
-0.112135
-0.0109681
0.0971064
0.211769
0.332633
0.459364
0.585364
0.690319
0.764715
0.81193
0.833362
0.837342
0.835967
0.83522
0.835486
0.835779
-0.354858
-0.34524
-0.29838
-0.222077
-0.129173
-0.0268589
0.0825567
0.198863
0.321822
0.451439
0.581619
0.692017
0.771768
0.822526
0.844524
0.846759
0.843015
0.840907
0.841479
0.842642
-0.373861
-0.36407
-0.31662
-0.239519
-0.145753
-0.0424564
0.0681279
0.185833
0.310601
0.442765
0.576756
0.692557
0.778269
0.833605
0.857483
0.859135
0.853191
0.848564
0.847621
0.848475
-0.392213
-0.382251
-0.334194
-0.256405
-0.161922
-0.0577904
0.0537914
0.17264
0.298935
0.433298
0.570692
0.691677
0.78395
0.844875
0.87199
0.874997
0.868353
0.860458
0.852786
0.842679
-0.409897
-0.399834
-0.351219
-0.272921
-0.177929
-0.0731593
0.0391839
0.15884
0.286315
0.422462
0.562874
0.688773
0.788382
0.856277
0.887588
0.893484
0.887552
0.875118
0.861665
0.834049
-0.426992
-0.416865
-0.36766
-0.28889
-0.193635
-0.0883911
0.0244915
0.144626
0.272934
0.410367
0.553215
0.683264
0.790241
0.866435
0.90169
0.908987
0.901374
0.883752
0.836689
0.788234
-0.445107
-0.432453
-0.383418
-0.304199
-0.209213
-0.103627
0.00945365
0.130003
0.258738
0.396911
0.541454
0.674593
0.787628
0.874026
0.912131
0.909623
0.898532
0.857335
0.794264
0.737254
-0.467556
-0.464676
-0.403988
-0.316804
-0.221852
-0.116455
-0.0056451
0.115592
0.244415
0.382872
0.528149
0.663014
0.778984
0.880241
0.894923
0.895241
0.852558
0.784833
0.712927
0.649937
-0.445089
-0.436672
-0.376003
-0.289398
-0.188237
-0.0795542
0.0366692
0.161206
0.294226
0.438516
0.580566
0.704859
0.811229
0.899408
0.888807
0.78975
0.70643
0.640328
0.571918
0.447651
-0.478747
-0.450784
-0.388351
-0.300655
-0.200151
-0.0916013
0.0242354
0.14831
0.280785
0.424208
0.565048
0.687739
0.78407
0.845494
0.801686
0.662201
0.552134
0.478218
0.403289
0.266539
-0.503434
-0.470012
-0.406188
-0.318887
-0.218535
-0.110038
0.00599836
0.129462
0.260892
0.402486
0.540478
0.658605
0.743904
0.76907
0.675672
0.517863
0.392977
0.306653
0.212019
0.0275216
-0.525891
-0.491093
-0.42571
-0.337973
-0.237608
-0.129118
-0.0133708
0.109292
0.239355
0.378522
0.512209
0.622622
0.693452
0.681128
0.535447
0.360651
0.21079
0.0961405
-0.0170625
-0.294601
-0.547801
-0.512368
-0.445909
-0.357532
-0.257076
-0.14876
-0.0336365
0.0880123
0.216389
0.352573
0.480781
0.581427
0.632571
0.582458
0.394164
0.199763
0.0160522
-0.132454
-0.314768
-0.665477
-0.569629
-0.534206
-0.467097
-0.378272
-0.277691
-0.169617
-0.0551527
0.0653255
0.191693
0.324369
0.446097
0.537287
0.564506
0.4572
0.259451
0.0492254
-0.144906
-0.313626
-0.50453
-0.834034
-0.592491
-0.557042
-0.489608
-0.400511
-0.299867
-0.192037
-0.0782366
0.0409871
0.165096
0.29381
0.408437
0.488508
0.485442
0.336615
0.136707
-0.0765861
-0.267708
-0.401756
-0.457907
-0.496222
-0.61678
-0.581318
-0.513732
-0.424578
-0.324068
-0.216676
-0.103756
0.0138669
0.135189
0.259055
0.365831
0.429616
0.401247
0.21938
0.0202234
-0.176911
-0.335263
-0.398515
-0.416916
-0.420139
-0.642794
-0.607218
-0.539524
-0.45045
-0.350271
-0.243542
-0.131818
-0.0161884
0.101818
0.219957
0.318404
0.362671
0.310863
0.109516
-0.084718
-0.260689
-0.370348
-0.388371
-0.393181
-0.393401
-0.670671
-0.634832
-0.567022
-0.478119
-0.378448
-0.27265
-0.16244
-0.0492017
0.0649356
0.176611
0.265343
0.293914
0.200018
0.0093852
-0.176229
-0.323196
-0.37352
-0.380703
-0.381004
-0.380708
-0.700289
-0.664109
-0.596197
-0.507585
-0.4086
-0.303988
-0.195627
-0.0851966
0.0245704
0.12912
0.207224
0.217497
0.0949484
-0.0821901
-0.251724
-0.357888
-0.372391
-0.372958
-0.373463
-0.373201
-0.731213
-0.69482
-0.626878
-0.538692
-0.440603
-0.337466
-0.231318
-0.124132
-0.0191426
0.0777188
0.145441
0.136989
0.00151404
-0.163722
-0.308423
-0.358443
-0.36927
-0.36846
-0.368229
-0.367965
-0.763076
-0.726521
-0.658701
-0.571132
-0.474201
-0.372858
-0.269305
-0.165811
-0.0659408
0.0231499
0.0791145
0.0579324
-0.0840161
-0.232635
-0.343162
-0.365491
-0.364145
-0.364785
-0.364683
-0.364491
-0.794959
-0.758594
-0.691054
-0.604387
-0.508942
-0.409764
-0.309214
-0.209861
-0.115482
-0.0335593
0.00938934
-0.0156546
-0.158883
-0.282768
-0.362125
-0.368002
-0.364921
-0.363555
-0.363073
-0.362819
-0.825797
-0.790006
-0.723077
-0.637697
-0.544167
-0.447596
-0.350472
-0.255649
-0.167182
-0.0917641
-0.0567541
-0.0934346
-0.22065
-0.321327
-0.355463
-0.366754
-0.36447
-0.363666
-0.363192
-0.362881
-0.854077
-0.819271
-0.753548
-0.670028
-0.578958
-0.485524
-0.392303
-0.302334
-0.220001
-0.151108
-0.118627
-0.16687
-0.268534
-0.350608
-0.37085
-0.365794
-0.365114
-0.364222
-0.363758
-0.363556
-0.877833
-0.844766
-0.7809
-0.700006
-0.61212
-0.522478
-0.4337
-0.348896
-0.272602
-0.210527
-0.180444
-0.225866
-0.30145
-0.365455
-0.379385
-0.368852
-0.364048
-0.362781
-0.362446
-0.362337
-0.894743
-0.864086
-0.803195
-0.725971
-0.642216
-0.557162
-0.473443
-0.394181
-0.323799
-0.267457
-0.239385
-0.271694
-0.317843
-0.356888
-0.357789
-0.360446
-0.360684
-0.360533
-0.360524
-0.360431
-0.902447
-0.874719
-0.818297
-0.746103
-0.667646
-0.588129
-0.510141
-0.436837
-0.372448
-0.320015
-0.290918
-0.310295
-0.322872
-0.339897
-0.347977
-0.355024
-0.359115
-0.360475
-0.360937
-0.360978
-0.897933
-0.874363
-0.82438
-0.758499
-0.686804
-0.613929
-0.542401
-0.475316
-0.417086
-0.369134
-0.332138
-0.347742
-0.338611
-0.331981
-0.349778
-0.359439
-0.363696
-0.365433
-0.366034
-0.366188
-0.877901
-0.860663
-0.819476
-0.761783
-0.698378
-0.633324
-0.569032
-0.508243
-0.455955
-0.415178
-0.374709
-0.383738
-0.371363
-0.376898
-0.381126
-0.378861
-0.376947
-0.376112
-0.375748
-0.375709
-0.844205
-0.832516
-0.802402
-0.755402
-0.701664
-0.645644
-0.589178
-0.534887
-0.487685
-0.454521
-0.42136
-0.412729
-0.410672
-0.435976
-0.421893
-0.400644
-0.386732
-0.381825
-0.380599
-0.380296
-0.801745
-0.794683
-0.776182
-0.741085
-0.697814
-0.651101
-0.602567
-0.554754
-0.511913
-0.482045
-0.455591
-0.42809
-0.394991
-0.390505
-0.383557
-0.37579
-0.377547
-0.378064
-0.378461
-0.378158
-0.759336
-0.755489
-0.745905
-0.723144
-0.689649
-0.651142
-0.609726
-0.567426
-0.527793
-0.496785
-0.469278
-0.43742
-0.378786
-0.324773
-0.306213
-0.333259
-0.369577
-0.390605
-0.397863
-0.399639
-0.725778
-0.723683
-0.718796
-0.704676
-0.680085
-0.647964
-0.612117
-0.573431
-0.534643
-0.501289
-0.47555
-0.452887
-0.45494
-0.486722
-0.538265
-0.58693
-0.608824
-0.577058
-0.539516
-0.536303
-0.70176
-0.700743
-0.698841
-0.691239
-0.672697
-0.645412
-0.612096
-0.574344
-0.534066
-0.495501
-0.466343
-0.454478
-0.4883
-0.571866
-0.662631
-0.698726
-0.697598
-0.671687
-0.624799
-0.608919
-0.686382
-0.68597
-0.685184
-0.681401
-0.66855
-0.644098
-0.611025
-0.572257
-0.528334
-0.48191
-0.446437
-0.409862
-0.395885
-0.42114
-0.488567
-0.513474
-0.494787
-0.457225
-0.415851
-0.398081
-0.676709
-0.676536
-0.676041
-0.674664
-0.666334
-0.64385
-0.61005
-0.568478
-0.519259
-0.462572
-0.409769
-0.339944
-0.253675
-0.156023
-0.0965076
-0.0508233
0.0145436
0.0757666
0.125436
0.148411
-0.670281
-0.670162
-0.66986
-0.669661
-0.664456
-0.644908
-0.610229
-0.56466
-0.509945
-0.442242
-0.367586
-0.27624
-0.117988
0.101544
0.341674
0.554298
0.700359
0.78157
0.820588
0.833065
-0.665733
-0.665707
-0.665609
-0.665349
-0.663218
-0.647222
-0.611568
-0.562007
-0.502072
-0.424236
-0.334123
-0.233204
-0.0345352
0.26451
0.588161
0.884789
1.10284
1.2132
1.24436
1.24965
-0.661972
-0.662044
-0.662142
-0.662228
-0.661312
-0.649507
-0.614383
-0.562593
-0.497307
-0.413663
-0.314951
-0.209413
-0.0180608
0.272239
0.591894
0.886944
1.1078
1.22093
1.26019
1.26994
-0.658639
-0.658723
-0.658694
-0.658542
-0.659001
-0.650526
-0.618707
-0.566367
-0.497892
-0.411941
-0.311689
-0.210154
-0.0425581
0.220823
0.498715
0.74931
0.941516
1.04956
1.09475
1.10851
-0.656357
-0.656353
-0.65614
-0.655643
-0.655239
-0.650106
-0.6242
-0.573635
-0.504337
-0.418241
-0.323247
-0.231061
-0.0964695
0.129907
0.367329
0.572989
0.738589
0.841563
0.884929
0.896489
-0.656287
-0.656233
-0.655786
-0.654571
-0.652601
-0.651024
-0.632288
-0.584491
-0.515183
-0.431977
-0.346115
-0.265588
-0.16603
0.0183175
0.217957
0.383929
0.515888
0.599313
0.633502
0.641295
-0.660137
-0.660513
-0.661253
-0.66247
-0.663349
-0.663697
-0.648246
-0.598797
-0.52861
-0.452231
-0.374545
-0.304035
-0.228998
-0.0867296
0.069815
0.196779
0.296788
0.358646
0.382063
0.386196
-0.664189
-0.665419
-0.669426
-0.679396
-0.693385
-0.697737
-0.671785
-0.612427
-0.544228
-0.476956
-0.405302
-0.342908
-0.289143
-0.18111
-0.0614973
0.0310556
0.101411
0.143341
0.158157
0.160171
-0.668727
-0.669997
-0.674536
-0.686651
-0.706051
-0.712577
-0.680204
-0.617541
-0.562542
-0.503436
-0.433955
-0.379498
-0.336168
-0.258805
-0.171475
-0.106223
-0.0590717
-0.0330866
-0.0241948
-0.0230535
-0.683887
-0.684711
-0.686189
-0.680735
-0.663765
-0.653913
-0.636655
-0.609863
-0.581252
-0.525491
-0.460302
-0.413098
-0.377971
-0.317886
-0.256362
-0.21409
-0.185289
-0.170519
-0.165485
-0.165163
-0.706539
-0.706557
-0.704597
-0.677566
-0.611737
-0.556454
-0.573505
-0.606034
-0.597844
-0.542889
-0.484415
-0.443368
-0.413351
-0.368023
-0.321458
-0.291513
-0.274355
-0.264673
-0.261574
-0.261184
-0.733329
-0.731063
-0.72727
-0.706421
-0.656371
-0.610505
-0.618718
-0.65093
-0.626554
-0.561087
-0.506464
-0.469672
-0.440948
-0.401654
-0.364196
-0.340032
-0.323294
-0.315307
-0.312247
-0.311958
-0.798969
-0.799015
-0.820749
-0.854377
-0.870089
-0.848561
-0.815763
-0.765151
-0.678737
-0.585813
-0.527697
-0.489681
-0.461762
-0.425364
-0.387684
-0.361365
-0.343412
-0.333739
-0.329834
-0.329829
-0.930917
-0.945303
-0.990837
-1.04651
-1.07318
-1.05873
-0.998372
-0.88372
-0.730697
-0.609562
-0.544276
-0.498714
-0.472657
-0.438727
-0.399509
-0.36898
-0.346098
-0.333687
-0.329759
-0.330282
-1.03841
-1.05691
-1.0964
-1.13561
-1.15804
-1.14313
-1.07264
-0.916678
-0.736933
-0.616013
-0.540297
-0.492702
-0.472852
-0.436177
-0.39469
-0.364194
-0.341822
-0.329721
-0.32608
-0.326853
-1.03149
-1.04487
-1.07135
-1.10014
-1.1195
-1.10814
-1.03519
-0.860244
-0.698416
-0.588558
-0.506184
-0.471269
-0.453991
-0.41661
-0.379079
-0.352578
-0.333484
-0.323464
-0.320506
-0.321216
-0.89838
-0.909619
-0.931551
-0.957644
-0.977671
-0.969449
-0.899126
-0.752657
-0.627788
-0.523484
-0.455437
-0.430021
-0.410279
-0.377654
-0.349275
-0.329717
-0.316372
-0.309699
-0.307746
-0.308313
-0.666483
-0.678232
-0.7016
-0.731857
-0.757115
-0.755258
-0.696388
-0.604813
-0.516682
-0.436741
-0.396641
-0.36692
-0.349983
-0.326843
-0.30686
-0.294341
-0.286529
-0.283041
-0.281878
-0.28237
-0.383122
-0.394091
-0.416852
-0.448714
-0.479243
-0.490249
-0.468364
-0.429938
-0.384148
-0.349046
-0.319784
-0.295589
-0.284134
-0.265516
-0.254486
-0.248436
-0.244333
-0.242104
-0.241505
-0.242057
-0.130016
-0.137742
-0.155464
-0.184182
-0.220241
-0.252329
-0.270703
-0.276019
-0.267976
-0.255586
-0.236564
-0.226102
-0.216858
-0.20575
-0.199431
-0.196027
-0.193215
-0.191725
-0.191603
-0.192328
0.0279788
0.022859
0.0093043
-0.0162055
-0.0533752
-0.0980661
-0.13807
-0.162705
-0.171417
-0.170495
-0.165493
-0.157174
-0.152934
-0.148093
-0.145041
-0.142554
-0.14017
-0.139056
-0.139208
-0.13995
0.0809816
0.0773278
0.0670706
0.0466311
0.0153162
-0.0209486
-0.0559441
-0.0819675
-0.0960934
-0.101165
-0.10003
-0.0952506
-0.0961839
-0.0927321
-0.0908399
-0.0885932
-0.086988
-0.0866957
-0.0871623
-0.08787
0.0562587
0.0549383
0.0517273
0.0434782
0.0293904
0.0101839
-0.00957758
-0.0244544
-0.0340131
-0.0383984
-0.0400824
-0.0408938
-0.0419819
-0.0421513
-0.0393489
-0.0388116
-0.0372954
-0.036315
-0.0361773
-0.0368106
-0.402854
-0.0293535
0.236027
0.416623
0.553828
0.656748
0.738687
0.810186
0.890711
0.883932
0.139503
0.287644
0.423082
0.538911
0.633737
0.710019
0.771591
0.81492
0.828517
0.842204
0.369755
0.464723
0.557393
0.637523
0.705119
0.760718
0.803897
0.834552
0.855841
0.874975
0.531806
0.597647
0.663228
0.721446
0.771182
0.812705
0.84651
0.873994
0.895046
0.914623
0.657175
0.705818
0.753899
0.797836
0.83647
0.869993
0.898923
0.923538
0.942374
0.96108
0.761654
0.799572
0.836573
0.87197
0.904358
0.933408
0.959054
0.980799
0.997514
1.01543
0.851281
0.884176
0.916788
0.948175
0.977469
1.00413
1.02768
1.04729
1.06199
1.07937
0.937113
0.96863
1.00015
1.03065
1.0591
1.08483
1.1072
1.12524
1.1383
1.15513
1.02581
1.06
1.09315
1.12462
1.15344
1.17891
1.20044
1.21724
1.2291
1.24546
1.12784
1.16664
1.20257
1.23528
1.26421
1.28891
1.3092
1.32485
1.33645
1.35259
1.25409
1.29584
1.33259
1.36419
1.39126
1.41407
1.43293
1.44805
1.46047
1.47656
1.41124
1.44903
1.48078
1.50682
1.52943
1.54961
1.56782
1.58395
1.59798
1.61385
1.59279
1.61749
1.63904
1.6579
1.67575
1.69263
1.70898
1.72543
1.74105
1.75703
1.77831
1.79006
1.80467
1.81948
1.83325
1.84544
1.85675
1.86812
1.881
1.90171
1.96632
1.97632
1.98327
1.98465
1.98674
1.99415
2.00729
2.02263
2.03571
2.06398
2.24274
2.18366
2.13603
2.10492
2.09177
2.09633
2.11958
2.16491
2.23544
2.31405
0.756476
0.748977
0.740064
0.72725
0.71386
0.702283
0.6931
0.686259
0.681729
0.679827
0.681165
0.685311
0.691643
0.700098
0.710806
0.723668
0.737384
0.748595
0.756387
0.762714
0.67042
0.678306
0.685459
0.690232
0.691499
0.689528
0.685818
0.681924
0.678925
0.67765
0.678822
0.681982
0.686229
0.690697
0.694118
0.694865
0.691963
0.68595
0.677956
0.672058
0.662332
0.665397
0.668494
0.671027
0.673419
0.675207
0.675729
0.675118
0.674172
0.673838
0.674771
0.676545
0.678215
0.678898
0.678106
0.676197
0.673951
0.671326
0.668145
0.665784
0.656976
0.658498
0.660741
0.662917
0.664527
0.665832
0.666986
0.667822
0.668315
0.668811
0.669574
0.670305
0.670551
0.670186
0.669427
0.668363
0.666739
0.664578
0.662757
0.661673
0.651748
0.652592
0.654089
0.655952
0.65772
0.659155
0.66032
0.661378
0.662375
0.663314
0.66408
0.664489
0.66451
0.664194
0.663494
0.662307
0.660767
0.659225
0.6582
0.657565
0.646695
0.647268
0.648353
0.649805
0.651382
0.652945
0.65437
0.655632
0.656814
0.65796
0.658867
0.659348
0.659401
0.65901
0.658204
0.657141
0.655995
0.654949
0.654271
0.653826
0.641746
0.642176
0.643047
0.644276
0.645644
0.64712
0.648649
0.650144
0.651568
0.652939
0.654042
0.654642
0.65472
0.654353
0.653701
0.652918
0.652086
0.651324
0.650833
0.650496
0.63686
0.637198
0.637921
0.639007
0.64028
0.641681
0.643208
0.644837
0.64651
0.648169
0.649515
0.650275
0.650495
0.650328
0.649926
0.649382
0.648778
0.648236
0.647876
0.647607
0.631957
0.632232
0.632851
0.633842
0.635063
0.636438
0.637987
0.639719
0.641607
0.643577
0.64524
0.646275
0.646762
0.646864
0.646715
0.646406
0.646011
0.645649
0.645386
0.645163
0.626946
0.627175
0.627723
0.628657
0.62985
0.631241
0.632858
0.634726
0.636843
0.63916
0.641228
0.642647
0.643479
0.643884
0.644
0.643937
0.643751
0.643546
0.643359
0.643168
0.621733
0.621928
0.622429
0.623336
0.624539
0.625988
0.627716
0.629772
0.63218
0.634917
0.637485
0.639374
0.640612
0.641365
0.641779
0.641969
0.641993
0.641936
0.641812
0.641643
0.616221
0.61639
0.616865
0.617776
0.619032
0.620581
0.622471
0.62478
0.627562
0.630822
0.633996
0.636443
0.638157
0.639311
0.64006
0.640519
0.640778
0.640854
0.640782
0.640628
0.610307
0.610457
0.610924
0.61187
0.613217
0.614916
0.617032
0.61967
0.622923
0.626829
0.630737
0.633852
0.636127
0.637744
0.638881
0.639664
0.64015
0.640356
0.640327
0.640183
0.603873
0.604009
0.604484
0.605493
0.606974
0.60888
0.611295
0.614356
0.618195
0.622891
0.627685
0.631601
0.634543
0.636703
0.638278
0.639424
0.64017
0.64051
0.640521
0.640382
0.596776
0.596901
0.597401
0.598504
0.600167
0.602345
0.605144
0.608738
0.613301
0.61896
0.624825
0.629696
0.633428
0.636232
0.638324
0.639885
0.640923
0.641402
0.641449
0.64131
0.588864
0.588966
0.589502
0.590733
0.592631
0.595158
0.598443
0.602701
0.608158
0.614989
0.622139
0.628148
0.632812
0.636376
0.639093
0.641137
0.642501
0.643125
0.643204
0.643061
0.579861
0.579982
0.58057
0.581966
0.584165
0.587133
0.591027
0.596111
0.60267
0.610923
0.619614
0.626974
0.632739
0.637196
0.640656
0.643267
0.644998
0.645774
0.645882
0.645731
0.569508
0.569625
0.570308
0.571926
0.574511
0.578037
0.582698
0.588813
0.596727
0.606708
0.617239
0.62619
0.633253
0.638762
0.643086
0.646361
0.648505
0.649437
0.649569
0.649405
0.55745
0.557573
0.558368
0.560262
0.563338
0.567581
0.573213
0.580622
0.590212
0.60229
0.61501
0.625824
0.634395
0.641135
0.646461
0.650502
0.653097
0.654182
0.654328
0.654149
0.543173
0.543316
0.544271
0.546526
0.550232
0.5554
0.56228
0.571329
0.583003
0.597624
0.612932
0.625908
0.636204
0.644357
0.650847
0.655744
0.658812
0.660034
0.660182
0.659985
0.525973
0.526154
0.527346
0.530092
0.534639
0.541033
0.54955
0.560708
0.574993
0.59269
0.611027
0.626472
0.638725
0.648473
0.65625
0.662097
0.665632
0.666956
0.667087
0.666871
0.504837
0.505094
0.506643
0.510091
0.515813
0.523896
0.534619
0.548541
0.566112
0.587514
0.609343
0.627557
0.641982
0.653492
0.662672
0.669511
0.673456
0.674819
0.674913
0.674678
0.478228
0.478637
0.480758
0.485288
0.492758
0.503275
0.517078
0.534674
0.556377
0.582186
0.607972
0.629218
0.645988
0.659391
0.670065
0.67785
0.682075
0.683387
0.683422
0.683172
0.443664
0.444386
0.447491
0.453881
0.464215
0.478444
0.496642
0.519119
0.545943
0.576883
0.607048
0.631535
0.650759
0.666111
0.678304
0.686874
0.691158
0.69231
0.692267
0.692012
0.396751
0.398224
0.403473
0.413568
0.428911
0.448945
0.473376
0.502176
0.535146
0.571872
0.606739
0.634595
0.656303
0.673586
0.687202
0.69624
0.70026
0.701141
0.70102
0.700774
0.329356
0.333879
0.344948
0.362585
0.38648
0.415228
0.447985
0.484502
0.524489
0.56748
0.60721
0.63845
0.662599
0.681645
0.696364
0.705398
0.708815
0.709354
0.709184
0.70897
0.248774
0.257659
0.278073
0.306726
0.341496
0.379977
0.421553
0.466151
0.513574
0.563439
0.60878
0.644119
0.671351
0.692531
0.708099
0.716632
0.719385
0.719694
0.71957
0.719454
0.16794
0.182875
0.212683
0.252154
0.297404
0.345535
0.395951
0.448655
0.503507
0.560178
0.611039
0.650362
0.680535
0.703822
0.719899
0.727392
0.729162
0.729243
0.729151
0.72909
0.100904
0.119388
0.155374
0.202983
0.256744
0.313304
0.371842
0.432194
0.494091
0.557143
0.613043
0.655874
0.688505
0.713262
0.729271
0.735898
0.737249
0.737287
0.737221
0.737179
0.0454798
0.066166
0.106855
0.160484
0.220839
0.284273
0.349758
0.416914
0.485237
0.554167
0.614674
0.660654
0.695386
0.721242
0.737164
0.743189
0.744291
0.744311
0.744262
0.744226
-0.00102436
0.0209791
0.0651849
0.123617
0.189392
0.258559
0.329957
0.403063
0.477161
0.551466
0.61621
0.665024
0.7016
0.728345
0.74409
0.749654
0.750628
0.750649
0.750613
0.75058
-0.0410145
-0.018139
0.0287981
0.0911664
0.161527
0.235653
0.312234
0.390641
0.469986
0.549256
0.617918
0.669309
0.707463
0.734846
0.750337
0.755567
0.756486
0.756533
0.756524
0.756491
-0.0761829
-0.052699
-0.00354395
0.0621259
0.136438
0.214918
0.296153
0.379403
0.463621
0.547573
0.619941
0.673715
0.713246
0.741066
0.756264
0.76124
0.762144
0.762245
0.762279
0.762254
-0.107773
-0.0838575
-0.0328386
0.0356898
0.113464
0.195811
0.281263
0.36901
0.457844
0.546308
0.622289
0.678362
0.71917
0.747359
0.762281
0.767048
0.767936
0.768114
0.76821
0.768206
-0.136827
-0.112497
-0.0598443
0.0112324
0.0920786
0.177893
0.267199
0.359138
0.4524
0.545295
0.624907
0.683307
0.725421
0.754006
0.768738
0.773343
0.774233
0.77447
0.774622
0.774645
-0.163916
-0.139195
-0.0850999
-0.0117283
0.0718687
0.160814
0.253659
0.349531
0.447055
0.544372
0.627706
0.688568
0.73208
0.76118
0.775824
0.78033
0.781185
0.781441
0.781629
0.781679
-0.189547
-0.164418
-0.109015
-0.0335644
0.0525097
0.144301
0.240412
0.339976
0.441613
0.543379
0.630607
0.694102
0.73915
0.768876
0.783504
0.787938
0.788727
0.788959
0.789156
0.789227
-0.214055
-0.188497
-0.131877
-0.0545454
0.0337707
0.128158
0.227274
0.330305
0.435912
0.542145
0.633493
0.699835
0.746526
0.776927
0.791598
0.795942
0.796639
0.79681
0.796987
0.797056
-0.237633
-0.21162
-0.15388
-0.074844
0.0154961
0.112239
0.214119
0.320389
0.429809
0.540514
0.636213
0.705689
0.754145
0.78519
0.799855
0.804037
0.804621
0.804708
0.804844
0.80491
-0.260451
-0.233967
-0.175157
-0.0945666
-0.00240993
0.096465
0.200871
0.310141
0.42318
0.538326
0.638616
0.711584
0.761975
0.793567
0.808028
0.81195
0.812388
0.812382
0.812469
0.812529
-0.282552
-0.255623
-0.195777
-0.113777
-0.0199991
0.0807858
0.187481
0.299509
0.415945
0.535445
0.640534
0.717433
0.77006
0.802063
0.815998
0.819453
0.819703
0.819629
0.819674
0.819724
-0.303994
-0.276616
-0.215755
-0.132503
-0.0372908
0.065192
0.173941
0.288471
0.408068
0.531757
0.641804
0.723122
0.77846
0.810922
0.82391
0.826486
0.826425
0.826324
0.826366
0.826402
-0.324726
-0.296926
-0.235116
-0.150767
-0.0542829
0.0497085
0.160275
0.277045
0.399531
0.527175
0.642243
0.72849
0.787235
0.820487
0.832193
0.83324
0.832497
0.83242
0.832618
0.832681
-0.34483
-0.316543
-0.253883
-0.16855
-0.0709435
0.0343638
0.146527
0.265275
0.390342
0.521659
0.641686
0.733329
0.796321
0.831137
0.841703
0.84057
0.838295
0.838043
0.838795
0.839216
-0.3642
-0.335476
-0.27204
-0.185832
-0.0872465
0.019209
0.132743
0.253196
0.380553
0.5152
0.639982
0.737377
0.805501
0.843005
0.853377
0.850161
0.845442
0.844144
0.845595
0.847298
-0.382926
-0.353736
-0.28955
-0.202577
-0.10314
0.00431017
0.119024
0.24091
0.370244
0.507827
0.637008
0.740333
0.814388
0.855737
0.867505
0.863642
0.85664
0.851627
0.847549
0.836635
-0.400964
-0.371365
-0.306555
-0.218997
-0.118921
-0.0106465
0.104976
0.227994
0.358953
0.499117
0.632357
0.74187
0.823024
0.869415
0.884176
0.881813
0.873262
0.861982
0.8514
0.86484
-0.418332
-0.388376
-0.323038
-0.235056
-0.134554
-0.0256242
0.0905837
0.214446
0.34662
0.48889
0.625656
0.741045
0.830467
0.882927
0.900676
0.900525
0.88954
0.87453
0.823996
0.817325
-0.435527
-0.404988
-0.338756
-0.250487
-0.149607
-0.0402547
0.0760082
0.200523
0.333517
0.477297
0.616822
0.736924
0.835367
0.894791
0.912096
0.910326
0.892501
0.849883
0.790605
0.755353
-0.455754
-0.423158
-0.353237
-0.264926
-0.163214
-0.0541455
0.0616924
0.186509
0.319852
0.464422
0.605797
0.728872
0.835192
0.902004
0.927535
0.897281
0.858302
0.790949
0.724439
0.68483
-0.011884
0.109398
0.238244
0.376726
0.521888
0.656816
0.772256
0.588632
-0.467755
-0.458373
-0.415846
-0.340746
-0.245704
-0.141373
-0.0289538
0.0912301
0.219514
0.357182
0.501851
0.637221
0.750863
0.841441
0.879829
0.810461
0.67487
0.591305
0.525972
-0.489718
-0.478191
-0.431853
-0.355577
-0.260236
-0.15588
-0.043753
0.076093
0.203724
0.340392
0.483368
0.61642
0.724227
0.797703
0.787298
0.666233
0.527571
0.432418
0.355247
-0.511856
-0.500079
-0.451451
-0.37422
-0.278997
-0.17445
-0.0621969
0.0574247
0.184232
0.319495
0.459602
0.58771
0.684094
0.736079
0.687391
0.520391
0.367364
0.252082
0.159305
-0.533647
-0.521911
-0.472027
-0.393689
-0.2983
-0.193723
-0.0817501
0.0371738
0.162807
0.296081
0.432538
0.554106
0.641953
0.660497
0.558953
0.371366
0.192982
0.0415305
-0.0843616
-0.555404
-0.543816
-0.493133
-0.413983
-0.318315
-0.213757
-0.10224
0.0157854
0.139986
0.270796
0.402858
0.516606
0.592882
0.571961
0.423126
0.223927
0.0223342
-0.14977
-0.314587
-0.577626
-0.566241
-0.515205
-0.435567
-0.339671
-0.235126
-0.124029
-0.0068916
0.115733
0.24378
0.371003
0.474843
0.534883
0.489782
0.295901
0.090511
-0.11706
-0.299611
-0.438142
-0.560661
-0.601124
-0.589877
-0.53863
-0.458764
-0.362836
-0.258434
-0.14786
-0.031777
0.0889607
0.213681
0.335291
0.429075
0.469228
0.384932
0.177577
-0.0305288
-0.224295
-0.370194
-0.421465
-0.442063
-0.626185
-0.615026
-0.563629
-0.483683
-0.3879
-0.283871
-0.174045
-0.0593445
0.0590636
0.179761
0.294781
0.378292
0.388864
0.26625
0.0657098
-0.131883
-0.301517
-0.378655
-0.401605
-0.404288
-0.653032
-0.641878
-0.590286
-0.510331
-0.414848
-0.311399
-0.202617
-0.0896496
0.0259664
0.14199
0.249432
0.321858
0.301475
0.154266
-0.0368984
-0.220851
-0.346823
-0.387146
-0.385565
-0.386515
-0.681651
-0.670453
-0.61863
-0.538718
-0.443682
-0.341029
-0.233588
-0.122711
-0.0103515
0.100401
0.199442
0.258542
0.220721
0.0488928
-0.127855
-0.293406
-0.362434
-0.375325
-0.37654
-0.376574
-0.711818
-0.700542
-0.648549
-0.568776
-0.474326
-0.37272
-0.266918
-0.158526
-0.0498707
0.0550763
0.145177
0.190107
0.140929
-0.042492
-0.208661
-0.333571
-0.375824
-0.371074
-0.370739
-0.370455
-0.743043
-0.731748
-0.679757
-0.600252
-0.506593
-0.406299
-0.302474
-0.196978
-0.09245
0.00639646
0.086923
0.120006
0.0480251
-0.124273
-0.275161
-0.352924
-0.365935
-0.36645
-0.366273
-0.366028
-0.774808
-0.763519
-0.711752
-0.632704
-0.540097
-0.441431
-0.339959
-0.237781
-0.137841
-0.0451413
0.0256685
0.0443942
-0.0424699
-0.193416
-0.321223
-0.35978
-0.363935
-0.363952
-0.363703
-0.363458
-0.806167
-0.794951
-0.743742
-0.665455
-0.574251
-0.47761
-0.378901
-0.280452
-0.185544
-0.0991279
-0.0360427
-0.0333951
-0.121244
-0.250803
-0.342225
-0.376826
-0.366999
-0.36398
-0.363031
-0.36263
-0.835499
-0.824631
-0.774577
-0.697563
-0.60822
-0.514088
-0.418619
-0.3243
-0.234751
-0.154947
-0.0968897
-0.103421
-0.190409
-0.297183
-0.357968
-0.361465
-0.364668
-0.364189
-0.363657
-0.363308
-0.861599
-0.851119
-0.80277
-0.727729
-0.640882
-0.549873
-0.4582
-0.368441
-0.284407
-0.211283
-0.158326
-0.165524
-0.245508
-0.328996
-0.374181
-0.373678
-0.36637
-0.364181
-0.363392
-0.363122
-0.881811
-0.872022
-0.82643
-0.754303
-0.670829
-0.583716
-0.496497
-0.41179
-0.333388
-0.266507
-0.219516
-0.219952
-0.284449
-0.342508
-0.367832
-0.367251
-0.363319
-0.361694
-0.361308
-0.361192
-0.894145
-0.885396
-0.843351
-0.775413
-0.696431
-0.614166
-0.532166
-0.453048
-0.380529
-0.319304
-0.275559
-0.270744
-0.310164
-0.336618
-0.352238
-0.354313
-0.358573
-0.359763
-0.360129
-0.360192
-0.896103
-0.888778
-0.851318
-0.789097
-0.715928
-0.639688
-0.56378
-0.49076
-0.424417
-0.368845
-0.324665
-0.315063
-0.334943
-0.328413
-0.341954
-0.351521
-0.358281
-0.361297
-0.362394
-0.36275
-0.885377
-0.879418
-0.84809
-0.793384
-0.727757
-0.658854
-0.589999
-0.52355
-0.463376
-0.414029
-0.371009
-0.353343
-0.363933
-0.358292
-0.36135
-0.366091
-0.368884
-0.370039
-0.370491
-0.37066
-0.859046
-0.854852
-0.831293
-0.78681
-0.730861
-0.670658
-0.609801
-0.550403
-0.496016
-0.452689
-0.417486
-0.388193
-0.395186
-0.425446
-0.414741
-0.396334
-0.386156
-0.381248
-0.379575
-0.379106
-0.82075
-0.818096
-0.803003
-0.769937
-0.725345
-0.675019
-0.622756
-0.570631
-0.521849
-0.48312
-0.457856
-0.429345
-0.407707
-0.422353
-0.434688
-0.414708
-0.391931
-0.381387
-0.379112
-0.378704
-0.777636
-0.775967
-0.768521
-0.746797
-0.713673
-0.673211
-0.629286
-0.584033
-0.54042
-0.504067
-0.479161
-0.448352
-0.404611
-0.355998
-0.329719
-0.331245
-0.351115
-0.372119
-0.380885
-0.382586
-0.739775
-0.738673
-0.735134
-0.723387
-0.699778
-0.667788
-0.630842
-0.591165
-0.550952
-0.51452
-0.487797
-0.457924
-0.424246
-0.389453
-0.379275
-0.409619
-0.445258
-0.446774
-0.438843
-0.438813
-0.712621
-0.711998
-0.70975
-0.703963
-0.687734
-0.662054
-0.629854
-0.593478
-0.554382
-0.515915
-0.485403
-0.460713
-0.472782
-0.527368
-0.616964
-0.689545
-0.724539
-0.710183
-0.660814
-0.622707
-0.693014
-0.692597
-0.691741
-0.689434
-0.679556
-0.658546
-0.628787
-0.593156
-0.553116
-0.510075
-0.473943
-0.442889
-0.441239
-0.476493
-0.565784
-0.626532
-0.630048
-0.611549
-0.578935
-0.545332
-0.681162
-0.681058
-0.680684
-0.67939
-0.674334
-0.657038
-0.628247
-0.59127
-0.548096
-0.498986
-0.450101
-0.404511
-0.350412
-0.30862
-0.301349
-0.322511
-0.30747
-0.257844
-0.206213
-0.169572
-0.673088
-0.673062
-0.672759
-0.672386
-0.67016
-0.65679
-0.628562
-0.589163
-0.542187
-0.484977
-0.419678
-0.354916
-0.24773
-0.103551
0.0594719
0.19997
0.315948
0.400777
0.459798
0.491268
-0.667929
-0.667922
-0.667818
-0.667724
-0.666301
-0.657456
-0.630085
-0.588535
-0.535895
-0.471048
-0.39169
-0.307422
-0.172712
0.0592393
0.353885
0.642708
0.876993
1.01582
1.07745
1.09317
-0.66379
-0.663818
-0.663817
-0.663724
-0.663847
-0.658261
-0.632956
-0.589073
-0.531809
-0.461314
-0.371743
-0.274387
-0.132837
0.124693
0.449044
0.767516
1.04131
1.21319
1.28073
1.29658
-0.660133
-0.660236
-0.660321
-0.660355
-0.660423
-0.658014
-0.636263
-0.591624
-0.531734
-0.457271
-0.363231
-0.260659
-0.130517
0.105453
0.40278
0.695165
0.941274
1.09835
1.16982
1.19439
-0.657307
-0.657399
-0.657387
-0.657179
-0.657087
-0.65567
-0.639145
-0.597107
-0.536801
-0.459902
-0.366299
-0.266665
-0.155529
0.0511741
0.310784
0.554327
0.761475
0.905252
0.977662
1.00388
-0.655823
-0.655876
-0.655674
-0.655061
-0.6538
-0.652403
-0.642429
-0.605714
-0.546709
-0.468573
-0.379592
-0.288959
-0.200209
-0.0350873
0.188329
0.39192
0.559828
0.684723
0.748899
0.770151
-0.657725
-0.657879
-0.657854
-0.657455
-0.656171
-0.655248
-0.650709
-0.619555
-0.558657
-0.482219
-0.401059
-0.320671
-0.248405
-0.124161
0.0553211
0.219199
0.349379
0.445711
0.494449
0.50902
-0.662234
-0.662778
-0.664109
-0.667786
-0.674046
-0.679233
-0.674243
-0.6375
-0.571161
-0.500536
-0.427609
-0.35428
-0.296426
-0.203096
-0.062849
0.060928
0.156694
0.225898
0.259013
0.268237
-0.665322
-0.666287
-0.668869
-0.677496
-0.695254
-0.711912
-0.702992
-0.6507
-0.582838
-0.523221
-0.455827
-0.388382
-0.340034
-0.273939
-0.169616
-0.0784125
-0.00962931
0.0375254
0.0586054
0.0628686
-0.674445
-0.675245
-0.677261
-0.682164
-0.687629
-0.696823
-0.684775
-0.638343
-0.593255
-0.546965
-0.481197
-0.419058
-0.378397
-0.326198
-0.25034
-0.187879
-0.143791
-0.115036
-0.102579
-0.0994965
-0.694658
-0.694928
-0.69592
-0.690625
-0.656561
-0.608682
-0.597822
-0.603778
-0.602638
-0.565941
-0.50235
-0.448523
-0.413415
-0.373336
-0.315838
-0.271716
-0.2434
-0.227166
-0.220695
-0.218961
-0.718549
-0.71824
-0.717094
-0.704423
-0.651755
-0.577356
-0.553876
-0.600913
-0.623349
-0.583582
-0.521424
-0.474632
-0.442326
-0.408727
-0.364617
-0.331722
-0.311428
-0.298358
-0.293303
-0.291627
-0.758524
-0.755482
-0.754906
-0.762245
-0.758646
-0.73599
-0.706254
-0.708653
-0.681696
-0.611559
-0.54157
-0.497599
-0.4662
-0.435111
-0.394427
-0.363411
-0.343504
-0.33117
-0.325434
-0.323837
-0.86243
-0.860077
-0.883029
-0.931091
-0.976586
-0.981249
-0.946358
-0.881035
-0.771124
-0.647708
-0.56382
-0.515412
-0.48052
-0.453386
-0.413782
-0.380191
-0.355826
-0.33949
-0.332086
-0.330764
-0.996005
-1.00011
-1.03309
-1.08513
-1.12314
-1.13114
-1.09065
-0.992704
-0.824355
-0.669492
-0.578211
-0.518469
-0.484536
-0.459438
-0.418188
-0.382036
-0.35536
-0.33688
-0.329098
-0.32814
-1.05043
-1.05724
-1.08297
-1.11731
-1.14635
-1.15358
-1.11319
-0.993804
-0.800541
-0.658716
-0.563808
-0.500262
-0.475291
-0.450223
-0.407065
-0.372436
-0.34769
-0.33142
-0.324644
-0.323983
-0.976962
-0.983198
-1.00186
-1.02763
-1.0519
-1.05925
-1.02501
-0.901359
-0.730771
-0.61238
-0.515367
-0.46361
-0.445582
-0.418359
-0.38132
-0.35374
-0.333759
-0.321243
-0.316109
-0.315577
-0.790366
-0.796811
-0.814234
-0.840394
-0.867177
-0.879802
-0.847856
-0.743233
-0.629259
-0.526451
-0.44883
-0.412836
-0.391171
-0.36808
-0.34024
-0.320532
-0.307584
-0.300227
-0.297371
-0.296981
-0.525408
-0.53245
-0.549952
-0.578334
-0.610035
-0.628962
-0.610258
-0.55058
-0.484706
-0.417324
-0.376588
-0.344446
-0.323694
-0.308145
-0.288168
-0.276517
-0.269381
-0.265341
-0.263605
-0.26352
-0.246172
-0.251409
-0.265323
-0.29095
-0.324541
-0.354118
-0.364613
-0.356184
-0.335779
-0.312771
-0.290839
-0.266928
-0.25609
-0.243562
-0.230132
-0.224653
-0.220825
-0.218241
-0.217304
-0.217575
-0.0355073
-0.0390108
-0.0489424
-0.0701955
-0.103433
-0.144451
-0.182452
-0.208452
-0.217519
-0.215692
-0.204435
-0.195297
-0.187374
-0.180088
-0.174023
-0.170813
-0.16797
-0.166051
-0.16552
-0.166015
0.0673883
0.0648334
0.0575416
0.0401969
0.0102849
-0.0289246
-0.0719572
-0.107094
-0.126149
-0.133738
-0.134865
-0.128456
-0.123813
-0.122779
-0.118722
-0.11676
-0.114277
-0.112839
-0.112853
-0.113554
0.0774721
0.0755313
0.0703115
0.05819
0.037175
0.00877572
-0.0199277
-0.0436064
-0.0602943
-0.0679213
-0.0692298
-0.0681292
-0.0687309
-0.068844
-0.0655669
-0.0637494
-0.0618709
-0.0608165
-0.0612425
-0.0621025
0.0555821
0.0538247
0.0482985
0.0371593
0.0202593
7.07166e-05
-0.0178018
-0.0295624
-0.0371268
-0.0390289
-0.0411789
-0.0401962
-0.043513
-0.0398624
-0.0391559
-0.038122
-0.0366819
-0.0361618
-0.0362991
-0.0138815
-0.179536
0.0833631
0.254224
0.413952
0.541477
0.642004
0.721322
0.787852
0.830177
0.819208
0.20953
0.325537
0.441419
0.544985
0.632431
0.704756
0.763207
0.806559
0.832363
0.848089
0.420161
0.495424
0.575121
0.648302
0.710987
0.763661
0.806294
0.839187
0.864484
0.88412
0.57029
0.625448
0.682298
0.736015
0.782845
0.82297
0.856892
0.885425
0.908996
0.927081
0.689637
0.73322
0.775072
0.815916
0.852991
0.88595
0.915005
0.940213
0.96074
0.977459
0.790961
0.824769
0.859458
0.893408
0.925218
0.954322
0.980437
1.00311
1.02124
1.03634
0.880249
0.909997
0.941745
0.973239
1.003
1.0304
1.05497
1.07595
1.09215
1.10589
0.966315
0.996594
1.0289
1.06067
1.09051
1.11766
1.14153
1.16138
1.17608
1.18866
1.05866
1.09267
1.12827
1.16189
1.19263
1.2198
1.24296
1.26167
1.27526
1.28743
1.16972
1.2079
1.24695
1.2818
1.31237
1.33848
1.36019
1.37759
1.39074
1.40351
1.31123
1.34958
1.38802
1.42014
1.44731
1.47056
1.49054
1.5075
1.52148
1.53528
1.48679
1.51634
1.5463
1.57059
1.59161
1.61092
1.62909
1.64639
1.66225
1.6771
1.68014
1.69447
1.71204
1.72881
1.74533
1.76076
1.77491
1.78895
1.8038
1.81996
1.86909
1.87338
1.88624
1.89841
1.9084
1.91771
1.92789
1.93854
1.94787
1.96008
2.09848
2.08489
2.07607
2.06103
2.04995
2.0494
2.06141
2.08521
2.11705
2.15281
2.47268
2.31418
2.20868
2.1498
2.12072
2.11417
2.12934
2.17055
2.24978
2.3949
-0.448178
-0.44474
-0.401582
-0.32573
-0.23025
-0.125186
0.871878
0.917203
0.892332
0.810541
0.732749
0.661091
0.463159
0.275834
0.059092
-0.225915
-0.56262
)
;

boundaryField
{
    wall-4
    {
        type            zeroGradient;
    }
    pressure-outlet-7
    {
        type            fixedValue;
        value           uniform 0;
    }
    velocity-inlet-6
    {
        type            zeroGradient;
    }
    velocity-inlet-5
    {
        type            zeroGradient;
    }
    frontAndBackPlanes
    {
        type            empty;
    }
}


// ************************************************************************* //
