/*--------------------------------*- C++ -*----------------------------------*\
  =========                 |
  \\      /  F ield         | OpenFOAM: The Open Source CFD Toolbox
   \\    /   O peration     | Website:  https://openfoam.org
    \\  /    A nd           | Version:  6
     \\/     M anipulation  |
\*---------------------------------------------------------------------------*/
FoamFile
{
    version     2.0;
    format      ascii;
    class       volScalarField;
    location    "32.3";
    object      p;
}
// * * * * * * * * * * * * * * * * * * * * * * * * * * * * * * * * * * * * * //

dimensions      [0 2 -2 0 0 0 0];

internalField   nonuniform List<scalar> 
8800
(
1.43505
1.38573
1.34775
1.31967
1.29949
1.28486
1.27421
1.2666
1.26162
1.25942
1.26063
1.26483
1.27152
1.28086
1.29354
1.31082
1.33467
1.36775
1.41068
1.46319
1.26956
1.2759
1.28504
1.28858
1.28595
1.27983
1.27285
1.26655
1.26166
1.25868
1.25829
1.26075
1.26526
1.2713
1.27833
1.28531
1.29015
1.29
1.28331
1.2744
1.24311
1.24935
1.25384
1.25769
1.26062
1.26153
1.26039
1.25819
1.2561
1.25511
1.25597
1.25826
1.26103
1.2632
1.26365
1.26181
1.25841
1.25436
1.24956
1.24584
1.23888
1.24165
1.24424
1.24638
1.24809
1.24962
1.25066
1.25093
1.25069
1.2506
1.25122
1.2522
1.25281
1.25254
1.25148
1.25006
1.24834
1.24601
1.24357
1.24201
1.23392
1.23534
1.23717
1.23923
1.24091
1.24215
1.24319
1.24407
1.24473
1.24527
1.24575
1.24602
1.24589
1.24539
1.24462
1.24343
1.24171
1.23977
1.23839
1.23759
1.22905
1.22995
1.23118
1.23279
1.23445
1.23593
1.23714
1.23815
1.23905
1.23983
1.24036
1.24052
1.24033
1.23981
1.23888
1.23759
1.23614
1.23482
1.23397
1.23345
1.22429
1.22495
1.2259
1.2272
1.22861
1.23007
1.23147
1.23271
1.23379
1.23474
1.23537
1.23557
1.23535
1.23472
1.23378
1.2327
1.2316
1.23062
1.23001
1.22963
1.21966
1.22016
1.22094
1.22208
1.22335
1.22472
1.22616
1.22757
1.2289
1.23006
1.23083
1.23107
1.23083
1.23024
1.22946
1.22859
1.2277
1.22694
1.22647
1.22618
1.21511
1.21551
1.21617
1.21719
1.2184
1.21972
1.22116
1.22267
1.22416
1.22554
1.22651
1.22689
1.22677
1.22633
1.22573
1.22503
1.2243
1.22371
1.22335
1.22312
1.21057
1.21089
1.21147
1.21242
1.21359
1.2149
1.21634
1.21791
1.21958
1.22122
1.22243
1.22301
1.2231
1.22289
1.22247
1.22193
1.22135
1.22089
1.22062
1.22043
1.20599
1.20625
1.20677
1.20767
1.20884
1.21016
1.21165
1.21331
1.21513
1.21702
1.21857
1.21948
1.21987
1.21989
1.21966
1.21929
1.21885
1.2185
1.21829
1.21814
1.2013
1.20152
1.20199
1.20289
1.20407
1.20547
1.20709
1.20895
1.21103
1.21328
1.21522
1.21648
1.21715
1.21739
1.21734
1.21713
1.21683
1.21657
1.21642
1.21629
1.19644
1.19661
1.19707
1.198
1.19927
1.20078
1.20257
1.20468
1.20711
1.20979
1.21224
1.21394
1.21493
1.21542
1.21558
1.21551
1.21532
1.21514
1.21504
1.21493
1.19137
1.1915
1.19195
1.1929
1.19425
1.19589
1.19783
1.20019
1.20303
1.2063
1.20934
1.21154
1.21299
1.21387
1.21432
1.21446
1.21441
1.21433
1.21427
1.21419
1.18599
1.18609
1.18654
1.18755
1.18902
1.19084
1.19308
1.19581
1.1991
1.203
1.20682
1.20977
1.21175
1.21301
1.21376
1.21413
1.21425
1.21427
1.21425
1.21418
1.18025
1.18031
1.18076
1.18184
1.18346
1.18552
1.18809
1.19134
1.19538
1.20021
1.20492
1.20855
1.21113
1.21286
1.21397
1.21461
1.21493
1.21506
1.2151
1.21504
1.17392
1.17398
1.17443
1.17556
1.17733
1.17964
1.18259
1.18636
1.19111
1.19694
1.20285
1.20757
1.21098
1.21337
1.215
1.21605
1.21665
1.21694
1.21702
1.21696
1.16676
1.1668
1.16729
1.1685
1.1705
1.17319
1.1767
1.18128
1.18713
1.19433
1.20161
1.20744
1.21173
1.21483
1.21704
1.21854
1.21948
1.21994
1.22006
1.22
1.15834
1.15838
1.15893
1.16029
1.16257
1.16572
1.16992
1.17545
1.18259
1.19143
1.20045
1.20774
1.21317
1.21714
1.22005
1.22208
1.2234
1.22405
1.22421
1.22414
1.14809
1.14813
1.14878
1.1504
1.15313
1.15696
1.16212
1.16897
1.1778
1.18872
1.19982
1.20879
1.2155
1.22046
1.22415
1.22677
1.22848
1.2293
1.2295
1.22941
1.13545
1.1355
1.13632
1.13833
1.14174
1.14655
1.15302
1.16159
1.17258
1.18607
1.19968
1.21064
1.21884
1.22494
1.22948
1.23273
1.23484
1.23584
1.23606
1.23596
1.11969
1.11975
1.12081
1.12342
1.12779
1.13396
1.14222
1.15307
1.16683
1.18348
1.20009
1.21337
1.22329
1.23068
1.2362
1.24017
1.24271
1.24389
1.24415
1.24403
1.0997
1.0998
1.10123
1.10474
1.11055
1.11865
1.12942
1.14333
1.16063
1.18116
1.20127
1.21717
1.22902
1.23787
1.24451
1.24929
1.25232
1.25368
1.25397
1.25382
1.07371
1.07386
1.07594
1.08089
1.08894
1.09991
1.11423
1.13225
1.15404
1.17921
1.20333
1.22218
1.23618
1.24665
1.25455
1.26027
1.26381
1.26534
1.26565
1.26547
1.03864
1.03895
1.0423
1.0499
1.06173
1.0772
1.09661
1.12007
1.14738
1.17792
1.2065
1.22854
1.24487
1.25713
1.26644
1.27317
1.27721
1.2789
1.27921
1.27899
0.988807
0.990037
0.996715
1.00974
1.0281
1.05051
1.07696
1.10728
1.14107
1.17759
1.21094
1.23637
1.25516
1.26933
1.28012
1.28786
1.29244
1.29427
1.29453
1.29426
0.915977
0.923614
0.938845
0.961684
0.989709
1.02134
1.05633
1.09453
1.13552
1.17859
1.2172
1.24642
1.26806
1.28452
1.29712
1.30613
1.31142
1.31357
1.31391
1.31369
0.839032
0.855252
0.879863
0.913081
0.951227
0.992144
1.03578
1.08206
1.13073
1.18118
1.22617
1.26031
1.28577
1.30523
1.32021
1.33103
1.33745
1.33997
1.34044
1.3404
0.773743
0.793557
0.82596
0.867893
0.914761
0.964365
1.01635
1.07057
1.12673
1.18429
1.23531
1.27395
1.30278
1.32477
1.34166
1.3538
1.3611
1.36412
1.36461
1.36462
0.720923
0.742921
0.78044
0.828502
0.882126
0.938916
0.998224
1.05971
1.1229
1.18716
1.24376
1.2864
1.31804
1.34206
1.36034
1.37372
1.38207
1.38535
1.38595
1.38605
0.677323
0.700569
0.741699
0.794469
0.853433
0.916085
0.98162
1.0495
1.11905
1.18949
1.25114
1.2973
1.3313
1.35698
1.37654
1.39085
1.39985
1.40358
1.40437
1.4045
0.640071
0.664103
0.707899
0.764461
0.827856
0.89547
0.966359
1.03986
1.11515
1.19119
1.25743
1.30668
1.3427
1.3697
1.39016
1.40507
1.4145
1.41864
1.41967
1.41982
0.60712
0.6317
0.677602
0.737316
0.804483
0.876393
0.952018
1.03057
1.11107
1.19226
1.2627
1.31475
1.35251
1.38058
1.40171
1.41705
1.4268
1.43123
1.43238
1.43251
0.577026
0.602091
0.649748
0.712163
0.782602
0.858285
0.938151
1.02131
1.10664
1.19265
1.26707
1.32174
1.36107
1.39006
1.41167
1.42729
1.43715
1.44173
1.44292
1.44301
0.548868
0.574399
0.623604
0.688398
0.761714
0.840739
0.92442
1.01181
1.10165
1.19228
1.27059
1.3278
1.36866
1.39848
1.42051
1.43631
1.44624
1.45089
1.45215
1.45221
0.521932
0.547966
0.598601
0.665559
0.741438
0.823458
0.910596
1.00186
1.09596
1.19106
1.27323
1.33306
1.37549
1.40621
1.4287
1.44469
1.45464
1.45923
1.46052
1.46061
0.495954
0.522476
0.574428
0.643333
0.721525
0.80625
0.896522
0.991364
1.08945
1.18891
1.27499
1.33757
1.38173
1.41347
1.4365
1.45272
1.46271
1.46724
1.46844
1.46848
0.470576
0.497682
0.550855
0.621531
0.701813
0.788977
0.882104
0.980232
1.08207
1.18576
1.27585
1.34141
1.38752
1.42043
1.44412
1.46064
1.47067
1.47512
1.47619
1.47616
0.445735
0.473435
0.527752
0.600054
0.68222
0.771587
0.867301
0.968445
1.0738
1.1816
1.27581
1.3446
1.3929
1.42718
1.45163
1.46849
1.47854
1.48285
1.48379
1.48367
0.42136
0.449653
0.505074
0.578868
0.662728
0.754073
0.852117
0.956003
1.06462
1.17639
1.27477
1.34703
1.39785
1.43374
1.45909
1.47632
1.48632
1.49041
1.49118
1.491
0.397404
0.426329
0.482828
0.557968
0.643336
0.736458
0.836589
0.942946
1.05455
1.17007
1.27262
1.34863
1.40234
1.44015
1.46654
1.48411
1.49398
1.49774
1.49832
1.49808
0.373853
0.403483
0.461012
0.537376
0.6241
0.718794
0.820776
0.929329
1.04363
1.16263
1.2693
1.34926
1.40627
1.44642
1.47406
1.49189
1.50141
1.50472
1.50509
1.5048
0.350886
0.381171
0.439676
0.517139
0.605078
0.701162
0.804754
0.915238
1.03192
1.1541
1.26473
1.34877
1.40947
1.45254
1.48182
1.49985
1.50864
1.51125
1.51137
1.51106
0.32855
0.359455
0.41887
0.497327
0.586338
0.683632
0.788622
0.900761
1.01953
1.14452
1.25885
1.34701
1.41172
1.45836
1.49003
1.50844
1.51597
1.51733
1.51706
1.51678
0.3068
0.338381
0.398634
0.477987
0.567953
0.666296
0.77248
0.886012
1.00654
1.13396
1.25164
1.34383
1.41273
1.46352
1.49871
1.51844
1.52445
1.52345
1.52214
1.522
0.285804
0.317984
0.379032
0.459195
0.549992
0.649245
0.75643
0.87111
0.993091
1.12253
1.2431
1.33912
1.41221
1.46744
1.50736
1.5304
1.53627
1.53227
1.52765
1.52544
0.265476
0.298266
0.360063
0.440924
0.532423
0.632434
0.740416
0.855989
0.979101
1.11017
1.23308
1.3326
1.40985
1.46943
1.51474
1.54361
1.553
1.54897
1.53704
1.53438
0.245905
0.279155
0.34159
0.422979
0.514947
0.615512
0.724008
0.840139
0.96399
1.0962
1.22086
1.32342
1.40497
1.46842
1.51825
1.55388
1.56806
1.56124
1.54453
1.53717
0.227234
0.260694
0.323789
0.405573
0.497808
0.598788
0.707428
0.823898
0.948084
1.0809
1.2066
1.31115
1.39705
1.46341
1.51303
1.54842
1.56664
1.54737
1.4873
1.4598
0.209578
0.242147
0.307067
0.38923
0.481664
0.582746
0.690943
0.807538
0.931665
1.06447
1.19041
1.2954
1.3854
1.45401
1.49573
1.52222
1.52433
1.47942
1.41678
1.37795
0.16525
0.224433
0.291463
0.373343
0.46575
0.56649
0.67468
0.790946
0.914546
1.04661
1.17198
1.27587
1.36685
1.44018
1.46495
1.46625
1.43306
1.3761
1.30875
1.27153
0.190496
0.208772
0.268158
0.34965
0.441716
0.542158
0.649557
0.764932
0.887206
1.01718
1.14002
1.24061
1.3229
1.39873
1.39495
1.29973
1.21634
1.15864
1.09693
1.12891
0.158628
0.19048
0.250634
0.33172
0.423702
0.523762
0.631207
0.745802
0.866838
0.994678
1.11443
1.21108
1.28407
1.32454
1.28309
1.15383
1.0505
0.981065
0.900741
0.952003
0.133829
0.168178
0.230185
0.311483
0.403427
0.503376
0.610635
0.724315
0.843807
0.968966
1.08467
1.17563
1.23674
1.24266
1.14445
0.993624
0.868011
0.778739
0.683789
0.72128
0.109681
0.145173
0.208622
0.290608
0.38271
0.482534
0.589261
0.701879
0.819626
0.941759
1.05256
1.13694
1.18157
1.15506
1.00275
0.827062
0.667707
0.533416
0.408569
0.429514
0.0858325
0.121768
0.186159
0.268763
0.361098
0.460746
0.566815
0.678248
0.794003
0.912763
1.01798
1.095
1.11971
1.05377
0.86357
0.664752
0.474715
0.317671
0.105865
0.0257116
0.0616163
0.0975115
0.162472
0.245555
0.338145
0.437674
0.543159
0.653393
0.76707
0.882264
0.981569
1.04958
1.05254
0.932303
0.736437
0.522987
0.325314
0.158247
0.0291463
-0.102384
0.0359876
0.0719427
0.137223
0.220605
0.313326
0.412651
0.517464
0.626335
0.737613
0.848742
0.941675
0.998413
0.974789
0.815078
0.617072
0.408852
0.228662
0.127004
0.0993137
0.0850097
0.00879958
0.0447926
0.110295
0.193824
0.286503
0.38547
0.489381
0.59659
0.705036
0.811432
0.897508
0.938788
0.893112
0.702669
0.506082
0.317491
0.180509
0.141071
0.13074
0.13045
-0.0202279
0.0159457
0.081663
0.165243
0.257747
0.356148
0.458917
0.564136
0.669288
0.770317
0.848638
0.873407
0.7996
0.598032
0.409058
0.244449
0.164828
0.15012
0.148749
0.148845
-0.0510731
-0.014623
0.0513291
0.134892
0.227069
0.324719
0.426099
0.528996
0.630399
0.725513
0.794668
0.804366
0.689945
0.500409
0.322553
0.192155
0.159857
0.15863
0.157325
0.157613
-0.0834714
-0.0467223
0.0194291
0.102883
0.194593
0.291274
0.390999
0.491253
0.588463
0.67714
0.736636
0.725941
0.585999
0.406124
0.248188
0.177636
0.160723
0.161578
0.161833
0.161978
-0.116822
-0.0799815
-0.0137503
0.0694777
0.160555
0.256019
0.353817
0.451118
0.543773
0.625499
0.67555
0.643969
0.485469
0.318536
0.196081
0.159159
0.160106
0.161663
0.163412
0.164003
-0.15069
-0.113852
-0.0477167
0.0351269
0.125365
0.219349
0.314881
0.408968
0.496791
0.571446
0.610237
0.561916
0.386842
0.232751
0.152405
0.152417
0.150842
0.150784
0.153682
0.156246
-0.183964
-0.147431
-0.0817119
0.00049653
0.0896272
0.181853
0.274724
0.365331
0.448244
0.515974
0.543286
0.484437
0.292804
0.138661
0.0906882
0.0957576
0.126716
0.14895
0.155693
0.156965
-0.215272
-0.179518
-0.114709
-0.0335066
0.0541565
0.144365
0.234191
0.320884
0.399165
0.460051
0.481444
0.408355
0.210811
0.0302271
0.00786956
0.0505799
0.102821
0.139169
0.154122
0.157202
-0.243225
-0.20868
-0.145357
-0.0656755
0.0200326
0.107901
0.194508
0.27662
0.350477
0.405378
0.423321
0.346907
0.178586
-0.06642
-0.10622
-0.0311068
-0.00836051
0.0237753
0.0467688
0.0583171
-0.265493
-0.232953
-0.172017
-0.094493
-0.0113641
0.0736187
0.157127
0.234278
0.302569
0.354692
0.367346
0.304853
0.23064
0.0747668
-0.109259
-0.122127
-0.180673
-0.178112
-0.148368
-0.13808
-0.280257
-0.250445
-0.192779
-0.118302
-0.0383671
0.0429565
0.123287
0.196259
0.257143
0.307632
0.31855
0.265809
0.314982
0.463583
0.327292
-0.0210257
-0.179035
-0.192568
-0.194513
-0.197055
-0.285036
-0.25899
-0.205782
-0.135371
-0.0592362
0.0178572
0.0939878
0.164378
0.219524
0.258403
0.289457
0.157094
0.178742
0.467725
0.300621
-0.0435946
-0.209467
-0.214373
-0.224539
-0.2273
-0.278237
-0.256621
-0.209144
-0.144058
-0.0725249
0.000252309
0.0713289
0.139035
0.19232
0.21798
0.230095
-0.0233887
-0.398638
-0.61242
-0.834322
-0.944978
-0.750045
-0.494513
-0.390882
-0.397752
-0.257265
-0.240789
-0.201221
-0.143173
-0.077269
-0.0088411
0.0584217
0.121558
0.17406
0.200776
0.165358
-0.188587
-0.888117
-1.65134
-1.90259
-1.939
-1.73019
-1.38813
-1.09653
-1.00234
-0.224752
-0.213607
-0.182717
-0.13294
-0.0730318
-0.00899928
0.0557674
0.117117
0.168216
0.195832
0.159191
-0.13172
-0.708519
-1.40407
-1.6681
-1.63768
-1.501
-1.32756
-1.15008
-1.0284
-0.185419
-0.178912
-0.157309
-0.11571
-0.0613849
-0.000572128
0.0630708
0.12683
0.185439
0.217163
0.229462
0.130481
-0.0447328
-0.19702
-0.282023
-0.280854
-0.175475
-0.0313876
0.0803627
0.155891
-0.146286
-0.142738
-0.12975
-0.0959865
-0.0454998
0.0140353
0.0806713
0.14783
0.220785
0.296145
0.356224
0.467105
0.620147
0.905952
1.2243
1.57666
1.87598
2.03088
2.11828
2.15553
-0.113301
-0.111386
-0.104466
-0.0779562
-0.0302085
0.031544
0.10145
0.182823
0.264125
0.374406
0.486953
0.638817
1.0369
1.57597
2.2049
2.72689
3.10361
3.34843
3.45876
3.4875
-0.0831399
-0.0826228
-0.0804395
-0.0623142
-0.0179593
0.0466831
0.122673
0.20896
0.308448
0.413324
0.546646
0.671179
0.976277
1.51175
2.03948
2.53241
2.91271
3.14265
3.25259
3.28735
-0.0577029
-0.0570121
-0.0568059
-0.0463991
-0.00677607
0.0596387
0.141655
0.229948
0.33005
0.438065
0.549347
0.663392
0.783094
1.19206
1.65716
2.03802
2.34419
2.54853
2.64722
2.67583
-0.0407403
-0.0397157
-0.0403405
-0.0336318
0.00464679
0.0754661
0.159562
0.249125
0.342665
0.445575
0.547193
0.649667
0.740135
0.94535
1.28907
1.60574
1.84055
1.97427
2.03267
2.04794
-0.0279051
-0.0295082
-0.032939
-0.0249474
0.0203341
0.0986325
0.184487
0.27029
0.357917
0.451626
0.539598
0.62303
0.705017
0.849312
1.07369
1.27853
1.42702
1.51398
1.55301
1.56017
0.0145971
0.00968993
0.00455037
0.015649
0.0653819
0.142395
0.221706
0.298824
0.374665
0.454926
0.528749
0.594895
0.653746
0.751011
0.907186
1.03825
1.12563
1.1761
1.19565
1.19792
0.126037
0.120474
0.115524
0.125056
0.163455
0.219031
0.276576
0.33649
0.396539
0.459303
0.515463
0.561627
0.596621
0.646647
0.750113
0.840247
0.90062
0.933832
0.946964
0.948344
0.281518
0.278392
0.274752
0.276648
0.290951
0.314017
0.344611
0.379813
0.421518
0.467005
0.503506
0.531399
0.551075
0.578712
0.647281
0.70593
0.746537
0.768826
0.777441
0.777303
0.414432
0.413316
0.410166
0.404295
0.399111
0.398815
0.406567
0.421671
0.446234
0.476163
0.499449
0.511006
0.521528
0.541335
0.593071
0.631682
0.654362
0.665609
0.669099
0.668184
0.491921
0.491346
0.488187
0.47969
0.467412
0.456956
0.452697
0.455871
0.467733
0.487708
0.50402
0.507933
0.509057
0.524828
0.566832
0.590127
0.603437
0.608499
0.609371
0.608647
0.52541
0.524901
0.522198
0.514797
0.503161
0.491403
0.483327
0.480669
0.485524
0.499855
0.512693
0.520031
0.525263
0.541435
0.565064
0.57776
0.584806
0.58818
0.589163
0.588289
0.535294
0.534787
0.532712
0.527493
0.518923
0.509479
0.50163
0.497827
0.499127
0.508308
0.522856
0.53647
0.556187
0.569726
0.581185
0.58439
0.586878
0.588122
0.588734
0.587965
0.53557
0.535097
0.533563
0.530135
0.524566
0.51787
0.511589
0.508259
0.507393
0.51368
0.530055
0.549956
0.579931
0.593519
0.592937
0.592375
0.59577
0.599642
0.600869
0.599533
0.533142
0.532721
0.531548
0.529128
0.525499
0.520991
0.516239
0.512827
0.512059
0.514892
0.527111
0.547285
0.580102
0.58815
0.586233
0.591618
0.598784
0.605611
0.60905
0.607153
0.530592
0.530262
0.529387
0.527505
0.524793
0.521572
0.517978
0.514331
0.512762
0.511642
0.512459
0.519988
0.539566
0.543651
0.546012
0.556791
0.573131
0.585408
0.589854
0.588345
0.528056
0.527851
0.527285
0.525793
0.523803
0.521112
0.518175
0.51502
0.511288
0.504838
0.491196
0.474775
0.461596
0.459558
0.479428
0.506935
0.530366
0.543614
0.546783
0.544694
0.524411
0.524363
0.524185
0.523465
0.521719
0.519958
0.51806
0.516564
0.513158
0.497455
0.47165
0.433048
0.393184
0.390463
0.422905
0.455926
0.474685
0.485203
0.487213
0.486501
0.518242
0.51831
0.518433
0.518308
0.517815
0.517243
0.51717
0.517524
0.516205
0.50045
0.4714
0.424558
0.374898
0.376829
0.406443
0.425806
0.435388
0.438526
0.441363
0.44218
0.508516
0.50873
0.509189
0.509837
0.510696
0.51214
0.514606
0.518625
0.521325
0.513458
0.491028
0.452618
0.415509
0.420496
0.432861
0.436122
0.433876
0.433175
0.432763
0.431681
0.493891
0.494298
0.495267
0.496739
0.499099
0.503074
0.509099
0.518326
0.527846
0.532211
0.522365
0.509724
0.491558
0.484454
0.470272
0.455863
0.441283
0.434331
0.432169
0.432225
0.471585
0.472327
0.474013
0.476847
0.48116
0.48794
0.49814
0.513512
0.53223
0.546078
0.553747
0.565222
0.56534
0.543354
0.510069
0.481826
0.46309
0.453358
0.45067
0.450983
0.438018
0.439218
0.441821
0.446311
0.453256
0.463323
0.477844
0.499109
0.526238
0.547804
0.566743
0.586806
0.592588
0.556137
0.527051
0.513048
0.49908
0.489894
0.483352
0.483794
0.389057
0.390671
0.394294
0.4008
0.410791
0.424494
0.442673
0.468049
0.499287
0.517838
0.540691
0.565061
0.566716
0.534917
0.527076
0.526235
0.537046
0.528848
0.521643
0.521436
0.321211
0.323092
0.327695
0.336303
0.349152
0.365626
0.385351
0.408785
0.428166
0.431123
0.456829
0.49425
0.483104
0.460204
0.490017
0.517149
0.534082
0.526724
0.52043
0.518727
0.234238
0.235738
0.240871
0.250906
0.265335
0.282783
0.299802
0.308852
0.294056
0.275773
0.318337
0.364008
0.344501
0.339871
0.39908
0.451855
0.464645
0.450062
0.441981
0.439582
0.132684
0.133905
0.137986
0.147207
0.159919
0.174471
0.183172
0.167184
0.103969
0.0935536
0.156394
0.223168
0.170336
0.182193
0.257608
0.299618
0.293039
0.285888
0.279983
0.277565
0.0289242
0.0285284
0.0287773
0.0300866
0.0316234
0.0348626
0.0373709
0.0295517
-0.00355077
-0.0234107
0.00226289
0.05766
0.047161
0.0326885
0.0400488
0.0115218
0.0376861
0.0515298
0.0543093
0.0551962
0.569253
0.76689
0.949815
1.10507
1.23157
1.33373
1.41998
1.48988
1.50843
1.50443
0.87713
1.00527
1.12554
1.2308
1.32032
1.39497
1.45407
1.49412
1.51549
1.53178
1.08703
1.17229
1.25671
1.33145
1.39562
1.449
1.49102
1.52283
1.54639
1.56557
1.24063
1.3005
1.36155
1.41662
1.46427
1.50471
1.53845
1.56649
1.58753
1.60647
1.36089
1.40646
1.45239
1.49476
1.53238
1.56549
1.59432
1.61862
1.63706
1.65515
1.46352
1.50019
1.53641
1.57137
1.60349
1.63245
1.65796
1.6793
1.69541
1.71293
1.55344
1.5864
1.61938
1.65121
1.68082
1.7077
1.73123
1.75048
1.76463
1.78169
1.64169
1.67474
1.70766
1.73928
1.76842
1.79454
1.81695
1.83469
1.84724
1.86381
1.73686
1.77347
1.80853
1.84127
1.8707
1.89629
1.9176
1.93405
1.94578
1.96196
1.85031
1.89094
1.92818
1.96138
1.99007
2.01423
2.03399
2.04936
2.06134
2.07744
1.99182
2.03312
2.06851
2.09825
2.12358
2.14529
2.16387
2.17942
2.19259
2.20855
2.16365
2.19634
2.22322
2.24557
2.26571
2.28449
2.30228
2.31908
2.33402
2.34976
2.3502
2.36754
2.38471
2.40142
2.41754
2.4323
2.44623
2.46073
2.47599
2.4933
2.53362
2.54366
2.55689
2.56789
2.57731
2.58698
2.59761
2.60781
2.61712
2.64279
2.75163
2.74593
2.73299
2.71873
2.71244
2.71818
2.73633
2.76486
2.79863
2.83496
3.05443
2.91846
2.83898
2.79652
2.77921
2.78317
2.81062
2.86849
2.97616
3.15456
1.33874
1.33244
1.3247
1.31358
1.29999
1.28732
1.27689
1.26883
1.26305
1.25963
1.25916
1.26186
1.26699
1.27428
1.28377
1.29556
1.3091
1.32201
1.33098
1.33852
1.24783
1.25375
1.26182
1.26794
1.27099
1.27046
1.26735
1.2633
1.25964
1.25726
1.257
1.25912
1.26277
1.26714
1.27118
1.27338
1.27227
1.26761
1.26054
1.25269
1.24113
1.2435
1.24676
1.24953
1.25196
1.25412
1.25527
1.25507
1.25405
1.25313
1.25321
1.25449
1.25616
1.2573
1.25715
1.25563
1.25343
1.25104
1.24803
1.24501
1.23641
1.23749
1.2394
1.24173
1.24359
1.24496
1.24614
1.24708
1.24759
1.24784
1.24823
1.24883
1.24917
1.24894
1.24822
1.24723
1.24585
1.24384
1.2417
1.24021
1.23147
1.2321
1.23322
1.23497
1.2368
1.23836
1.23957
1.24056
1.24143
1.24217
1.24278
1.24313
1.24312
1.24279
1.24215
1.2411
1.2396
1.23794
1.23656
1.23575
1.22665
1.22709
1.22788
1.22917
1.23068
1.23221
1.23364
1.23486
1.2359
1.23683
1.23758
1.23795
1.23793
1.23754
1.23675
1.23564
1.2344
1.23318
1.23224
1.23169
1.22196
1.22229
1.2229
1.22397
1.22525
1.22663
1.22806
1.22946
1.23073
1.23185
1.23274
1.23322
1.23321
1.23275
1.23198
1.23105
1.23008
1.22913
1.22841
1.22801
1.21738
1.21763
1.21813
1.21904
1.22021
1.22151
1.2229
1.22436
1.22581
1.22718
1.22828
1.22886
1.22888
1.22851
1.22788
1.22714
1.22634
1.22559
1.22503
1.22473
1.21285
1.21304
1.21346
1.21427
1.21538
1.21663
1.218
1.2195
1.22108
1.22264
1.22397
1.22476
1.22496
1.22476
1.22432
1.22374
1.2231
1.2225
1.22207
1.22183
1.20829
1.20845
1.2088
1.20955
1.21061
1.21184
1.21322
1.21475
1.21643
1.2182
1.21982
1.22088
1.22135
1.2214
1.22118
1.22078
1.2203
1.21983
1.21951
1.21932
1.20367
1.20379
1.2041
1.2048
1.20586
1.20712
1.20856
1.21021
1.21206
1.21408
1.21603
1.21746
1.21824
1.21855
1.21853
1.2183
1.21797
1.21762
1.21738
1.21723
1.1989
1.19899
1.19927
1.19996
1.20105
1.20239
1.20396
1.2058
1.20791
1.21026
1.21265
1.21452
1.21565
1.21622
1.2164
1.21633
1.21614
1.21589
1.21573
1.21561
1.19394
1.194
1.19426
1.19496
1.19611
1.19755
1.19925
1.20129
1.20375
1.20658
1.20952
1.21187
1.21339
1.2143
1.21477
1.21492
1.21486
1.21473
1.21462
1.21454
1.18873
1.18877
1.18901
1.18972
1.19092
1.19248
1.19436
1.19664
1.1994
1.20269
1.20629
1.20935
1.21148
1.21287
1.21368
1.2141
1.21423
1.21423
1.2142
1.21415
1.18318
1.18319
1.18342
1.18417
1.18549
1.18722
1.18938
1.19207
1.1954
1.19941
1.20383
1.20768
1.2104
1.21222
1.21338
1.21403
1.2144
1.21454
1.21458
1.21455
1.17718
1.17718
1.17739
1.17817
1.17958
1.1815
1.18393
1.18702
1.19093
1.19579
1.20124
1.20606
1.20959
1.21208
1.21375
1.21482
1.21548
1.2158
1.21593
1.21592
1.17047
1.17044
1.17068
1.17149
1.17303
1.17518
1.178
1.18166
1.18635
1.19222
1.19892
1.20499
1.2095
1.21273
1.21501
1.2166
1.21762
1.21818
1.21841
1.21841
1.16274
1.16271
1.16297
1.16386
1.16557
1.16805
1.17138
1.17578
1.18151
1.18876
1.19703
1.20451
1.21015
1.21426
1.21725
1.21938
1.22084
1.22167
1.222
1.22201
1.15347
1.15342
1.15373
1.15477
1.15674
1.15966
1.16366
1.16901
1.17601
1.18488
1.1951
1.20438
1.2114
1.2166
1.22041
1.22321
1.22516
1.22628
1.2267
1.22671
1.14207
1.14201
1.14241
1.14368
1.14608
1.1497
1.15467
1.16134
1.17007
1.18108
1.19365
1.20502
1.21361
1.22
1.22475
1.22826
1.23069
1.23209
1.2326
1.23261
1.12794
1.12787
1.1284
1.13003
1.13306
1.13763
1.14393
1.15234
1.16327
1.17694
1.19239
1.20626
1.21673
1.22451
1.23032
1.2346
1.23759
1.23929
1.23989
1.2399
1.11017
1.11008
1.11083
1.113
1.11694
1.1229
1.13105
1.14185
1.15569
1.1727
1.19162
1.20839
1.22096
1.23032
1.23733
1.24251
1.24612
1.24813
1.24882
1.24883
1.08735
1.08727
1.08838
1.09137
1.09672
1.10471
1.11553
1.1296
1.14723
1.16839
1.19141
1.21149
1.22644
1.23757
1.24593
1.25215
1.25646
1.25879
1.25956
1.25956
1.05712
1.0571
1.05887
1.06327
1.07094
1.08215
1.09691
1.11551
1.13805
1.16425
1.19199
1.21575
1.23332
1.24639
1.25626
1.26364
1.2687
1.27134
1.27219
1.27216
1.01539
1.01559
1.01874
1.02603
1.038
1.0545
1.07514
1.09987
1.12853
1.16062
1.19359
1.22133
1.24169
1.25686
1.26838
1.27703
1.28281
1.28574
1.28663
1.28658
0.954652
0.95603
0.963587
0.977388
0.997138
1.02203
1.05091
1.08341
1.11927
1.15789
1.19646
1.22834
1.25159
1.26895
1.28215
1.29197
1.29851
1.30174
1.3026
1.3025
0.881918
0.884721
0.899243
0.923017
0.953369
0.988077
1.02587
1.06668
1.11029
1.15623
1.20143
1.23864
1.26591
1.28645
1.30213
1.31372
1.32141
1.32522
1.32634
1.32634
0.807993
0.815228
0.836897
0.870386
0.910814
0.95499
1.00169
1.05083
1.10228
1.15563
1.20765
1.25037
1.28177
1.30548
1.3237
1.33737
1.34635
1.35032
1.35148
1.35172
0.748663
0.757462
0.783871
0.824198
0.872251
0.924316
0.978971
1.0359
1.09482
1.15529
1.21376
1.26155
1.29655
1.32293
1.34305
1.35809
1.36783
1.37265
1.37447
1.37484
0.700326
0.7098
0.739576
0.784822
0.838617
0.89694
0.95822
1.02197
1.08769
1.15474
1.21919
1.27155
1.30964
1.33817
1.35988
1.37612
1.3871
1.39262
1.39472
1.39512
0.659876
0.669607
0.70166
0.750718
0.809126
0.87257
0.939432
1.00908
1.08082
1.15387
1.22377
1.2802
1.32098
1.35129
1.37429
1.3915
1.40314
1.40928
1.41161
1.41206
0.624667
0.634523
0.668294
0.720416
0.782659
0.850463
0.922148
0.996978
1.07414
1.15262
1.22749
1.28759
1.3307
1.36252
1.38646
1.40432
1.41649
1.42308
1.42559
1.42606
0.593057
0.602979
0.638106
0.692801
0.758299
0.829869
0.905819
0.985311
1.06741
1.15091
1.2304
1.29391
1.33912
1.37222
1.39691
1.41524
1.42774
1.43462
1.43722
1.43769
0.563875
0.573866
0.610131
0.667064
0.735386
0.810263
0.890003
0.973721
1.06038
1.1486
1.23251
1.2993
1.34651
1.38076
1.40608
1.42472
1.43738
1.44436
1.44694
1.44743
0.536278
0.546345
0.583665
0.642603
0.713449
0.791252
0.874384
0.961956
1.05284
1.14556
1.23379
1.30381
1.35304
1.38844
1.41438
1.43331
1.44609
1.45315
1.45574
1.45608
0.509764
0.519962
0.558259
0.619013
0.692123
0.772558
0.85876
0.949841
1.04466
1.14166
1.23415
1.3075
1.35883
1.3955
1.42214
1.44142
1.45432
1.46134
1.4639
1.46422
0.484016
0.494402
0.53363
0.596041
0.67119
0.754001
0.84298
0.93727
1.03574
1.13683
1.23356
1.31039
1.36403
1.40213
1.42959
1.44928
1.46235
1.46934
1.4718
1.4721
0.458814
0.469464
0.509584
0.573523
0.650523
0.735469
0.826967
0.924188
1.02604
1.13104
1.23199
1.3125
1.3687
1.40843
1.43685
1.45705
1.4703
1.47724
1.47956
1.47979
0.43413
0.445046
0.486011
0.551383
0.630063
0.716936
0.810701
0.910579
1.01555
1.12425
1.22941
1.31378
1.37281
1.41443
1.44399
1.46477
1.47819
1.48501
1.48715
1.48729
0.409881
0.421089
0.462899
0.529613
0.609794
0.698393
0.794193
0.896469
1.00429
1.11645
1.22573
1.31411
1.37631
1.42015
1.45104
1.47246
1.48601
1.49265
1.49455
1.49458
0.386099
0.397605
0.440263
0.508206
0.589737
0.67988
0.777497
0.881907
0.992296
1.10765
1.22087
1.31339
1.3791
1.42556
1.45805
1.48017
1.49372
1.5
1.50161
1.50154
0.362754
0.37462
0.418127
0.487194
0.569939
0.661455
0.760673
0.866968
0.979631
1.09786
1.21483
1.31153
1.38104
1.43059
1.46512
1.48802
1.50135
1.50703
1.50825
1.50808
0.340095
0.352204
0.396541
0.466632
0.550469
0.643203
0.743802
0.851737
0.966384
1.08717
1.20758
1.30838
1.38192
1.43509
1.4723
1.4963
1.50913
1.51372
1.51435
1.51409
0.317975
0.330427
0.375557
0.446569
0.531374
0.625177
0.726986
0.836308
0.952656
1.07566
1.19914
1.30387
1.38154
1.43875
1.47951
1.50544
1.51773
1.52045
1.5199
1.51948
0.296589
0.309341
0.355203
0.427065
0.512746
0.607471
0.710317
0.820811
0.938567
1.06343
1.18955
1.29792
1.37971
1.44119
1.48632
1.51568
1.5285
1.52883
1.52558
1.52434
0.275847
0.288928
0.335545
0.408185
0.494633
0.590162
0.693888
0.805334
0.924233
1.05061
1.17891
1.29045
1.37625
1.44197
1.49188
1.52639
1.54242
1.54243
1.5354
1.52488
0.255867
0.269195
0.316489
0.389761
0.476809
0.572949
0.67734
0.789447
0.909168
1.03667
1.16665
1.28082
1.37058
1.44051
1.49498
1.53576
1.55831
1.56126
1.5516
1.54677
0.236704
0.250068
0.298043
0.371868
0.459304
0.555858
0.660714
0.773139
0.893353
1.02149
1.15261
1.26862
1.36207
1.43605
1.49328
1.53793
1.56424
1.57235
1.5401
1.49965
0.218577
0.231692
0.28026
0.354628
0.442145
0.538867
0.64403
0.75655
0.876873
1.00514
1.13677
1.25365
1.34988
1.42807
1.48521
1.52241
1.54924
1.53997
1.48841
1.43093
0.198768
0.215264
0.263486
0.338464
0.42549
0.522242
0.626964
0.739734
0.85983
0.987755
1.11912
1.2358
1.33256
1.41749
1.46954
1.50556
1.49522
1.46011
1.39871
1.33834
0.208947
0.232935
0.283347
0.362686
0.454725
0.555484
0.6656
0.781609
0.904821
1.03631
1.16115
1.26437
1.35364
1.43961
1.47719
1.42117
1.38276
1.32857
1.26482
1.22374
0.194596
0.202322
0.242535
0.312615
0.399443
0.495882
0.600758
0.713059
0.832331
0.958892
1.08826
1.20285
1.2949
1.37907
1.44248
1.43764
1.34264
1.27236
1.21907
1.14671
0.172586
0.183255
0.226885
0.298244
0.385489
0.481556
0.585238
0.696509
0.814722
0.939696
1.06696
1.17937
1.26726
1.33843
1.36422
1.29521
1.17699
1.10073
1.04019
0.96622
0.148412
0.160348
0.207143
0.279518
0.36681
0.46297
0.566624
0.677573
0.794788
0.918095
1.04223
1.15017
1.23065
1.28192
1.26157
1.14272
1.01358
0.921489
0.847065
0.738766
0.124537
0.13654
0.185162
0.258722
0.346217
0.442377
0.545901
0.656217
0.772213
0.893452
1.01388
1.11645
1.18823
1.21676
1.15734
0.990407
0.834867
0.712235
0.610908
0.471944
0.100787
0.112779
0.162549
0.237146
0.325094
0.421243
0.524397
0.633815
0.748343
0.867146
0.983418
1.07994
1.14184
1.13818
1.02541
0.838967
0.652212
0.486292
0.344379
0.0889059
0.0767469
0.0886034
0.139065
0.214373
0.302743
0.398945
0.501718
0.610219
0.723159
0.839287
0.951042
1.04058
1.09029
1.05352
0.894856
0.695585
0.489263
0.307694
0.134029
-0.146611
0.0518507
0.0635689
0.114367
0.190157
0.278865
0.375128
0.477559
0.585168
0.696456
0.80972
0.916727
0.998376
1.03291
0.972339
0.773002
0.56842
0.362532
0.187881
0.098548
0.0473002
0.0254199
0.0370575
0.0881082
0.164186
0.253043
0.349208
0.451141
0.557629
0.666921
0.776801
0.878428
0.951058
0.967494
0.864986
0.659021
0.456226
0.274033
0.158416
0.120585
0.114061
-0.002726
0.00889237
0.0601971
0.136467
0.225339
0.321239
0.422464
0.52757
0.634478
0.74043
0.835888
0.898962
0.887378
0.75106
0.552897
0.363036
0.209027
0.154844
0.144202
0.141352
-0.0327177
-0.0210414
0.0305841
0.107007
0.19578
0.29124
0.391547
0.494976
0.599117
0.700641
0.78903
0.841707
0.802528
0.641485
0.457017
0.280998
0.178737
0.154838
0.154113
0.153682
-0.0644128
-0.0526555
-0.000678112
0.0758629
0.164432
0.259285
0.358432
0.459902
0.560902
0.657455
0.738309
0.777743
0.722579
0.537536
0.367408
0.218918
0.167462
0.16199
0.160168
0.159767
-0.097423
-0.085625
-0.0333411
0.0432268
0.131463
0.225519
0.323252
0.42248
0.519972
0.611078
0.684007
0.70956
0.636225
0.442586
0.284683
0.183568
0.16177
0.161502
0.163191
0.163417
-0.131276
-0.119472
-0.0669986
0.00946582
0.0972142
0.190255
0.286286
0.382982
0.47666
0.561999
0.626417
0.639398
0.535765
0.349894
0.213992
0.167787
0.157885
0.158112
0.158619
0.160648
-0.165219
-0.153488
-0.10101
-0.0248317
0.0622058
0.153992
0.247982
0.341811
0.4315
0.510867
0.566722
0.563172
0.436991
0.257579
0.142896
0.12474
0.134112
0.142259
0.149366
0.152825
-0.198071
-0.186563
-0.134422
-0.0588291
0.0271793
0.117429
0.209068
0.299578
0.385211
0.458545
0.507529
0.489558
0.349587
0.16049
0.052844
0.0500347
0.0930671
0.137888
0.159551
0.162144
-0.228223
-0.217217
-0.165975
-0.0914119
-0.00687043
0.0814686
0.170543
0.257229
0.338501
0.406657
0.449711
0.42477
0.286323
0.0721307
-0.0555403
-0.00507321
0.0445563
0.0838791
0.109342
0.120928
-0.254173
-0.243871
-0.194117
-0.121138
-0.0386449
0.047243
0.133591
0.216255
0.292259
0.356663
0.393336
0.369608
0.261904
0.0918189
-0.153747
-0.105414
-0.108463
-0.102218
-0.0691512
-0.042533
-0.273579
-0.264182
-0.216885
-0.146323
-0.0665729
0.0161945
0.0993786
0.178519
0.248445
0.307874
0.342586
0.321523
0.259318
0.294918
0.200405
0.00858093
-0.151299
-0.20356
-0.198614
-0.186374
-0.284556
-0.276061
-0.232188
-0.165181
-0.0889441
-0.00987456
0.0692031
0.145441
0.210449
0.260307
0.300859
0.266615
0.222752
0.453686
0.584754
0.208741
-0.127426
-0.195947
-0.198687
-0.202524
-0.283812
-0.276517
-0.238388
-0.175927
-0.104083
-0.029205
0.0451702
0.117617
0.180454
0.222805
0.251179
0.190134
-0.0234157
-0.042101
-0.00993586
-0.237708
-0.353702
-0.304589
-0.262239
-0.272569
-0.269592
-0.264505
-0.233587
-0.177127
-0.110591
-0.0405487
0.0296125
0.0969386
0.158255
0.200246
0.205049
0.0746362
-0.384969
-1.03533
-1.40423
-1.58305
-1.45075
-1.1566
-0.805689
-0.65884
-0.242353
-0.238692
-0.216089
-0.168189
-0.108043
-0.0431726
0.0232689
0.0875436
0.1457
0.187215
0.18768
0.0290355
-0.507874
-1.32263
-1.85572
-1.98214
-1.90162
-1.67926
-1.41752
-1.23474
-0.205667
-0.203357
-0.188865
-0.150786
-0.0972019
-0.0371457
0.0263334
0.0899053
0.149182
0.190145
0.201232
0.123419
-0.205653
-0.639255
-1.00288
-1.03789
-0.991627
-0.87766
-0.757093
-0.661342
-0.165378
-0.16413
-0.155839
-0.128276
-0.0813705
-0.0243317
0.0383745
0.103124
0.169047
0.231887
0.264658
0.316751
0.292574
0.366255
0.439913
0.542331
0.728949
0.947917
1.06413
1.1506
-0.128626
-0.12797
-0.124227
-0.10471
-0.063824
-0.00805844
0.0555832
0.128462
0.200896
0.288959
0.383002
0.481343
0.716443
1.07598
1.58887
2.10704
2.52162
2.78483
2.95569
3.04636
-0.0981514
-0.097356
-0.0959361
-0.0848618
-0.0496385
0.00632932
0.0750363
0.152583
0.244054
0.335056
0.463588
0.586898
0.822466
1.31355
1.88903
2.47514
2.92723
3.23142
3.38844
3.44802
-0.0699536
-0.0694888
-0.069221
-0.0645124
-0.0368783
0.0179383
0.0919137
0.175033
0.268938
0.375287
0.485875
0.615055
0.727189
1.10232
1.61994
2.07485
2.47054
2.76098
2.92754
2.99507
-0.0481633
-0.0471951
-0.0466155
-0.0454051
-0.0248357
0.0300344
0.107583
0.195008
0.286297
0.388827
0.494289
0.605232
0.698882
0.867082
1.25257
1.64443
1.95753
2.1798
2.29837
2.34278
-0.0359249
-0.0350533
-0.0364336
-0.0367019
-0.0153224
0.0456611
0.128001
0.214719
0.303836
0.398764
0.49664
0.590279
0.681554
0.788899
1.02344
1.3049
1.53369
1.68137
1.75712
1.78379
-0.0134135
-0.0147279
-0.019748
-0.0199287
0.00714755
0.0753274
0.1596
0.242659
0.324407
0.409167
0.494613
0.572832
0.644567
0.731834
0.895674
1.07767
1.21431
1.3031
1.34696
1.36236
0.0623927
0.0593143
0.0522481
0.0523619
0.0800497
0.141612
0.211726
0.281793
0.350861
0.420423
0.490587
0.550896
0.603968
0.65177
0.758422
0.883517
0.972668
1.02849
1.05583
1.0634
0.203629
0.200444
0.19521
0.194344
0.210507
0.245657
0.287653
0.333765
0.383118
0.43586
0.48695
0.527776
0.560606
0.583682
0.647944
0.73127
0.792558
0.831752
0.849492
0.85391
0.355053
0.353403
0.350863
0.347401
0.347526
0.353647
0.367489
0.388356
0.416842
0.45286
0.488021
0.510193
0.5296
0.539854
0.586106
0.640857
0.680118
0.703835
0.714146
0.716509
0.460425
0.459685
0.458176
0.452693
0.443022
0.433777
0.430282
0.434681
0.447332
0.469506
0.492354
0.503636
0.511933
0.513321
0.553486
0.595247
0.617543
0.630043
0.634
0.634011
0.513082
0.512631
0.511327
0.505948
0.495084
0.482245
0.472533
0.468679
0.472237
0.485055
0.501064
0.511332
0.514912
0.516345
0.547879
0.57253
0.585587
0.592121
0.594287
0.594494
0.532424
0.532067
0.530922
0.526766
0.518193
0.507218
0.497275
0.49138
0.490506
0.497442
0.511182
0.523554
0.534311
0.54662
0.566478
0.577429
0.582968
0.586275
0.587089
0.586911
0.536214
0.535892
0.534936
0.532044
0.526366
0.518597
0.51077
0.505177
0.503003
0.506359
0.518513
0.536276
0.556188
0.580737
0.58712
0.588584
0.59014
0.593041
0.595389
0.595188
0.534585
0.534289
0.533511
0.531458
0.52781
0.522691
0.517002
0.512153
0.510427
0.510422
0.521898
0.540004
0.568047
0.593582
0.594182
0.592255
0.595181
0.599296
0.603188
0.603386
0.531949
0.531685
0.531072
0.529504
0.526896
0.523432
0.519381
0.515388
0.513218
0.512294
0.517358
0.526692
0.551945
0.571909
0.571202
0.572992
0.583548
0.598064
0.60511
0.604426
0.529468
0.529256
0.528832
0.527644
0.525518
0.522889
0.519834
0.516529
0.513085
0.510056
0.506837
0.497949
0.501914
0.502885
0.50578
0.523249
0.545943
0.563851
0.573017
0.572557
0.526558
0.526432
0.52626
0.525566
0.524051
0.521877
0.519418
0.516951
0.513999
0.506979
0.493191
0.466068
0.43937
0.417111
0.432561
0.462951
0.489543
0.503885
0.510232
0.511394
0.521758
0.521702
0.521748
0.521533
0.520628
0.519554
0.518316
0.517188
0.516714
0.507989
0.487169
0.449787
0.398052
0.367187
0.391897
0.42607
0.449095
0.460574
0.464491
0.464443
0.51395
0.513972
0.514268
0.514619
0.514773
0.514901
0.515425
0.516808
0.519203
0.51368
0.495794
0.459526
0.4086
0.385496
0.403779
0.42314
0.429831
0.434338
0.434913
0.43515
0.501999
0.502124
0.50272
0.503608
0.50489
0.506825
0.509921
0.514774
0.52245
0.522533
0.51612
0.49394
0.461049
0.44994
0.450158
0.447533
0.436509
0.427252
0.42621
0.42689
0.483959
0.484261
0.485231
0.48689
0.489442
0.493565
0.500028
0.509579
0.52412
0.537102
0.540941
0.540427
0.535251
0.526782
0.503907
0.478688
0.461347
0.448969
0.444323
0.44244
0.456466
0.45699
0.458493
0.461226
0.465622
0.472458
0.482793
0.497613
0.519112
0.544098
0.554299
0.573628
0.587719
0.574946
0.537627
0.513059
0.487172
0.474338
0.465785
0.46446
0.415616
0.41636
0.418485
0.422609
0.42944
0.439462
0.453579
0.473344
0.500493
0.530011
0.543305
0.571479
0.587547
0.564825
0.538326
0.522167
0.520936
0.514104
0.504691
0.503106
0.357445
0.358406
0.361167
0.366811
0.376248
0.389603
0.406886
0.428928
0.456201
0.476539
0.492708
0.520323
0.543939
0.524718
0.507925
0.524703
0.537252
0.544449
0.533256
0.529673
0.279683
0.28063
0.28377
0.290818
0.302529
0.318295
0.336579
0.356176
0.371936
0.361086
0.377567
0.411252
0.437946
0.40996
0.420568
0.470002
0.508317
0.502363
0.493216
0.488814
0.184834
0.185469
0.188275
0.195425
0.207407
0.223115
0.239287
0.246877
0.235348
0.180201
0.205751
0.280954
0.284266
0.235511
0.308756
0.361653
0.393831
0.386693
0.375936
0.370561
0.0286913
0.0285301
0.0293585
0.0307704
0.0330088
0.0366234
0.035607
0.016236
-0.0199669
-0.0152012
0.0330208
0.0594946
0.0294214
0.0431503
0.0195432
0.0189664
0.0483229
0.0532524
0.0549745
0.170174
-0.094496
0.366355
0.712553
0.940032
1.11025
1.24361
1.35003
1.44083
1.5341
1.58679
0.647149
0.821236
0.973104
1.11039
1.22701
1.32384
1.40368
1.46673
1.50153
1.50959
0.946046
1.04176
1.14621
1.24099
1.32296
1.39233
1.44848
1.49019
1.51862
1.53905
1.13546
1.20405
1.27644
1.34441
1.40387
1.4544
1.49587
1.52917
1.55548
1.57568
1.27893
1.32906
1.38224
1.43285
1.47783
1.51691
1.55046
1.57911
1.60242
1.62024
1.39309
1.43489
1.47504
1.51429
1.55056
1.58315
1.61201
1.63698
1.657
1.67333
1.49323
1.52651
1.56081
1.59434
1.62613
1.65534
1.68142
1.70387
1.72149
1.73624
1.58323
1.61358
1.64627
1.67836
1.70871
1.73659
1.76132
1.78216
1.7979
1.81135
1.67272
1.70508
1.73943
1.77244
1.80317
1.83084
1.85482
1.87446
1.88881
1.90132
1.77394
1.81023
1.84802
1.88282
1.9141
1.9413
1.9641
1.98237
1.99583
2.00838
1.89938
1.93835
1.97815
2.01264
2.04229
2.06743
2.08841
2.10555
2.11904
2.13251
2.05844
2.0945
2.12975
2.15837
2.18265
2.20409
2.22336
2.24069
2.25567
2.27014
2.24675
2.26926
2.29302
2.31288
2.33121
2.34863
2.3652
2.38163
2.39786
2.41346
2.43944
2.44762
2.46149
2.47638
2.49086
2.50383
2.5155
2.52676
2.5385
2.55461
2.63508
2.63501
2.64506
2.64853
2.64951
2.65392
2.66446
2.67939
2.69374
2.70816
2.93226
2.87675
2.82224
2.78258
2.76034
2.75626
2.76978
2.80358
2.86145
2.9418
1.46083
1.40834
1.36545
1.33243
1.30868
1.29154
1.27907
1.27003
1.26376
1.26011
1.2596
1.26243
1.26789
1.27586
1.28677
1.30156
1.32186
1.35003
1.38805
1.4374
1.27194
1.28088
1.28763
1.28786
1.28315
1.27635
1.26958
1.26392
1.25992
1.25811
1.2592
1.26277
1.2681
1.27471
1.28191
1.28818
1.29091
1.28744
1.27835
1.27203
1.24464
1.24685
1.2517
1.25583
1.25936
1.26138
1.26118
1.25935
1.25706
1.2554
1.2553
1.25701
1.25966
1.26226
1.26369
1.26298
1.26021
1.25646
1.25204
1.24737
1.2395
1.24046
1.24295
1.24539
1.24726
1.24889
1.25024
1.2509
1.25084
1.25057
1.25082
1.25171
1.25259
1.25279
1.25208
1.25079
1.24926
1.24725
1.24474
1.24263
1.23424
1.23472
1.23616
1.23823
1.24013
1.24158
1.24269
1.24366
1.24443
1.245
1.24552
1.24593
1.24601
1.24567
1.24504
1.24409
1.24262
1.24071
1.23898
1.23792
1.22927
1.22957
1.23049
1.23197
1.23364
1.23523
1.23657
1.23766
1.23861
1.23946
1.24013
1.24048
1.24046
1.24011
1.23939
1.23827
1.23686
1.23545
1.23432
1.23367
1.22446
1.22467
1.22536
1.22652
1.22789
1.22934
1.23079
1.23212
1.23327
1.23429
1.2351
1.23553
1.23551
1.23508
1.23427
1.23324
1.23215
1.23108
1.23026
1.2298
1.21979
1.21995
1.22049
1.22148
1.2227
1.22403
1.22544
1.22688
1.22826
1.22951
1.2305
1.23102
1.231
1.23056
1.22986
1.22903
1.22815
1.22729
1.22666
1.22631
1.21521
1.21534
1.21579
1.21665
1.21778
1.21905
1.22043
1.22191
1.22342
1.22487
1.22609
1.22677
1.22688
1.22658
1.22604
1.22538
1.22466
1.22398
1.2235
1.22322
1.21065
1.21075
1.21113
1.21191
1.21299
1.21423
1.2156
1.21711
1.21875
1.22042
1.22189
1.22279
1.22311
1.22302
1.22269
1.22221
1.22164
1.2211
1.22073
1.22052
1.20605
1.20613
1.20646
1.20718
1.20824
1.20948
1.21089
1.21246
1.21421
1.21608
1.21785
1.2191
1.21973
1.21991
1.2198
1.21949
1.21907
1.21866
1.21838
1.21821
1.20135
1.20141
1.2017
1.20239
1.20345
1.20475
1.20625
1.20799
1.20996
1.21214
1.21431
1.21594
1.21688
1.21731
1.21739
1.21725
1.21698
1.21669
1.21648
1.21635
1.19647
1.19652
1.19679
1.19748
1.1986
1.2
1.20164
1.20359
1.20586
1.20843
1.21107
1.21319
1.21451
1.21522
1.21553
1.21557
1.21542
1.21522
1.21508
1.21498
1.19139
1.19142
1.19167
1.19236
1.19353
1.19504
1.19682
1.19896
1.20155
1.20463
1.20788
1.21055
1.21234
1.21349
1.21414
1.21443
1.21445
1.21437
1.2143
1.21423
1.18599
1.18602
1.18625
1.18697
1.18823
1.18989
1.19191
1.19438
1.19739
1.20098
1.20495
1.20842
1.21087
1.21246
1.21343
1.214
1.21421
1.21426
1.21426
1.21422
1.18025
1.18025
1.18047
1.18122
1.18259
1.18444
1.18673
1.18962
1.19326
1.19771
1.20262
1.20689
1.20996
1.21208
1.21348
1.21435
1.2148
1.21501
1.21509
1.21508
1.1739
1.17391
1.17413
1.1749
1.17637
1.17842
1.18102
1.18436
1.1886
1.1939
1.19994
1.20539
1.20942
1.21229
1.21426
1.2156
1.2164
1.21682
1.217
1.217
1.16673
1.16673
1.16697
1.16779
1.16942
1.17176
1.17482
1.17884
1.18404
1.19058
1.19802
1.20474
1.20976
1.21341
1.21603
1.21787
1.21907
1.21976
1.22003
1.22004
1.1583
1.1583
1.15857
1.15949
1.16133
1.16403
1.16767
1.1725
1.17881
1.18681
1.196
1.20435
1.21066
1.21531
1.21871
1.22116
1.22283
1.2238
1.22417
1.22418
1.14804
1.14804
1.14836
1.14945
1.15163
1.1549
1.15936
1.16532
1.17313
1.18301
1.19434
1.20463
1.21239
1.21817
1.22244
1.22558
1.22774
1.22899
1.22945
1.22947
1.13539
1.13538
1.13579
1.13715
1.13987
1.14396
1.14955
1.15702
1.16677
1.17904
1.19298
1.20555
1.21505
1.22212
1.22738
1.23125
1.23393
1.23546
1.23601
1.23603
1.1196
1.1196
1.12012
1.12189
1.12538
1.13065
1.1378
1.14731
1.15959
1.17483
1.19194
1.20721
1.2187
1.22725
1.23366
1.23836
1.24162
1.24345
1.24409
1.24411
1.09959
1.09958
1.10029
1.10269
1.10736
1.11431
1.12367
1.13597
1.15157
1.17055
1.19144
1.20981
1.22354
1.23377
1.24145
1.24711
1.25102
1.25317
1.25391
1.25391
1.07356
1.07355
1.07459
1.07802
1.08455
1.09405
1.10664
1.12278
1.14272
1.16629
1.19158
1.21346
1.2297
1.24179
1.25089
1.25766
1.26232
1.26478
1.26559
1.26558
1.03841
1.03843
1.04014
1.04555
1.05534
1.069
1.08642
1.10787
1.13331
1.16235
1.19265
1.21837
1.23731
1.25143
1.26213
1.27013
1.27552
1.27829
1.27916
1.27912
0.988508
0.98875
0.992591
1.00247
1.01838
1.03882
1.06327
1.09169
1.12383
1.15912
1.19486
1.22465
1.24645
1.26273
1.27512
1.28438
1.29053
1.29362
1.29451
1.29442
0.916714
0.919102
0.930192
0.94945
0.975245
1.00514
1.03847
1.07512
1.11479
1.15695
1.19864
1.23296
1.25802
1.27684
1.29127
1.30209
1.30922
1.31281
1.31386
1.31381
0.841228
0.84671
0.866351
0.895619
0.931834
0.971427
1.0137
1.05869
1.10623
1.15589
1.20454
1.24456
1.27394
1.29614
1.31324
1.32616
1.33477
1.3391
1.34033
1.34044
0.776046
0.782428
0.808289
0.846094
0.891017
0.939348
0.990173
1.0433
1.09856
1.1555
1.2108
1.25612
1.28938
1.31451
1.3338
1.34834
1.35801
1.36308
1.3645
1.36462
0.723292
0.73024
0.759992
0.803575
0.854934
0.910291
0.968395
1.02885
1.09126
1.15509
1.21661
1.26675
1.30335
1.33087
1.35184
1.36765
1.37853
1.38424
1.38578
1.38602
0.679693
0.686956
0.719214
0.767116
0.823505
0.884485
0.948655
1.01545
1.08426
1.15438
1.22162
1.27607
1.31555
1.34502
1.36745
1.38433
1.39603
1.40229
1.40412
1.40446
0.64244
0.649881
0.683876
0.735124
0.795646
0.861341
0.930684
1.00299
1.07751
1.15333
1.22576
1.28406
1.32604
1.35715
1.38066
1.39829
1.41047
1.41714
1.41935
1.41978
0.609483
0.617034
0.65234
0.706317
0.77032
0.840062
0.913934
0.991151
1.07083
1.15186
1.22907
1.2909
1.33508
1.36756
1.39191
1.41009
1.42261
1.42958
1.43203
1.43249
0.579379
0.587042
0.623453
0.679731
0.746743
0.820012
0.897904
0.979554
1.06398
1.14987
1.23158
1.29673
1.34296
1.37664
1.40167
1.42021
1.43292
1.44
1.44258
1.443
0.551243
0.559014
0.596407
0.654705
0.724364
0.800738
0.882213
0.9679
1.05671
1.1472
1.23328
1.30168
1.34989
1.38471
1.41034
1.42915
1.44198
1.44913
1.45178
1.45222
0.524373
0.532275
0.570565
0.630725
0.702761
0.781909
0.866608
0.955973
1.04886
1.14374
1.2341
1.30578
1.35603
1.39205
1.41834
1.43746
1.45039
1.45749
1.46013
1.46063
0.498424
0.506474
0.545617
0.607474
0.681647
0.763298
0.850918
0.943639
1.04031
1.13938
1.23399
1.30906
1.36151
1.39888
1.42592
1.4454
1.45846
1.46554
1.46809
1.46852
0.473117
0.481358
0.521334
0.584746
0.660853
0.744757
0.835025
0.930813
1.031
1.13407
1.23292
1.31156
1.36644
1.40534
1.43326
1.45321
1.46642
1.47347
1.4759
1.47622
0.448355
0.456778
0.497575
0.56242
0.640289
0.726224
0.818881
0.917464
1.02091
1.12778
1.23085
1.31326
1.37084
1.41148
1.44045
1.46094
1.47431
1.48128
1.48356
1.48377
0.424051
0.432662
0.474269
0.540463
0.619924
0.70768
0.802488
0.903598
1.01003
1.12049
1.22772
1.31408
1.37465
1.41734
1.44753
1.46864
1.48216
1.48895
1.49102
1.49111
0.400163
0.408993
0.451427
0.518869
0.599753
0.689144
0.785878
0.889256
0.998391
1.11218
1.22346
1.3139
1.37782
1.42291
1.45456
1.47633
1.48992
1.49643
1.49823
1.49822
0.376729
0.385787
0.429055
0.497652
0.579813
0.670668
0.769103
0.87449
0.986048
1.10288
1.21801
1.31262
1.3802
1.42814
1.46159
1.48408
1.49757
1.50362
1.50507
1.50495
0.353838
0.363113
0.407205
0.476855
0.560168
0.652312
0.752248
0.859388
0.973081
1.09263
1.21137
1.31013
1.38163
1.43294
1.46871
1.4921
1.50522
1.51046
1.51143
1.51121
0.331558
0.341044
0.385929
0.456531
0.540879
0.634159
0.735391
0.844046
0.959579
1.08152
1.20351
1.30631
1.38191
1.43706
1.47593
1.50076
1.51328
1.51707
1.51723
1.5169
0.309895
0.319614
0.365265
0.43674
0.522004
0.616292
0.718634
0.828571
0.945653
1.06963
1.19449
1.30108
1.38083
1.44016
1.48302
1.51045
1.52278
1.52428
1.52263
1.52199
0.288963
0.298899
0.345251
0.417537
0.503622
0.598773
0.702066
0.813062
0.931422
1.05709
1.18436
1.29438
1.3782
1.44182
1.48933
1.52109
1.53511
1.5348
1.52968
1.52622
0.268718
0.278866
0.325918
0.398921
0.485705
0.581581
0.685662
0.797485
0.916846
1.04384
1.17304
1.28597
1.37376
1.44158
1.49388
1.53148
1.55045
1.55208
1.54376
1.52967
0.249185
0.259459
0.307153
0.380719
0.468006
0.56439
0.66903
0.78135
0.901353
1.02923
1.15985
1.27506
1.36673
1.4387
1.49488
1.53816
1.5637
1.56651
1.55859
1.52861
0.230299
0.240647
0.289025
0.36313
0.450702
0.54737
0.652398
0.764897
0.885211
1.01348
1.14493
1.2615
1.35653
1.43253
1.49008
1.53276
1.55993
1.56446
1.51816
1.46541
0.210394
0.223328
0.271631
0.346253
0.433635
0.530396
0.635549
0.74815
0.868403
0.996549
1.12815
1.24507
1.34194
1.42292
1.47815
1.50652
1.52687
1.50618
1.4483
1.38935
0.186288
0.190726
0.251097
0.332217
0.419076
0.51579
0.618781
0.731736
0.851609
0.979213
1.1101
1.22627
1.3222
1.41274
1.44344
1.4645
1.45238
1.406
1.34296
1.28084
0.207999
0.215891
0.274035
0.354801
0.446805
0.547441
0.6554
0.771133
0.893901
1.02468
1.1487
1.25082
1.33706
1.42237
1.44224
1.3649
1.30045
1.2473
1.18474
1.05756
0.172411
0.200305
0.259964
0.341268
0.433324
0.53355
0.640947
0.755947
0.877659
1.00665
1.12806
1.22689
1.30449
1.36336
1.34075
1.22973
1.13456
1.0712
1.00168
0.862072
0.145831
0.179461
0.240589
0.321694
0.413644
0.513619
0.621026
0.735179
0.855469
0.982003
1.09985
1.19382
1.26133
1.28499
1.21537
1.07457
0.96254
0.885671
0.795557
0.606709
0.121424
0.156598
0.219462
0.301108
0.393119
0.493016
0.600051
0.713217
0.831859
0.955541
1.06888
1.15658
1.21014
1.19907
1.07381
0.910466
0.768993
0.661325
0.551513
0.267025
0.097476
0.133442
0.197493
0.27984
0.372056
0.4718
0.578197
0.690233
0.807015
0.927496
1.03558
1.11638
1.15122
1.10906
0.932385
0.744715
0.565211
0.417537
0.235348
-0.149195
0.0735715
0.109629
0.174431
0.257321
0.349793
0.449371
0.555134
0.665957
0.780679
0.897656
0.999926
1.07252
1.08733
0.992745
0.798145
0.590394
0.394562
0.224
0.0228955
-0.3518
0.0486104
0.0847513
0.149996
0.233295
0.325984
0.425431
0.530595
0.640188
0.752716
0.865953
0.962114
1.02466
1.01459
0.873069
0.675766
0.462674
0.26854
0.131113
0.0732796
0.0311345
0.022193
0.0583859
0.123898
0.20742
0.300159
0.399323
0.503718
0.611799
0.721709
0.830549
0.92011
0.969485
0.934277
0.758063
0.560166
0.361769
0.202118
0.136845
0.116609
0.113209
-0.00596967
0.0303697
0.0961003
0.179727
0.272357
0.371069
0.474441
0.580691
0.687549
0.791324
0.87365
0.906456
0.849398
0.649324
0.456191
0.27861
0.16498
0.147839
0.141967
0.141662
-0.0360022
0.000624188
0.0665849
0.150256
0.242636
0.340685
0.442789
0.54689
0.650219
0.748343
0.822138
0.839753
0.745214
0.548501
0.365222
0.215576
0.16333
0.154347
0.153699
0.153967
-0.0677607
-0.0307805
0.0354157
0.119044
0.211039
0.308229
0.408814
0.510433
0.609779
0.701738
0.765922
0.766068
0.636809
0.452513
0.285561
0.17774
0.162762
0.160872
0.159806
0.159867
-0.100771
-0.0635764
0.00280029
0.0862868
0.177742
0.273843
0.372639
0.471452
0.56642
0.651657
0.706255
0.685151
0.535644
0.362133
0.219819
0.17434
0.160722
0.162566
0.163385
0.163481
-0.134649
-0.0973092
-0.0308695
0.0523311
0.143061
0.237818
0.334524
0.43025
0.520509
0.598683
0.643235
0.602764
0.435301
0.27714
0.175985
0.15485
0.158201
0.158119
0.159654
0.161319
-0.168419
-0.131326
-0.0649723
0.0177301
0.107509
0.200644
0.294892
0.387278
0.472624
0.543804
0.575954
0.523511
0.338754
0.189258
0.12587
0.130988
0.137967
0.146217
0.151517
0.153494
-0.201122
-0.164587
-0.0986192
-0.0167283
0.0717871
0.163031
0.254418
0.343139
0.423681
0.487941
0.511361
0.445551
0.248563
0.0895275
0.0479712
0.0683869
0.117446
0.152326
0.161765
0.162635
-0.231235
-0.195738
-0.130623
-0.0499955
0.0368375
0.125918
0.21413
0.298612
0.374734
0.432391
0.451715
0.374973
0.184301
-0.0233208
-0.0388354
0.0214007
0.0660274
0.0981649
0.116858
0.123391
-0.25694
-0.223164
-0.159484
-0.0807015
0.00388464
0.0903872
0.17542
0.255012
0.326414
0.379323
0.394683
0.323946
0.195162
-0.0453757
-0.159987
-0.0951031
-0.111956
-0.0855555
-0.054465
-0.0365654
-0.276133
-0.244699
-0.183406
-0.107225
-0.0255346
0.0577039
0.139682
0.214535
0.279252
0.33095
0.341032
0.28961
0.280767
0.268206
0.0984995
-0.0777613
-0.191843
-0.204123
-0.1918
-0.184552
-0.286738
-0.258156
-0.200474
-0.127851
-0.049678
0.0295587
0.10794
0.179516
0.236883
0.283362
0.300609
0.222135
0.29777
0.591428
0.435712
0.00561586
-0.186214
-0.196783
-0.201063
-0.2031
-0.286359
-0.261459
-0.209013
-0.140809
-0.0669182
0.00803484
0.0815184
0.15097
0.204687
0.235629
0.261571
0.0716063
-0.0696853
0.0404949
-0.127017
-0.315437
-0.340432
-0.272891
-0.267094
-0.274687
-0.271559
-0.252873
-0.207475
-0.144659
-0.0759747
-0.00541619
0.0635279
0.128849
0.182191
0.206771
0.191115
-0.122401
-0.705261
-1.25991
-1.5269
-1.54972
-1.3216
-0.971661
-0.697267
-0.66063
-0.243958
-0.230697
-0.194543
-0.139084
-0.0761103
-0.0101563
0.0559819
0.117348
0.168562
0.19634
0.154055
-0.194558
-0.883311
-1.68604
-1.94756
-1.96682
-1.79959
-1.54982
-1.30673
-1.20428
-0.206914
-0.198449
-0.172595
-0.125206
-0.0677527
-0.00573836
0.0579217
0.120549
0.174088
0.200751
0.180171
-0.0125647
-0.415642
-0.861625
-1.04342
-1.02446
-0.938205
-0.817799
-0.699855
-0.645085
-0.166305
-0.161653
-0.144817
-0.106634
-0.0537194
0.0062392
0.0708028
0.13552
0.201663
0.250067
0.294382
0.296593
0.318062
0.40814
0.483714
0.61809
0.851682
1.01354
1.11073
1.17566
-0.129262
-0.127061
-0.117133
-0.0865902
-0.0374107
0.0225961
0.0911379
0.164578
0.241031
0.341463
0.421761
0.586694
0.867816
1.32446
1.85223
2.33392
2.66859
2.88039
3.01112
3.06374
-0.0977545
-0.0969429
-0.092734
-0.070233
-0.0239261
0.0398405
0.111923
0.197591
0.288178
0.395467
0.528785
0.660162
1.06201
1.5831
2.19507
2.71973
3.09858
3.32672
3.42694
3.45828
-0.0697542
-0.0692926
-0.0683863
-0.0543165
-0.0122903
0.0530317
0.132737
0.219449
0.322064
0.428829
0.550152
0.66888
0.859629
1.36717
1.85364
2.28166
2.63203
2.85878
2.97184
3.00513
-0.0477758
-0.0466995
-0.0467727
-0.0390067
-0.001223
0.0669665
0.150167
0.239858
0.336009
0.442404
0.548754
0.658224
0.753109
1.04211
1.4584
1.81011
2.08217
2.25115
2.32767
2.34897
-0.035391
-0.0353667
-0.0374196
-0.0304889
0.0109041
0.0855369
0.170799
0.258898
0.350263
0.448817
0.543905
0.637029
0.725096
0.890583
1.16641
1.42843
1.61819
1.72691
1.77527
1.78647
-0.0134853
-0.0171515
-0.0212968
-0.0114536
0.0372385
0.116907
0.201276
0.28356
0.365738
0.453568
0.534563
0.609226
0.680885
0.803799
0.990667
1.15189
1.26491
1.33004
1.35726
1.36337
0.0615188
0.0557903
0.0504217
0.0615907
0.107936
0.176666
0.246615
0.316493
0.385054
0.456622
0.522321
0.578971
0.624697
0.69597
0.824036
0.932933
1.00454
1.04517
1.0618
1.0632
0.202395
0.197882
0.193593
0.199683
0.226544
0.266044
0.310186
0.357925
0.408781
0.46286
0.508797
0.545092
0.571831
0.607662
0.691606
0.764822
0.815018
0.842988
0.852681
0.853277
0.354255
0.352338
0.349082
0.346678
0.349979
0.359387
0.377316
0.401358
0.434204
0.471466
0.500323
0.52004
0.534577
0.557571
0.615019
0.66259
0.69387
0.71036
0.716271
0.715707
0.459972
0.459244
0.456051
0.44817
0.437971
0.43116
0.431653
0.43996
0.457416
0.481518
0.500854
0.506685
0.512151
0.529339
0.577279
0.607788
0.62517
0.632732
0.634316
0.633362
0.512804
0.512283
0.509304
0.50109
0.488622
0.476789
0.469851
0.469371
0.477143
0.494065
0.508099
0.512911
0.51384
0.529843
0.562797
0.580099
0.589611
0.593532
0.594647
0.594009
0.532237
0.531727
0.529335
0.523007
0.512785
0.501964
0.493712
0.490085
0.492848
0.504635
0.517748
0.528216
0.540346
0.554216
0.572856
0.58069
0.584972
0.586854
0.587202
0.586317
0.536069
0.535574
0.533792
0.529564
0.522608
0.514593
0.507469
0.503888
0.504024
0.511357
0.527253
0.544174
0.570051
0.585425
0.587278
0.589241
0.591601
0.594431
0.595629
0.594454
0.53446
0.53401
0.532673
0.529835
0.52539
0.519867
0.514393
0.51109
0.509905
0.515019
0.530194
0.551637
0.584219
0.594687
0.592928
0.59315
0.596835
0.601575
0.603775
0.602702
0.531837
0.531457
0.530433
0.52831
0.525246
0.521514
0.517377
0.513809
0.513048
0.513667
0.521046
0.536568
0.565693
0.572461
0.571023
0.576973
0.591325
0.602749
0.605708
0.603198
0.529372
0.529099
0.528367
0.526674
0.524305
0.52141
0.518222
0.514644
0.511894
0.50871
0.502224
0.498714
0.50318
0.502574
0.51301
0.534798
0.555853
0.569625
0.573625
0.571474
0.526491
0.526373
0.52601
0.524871
0.523022
0.520675
0.518085
0.515627
0.5112
0.500688
0.479666
0.451657
0.422405
0.420866
0.447296
0.477358
0.498528
0.507816
0.511233
0.511049
0.521714
0.521727
0.521704
0.521189
0.520113
0.518863
0.517643
0.517067
0.514957
0.497305
0.469447
0.424115
0.375943
0.374646
0.410209
0.439929
0.454977
0.463394
0.464819
0.463817
0.513931
0.514092
0.514458
0.514729
0.514796
0.515064
0.515995
0.518092
0.518734
0.506075
0.478619
0.434941
0.38922
0.393817
0.413598
0.427965
0.433054
0.4345
0.435193
0.434979
0.502006
0.502373
0.503136
0.504185
0.505746
0.508222
0.512204
0.518366
0.524535
0.522825
0.506201
0.477571
0.451241
0.451275
0.452091
0.44025
0.431285
0.426266
0.426575
0.427022
0.484032
0.484669
0.485967
0.488014
0.491282
0.496513
0.504371
0.515921
0.531204
0.540193
0.539464
0.536954
0.532362
0.515757
0.491368
0.471786
0.45267
0.446267
0.442965
0.442301
0.456613
0.457612
0.459685
0.463196
0.46867
0.477062
0.489371
0.507359
0.531518
0.549183
0.565018
0.579498
0.584365
0.556102
0.522912
0.498225
0.481765
0.469017
0.464193
0.464965
0.415844
0.417223
0.420257
0.425649
0.434012
0.445901
0.462526
0.486385
0.515507
0.538016
0.559721
0.582713
0.584621
0.550186
0.530006
0.519935
0.515719
0.509554
0.502927
0.503487
0.357751
0.35951
0.363568
0.371033
0.382426
0.397727
0.417269
0.442461
0.470603
0.481639
0.503123
0.537026
0.540266
0.509812
0.515574
0.533957
0.547588
0.538383
0.530887
0.5295
0.279977
0.28184
0.286722
0.296104
0.309971
0.327221
0.346236
0.364866
0.369811
0.362051
0.391073
0.432964
0.420396
0.403311
0.445971
0.487319
0.506899
0.496371
0.490391
0.488442
0.184995
0.186503
0.191229
0.200864
0.214884
0.231531
0.245135
0.243343
0.208573
0.185881
0.243049
0.299647
0.252242
0.270116
0.332926
0.3931
0.394051
0.380997
0.372578
0.369569
0.0794091
0.0791675
0.0809395
0.0855365
0.0935745
0.10539
0.116272
0.107928
0.055147
0.00944664
0.0346013
0.123932
0.110858
0.0826814
0.135512
0.16537
0.176388
0.174649
0.171882
0.169766
0.161004
0.5579
0.835577
1.02873
1.18009
1.29874
1.39744
1.48559
1.57327
1.56245
0.738321
0.898168
1.0444
1.17139
1.2778
1.36568
1.43773
1.48873
1.50594
1.51867
0.991621
1.09435
1.19525
1.28358
1.35923
1.42214
1.47117
1.50581
1.5293
1.54816
1.16915
1.24017
1.31142
1.37526
1.43027
1.47625
1.51343
1.54324
1.56577
1.58533
1.30322
1.35558
1.40817
1.4561
1.49809
1.53434
1.56536
1.59159
1.61113
1.62992
1.41446
1.45494
1.49493
1.53287
1.56732
1.59805
1.62501
1.64772
1.66498
1.68292
1.50918
1.54373
1.57772
1.61053
1.64109
1.6688
1.69315
1.71339
1.72847
1.7459
1.59746
1.62994
1.66247
1.69381
1.723
1.74939
1.77229
1.79074
1.80407
1.82098
1.68777
1.72241
1.75615
1.78814
1.81743
1.84333
1.86523
1.88233
1.89439
1.91082
1.79068
1.82951
1.8658
1.89894
1.92824
1.95326
1.97381
1.98967
2.00141
2.01761
1.91724
1.95891
1.99603
2.02804
2.0554
2.07841
2.09745
2.1127
2.12521
2.14135
2.07456
2.11305
2.14478
2.17092
2.19367
2.21398
2.23228
2.24849
2.26257
2.27847
2.25669
2.28171
2.30329
2.32216
2.34005
2.357
2.37339
2.38988
2.40554
2.42154
2.44242
2.45424
2.46891
2.48377
2.49755
2.50978
2.52112
2.53252
2.54542
2.56614
2.63054
2.64059
2.64755
2.64892
2.65101
2.65844
2.67163
2.68699
2.70008
2.72836
2.90704
2.84797
2.80033
2.76921
2.7561
2.7607
2.78394
2.82927
2.89981
2.97842
1.33613
1.32862
1.3197
1.30687
1.29346
1.28184
1.2726
1.26568
1.26104
1.25899
1.26015
1.26413
1.27034
1.2787
1.28935
1.30216
1.31585
1.32704
1.33481
1.34114
1.25011
1.25799
1.26513
1.26989
1.27113
1.26912
1.26536
1.26138
1.25826
1.25682
1.2578
1.26079
1.26491
1.26928
1.27262
1.27332
1.27038
1.26433
1.25632
1.25042
1.24209
1.24515
1.24824
1.25075
1.25311
1.25485
1.25531
1.25461
1.25352
1.25301
1.25374
1.25533
1.25685
1.25742
1.25654
1.25457
1.25227
1.24961
1.24641
1.24404
1.23683
1.23835
1.24058
1.24273
1.24431
1.24557
1.24665
1.24738
1.24772
1.248
1.24853
1.24906
1.24914
1.24863
1.24776
1.24662
1.24493
1.24272
1.24087
1.23978
1.23173
1.23257
1.23405
1.23589
1.23762
1.239
1.24008
1.24101
1.24182
1.2425
1.243
1.24317
1.243
1.24252
1.24169
1.2404
1.23878
1.23717
1.23611
1.23548
1.22684
1.22741
1.22848
1.22991
1.23145
1.23295
1.23427
1.23539
1.23638
1.23725
1.23782
1.23799
1.23779
1.2372
1.23623
1.23503
1.23378
1.23265
1.23194
1.2315
1.22211
1.22253
1.22339
1.2246
1.22593
1.22734
1.22877
1.23011
1.23131
1.23234
1.23305
1.23328
1.23303
1.2324
1.23153
1.23057
1.22959
1.22872
1.22819
1.22786
1.21749
1.21783
1.21854
1.21961
1.22085
1.22219
1.22362
1.22509
1.22651
1.22779
1.22865
1.22893
1.22874
1.22822
1.22752
1.22674
1.22595
1.22527
1.22487
1.22461
1.21293
1.2132
1.21382
1.2148
1.21599
1.2173
1.21874
1.22028
1.22187
1.22337
1.22445
1.22493
1.2249
1.22456
1.22405
1.22342
1.22279
1.22226
1.22194
1.22173
1.20836
1.20858
1.20913
1.21005
1.21121
1.21251
1.21397
1.21557
1.21731
1.21907
1.22044
1.22118
1.22142
1.22132
1.221
1.22055
1.22005
1.21965
1.21941
1.21924
1.20372
1.2039
1.2044
1.2053
1.20646
1.20781
1.20936
1.2111
1.21305
1.21511
1.21684
1.21792
1.21845
1.21857
1.21844
1.21815
1.21779
1.21749
1.21731
1.21717
1.19894
1.19909
1.19956
1.20047
1.20169
1.20314
1.20484
1.20682
1.20905
1.2115
1.21368
1.21517
1.21599
1.21634
1.21639
1.21625
1.21601
1.2158
1.21567
1.21555
1.19396
1.19409
1.19455
1.19549
1.1968
1.19837
1.20022
1.20246
1.20512
1.2081
1.21082
1.21272
1.21391
1.21458
1.21489
1.2149
1.21479
1.21467
1.21459
1.21449
1.18874
1.18885
1.1893
1.19027
1.19166
1.19337
1.19544
1.19795
1.20098
1.20452
1.20794
1.21052
1.21226
1.21333
1.21393
1.2142
1.21424
1.21422
1.21418
1.2141
1.18317
1.18326
1.18372
1.18477
1.18631
1.18824
1.19065
1.19365
1.19732
1.20166
1.20591
1.20917
1.21141
1.21288
1.21375
1.21425
1.21449
1.21457
1.21457
1.21451
1.17717
1.17724
1.1777
1.1788
1.18048
1.18264
1.18538
1.18886
1.19324
1.19854
1.20382
1.20797
1.21096
1.213
1.21433
1.2152
1.21567
1.21589
1.21594
1.21589
1.17044
1.17051
1.17099
1.17218
1.17403
1.17649
1.17971
1.18386
1.18913
1.19559
1.20216
1.20742
1.21125
1.21398
1.21588
1.21717
1.21795
1.21833
1.21843
1.21837
1.16271
1.16278
1.16332
1.16462
1.16671
1.1696
1.17343
1.17847
1.18494
1.19292
1.20102
1.20754
1.21237
1.21587
1.21841
1.22019
1.22133
1.22189
1.22203
1.22196
1.15342
1.15351
1.15414
1.15564
1.15807
1.16151
1.16614
1.17228
1.1802
1.19002
1.20004
1.20815
1.2142
1.21865
1.22193
1.22429
1.22582
1.22656
1.22674
1.22666
1.14202
1.14213
1.14291
1.14473
1.14773
1.15199
1.15776
1.16542
1.17527
1.18742
1.19971
1.20963
1.21704
1.22255
1.22665
1.2296
1.23152
1.23244
1.23265
1.23255
1.12787
1.12803
1.12906
1.13136
1.13514
1.14054
1.14784
1.15746
1.16975
1.18474
1.19979
1.21187
1.2209
1.22762
1.23264
1.23626
1.2386
1.2397
1.23994
1.23983
1.11007
1.11031
1.11172
1.11474
1.11966
1.12667
1.13609
1.14836
1.16379
1.18229
1.20058
1.21513
1.22599
1.23407
1.24013
1.24452
1.24733
1.24861
1.24888
1.24875
1.08723
1.08763
1.08962
1.09373
1.10038
1.10973
1.12212
1.13795
1.15737
1.18012
1.20217
1.21951
1.23241
1.24204
1.24928
1.25455
1.25787
1.25932
1.25962
1.25946
1.05698
1.05771
1.06071
1.06666
1.07611
1.08905
1.1057
1.12627
1.15069
1.17846
1.20476
1.22518
1.24032
1.25165
1.26024
1.26648
1.2703
1.27193
1.27224
1.27205
1.01526
1.01672
1.02183
1.03142
1.04571
1.06428
1.08696
1.11369
1.14414
1.17761
1.20855
1.23227
1.24981
1.263
1.27304
1.28031
1.2846
1.28638
1.28667
1.28645
0.954693
0.959029
0.969745
0.986514
1.00902
1.03597
1.06667
1.10089
1.13822
1.17788
1.21369
1.24083
1.26087
1.27599
1.28746
1.29568
1.30052
1.30238
1.30261
1.30237
0.882249
0.890588
0.910211
0.937432
0.970253
1.00653
1.04583
1.08808
1.13292
1.17971
1.22155
1.25328
1.27687
1.29482
1.30842
1.31808
1.32376
1.32603
1.32639
1.32629
0.80998
0.824279
0.852536
0.889871
0.932486
0.977942
1.02586
1.07618
1.12864
1.18268
1.23074
1.26721
1.29441
1.31518
1.33109
1.3425
1.3489
1.35109
1.35166
1.35173
0.751065
0.768562
0.802726
0.847453
0.897821
0.951239
1.00705
1.06501
1.12477
1.18575
1.23962
1.28032
1.31063
1.33367
1.35118
1.36367
1.37075
1.37385
1.37474
1.37489
0.702822
0.722296
0.760745
0.810869
0.86725
0.927125
0.98968
1.05448
1.12094
1.18837
1.24757
1.29202
1.32488
1.34976
1.36864
1.38232
1.39044
1.394
1.39502
1.39517
0.662356
0.682968
0.724602
0.779002
0.840246
0.905488
0.973801
1.04458
1.11708
1.19039
1.25439
1.30215
1.3372
1.36357
1.38357
1.39805
1.40684
1.41081
1.41195
1.4121
0.62711
0.648515
0.692633
0.750547
0.815886
0.885732
0.959061
1.03516
1.11312
1.19178
1.26016
1.31084
1.34776
1.37531
1.3961
1.41114
1.42045
1.42472
1.42595
1.42609
0.595463
0.617454
0.663613
0.724492
0.793341
0.867205
0.945015
1.02593
1.10889
1.19251
1.26498
1.31834
1.3569
1.38544
1.40681
1.42221
1.43187
1.43634
1.43759
1.43769
0.566265
0.588743
0.63666
0.700103
0.772017
0.849429
0.931253
1.01658
1.1042
1.19255
1.26892
1.32486
1.36495
1.39435
1.41616
1.4318
1.44155
1.44607
1.44733
1.44743
0.538637
0.561625
0.611099
0.676856
0.751482
0.832049
0.917503
1.00688
1.09887
1.19177
1.272
1.33051
1.37214
1.40239
1.42463
1.44047
1.4503
1.4549
1.45606
1.45603
0.512126
0.535627
0.586506
0.654357
0.731418
0.814829
0.903572
0.996669
1.09279
1.19009
1.2742
1.33538
1.37866
1.40986
1.4326
1.44866
1.45852
1.46306
1.46421
1.46416
0.486407
0.510437
0.56263
0.632366
0.711624
0.797602
0.88934
0.985862
1.08586
1.18745
1.27552
1.33955
1.38466
1.41697
1.4403
1.45663
1.46656
1.47101
1.4721
1.47201
0.461272
0.485866
0.539283
0.610737
0.691981
0.780279
0.874734
0.974406
1.07803
1.1838
1.27594
1.34308
1.39025
1.42382
1.44787
1.46452
1.47451
1.47884
1.47981
1.4797
0.436636
0.461804
0.516375
0.589411
0.672443
0.762828
0.859739
0.962291
1.06931
1.17912
1.27541
1.3459
1.39541
1.43046
1.45535
1.47237
1.48236
1.48651
1.48734
1.48718
0.412439
0.438196
0.493908
0.56837
0.653
0.745261
0.84438
0.949539
1.05969
1.17336
1.27383
1.34793
1.40014
1.43695
1.4628
1.48019
1.49012
1.49402
1.49467
1.49445
0.388743
0.415055
0.47187
0.54762
0.633682
0.727615
0.828701
0.936195
1.04918
1.16648
1.2711
1.34906
1.40437
1.44329
1.47026
1.48797
1.49767
1.5012
1.50166
1.5014
0.365526
0.392427
0.450284
0.527203
0.614547
0.709957
0.812774
0.922327
1.03786
1.15849
1.26716
1.34916
1.40796
1.4495
1.47788
1.49581
1.505
1.50798
1.50822
1.50793
0.34291
0.37037
0.429208
0.507169
0.595656
0.692368
0.796687
0.908029
1.0258
1.14943
1.26195
1.34805
1.41072
1.45549
1.48585
1.504
1.51222
1.51429
1.51424
1.51395
0.320894
0.348954
0.40868
0.487588
0.577086
0.674927
0.78054
0.893412
1.01309
1.13935
1.25541
1.3456
1.41239
1.46104
1.49432
1.51318
1.51992
1.52027
1.51963
1.5194
0.299582
0.328195
0.388754
0.46852
0.558904
0.657722
0.764422
0.878565
0.999855
1.12834
1.24753
1.34166
1.41267
1.46567
1.50309
1.52414
1.52975
1.52716
1.52461
1.52452
0.278948
0.308126
0.369495
0.450029
0.54119
0.640847
0.748462
0.863628
0.986226
1.11653
1.23834
1.33614
1.41129
1.46871
1.51128
1.53686
1.54396
1.53937
1.53105
1.51652
0.259037
0.288704
0.350759
0.431902
0.523642
0.623952
0.732226
0.848111
0.971645
1.10334
1.22722
1.32834
1.40774
1.46938
1.51727
1.54961
1.56194
1.55768
1.5449
1.55368
0.239851
0.269925
0.332594
0.414202
0.506302
0.607086
0.715723
0.832041
0.956102
1.08869
1.21397
1.31768
1.4014
1.46645
1.51703
1.55361
1.57131
1.56557
1.51486
1.50289
0.220878
0.251663
0.315261
0.397237
0.48954
0.590623
0.699132
0.815696
0.939907
1.07279
1.19872
1.30369
1.39174
1.45929
1.50549
1.53942
1.54998
1.51854
1.4568
1.41908
0.198879
0.232415
0.299214
0.381585
0.474048
0.574964
0.68286
0.799356
0.923282
1.05581
1.18157
1.28618
1.37745
1.44756
1.49487
1.49577
1.48264
1.43005
1.36608
1.32713
0.611591
0.724476
0.844133
0.971346
1.1014
1.21648
1.31038
1.20862
0.184239
0.193521
0.235096
0.305676
0.392751
0.488888
0.592999
0.704636
0.823364
0.949141
1.07761
1.19147
1.2818
1.36152
1.40883
1.37284
1.25618
1.18618
1.12971
0.160614
0.172256
0.217554
0.289386
0.376664
0.472785
0.576401
0.687501
0.805236
0.92941
1.0552
1.16557
1.25005
1.31184
1.31167
1.21904
1.09697
1.01379
0.944045
0.136596
0.148562
0.196331
0.269231
0.356583
0.452739
0.556376
0.667069
0.783708
0.906036
1.02838
1.13372
1.20998
1.25001
1.21291
1.06658
0.92603
0.820335
0.734589
0.112824
0.124816
0.174008
0.248067
0.33577
0.431916
0.535271
0.64516
0.760436
0.880497
0.998912
1.09858
1.1658
1.18013
1.09212
0.914298
0.743471
0.597353
0.474044
0.089023
0.10092
0.151031
0.225951
0.314094
0.410269
0.513216
0.622164
0.735907
0.853385
0.967417
1.06057
1.11696
1.09463
0.959336
0.765056
0.565883
0.393757
0.228304
0.064714
0.0764388
0.12701
0.202509
0.291053
0.387307
0.489916
0.597989
0.710146
0.824911
0.93438
1.02018
1.06248
1.01478
0.833147
0.631043
0.421586
0.235272
0.0934307
-0.0402474
0.0391037
0.0507026
0.101571
0.17742
0.266196
0.362435
0.464637
0.571721
0.682055
0.793699
0.898115
0.97548
1.00152
0.921605
0.714912
0.50972
0.313529
0.16523
0.112168
0.0896554
0.0119039
0.023425
0.0745187
0.15058
0.239433
0.335477
0.437095
0.542924
0.651071
0.75906
0.85772
0.925772
0.929147
0.807363
0.604808
0.408053
0.236544
0.157973
0.133296
0.130155
-0.0170968
-0.00557304
0.0457814
0.121999
0.2108
0.306493
0.407294
0.51159
0.617166
0.720982
0.813011
0.871324
0.844581
0.695986
0.503893
0.320037
0.19091
0.147568
0.14969
0.148503
-0.0478638
-0.0362988
0.0153455
0.0917004
0.180331
0.275511
0.375264
0.477754
0.580369
0.679492
0.764156
0.81083
0.761691
0.588241
0.411315
0.245322
0.174329
0.159684
0.157772
0.157362
-0.0801527
-0.0685156
-0.0166304
0.0597915
0.148149
0.24262
0.341098
0.441487
0.540768
0.634663
0.711624
0.744155
0.681546
0.49018
0.322914
0.200473
0.157889
0.161543
0.161741
0.161896
-0.113434
-0.10179
-0.0498363
0.0265566
0.114489
0.208054
0.304981
0.402986
0.498608
0.586862
0.655648
0.675226
0.586863
0.395833
0.247428
0.17173
0.160282
0.160595
0.162712
0.163726
-0.147183
-0.13556
-0.0837583
-0.00753765
0.0797851
0.172221
0.267276
0.362588
0.454298
0.53667
0.596815
0.602024
0.485178
0.303629
0.178529
0.154997
0.151759
0.150571
0.151945
0.155303
-0.180342
-0.168858
-0.11758
-0.0417797
0.0446643
0.135707
0.228563
0.320791
0.408485
0.484796
0.537094
0.525465
0.391887
0.208324
0.0999381
0.0825526
0.111433
0.139631
0.15369
0.156503
-0.211593
-0.200442
-0.150178
-0.0752193
0.00998834
0.09932
0.189708
0.278353
0.36189
0.43243
0.478629
0.455976
0.314191
0.110289
-0.000332999
0.0293154
0.0764855
0.12353
0.149389
0.155804
-0.239574
-0.228864
-0.180144
-0.106577
-0.0230997
0.0640685
0.151825
0.23648
0.315251
0.381398
0.421352
0.396066
0.269925
0.0585049
-0.127764
-0.0585189
-0.0184052
0.00747936
0.0369094
0.0535201
-0.261915
-0.251933
-0.205705
-0.134276
-0.0531525
0.0312263
0.116095
0.196925
0.269847
0.332267
0.366955
0.345034
0.259782
0.176357
-0.0496451
-0.103227
-0.157354
-0.185791
-0.163154
-0.140027
-0.276861
-0.267912
-0.224854
-0.156574
-0.0785272
0.00243473
0.0836881
0.161428
0.228513
0.283703
0.321155
0.29614
0.252798
0.410324
0.460024
0.140372
-0.12921
-0.189807
-0.193491
-0.195685
-0.282065
-0.27451
-0.235612
-0.171689
-0.0975007
-0.0204508
0.0562596
0.130874
0.194496
0.239586
0.277945
0.237086
0.130313
0.312482
0.430522
0.125975
-0.163661
-0.213994
-0.219467
-0.227068
-0.276057
-0.269757
-0.236145
-0.177831
-0.108539
-0.0359279
0.0363238
0.106032
0.16861
0.209836
0.226621
0.137322
-0.207979
-0.541382
-0.702379
-0.932094
-0.866701
-0.613273
-0.425363
-0.389212
-0.255553
-0.25095
-0.224216
-0.173624
-0.110645
-0.0429992
0.0254034
0.0906492
0.150282
0.192923
0.194537
0.0353136
-0.498594
-1.33298
-1.80274
-1.95268
-1.86289
-1.56089
-1.22642
-1.02114
-0.223401
-0.220422
-0.201189
-0.159537
-0.103704
-0.0412014
0.0235242
0.0876512
0.145211
0.184454
0.187025
0.063379
-0.401614
-1.06096
-1.60067
-1.66504
-1.58106
-1.41301
-1.23785
-1.07168
-0.184289
-0.182542
-0.171109
-0.138484
-0.0897149
-0.0314372
0.0313898
0.0949379
0.15751
0.206955
0.227804
0.204745
0.0419352
-0.118109
-0.259686
-0.286308
-0.245989
-0.0980414
0.0275145
0.12631
-0.145427
-0.144397
-0.138665
-0.115486
-0.0723714
-0.0163782
0.0467614
0.114749
0.182942
0.261233
0.320596
0.411295
0.527293
0.754787
1.06125
1.39918
1.74367
1.96575
2.08095
2.14212
-0.112709
-0.112103
-0.109488
-0.0943653
-0.0562769
-0.000389257
0.0651643
0.141476
0.22334
0.312666
0.433788
0.543133
0.814697
1.28471
1.89496
2.48554
2.9319
3.2431
3.41776
3.47882
-0.0833968
-0.082862
-0.0822375
-0.0747465
-0.04317
0.0122236
0.084052
0.163611
0.2588
0.357435
0.478242
0.610437
0.778909
1.24512
1.77603
2.29575
2.74048
3.04584
3.20894
3.27654
-0.0579522
-0.0573225
-0.0569921
-0.0544354
-0.0307643
0.0237885
0.0994442
0.185657
0.277617
0.384683
0.490611
0.610951
0.703029
0.962793
1.43369
1.85734
2.20203
2.46002
2.60925
2.66714
-0.0412723
-0.0400939
-0.0398933
-0.0394451
-0.0196285
0.0371838
0.116969
0.204208
0.294965
0.393048
0.496415
0.598306
0.694498
0.815794
1.11346
1.45597
1.7354
1.91889
2.01046
2.04365
-0.0282726
-0.028155
-0.0314999
-0.032162
-0.00809667
0.0572597
0.141834
0.227428
0.313494
0.404388
0.495834
0.581836
0.663671
0.763715
0.958487
1.18293
1.3603
1.47747
1.53831
1.55924
0.0152066
0.0127801
0.00634529
0.00634136
0.0350695
0.102761
0.182471
0.260583
0.336828
0.414143
0.49286
0.562487
0.624979
0.693274
0.82761
0.978721
1.0868
1.15511
1.18899
1.19774
0.127265
0.12368
0.117229
0.117139
0.14058
0.19074
0.247525
0.306563
0.366438
0.427872
0.488355
0.539035
0.581629
0.614173
0.696689
0.798928
0.873797
0.920624
0.942031
0.948797
0.282551
0.28015
0.276381
0.274362
0.28224
0.301537
0.328712
0.361543
0.400153
0.444242
0.486913
0.518024
0.543252
0.559261
0.611841
0.679113
0.728337
0.759761
0.774427
0.778122
0.415033
0.413951
0.41214
0.40742
0.401341
0.398055
0.401599
0.412998
0.432677
0.4613
0.489766
0.504913
0.518826
0.524414
0.567544
0.614906
0.644367
0.661357
0.668052
0.668921
0.492272
0.491717
0.49033
0.484669
0.473691
0.461544
0.453853
0.453218
0.460583
0.477536
0.496228
0.506412
0.510781
0.509935
0.546314
0.580548
0.597781
0.606809
0.609157
0.609187
0.525634
0.525244
0.524018
0.519194
0.50925
0.496994
0.4867
0.48128
0.482153
0.491686
0.506229
0.517078
0.523231
0.530178
0.555574
0.572092
0.581775
0.586856
0.588935
0.588873
0.535457
0.53512
0.534066
0.53058
0.523507
0.514134
0.505136
0.499292
0.497459
0.502478
0.515209
0.530308
0.545724
0.564793
0.578081
0.582984
0.585632
0.587703
0.588489
0.588495
0.535704
0.535396
0.534534
0.532123
0.527592
0.521263
0.514568
0.509313
0.507278
0.508824
0.520989
0.53998
0.564633
0.589932
0.593755
0.592422
0.593819
0.597908
0.600612
0.600354
0.533261
0.532978
0.532279
0.530498
0.527466
0.523303
0.51851
0.514109
0.512446
0.511682
0.520835
0.535407
0.564108
0.588227
0.587184
0.588064
0.595321
0.601885
0.608363
0.608176
0.530697
0.530456
0.529936
0.528566
0.52623
0.523227
0.519767
0.516143
0.513188
0.511536
0.512791
0.51386
0.530795
0.542825
0.543507
0.550983
0.564762
0.580276
0.588643
0.589148
0.52814
0.527965
0.527653
0.526682
0.524842
0.522446
0.519627
0.516798
0.513294
0.508425
0.499894
0.481068
0.469906
0.458903
0.467208
0.492409
0.520246
0.538106
0.546415
0.545797
0.524466
0.524377
0.524321
0.523908
0.5227
0.520888
0.51909
0.517244
0.515592
0.507084
0.487791
0.4555
0.413413
0.384123
0.40651
0.440582
0.466844
0.480964
0.48681
0.487016
0.518275
0.518251
0.518386
0.518418
0.518111
0.517492
0.517159
0.517329
0.517373
0.510238
0.490023
0.450918
0.396733
0.368728
0.389969
0.418642
0.431551
0.437349
0.439946
0.442073
0.508526
0.508575
0.508945
0.509485
0.510229
0.511334
0.513125
0.516216
0.52099
0.51683
0.504595
0.473699
0.430439
0.413811
0.427832
0.434876
0.435463
0.433191
0.433144
0.432151
0.493857
0.494031
0.494707
0.495946
0.49776
0.500829
0.505706
0.513126
0.524242
0.52957
0.528967
0.517787
0.498133
0.48882
0.476923
0.463918
0.446793
0.437218
0.432853
0.432126
0.471492
0.471847
0.473039
0.475269
0.478756
0.484158
0.492615
0.505229
0.523104
0.542238
0.549513
0.559782
0.572697
0.559351
0.524719
0.495591
0.47325
0.45602
0.451472
0.450735
0.437839
0.43846
0.440314
0.443789
0.44946
0.457841
0.470005
0.487753
0.511635
0.540685
0.552522
0.578179
0.594967
0.573904
0.53919
0.51878
0.503381
0.496483
0.485645
0.483456
0.388784
0.389661
0.392167
0.397134
0.405335
0.417194
0.432934
0.454224
0.483292
0.51002
0.526693
0.554372
0.568317
0.549615
0.526714
0.528229
0.533023
0.532384
0.523358
0.521195
0.320881
0.321906
0.324939
0.331448
0.342239
0.356973
0.375038
0.396941
0.420864
0.427587
0.44668
0.473509
0.497172
0.472199
0.470038
0.501306
0.53034
0.534221
0.523053
0.519032
0.233967
0.234776
0.23767
0.245264
0.257662
0.273826
0.291658
0.306202
0.306685
0.273963
0.292929
0.343283
0.36651
0.328169
0.377218
0.424702
0.462888
0.455305
0.445402
0.440228
0.13264
0.132996
0.135415
0.14202
0.153206
0.167225
0.18055
0.179131
0.142636
0.0855025
0.114587
0.2063
0.198123
0.15825
0.214642
0.289747
0.299682
0.289963
0.282572
0.278292
0.0792169
0.079649
0.0829938
0.0889184
0.0991664
0.111532
0.116182
0.0881828
0.0212844
0.016269
0.0775057
0.136523
0.0758192
0.112103
0.157252
0.163464
0.17547
0.173143
0.170867
0.0552377
0.39318
0.674557
0.858607
1.03076
1.17107
1.28508
1.37847
1.4579
1.5081
1.49889
0.816684
0.941588
1.06697
1.18021
1.27748
1.35945
1.42664
1.47668
1.50665
1.52347
1.04767
1.129
1.21543
1.29544
1.36485
1.42369
1.47143
1.50802
1.53565
1.55626
1.21063
1.27006
1.33145
1.39002
1.44137
1.48537
1.52236
1.55314
1.5783
1.59689
1.33879
1.38351
1.42963
1.47417
1.51415
1.54948
1.58043
1.6071
1.62861
1.64563
1.44458
1.48213
1.51829
1.55421
1.58781
1.61838
1.64567
1.66923
1.68798
1.70336
1.53879
1.56985
1.60293
1.63554
1.66633
1.69464
1.71993
1.74148
1.7581
1.77206
1.62728
1.65815
1.69124
1.72375
1.7542
1.78189
1.80625
1.82649
1.84148
1.85424
1.721
1.75523
1.7912
1.82528
1.85644
1.884
1.90751
1.92649
1.9403
1.95259
1.83281
1.87083
1.91002
1.94534
1.9763
2.0027
2.02465
2.04224
2.05553
2.06839
1.97439
2.01293
2.0516
2.084
2.11141
2.13484
2.15496
2.17204
2.18611
2.19997
2.1502
2.1804
2.21053
2.23476
2.25585
2.27525
2.29349
2.31086
2.32676
2.34165
2.34412
2.35858
2.37625
2.39308
2.40963
2.42509
2.43928
2.45335
2.46824
2.48442
2.5332
2.53752
2.55047
2.56268
2.57269
2.58201
2.59222
2.6029
2.61226
2.62449
2.76276
2.74916
2.74036
2.72532
2.71424
2.71372
2.72576
2.74957
2.78141
2.81718
3.13693
2.97842
2.87291
2.81411
2.78509
2.77853
2.79369
2.83493
2.91417
3.05929
0.205174
0.208754
0.25072
0.322841
0.409652
0.506379
1.39738
1.45802
1.46133
1.4023
1.3417
1.27914
1.07072
0.868755
0.634792
0.334225
-0.0353512
)
;

boundaryField
{
    wall-4
    {
        type            zeroGradient;
    }
    pressure-outlet-7
    {
        type            fixedValue;
        value           uniform 0;
    }
    velocity-inlet-6
    {
        type            zeroGradient;
    }
    velocity-inlet-5
    {
        type            zeroGradient;
    }
    frontAndBackPlanes
    {
        type            empty;
    }
}


// ************************************************************************* //
