/*--------------------------------*- C++ -*----------------------------------*\
  =========                 |
  \\      /  F ield         | OpenFOAM: The Open Source CFD Toolbox
   \\    /   O peration     | Website:  https://openfoam.org
    \\  /    A nd           | Version:  6
     \\/     M anipulation  |
\*---------------------------------------------------------------------------*/
FoamFile
{
    version     2.0;
    format      ascii;
    class       volScalarField;
    location    "56";
    object      p;
}
// * * * * * * * * * * * * * * * * * * * * * * * * * * * * * * * * * * * * * //

dimensions      [0 2 -2 0 0 0 0];

internalField   nonuniform List<scalar> 
8800
(
0.778862
0.72955
0.691584
0.663506
0.643332
0.628727
0.618106
0.610534
0.605608
0.603483
0.604794
0.609087
0.615845
0.625241
0.637962
0.655273
0.679143
0.712237
0.755163
0.807693
0.613341
0.619686
0.628834
0.632374
0.629757
0.623659
0.616704
0.610439
0.605603
0.602685
0.602393
0.604963
0.609558
0.615651
0.622723
0.629737
0.634603
0.634473
0.627794
0.618894
0.586907
0.593141
0.597636
0.601497
0.604429
0.605356
0.60424
0.602083
0.600056
0.599156
0.600123
0.602522
0.605367
0.607609
0.608113
0.606315
0.602941
0.59892
0.594134
0.590416
0.58263
0.585393
0.587994
0.590143
0.591866
0.593414
0.594487
0.594799
0.594633
0.594664
0.595397
0.59648
0.597178
0.596996
0.595999
0.594627
0.592943
0.590629
0.588213
0.586647
0.577613
0.579036
0.580867
0.582934
0.58463
0.5859
0.586967
0.587902
0.588652
0.589311
0.589941
0.590334
0.590307
0.589905
0.589208
0.588071
0.586399
0.584494
0.583136
0.582333
0.572672
0.573574
0.574811
0.576422
0.578095
0.5796
0.580847
0.581919
0.582915
0.583844
0.584536
0.584848
0.584797
0.584383
0.583546
0.582333
0.580952
0.579673
0.578847
0.578323
0.567827
0.568481
0.569432
0.570732
0.572156
0.573641
0.575082
0.576388
0.577571
0.578673
0.579514
0.579916
0.579862
0.57937
0.578549
0.577576
0.57656
0.575639
0.575053
0.57467
0.563075
0.563579
0.564354
0.565474
0.566747
0.568127
0.569586
0.57106
0.57248
0.573816
0.574841
0.575339
0.575331
0.574942
0.574329
0.573602
0.572835
0.572153
0.57172
0.571421
0.558365
0.558766
0.559414
0.560412
0.561611
0.562933
0.564381
0.565944
0.56757
0.569176
0.570436
0.571107
0.571277
0.571105
0.570722
0.570209
0.569641
0.569149
0.568827
0.568585
0.553618
0.553945
0.554505
0.555423
0.556572
0.55788
0.559358
0.561014
0.562825
0.564713
0.566285
0.567243
0.567682
0.567762
0.567606
0.567311
0.566932
0.566599
0.56636
0.566158
0.548748
0.549019
0.54952
0.55039
0.551521
0.552852
0.554402
0.556193
0.558225
0.560442
0.562405
0.563735
0.564501
0.564863
0.564953
0.564875
0.564686
0.564491
0.564319
0.564145
0.543669
0.543898
0.54436
0.545213
0.546365
0.547762
0.549425
0.551403
0.553721
0.556345
0.558789
0.560566
0.561713
0.562399
0.562763
0.562913
0.56291
0.562842
0.562725
0.562571
0.538293
0.538489
0.538931
0.539796
0.54101
0.542516
0.544347
0.546582
0.549271
0.552407
0.555434
0.557739
0.559329
0.560384
0.561052
0.561441
0.561642
0.561691
0.56162
0.56148
0.53252
0.532689
0.533129
0.534036
0.535351
0.537019
0.539086
0.541658
0.544819
0.548591
0.552324
0.55526
0.55737
0.558847
0.559863
0.560537
0.560937
0.561098
0.561067
0.560936
0.526235
0.526382
0.526835
0.527812
0.529275
0.531165
0.533547
0.536556
0.540309
0.544862
0.549454
0.553144
0.555868
0.557839
0.559247
0.56023
0.560856
0.561135
0.561141
0.561015
0.519302
0.519425
0.519908
0.520986
0.522648
0.524831
0.527615
0.531173
0.535663
0.541175
0.546805
0.551399
0.554853
0.557407
0.559279
0.560618
0.561493
0.561894
0.561933
0.561809
0.511546
0.511646
0.512172
0.513387
0.515307
0.517865
0.521161
0.525406
0.530805
0.537485
0.544373
0.550053
0.554374
0.557616
0.560041
0.561794
0.56295
0.563478
0.563549
0.563423
0.502731
0.502836
0.503411
0.504797
0.507052
0.510088
0.514031
0.519143
0.525677
0.533792
0.542189
0.549158
0.5545
0.558547
0.561626
0.563865
0.565335
0.566
0.566102
0.56597
0.492559
0.492649
0.493315
0.494935
0.497625
0.501275
0.506044
0.512252
0.5202
0.530071
0.54028
0.548768
0.555307
0.560302
0.564131
0.566937
0.568767
0.569577
0.569706
0.569566
0.480667
0.480742
0.481511
0.483444
0.486693
0.491134
0.496961
0.504557
0.514272
0.526294
0.538669
0.548932
0.556865
0.562969
0.56767
0.571138
0.573361
0.574319
0.574471
0.574319
0.466509
0.466576
0.46749
0.469834
0.473814
0.479296
0.486501
0.495873
0.507792
0.522431
0.537387
0.549726
0.559264
0.56664
0.572355
0.576565
0.579214
0.580318
0.580487
0.580318
0.449325
0.449384
0.450511
0.453435
0.458417
0.465304
0.474347
0.486042
0.500756
0.518581
0.536555
0.551262
0.562608
0.57142
0.578263
0.583298
0.586391
0.587627
0.5878
0.587613
0.427973
0.428037
0.429505
0.433299
0.439722
0.448587
0.460149
0.474915
0.493168
0.514835
0.536279
0.553634
0.566985
0.577386
0.585445
0.591379
0.594899
0.596234
0.596396
0.596188
0.400707
0.400799
0.402855
0.408049
0.416691
0.428469
0.443587
0.462446
0.485125
0.511332
0.536694
0.556943
0.572462
0.584561
0.593951
0.600775
0.604659
0.606036
0.606166
0.605935
0.364493
0.364705
0.367961
0.375741
0.388128
0.404379
0.424574
0.44882
0.476916
0.508352
0.538021
0.56134
0.579112
0.592984
0.603735
0.611372
0.615488
0.61682
0.616891
0.61664
0.313574
0.314638
0.321102
0.334216
0.35314
0.37631
0.40353
0.434584
0.469069
0.506315
0.540525
0.566984
0.587016
0.602612
0.614658
0.622947
0.627078
0.628259
0.628252
0.627986
0.239569
0.246858
0.261684
0.284565
0.313265
0.345695
0.381456
0.420289
0.461814
0.505386
0.544545
0.574448
0.596984
0.614517
0.627858
0.636638
0.640686
0.641699
0.641637
0.641401
0.160773
0.176723
0.200816
0.234249
0.273226
0.315081
0.35947
0.406313
0.45534
0.505978
0.551012
0.585223
0.610938
0.630838
0.645724
0.654906
0.658656
0.659428
0.65938
0.659241
0.0932932
0.112793
0.144641
0.187176
0.23533
0.286072
0.338862
0.393572
0.44992
0.507367
0.55799
0.596218
0.624871
0.646896
0.662931
0.672192
0.675637
0.676294
0.676286
0.676204
0.038075
0.0597853
0.0969816
0.146044
0.201383
0.259585
0.31981
0.381769
0.44503
0.508961
0.564892
0.606883
0.638189
0.662067
0.679179
0.688767
0.692287
0.692986
0.693003
0.692956
-0.00771728
0.0153205
0.0563977
0.110571
0.171669
0.236035
0.302631
0.371028
0.440611
0.510593
0.571533
0.617114
0.650939
0.676608
0.694867
0.705131
0.708929
0.709624
0.709677
0.709659
-0.0466899
-0.02284
0.0211159
0.0794519
0.145406
0.215034
0.287143
0.361228
0.436554
0.512182
0.577865
0.62688
0.663161
0.690598
0.710043
0.721059
0.725185
0.725962
0.726046
0.726049
-0.0808566
-0.0564457
-0.0102251
0.051561
0.121662
0.195873
0.272881
0.352116
0.432733
0.513639
0.583809
0.636044
0.674663
0.703757
0.724332
0.73601
0.740517
0.741456
0.741579
0.74159
-0.111693
-0.0868093
-0.0387112
0.0260139
0.0997093
0.17795
0.259367
0.34332
0.428849
0.514737
0.589175
0.644486
0.685249
0.715867
0.737435
0.749721
0.754586
0.755717
0.755849
0.755856
-0.140191
-0.114865
-0.0651611
0.00213802
0.0789865
0.160797
0.246186
0.334476
0.424631
0.515273
0.593841
0.652093
0.69486
0.726858
0.749279
0.762061
0.767209
0.768475
0.76861
0.768603
-0.167135
-0.14132
-0.0901557
-0.0205607
0.0590687
0.144063
0.23305
0.325346
0.419863
0.515094
0.597704
0.65884
0.703532
0.736778
0.759895
0.773023
0.778343
0.779692
0.77982
0.779793
-0.192888
-0.166608
-0.114094
-0.0424479
0.0396614
0.127514
0.21977
0.315759
0.414385
0.514083
0.600715
0.664739
0.711334
0.745723
0.769418
0.782727
0.788123
0.78951
0.789612
0.789557
-0.217865
-0.191031
-0.137271
-0.0637698
0.0205625
0.110982
0.206214
0.305608
0.408102
0.512144
0.602831
0.669829
0.718362
0.753854
0.778003
0.791392
0.796785
0.798157
0.798246
0.798167
-0.242185
-0.214788
-0.15985
-0.0846713
0.00164892
0.0943779
0.192308
0.294837
0.400962
0.509216
0.604018
0.674149
0.724731
0.761348
0.78589
0.799239
0.804533
0.805836
0.805899
0.805802
-0.26596
-0.237986
-0.181934
-0.105226
-0.0171257
0.0776694
0.178032
0.283422
0.392934
0.505251
0.604237
0.677723
0.73055
0.768363
0.793212
0.806391
0.811504
0.812702
0.812706
0.81258
-0.289279
-0.260698
-0.203563
-0.125454
-0.0357815
0.0608607
0.163406
0.271386
0.384022
0.50022
0.603438
0.680541
0.735912
0.775056
0.800116
0.812972
0.817758
0.81878
0.81872
0.818574
-0.312181
-0.282916
-0.224731
-0.145357
-0.0542851
0.0439838
0.148474
0.258772
0.374253
0.494101
0.601554
0.682547
0.740872
0.781603
0.806798
0.819094
0.823368
0.82414
0.824019
0.823863
-0.334509
-0.304598
-0.245414
-0.164912
-0.0726002
0.0271061
0.1333
0.245655
0.363685
0.486913
0.598518
0.683649
0.745411
0.788169
0.813568
0.825027
0.828462
0.828849
0.828658
0.828505
-0.356229
-0.325701
-0.265588
-0.184072
-0.0906678
0.0102907
0.117973
0.23211
0.352396
0.478678
0.594275
0.683725
0.74942
0.794833
0.820841
0.831299
0.833357
0.833
0.832688
0.832582
-0.377394
-0.346189
-0.285222
-0.202799
-0.108422
-0.00637704
0.102585
0.218243
0.340476
0.469453
0.58877
0.682645
0.75269
0.801467
0.828981
0.838831
0.838976
0.837007
0.836197
0.836311
-0.397841
-0.366034
-0.304257
-0.221024
-0.125802
-0.0228109
0.0872336
0.204163
0.328039
0.459335
0.581975
0.680258
0.754944
0.807659
0.837923
0.848632
0.847404
0.84284
0.83961
0.838085
-0.417662
-0.385235
-0.322697
-0.238775
-0.142839
-0.0390505
0.0718674
0.189812
0.315015
0.448254
0.573736
0.676303
0.755901
0.812851
0.846936
0.860826
0.86077
0.854297
0.844284
0.844125
-0.436769
-0.403859
-0.340676
-0.256248
-0.159831
-0.0554326
0.0560672
0.174697
0.300847
0.435569
0.563372
0.669983
0.755031
0.816301
0.854237
0.872892
0.875048
0.864948
0.846936
0.843817
-0.455026
-0.421857
-0.358026
-0.273246
-0.176511
-0.0716529
0.0400465
0.159146
0.285837
0.42153
0.550959
0.66068
0.751582
0.816848
0.855617
0.874434
0.879574
0.855912
0.797593
0.771995
-0.472294
-0.44003
-0.374336
-0.289288
-0.192139
-0.0872276
0.0240846
0.143434
0.270266
0.406311
0.536576
0.64783
0.744601
0.813731
0.846389
0.859838
0.849965
0.800313
0.738401
0.70082
-0.515966
-0.457949
-0.389384
-0.305088
-0.207472
-0.103085
0.00831769
0.127439
0.253935
0.389573
0.519852
0.630861
0.730386
0.804615
0.824756
0.815782
0.772013
0.709202
0.640797
0.603221
-0.490916
-0.472556
-0.412222
-0.327489
-0.231023
-0.126871
-0.0162074
0.102196
0.227656
0.361667
0.490202
0.598732
0.689221
0.770267
0.757139
0.652851
0.564939
0.503581
0.440854
0.47029
-0.522367
-0.490529
-0.429385
-0.345256
-0.248913
-0.144974
-0.0341875
0.0835201
0.207889
0.340022
0.4658
0.570637
0.650659
0.696115
0.648121
0.512057
0.405459
0.333499
0.25237
0.300549
-0.546856
-0.512547
-0.44954
-0.365285
-0.26901
-0.165118
-0.0544632
0.0624213
0.185379
0.315043
0.43693
0.535657
0.604405
0.612321
0.509429
0.357101
0.230125
0.139208
0.0450456
0.0793573
-0.570731
-0.535288
-0.470811
-0.385841
-0.289482
-0.185719
-0.075573
0.0403265
0.161649
0.288444
0.405465
0.496074
0.548493
0.523878
0.369224
0.194721
0.0366971
-0.0960837
-0.219975
-0.204563
-0.594348
-0.558445
-0.492995
-0.407391
-0.310854
-0.207294
-0.0977974
0.016972
0.136382
0.259908
0.371239
0.454067
0.485956
0.417532
0.231477
0.0366388
-0.148804
-0.301429
-0.506534
-0.585584
-0.618388
-0.582488
-0.516438
-0.430362
-0.333619
-0.23021
-0.121297
-0.00768743
0.109692
0.229701
0.334961
0.408739
0.415694
0.295758
0.106068
-0.101105
-0.291812
-0.452855
-0.576687
-0.695919
-0.64393
-0.607898
-0.541489
-0.455131
-0.358315
-0.255154
-0.146921
-0.0346463
0.0803611
0.196315
0.295108
0.356514
0.336519
0.18023
-0.0110247
-0.212498
-0.38673
-0.483635
-0.509947
-0.523461
-0.67111
-0.63496
-0.568281
-0.481796
-0.385092
-0.282351
-0.175045
-0.0644171
0.0477707
0.158954
0.250842
0.295049
0.256271
0.0694961
-0.119849
-0.301155
-0.432755
-0.470641
-0.479604
-0.479912
-0.700204
-0.6638
-0.596852
-0.510344
-0.413897
-0.311809
-0.205693
-0.0970589
0.0118511
0.11758
0.201565
0.229916
0.160419
-0.0316754
-0.214993
-0.372335
-0.446169
-0.460366
-0.461449
-0.461278
-0.731224
-0.694453
-0.627215
-0.540768
-0.444745
-0.343518
-0.238876
-0.132595
-0.0273875
0.0722731
0.147148
0.161329
0.0538515
-0.123302
-0.296796
-0.42109
-0.449786
-0.450623
-0.451244
-0.450837
-0.763906
-0.726735
-0.659257
-0.572977
-0.477541
-0.377421
-0.274568
-0.171007
-0.0699034
0.0231452
0.0887536
0.0841934
-0.0408726
-0.208021
-0.361536
-0.431725
-0.446743
-0.444818
-0.444546
-0.444161
-0.797668
-0.760289
-0.692699
-0.606727
-0.512085
-0.413352
-0.312619
-0.212178
-0.115505
-0.0293666
0.0266391
0.00660072
-0.128495
-0.28289
-0.404033
-0.44098
-0.440267
-0.440471
-0.440079
-0.439669
-0.832051
-0.794562
-0.727039
-0.641577
-0.548
-0.45097
-0.352737
-0.255832
-0.16394
-0.0843905
-0.0408154
-0.0662859
-0.207874
-0.34105
-0.428298
-0.436179
-0.438124
-0.438666
-0.438369
-0.438003
-0.866056
-0.828626
-0.761498
-0.676853
-0.584703
-0.489768
-0.394448
-0.301485
-0.214828
-0.141197
-0.108184
-0.140425
-0.27556
-0.385912
-0.434146
-0.444167
-0.439315
-0.437419
-0.436571
-0.43624
-0.897771
-0.861158
-0.795001
-0.711618
-0.621366
-0.528997
-0.43706
-0.348425
-0.267422
-0.199444
-0.171013
-0.217939
-0.331307
-0.426569
-0.450719
-0.4472
-0.440061
-0.434361
-0.432847
-0.432417
-0.926085
-0.890584
-0.826083
-0.744608
-0.656868
-0.567654
-0.479642
-0.395762
-0.320541
-0.258695
-0.233774
-0.287138
-0.372412
-0.446592
-0.477304
-0.460856
-0.444473
-0.435834
-0.434027
-0.433257
-0.948205
-0.914706
-0.852904
-0.77422
-0.68981
-0.604474
-0.520984
-0.442443
-0.372956
-0.317466
-0.296963
-0.348718
-0.397167
-0.432951
-0.44889
-0.469571
-0.479206
-0.479539
-0.475939
-0.473423
-0.961919
-0.931284
-0.873287
-0.798597
-0.718547
-0.63797
-0.559618
-0.487088
-0.423568
-0.374263
-0.354114
-0.414138
-0.432117
-0.416616
-0.447719
-0.510126
-0.550807
-0.555986
-0.550025
-0.54858
-0.964401
-0.937789
-0.884998
-0.815761
-0.741295
-0.666521
-0.593984
-0.527731
-0.471326
-0.428805
-0.404162
-0.490337
-0.551869
-0.492477
-0.530998
-0.571728
-0.584211
-0.580095
-0.575888
-0.576164
-0.953357
-0.931659
-0.885786
-0.823813
-0.756414
-0.688486
-0.622617
-0.562241
-0.514024
-0.479959
-0.456416
-0.556079
-0.783715
-0.912222
-0.825451
-0.681707
-0.599057
-0.576151
-0.571702
-0.570446
-0.925979
-0.909985
-0.873636
-0.82139
-0.762685
-0.702616
-0.644005
-0.589269
-0.547517
-0.521987
-0.508525
-0.595217
-0.773832
-1.03906
-0.907649
-0.668088
-0.562255
-0.526606
-0.515214
-0.51098
-0.885609
-0.87536
-0.849446
-0.80867
-0.759905
-0.708541
-0.656753
-0.60843
-0.568045
-0.550247
-0.530627
-0.487009
-0.324974
-0.249378
-0.199255
-0.277969
-0.371703
-0.391733
-0.389769
-0.386247
-0.83927
-0.833477
-0.818163
-0.788582
-0.750185
-0.706771
-0.661537
-0.61704
-0.577753
-0.553142
-0.5217
-0.374074
-0.0548581
0.274966
0.173334
-0.0715936
-0.224512
-0.288278
-0.293757
-0.302515
-0.79713
-0.793667
-0.7862
-0.766667
-0.736647
-0.699768
-0.65942
-0.616969
-0.576697
-0.542493
-0.538298
-0.456433
-0.48035
-0.507809
-0.686361
-0.883637
-0.949576
-0.874905
-0.776371
-0.758857
-0.765761
-0.763645
-0.759744
-0.74766
-0.72395
-0.691373
-0.652895
-0.610385
-0.564577
-0.531054
-0.504395
-0.559203
-0.820045
-1.34586
-1.68838
-1.8492
-1.84366
-1.72799
-1.59537
-1.51547
-0.742159
-0.741336
-0.739992
-0.73376
-0.715165
-0.684738
-0.645556
-0.598734
-0.548922
-0.493677
-0.445293
-0.487888
-0.79509
-1.20396
-1.50035
-1.49611
-1.27591
-0.990262
-0.777655
-0.68683
-0.728314
-0.727975
-0.727355
-0.72453
-0.7108
-0.680587
-0.637284
-0.586829
-0.524556
-0.443996
-0.355513
-0.244571
-0.203472
-0.131612
0.014218
0.182633
0.487379
0.745585
0.887242
0.937951
-0.719301
-0.71909
-0.718671
-0.718022
-0.708898
-0.678606
-0.631835
-0.572729
-0.498135
-0.40696
-0.28053
-0.118243
0.090514
0.415253
0.891148
1.35057
1.72255
1.93237
2.02054
2.04456
-0.712837
-0.713297
-0.714196
-0.715098
-0.707772
-0.678341
-0.629084
-0.565107
-0.482991
-0.370768
-0.247548
-0.100663
0.136963
0.570035
1.10226
1.56745
1.90192
2.07739
2.1405
2.15149
-0.704931
-0.705502
-0.70562
-0.70452
-0.698864
-0.676656
-0.633642
-0.567632
-0.475611
-0.358321
-0.237559
-0.10761
0.0907849
0.472277
0.899754
1.27949
1.54398
1.67209
1.71258
1.71964
-0.71293
-0.710611
-0.699662
-0.682196
-0.676341
-0.678503
-0.651313
-0.578485
-0.479514
-0.36342
-0.24408
-0.138183
0.000642189
0.296185
0.610714
0.876146
1.05412
1.13301
1.15984
1.16484
-0.762544
-0.757371
-0.744703
-0.728764
-0.7239
-0.728875
-0.694083
-0.59791
-0.483548
-0.370181
-0.257603
-0.169804
-0.0604411
0.134746
0.34188
0.505218
0.600869
0.647389
0.668388
0.675251
-0.862984
-0.867199
-0.885536
-0.906262
-0.902565
-0.870743
-0.766856
-0.621256
-0.486583
-0.370364
-0.274302
-0.20603
-0.131448
0.032629
0.168735
0.256575
0.310869
0.339222
0.356088
0.362593
-0.972116
-0.991007
-1.02884
-1.05408
-1.04713
-0.981903
-0.813761
-0.629215
-0.484478
-0.367746
-0.285277
-0.233924
-0.191332
-0.0766611
0.0353054
0.121661
0.169716
0.195961
0.210119
0.214187
-0.961213
-0.980473
-1.01306
-1.03707
-1.0279
-0.944348
-0.760075
-0.594265
-0.459425
-0.351524
-0.282313
-0.245377
-0.209387
-0.114547
-0.0306715
0.0397193
0.0875625
0.118927
0.131363
0.133699
-0.749475
-0.769195
-0.801603
-0.830831
-0.825145
-0.745672
-0.618816
-0.502452
-0.394879
-0.317544
-0.26474
-0.229976
-0.215284
-0.124395
-0.0397442
0.0107522
0.0452449
0.0647977
0.0719824
0.0727582
-0.411929
-0.424969
-0.449183
-0.475987
-0.486795
-0.463148
-0.420394
-0.366182
-0.312573
-0.264066
-0.223074
-0.192431
-0.164112
-0.118792
-0.0629173
-0.0258027
0.00372726
0.0220201
0.028749
0.0292073
-0.116542
-0.122394
-0.137479
-0.163713
-0.19411
-0.22015
-0.235014
-0.239103
-0.230278
-0.201984
-0.177084
-0.142888
-0.113196
-0.0743528
-0.04218
-0.0249753
-0.00830591
0.00168763
0.00579523
0.00550899
0.0413033
0.038576
0.0280907
0.00359929
-0.0355172
-0.0808461
-0.119863
-0.147525
-0.159815
-0.152771
-0.133267
-0.100353
-0.0721321
-0.0569302
-0.0386745
-0.0260707
-0.0156827
-0.00980347
-0.008779
-0.00993044
0.0896256
0.0877983
0.0799616
0.0602184
0.026924
-0.0143619
-0.0559212
-0.0894774
-0.111722
-0.116116
-0.101834
-0.0730259
-0.047375
-0.0446089
-0.0413192
-0.0379357
-0.02892
-0.0227007
-0.0212108
-0.0225785
0.086361
0.0850808
0.0796167
0.0656648
0.0413655
0.00951905
-0.0250145
-0.0570376
-0.0815967
-0.0922597
-0.0857636
-0.0637865
-0.0462528
-0.051845
-0.0536285
-0.0507384
-0.0460608
-0.0438128
-0.0444369
-0.046171
0.0657618
0.0649098
0.0612268
0.0517837
0.0348438
0.0115121
-0.0158036
-0.0433502
-0.0678361
-0.0839693
-0.087459
-0.0782931
-0.0712339
-0.0842241
-0.0903731
-0.087462
-0.0828686
-0.0817971
-0.0822714
-0.0836397
0.0423079
0.0417506
0.0392677
0.0328901
0.0211658
0.00426587
-0.0169162
-0.0404202
-0.0645911
-0.0870473
-0.105143
-0.116848
-0.127559
-0.140938
-0.142231
-0.135813
-0.130662
-0.129569
-0.130357
-0.131364
0.0214661
0.0210623
0.019375
0.0150426
0.00682913
-0.00551144
-0.0221364
-0.042368
-0.0664348
-0.0954436
-0.13097
-0.169466
-0.206991
-0.212195
-0.19783
-0.18531
-0.180268
-0.180334
-0.181041
-0.181464
0.00533406
0.00501435
0.0038164
0.000782432
-0.0050673
-0.0143122
-0.0274601
-0.0450772
-0.0686023
-0.101888
-0.1512
-0.216759
-0.262518
-0.255811
-0.234297
-0.2222
-0.218923
-0.220086
-0.220397
-0.220259
-0.00576022
-0.00599806
-0.00687476
-0.00899611
-0.0131411
-0.0200412
-0.030364
-0.0451279
-0.066626
-0.100154
-0.152335
-0.220648
-0.258297
-0.245638
-0.229324
-0.226182
-0.229914
-0.234101
-0.234383
-0.233782
-0.0119928
-0.0121845
-0.0128216
-0.014251
-0.0171053
-0.022106
-0.0299654
-0.0417915
-0.0594491
-0.0883391
-0.131859
-0.184256
-0.204488
-0.196039
-0.192227
-0.199767
-0.209344
-0.214413
-0.21474
-0.214138
-0.0139196
-0.0140637
-0.014484
-0.0153923
-0.0172379
-0.0206097
-0.0262066
-0.0348583
-0.0479313
-0.0683975
-0.0961644
-0.12512
-0.133277
-0.127887
-0.136093
-0.150887
-0.162985
-0.16805
-0.16842
-0.167875
-0.0122968
-0.0123976
-0.0126571
-0.0131332
-0.0141733
-0.016171
-0.0197269
-0.0252714
-0.0334517
-0.0450794
-0.0559078
-0.061014
-0.0541015
-0.0611449
-0.0760105
-0.0928539
-0.103166
-0.106602
-0.107312
-0.107312
-0.0079846
-0.00804802
-0.00818203
-0.00835739
-0.00877856
-0.0096879
-0.0114684
-0.0143053
-0.01827
-0.0229622
-0.0223015
-0.0118914
0.00627807
-0.00838471
-0.0282473
-0.0416047
-0.0485049
-0.0490222
-0.0494497
-0.049922
-0.00181711
-0.00181878
-0.00183819
-0.00181026
-0.00172265
-0.00173987
-0.00193824
-0.00247987
-0.00314941
-0.00379589
-0.00396789
0.000967729
0.00544895
0.00350467
-0.00313068
-0.00626986
-0.0059139
-0.0057409
-0.00703309
-0.00763357
-0.0707549
0.119365
0.294071
0.442761
0.562703
0.658192
0.738117
0.803219
0.82005
0.816465
0.222748
0.345273
0.460292
0.560601
0.645392
0.715678
0.771212
0.808882
0.829054
0.845597
0.422296
0.504128
0.585173
0.656545
0.717603
0.768325
0.808285
0.83869
0.861458
0.880691
0.569736
0.62754
0.686303
0.739132
0.784758
0.823534
0.856011
0.883194
0.903649
0.922548
0.687352
0.731049
0.774887
0.81568
0.852031
0.884122
0.91215
0.935868
0.953912
0.971954
0.786073
0.822056
0.857364
0.891372
0.922696
0.951022
0.976013
0.996962
1.01279
1.03027
0.874728
0.907018
0.939411
0.970704
0.999822
1.02628
1.04948
1.06847
1.08241
1.09944
0.962009
0.994688
1.02721
1.05848
1.08732
1.11316
1.13534
1.1529
1.16531
1.18185
1.05657
1.09301
1.12783
1.16033
1.18955
1.21494
1.23609
1.25241
1.26404
1.28021
1.1697
1.21028
1.24734
1.28033
1.30886
1.33288
1.35253
1.36783
1.37973
1.39584
1.31109
1.3522
1.38748
1.4171
1.44234
1.46397
1.48249
1.49799
1.5111
1.52709
1.48272
1.51519
1.54209
1.56442
1.58453
1.60326
1.621
1.63775
1.65267
1.66848
1.66917
1.68645
1.70359
1.72028
1.73637
1.7511
1.765
1.77945
1.7947
1.81211
1.85239
1.86233
1.8755
1.88646
1.89586
1.9055
1.9161
1.9263
1.93564
1.96104
2.06985
2.06408
2.05108
2.03683
2.03054
2.03624
2.05435
2.08285
2.11663
2.15292
2.37312
2.23728
2.1578
2.11526
2.09785
2.10188
2.12937
2.18729
2.29494
2.47316
0.682522
0.676222
0.668488
0.657371
0.643802
0.631153
0.620751
0.612728
0.606994
0.60364
0.603261
0.60607
0.611284
0.618626
0.628161
0.639978
0.653528
0.66645
0.675439
0.682976
0.591639
0.597565
0.605628
0.611751
0.61481
0.614287
0.611189
0.607179
0.603571
0.601263
0.601103
0.603332
0.607066
0.611498
0.61559
0.617831
0.616757
0.612123
0.605073
0.597239
0.584903
0.587275
0.590541
0.593312
0.595756
0.597934
0.599097
0.59893
0.597969
0.597136
0.597323
0.598713
0.600477
0.601695
0.601614
0.600143
0.597981
0.595614
0.592626
0.589606
0.580131
0.581219
0.583133
0.585465
0.58733
0.588719
0.589923
0.590896
0.59147
0.591818
0.592342
0.593059
0.593508
0.593376
0.592738
0.591806
0.590468
0.588493
0.586382
0.584904
0.575132
0.575766
0.576891
0.578643
0.580477
0.582058
0.583293
0.584336
0.585289
0.586154
0.586906
0.587398
0.587513
0.587289
0.586739
0.585754
0.58432
0.582704
0.581362
0.580559
0.570239
0.570679
0.571464
0.572761
0.574272
0.575821
0.57728
0.578551
0.579673
0.580721
0.581634
0.582203
0.582355
0.582099
0.581419
0.580407
0.579244
0.578092
0.577185
0.57665
0.565444
0.565772
0.566382
0.567443
0.568727
0.57011
0.571567
0.573011
0.574365
0.575622
0.576722
0.577426
0.57762
0.57735
0.576734
0.575934
0.575075
0.574211
0.573544
0.573152
0.560723
0.560978
0.561468
0.562371
0.56353
0.564819
0.566216
0.56771
0.569245
0.570753
0.572093
0.572961
0.573263
0.573132
0.572725
0.572159
0.571509
0.57087
0.570381
0.570081
0.556005
0.556208
0.556616
0.557408
0.558487
0.559728
0.561107
0.562641
0.564312
0.566059
0.567682
0.568801
0.569329
0.569435
0.569261
0.568914
0.568467
0.568016
0.567666
0.56743
0.551207
0.551371
0.551721
0.552439
0.553471
0.55469
0.556097
0.55771
0.559532
0.561527
0.563486
0.564955
0.5658
0.566189
0.566262
0.566139
0.5659
0.56562
0.565383
0.565195
0.546244
0.546377
0.546685
0.547359
0.548372
0.549616
0.551087
0.552823
0.554848
0.557147
0.559516
0.561421
0.562647
0.563362
0.563716
0.56383
0.563799
0.56368
0.563541
0.563388
0.541029
0.541137
0.541417
0.542071
0.543102
0.544411
0.545991
0.547904
0.550199
0.552888
0.555764
0.558189
0.559862
0.560955
0.561625
0.562001
0.562174
0.562222
0.562168
0.562043
0.535468
0.535554
0.535818
0.536477
0.537561
0.538978
0.540722
0.542879
0.545526
0.548707
0.552205
0.555258
0.557459
0.558988
0.560012
0.560688
0.561098
0.561298
0.561317
0.561213
0.529454
0.529521
0.529779
0.530466
0.53164
0.533212
0.535185
0.537668
0.540771
0.544567
0.548828
0.552634
0.55546
0.557495
0.558926
0.559935
0.5606
0.560965
0.561055
0.560969
0.522861
0.52291
0.523171
0.523909
0.525212
0.526995
0.529271
0.532173
0.535846
0.540402
0.545592
0.550308
0.553881
0.556516
0.558421
0.559804
0.560765
0.561306
0.561466
0.561394
0.515539
0.515569
0.515838
0.516649
0.518125
0.520186
0.522851
0.526283
0.530668
0.53616
0.54248
0.54829
0.552752
0.556098
0.558566
0.560393
0.561687
0.562419
0.562648
0.562587
0.507292
0.507312
0.507582
0.508493
0.510196
0.51261
0.51577
0.519869
0.52514
0.531783
0.539475
0.546602
0.552121
0.556305
0.559439
0.561798
0.563471
0.564411
0.564711
0.564657
0.497814
0.497809
0.498134
0.499187
0.501186
0.504055
0.507844
0.512791
0.51918
0.527249
0.536606
0.545296
0.55206
0.557223
0.561137
0.564118
0.566224
0.567397
0.567769
0.56772
0.486827
0.486799
0.487172
0.488416
0.490788
0.494243
0.49884
0.504863
0.512655
0.522489
0.533864
0.544404
0.552624
0.558939
0.563768
0.567462
0.570071
0.571494
0.571937
0.57189
0.473851
0.473801
0.474251
0.475744
0.478599
0.482818
0.488462
0.495866
0.505424
0.517435
0.531243
0.543972
0.553887
0.561535
0.567429
0.57195
0.575119
0.576806
0.577317
0.577266
0.458244
0.458171
0.458742
0.460583
0.464085
0.46932
0.47635
0.485556
0.49737
0.512076
0.528804
0.544085
0.555943
0.565103
0.57222
0.577671
0.581458
0.583415
0.583982
0.58392
0.439072
0.438981
0.439751
0.442099
0.446509
0.453159
0.462084
0.473698
0.488432
0.506485
0.526668
0.544869
0.558901
0.569751
0.578212
0.584695
0.589137
0.591346
0.591951
0.591871
0.414929
0.414836
0.415936
0.419066
0.424843
0.433558
0.445167
0.46006
0.478575
0.500738
0.52495
0.546411
0.562841
0.575538
0.585443
0.593055
0.59814
0.600554
0.601164
0.601059
0.383501
0.383451
0.385151
0.389631
0.397688
0.409612
0.425172
0.444582
0.467938
0.495022
0.523824
0.54887
0.567856
0.582517
0.593965
0.60271
0.608357
0.610885
0.611456
0.611318
0.340668
0.340815
0.343813
0.351093
0.363406
0.380609
0.402022
0.42753
0.456935
0.48978
0.523643
0.552463
0.574071
0.590725
0.603721
0.613543
0.61957
0.622052
0.622529
0.622356
0.27875
0.280049
0.287325
0.30104
0.321138
0.346722
0.376386
0.409635
0.446143
0.48538
0.52461
0.55731
0.581549
0.600124
0.614539
0.625229
0.631381
0.633592
0.633905
0.633713
0.204707
0.207256
0.221392
0.245
0.275749
0.311282
0.349909
0.391379
0.435497
0.481814
0.527327
0.564859
0.592568
0.613727
0.629973
0.641534
0.647764
0.649858
0.650143
0.65005
0.128847
0.135657
0.156883
0.190413
0.231552
0.276798
0.324407
0.374198
0.426045
0.479555
0.531479
0.573975
0.605237
0.629069
0.647235
0.659614
0.665586
0.667276
0.667487
0.667461
0.0670149
0.0756642
0.101495
0.142066
0.191387
0.244896
0.300607
0.358192
0.417411
0.477816
0.535877
0.583057
0.617598
0.643816
0.663485
0.676409
0.682354
0.683924
0.684198
0.684234
0.0163709
0.0257303
0.0550651
0.100885
0.156369
0.216497
0.27905
0.343527
0.409513
0.476385
0.540235
0.591853
0.629445
0.65784
0.679039
0.69265
0.698735
0.70056
0.700934
0.70101
-0.0260703
-0.016399
0.0153407
0.0652715
0.125818
0.191458
0.259807
0.330276
0.402307
0.475125
0.544416
0.600254
0.640803
0.671322
0.69398
0.708521
0.715133
0.717225
0.717642
0.717732
-0.0627565
-0.0529384
-0.0193833
0.0338473
0.0986249
0.168989
0.242387
0.318155
0.395654
0.473975
0.548394
0.60822
0.651598
0.684147
0.708267
0.723767
0.730972
0.733264
0.733726
0.733809
-0.0953453
-0.0854604
-0.0504646
0.00550219
0.0738766
0.148334
0.226208
0.306774
0.3893
0.472744
0.551997
0.615613
0.661622
0.696093
0.721542
0.737927
0.745701
0.74822
0.748711
0.748777
-0.125068
-0.115129
-0.0789597
-0.0206244
0.05087
0.128916
0.210777
0.295706
0.382889
0.471162
0.555041
0.622287
0.670782
0.706984
0.733616
0.750735
0.759039
0.76176
0.762271
0.762317
-0.152847
-0.142839
-0.105604
-0.0451676
0.0290752
0.110286
0.195716
0.284624
0.376153
0.469029
0.557377
0.628155
0.679038
0.716852
0.744534
0.762215
0.770876
0.773746
0.774274
0.774295
-0.179232
-0.16913
-0.130906
-0.0685803
0.00809074
0.0921208
0.180771
0.27332
0.368892
0.466172
0.558898
0.63318
0.686412
0.725748
0.75434
0.772484
0.781276
0.784241
0.784783
0.784777
-0.204656
-0.194391
-0.155239
-0.0911932
-0.0123545
0.074201
0.165761
0.261642
0.36098
0.462467
0.559532
0.637355
0.692969
0.733797
0.763172
0.781618
0.790476
0.79343
0.793963
0.793943
-0.229388
-0.218884
-0.178842
-0.113217
-0.0324322
0.0563809
0.150572
0.249502
0.352341
0.457847
0.559214
0.640676
0.69878
0.741132
0.771248
0.789885
0.798711
0.801605
0.802093
0.802032
-0.253517
-0.24275
-0.201853
-0.134775
-0.0522425
0.0385976
0.135155
0.236858
0.342939
0.452257
0.557885
0.643146
0.703924
0.747901
0.778745
0.79746
0.806136
0.808913
0.80934
0.809257
-0.277138
-0.266099
-0.224372
-0.155919
-0.0718199
0.0208229
0.119503
0.223712
0.332767
0.445677
0.5555
0.644739
0.708455
0.754243
0.785806
0.804462
0.812883
0.815462
0.815792
0.81567
-0.300268
-0.288952
-0.246396
-0.176667
-0.0911663
0.00307536
0.103648
0.210102
0.321854
0.438102
0.552016
0.645393
0.712391
0.76029
0.792612
0.811033
0.818996
0.821274
0.821477
0.821325
-0.322961
-0.311302
-0.267897
-0.197003
-0.110261
-0.0146077
0.0876372
0.196088
0.310254
0.429554
0.547396
0.64503
0.71569
0.766146
0.799388
0.817398
0.82462
0.826417
0.826468
0.826296
-0.34499
-0.333093
-0.288855
-0.216902
-0.129053
-0.032151
0.0715422
0.181744
0.298043
0.420089
0.541614
0.643558
0.718254
0.771827
0.806401
0.82397
0.830049
0.83102
0.830818
0.830641
-0.366505
-0.35427
-0.309235
-0.236336
-0.147506
-0.0495101
0.0554574
0.167153
0.285307
0.409788
0.534668
0.640879
0.719929
0.777211
0.813843
0.831368
0.835967
0.835432
0.834609
0.834444
-0.387322
-0.374789
-0.329016
-0.255249
-0.165537
-0.0665968
0.0394689
0.152439
0.272155
0.398719
0.526589
0.636896
0.720526
0.782007
0.821614
0.840222
0.843741
0.840957
0.838401
0.837819
-0.407536
-0.394672
-0.348137
-0.273581
-0.183102
-0.0833399
0.0236663
0.137686
0.258698
0.387019
0.51744
0.631505
0.719838
0.785798
0.829123
0.850505
0.854883
0.850666
0.844489
0.835362
-0.427028
-0.413909
-0.366687
-0.291496
-0.200427
-0.100025
0.00770819
0.122483
0.244478
0.374176
0.506693
0.624111
0.717414
0.788234
0.83562
0.86133
0.869433
0.86541
0.85489
0.852975
-0.445758
-0.432572
-0.384656
-0.308936
-0.217488
-0.116618
-0.00837193
0.106815
0.229467
0.36007
0.494179
0.614242
0.712533
0.788516
0.839098
0.868205
0.879038
0.878574
0.844946
0.805708
-0.463494
-0.450538
-0.401983
-0.325776
-0.234266
-0.133128
-0.0245661
0.0908145
0.213737
0.344744
0.479833
0.60157
0.704112
0.785851
0.837621
0.862108
0.87288
0.855238
0.803364
0.748105
-0.482902
-0.466507
-0.418333
-0.341511
-0.250501
-0.149311
-0.0412189
0.0745282
0.19738
0.328309
0.463597
0.585882
0.690366
0.780622
0.82967
0.855017
0.833892
0.789614
0.725554
0.665571
-0.472701
-0.448955
-0.396849
-0.315487
-0.218405
-0.114024
-0.000587625
0.118338
0.244545
0.379768
0.509788
0.620413
0.718415
0.807896
0.835109
0.77133
0.725866
0.666389
0.601207
0.55914
-0.486919
-0.479219
-0.438626
-0.3665
-0.275635
-0.175208
-0.066852
0.0485435
0.170797
0.300722
0.434621
0.555747
0.656368
0.746859
0.809251
0.793924
0.690802
0.616077
0.559894
0.487973
-0.508626
-0.497962
-0.453998
-0.380728
-0.289251
-0.189199
-0.0819419
0.0324641
0.15378
0.28234
0.414486
0.534022
0.6307
0.708417
0.733323
0.652891
0.530431
0.450683
0.387876
0.314137
-0.532426
-0.520533
-0.47344
-0.399226
-0.307793
-0.207535
-0.100237
0.0139206
0.134351
0.261433
0.390725
0.505972
0.593678
0.652379
0.630961
0.505204
0.373235
0.278799
0.203013
0.0954216
-0.556024
-0.544064
-0.495146
-0.419692
-0.328181
-0.227888
-0.120709
-0.00711484
0.112197
0.237361
0.363148
0.472752
0.551275
0.585046
0.524156
0.356204
0.200518
0.0775234
-0.0240184
-0.1619
-0.579525
-0.567576
-0.517495
-0.44094
-0.349042
-0.248779
-0.141985
-0.0292445
0.0886792
0.21152
0.333263
0.436313
0.506123
0.503882
0.390795
0.20751
0.0233252
-0.139992
-0.279324
-0.527472
-0.603355
-0.59153
-0.540735
-0.463433
-0.371168
-0.270873
-0.164482
-0.0526295
0.0637636
0.183996
0.301279
0.396515
0.453674
0.419574
0.260581
0.0667263
-0.133442
-0.309503
-0.476826
-0.738539
-0.628109
-0.616399
-0.565226
-0.487418
-0.394874
-0.29455
-0.188528
-0.0775503
0.037233
0.154628
0.267184
0.354054
0.39423
0.336825
0.14099
-0.0583542
-0.256142
-0.424814
-0.510387
-0.559645
-0.654473
-0.642816
-0.591332
-0.513214
-0.420588
-0.320412
-0.214925
-0.105066
0.00775566
0.121758
0.228914
0.306569
0.326548
0.226006
0.0292206
-0.167564
-0.342741
-0.454139
-0.489695
-0.495717
-0.682634
-0.670971
-0.619162
-0.54083
-0.448259
-0.348419
-0.243697
-0.135238
-0.0247731
0.0852599
0.186176
0.254132
0.244424
0.114523
-0.0751275
-0.258128
-0.404962
-0.457227
-0.466749
-0.469144
-0.712739
-0.700977
-0.648778
-0.570276
-0.477882
-0.378575
-0.274856
-0.168119
-0.0603986
0.0451567
0.138961
0.196495
0.162616
0.00924285
-0.168169
-0.337999
-0.432611
-0.455178
-0.455578
-0.455786
-0.744656
-0.732769
-0.680136
-0.601515
-0.509418
-0.410835
-0.308393
-0.203704
-0.0991126
0.0014754
0.0876148
0.131963
0.088686
-0.0864716
-0.250006
-0.393656
-0.444185
-0.446737
-0.447582
-0.447579
-0.778006
-0.766024
-0.713003
-0.634373
-0.542725
-0.445087
-0.344215
-0.241925
-0.140861
-0.0455687
0.0323123
0.064946
0.00548875
-0.169986
-0.321897
-0.421325
-0.443314
-0.44285
-0.44217
-0.441828
-0.812315
-0.800272
-0.746977
-0.668489
-0.577487
-0.481064
-0.382082
-0.282575
-0.185453
-0.0955636
-0.026597
-0.00506219
-0.08642
-0.243842
-0.377547
-0.425496
-0.437622
-0.438753
-0.439148
-0.438839
-0.846804
-0.834786
-0.781393
-0.703269
-0.613197
-0.518319
-0.42161
-0.325289
-0.232549
-0.148154
-0.0873324
-0.0820472
-0.168941
-0.305116
-0.408514
-0.444671
-0.43951
-0.438706
-0.438035
-0.437597
-0.880338
-0.868441
-0.815264
-0.737845
-0.649103
-0.556192
-0.462192
-0.369484
-0.28152
-0.203006
-0.147605
-0.155359
-0.242347
-0.358772
-0.431929
-0.444194
-0.441747
-0.437435
-0.435419
-0.43483
-0.91091
-0.899491
-0.847213
-0.771046
-0.684179
-0.593771
-0.502997
-0.414376
-0.331468
-0.259259
-0.208119
-0.221393
-0.306505
-0.399
-0.460623
-0.460715
-0.447686
-0.436185
-0.431861
-0.431247
-0.936987
-0.926311
-0.875537
-0.801324
-0.717082
-0.629863
-0.542924
-0.458952
-0.381349
-0.315575
-0.269676
-0.283219
-0.357134
-0.415678
-0.455244
-0.467632
-0.458677
-0.452377
-0.448613
-0.44677
-0.955868
-0.946161
-0.898
-0.826787
-0.746185
-0.663019
-0.580621
-0.501887
-0.430136
-0.370566
-0.328436
-0.34531
-0.405516
-0.409677
-0.426044
-0.463219
-0.504492
-0.520521
-0.517269
-0.511812
-0.96526
-0.956496
-0.912126
-0.845368
-0.769647
-0.691589
-0.614582
-0.541517
-0.47653
-0.422927
-0.383427
-0.407022
-0.47885
-0.445085
-0.437484
-0.505368
-0.56026
-0.575802
-0.572153
-0.568007
-0.961194
-0.953794
-0.915873
-0.854974
-0.785562
-0.713885
-0.643225
-0.576136
-0.518237
-0.471837
-0.439229
-0.46061
-0.60308
-0.688932
-0.662583
-0.635419
-0.604475
-0.58501
-0.578139
-0.577019
-0.94158
-0.93652
-0.90679
-0.853931
-0.792396
-0.728457
-0.664952
-0.604422
-0.55231
-0.515132
-0.497059
-0.527239
-0.684576
-0.991005
-1.05967
-0.830935
-0.647385
-0.570856
-0.555595
-0.550879
-0.906978
-0.903415
-0.88321
-0.841354
-0.789533
-0.734466
-0.678618
-0.62511
-0.576902
-0.547062
-0.53241
-0.552752
-0.556714
-0.644118
-0.66759
-0.543452
-0.505707
-0.480614
-0.463749
-0.457678
-0.862425
-0.860213
-0.84877
-0.819398
-0.778135
-0.732244
-0.684265
-0.63632
-0.592894
-0.560395
-0.548753
-0.493193
-0.271792
0.0690497
0.182694
0.0593588
-0.164066
-0.292682
-0.325202
-0.328292
-0.816845
-0.815566
-0.810072
-0.792701
-0.762014
-0.723806
-0.682614
-0.639323
-0.597252
-0.561155
-0.544278
-0.473033
-0.304154
-0.109281
-0.101463
-0.321809
-0.501131
-0.498548
-0.425061
-0.405501
-0.779678
-0.778981
-0.77624
-0.76624
-0.744493
-0.713344
-0.676423
-0.635602
-0.592755
-0.555295
-0.525083
-0.538018
-0.560305
-0.811491
-1.03145
-1.25723
-1.41335
-1.41613
-1.31519
-1.23922
-0.752897
-0.752126
-0.750572
-0.746313
-0.731055
-0.704443
-0.669167
-0.62765
-0.582208
-0.530995
-0.497487
-0.493328
-0.685826
-1.14267
-1.70121
-1.91315
-1.85352
-1.65592
-1.42379
-1.27473
-0.734506
-0.734207
-0.733559
-0.731654
-0.722591
-0.698954
-0.663055
-0.618503
-0.564868
-0.50606
-0.438651
-0.347085
-0.437018
-0.619555
-0.735214
-0.736897
-0.572856
-0.281632
-0.0442133
0.0828732
-0.723304
-0.723188
-0.72275
-0.72214
-0.71772
-0.696842
-0.658639
-0.607681
-0.54765
-0.472442
-0.36895
-0.248314
-0.0728546
0.102357
0.388212
0.716516
1.07378
1.38001
1.54302
1.61062
-0.716075
-0.716106
-0.71611
-0.71627
-0.714476
-0.696651
-0.655855
-0.600326
-0.531518
-0.439633
-0.328962
-0.188655
-0.00618225
0.29636
0.802633
1.32684
1.75629
2.03247
2.15846
2.1977
-0.708588
-0.709171
-0.710322
-0.711905
-0.710793
-0.694758
-0.655647
-0.600188
-0.524097
-0.42381
-0.302447
-0.172687
-0.00355081
0.310432
0.7867
1.25432
1.62592
1.85041
1.94482
1.96751
-0.704372
-0.704869
-0.702626
-0.695863
-0.68922
-0.683166
-0.661354
-0.610327
-0.527297
-0.421767
-0.297858
-0.180837
-0.0528547
0.199976
0.575922
0.924652
1.20679
1.36537
1.42619
1.4416
-0.732152
-0.730826
-0.721485
-0.699839
-0.681744
-0.687818
-0.688709
-0.634138
-0.535419
-0.42549
-0.307463
-0.202473
-0.101716
0.0730557
0.34646
0.583373
0.759703
0.850759
0.889201
0.901827
-0.808018
-0.804453
-0.803609
-0.804297
-0.806291
-0.802696
-0.770838
-0.672132
-0.545586
-0.426837
-0.318699
-0.223055
-0.147491
-0.00972967
0.164053
0.307008
0.400348
0.451738
0.478326
0.491098
-0.925523
-0.9269
-0.950773
-0.987113
-0.998269
-0.975013
-0.879749
-0.711281
-0.553668
-0.426334
-0.323268
-0.24752
-0.201946
-0.100247
0.0474328
0.147082
0.211246
0.243903
0.263538
0.273475
-0.987582
-0.996997
-1.02746
-1.05917
-1.06924
-1.03568
-0.902708
-0.701738
-0.54442
-0.4143
-0.320164
-0.259236
-0.225463
-0.159625
-0.0600357
0.0322856
0.0992071
0.137859
0.159912
0.167254
-0.876737
-0.886442
-0.915158
-0.947769
-0.961231
-0.920213
-0.78064
-0.623144
-0.491158
-0.379135
-0.303855
-0.251982
-0.237576
-0.1656
-0.0728391
0.00107996
0.0470344
0.0824888
0.0992503
0.104084
-0.582778
-0.592985
-0.617009
-0.648528
-0.668373
-0.643174
-0.566064
-0.481415
-0.392655
-0.321544
-0.266893
-0.2289
-0.206717
-0.161691
-0.0916285
-0.0307242
0.00652144
0.0314976
0.0425709
0.0457549
-0.247371
-0.252935
-0.266886
-0.290872
-0.316208
-0.328951
-0.326563
-0.310553
-0.285614
-0.25148
-0.217546
-0.184487
-0.155795
-0.116776
-0.0707448
-0.0398011
-0.0151365
0.00508889
0.0157231
0.0177605
-0.0191002
-0.021531
-0.0286724
-0.047298
-0.0797349
-0.119543
-0.155375
-0.1804
-0.192962
-0.186596
-0.165605
-0.137873
-0.104614
-0.0814648
-0.0492889
-0.0311807
-0.0178022
-0.00799774
-0.00415918
-0.00375986
0.0757966
0.0744765
0.0697883
0.0546106
0.0244081
-0.0180344
-0.0632395
-0.10042
-0.126343
-0.135569
-0.12581
-0.10164
-0.0676235
-0.0540296
-0.0449522
-0.035541
-0.025873
-0.0174539
-0.0137609
-0.014345
0.0920463
0.091206
0.0878405
0.07672
0.0537596
0.0202245
-0.0178875
-0.054792
-0.084435
-0.10057
-0.0991381
-0.0798974
-0.052104
-0.0429553
-0.0443593
-0.0456234
-0.0399338
-0.033482
-0.0311392
-0.032157
0.0771941
0.0767089
0.0743981
0.0668315
0.0508719
0.0266285
-0.00303884
-0.0339234
-0.0617257
-0.081313
-0.0873169
-0.0778878
-0.0587669
-0.0603833
-0.0668442
-0.067234
-0.0634737
-0.0607463
-0.0610151
-0.0625151
0.0539878
0.0537371
0.0521721
0.0470924
0.0362113
0.019072
-0.00320012
-0.0283274
-0.0535885
-0.0759818
-0.0907973
-0.095722
-0.0928263
-0.0998724
-0.114482
-0.114025
-0.108602
-0.104939
-0.104723
-0.105931
0.0313454
0.0312467
0.0301986
0.0267794
0.0193446
0.00721834
-0.00948404
-0.0298418
-0.0528625
-0.0780294
-0.103911
-0.131436
-0.155936
-0.175933
-0.175368
-0.164847
-0.157213
-0.155243
-0.155821
-0.15658
0.0127629
0.01268
0.0119126
0.00954942
0.00438778
-0.00439655
-0.017072
-0.0339031
-0.0550339
-0.0824416
-0.119161
-0.170242
-0.222497
-0.24451
-0.230701
-0.212218
-0.203417
-0.201908
-0.202951
-0.202988
-0.0008565
-0.000897995
-0.00149437
-0.00316762
-0.00679518
-0.0132013
-0.0229546
-0.0367866
-0.0557616
-0.0835698
-0.125313
-0.188667
-0.253604
-0.266409
-0.246048
-0.231292
-0.22801
-0.230126
-0.231795
-0.231185
-0.0094801
-0.00951942
-0.00997078
-0.0111333
-0.0136511
-0.0182309
-0.0256149
-0.0366387
-0.0527572
-0.0777684
-0.116896
-0.175184
-0.228163
-0.231255
-0.216802
-0.214029
-0.21938
-0.226329
-0.228734
-0.228098
-0.0134601
-0.0134931
-0.0138235
-0.0146172
-0.0162842
-0.0194188
-0.0247572
-0.0330674
-0.0456916
-0.0653055
-0.0952085
-0.136088
-0.166991
-0.165181
-0.16361
-0.171892
-0.183773
-0.19213
-0.194416
-0.19395
-0.0135168
-0.0135456
-0.0137737
-0.0142498
-0.0152477
-0.0171931
-0.0207317
-0.0264023
-0.0350483
-0.0481042
-0.0657091
-0.085167
-0.0945666
-0.0908779
-0.097449
-0.113624
-0.128644
-0.136697
-0.138601
-0.13849
-0.0104415
-0.0104589
-0.0105935
-0.0108152
-0.0112766
-0.0122926
-0.0142739
-0.0176046
-0.0226403
-0.029602
-0.0364042
-0.0376121
-0.0254396
-0.0237281
-0.0400787
-0.0592624
-0.0712582
-0.0756848
-0.0765676
-0.0770685
-0.001813
-0.00183182
-0.00182952
-0.00177254
-0.00170041
-0.00181965
-0.00217758
-0.0027703
-0.00350826
-0.00409516
-0.00190985
0.00349949
0.00829499
-0.0015129
-0.00425264
-0.00666683
-0.0054296
-0.00655091
-0.00754108
-0.0265831
-0.706977
-0.269709
0.0667421
0.286409
0.44949
0.575309
0.674112
0.756998
0.844948
0.897317
0.00366786
0.16996
0.315317
0.446594
0.557496
0.648722
0.723322
0.782234
0.814642
0.822117
0.287582
0.379543
0.479547
0.570137
0.648104
0.713801
0.766876
0.806338
0.83338
0.853376
0.4684
0.534449
0.604143
0.669384
0.726205
0.774407
0.814024
0.845985
0.87142
0.891206
0.606956
0.655882
0.706859
0.755399
0.798611
0.836229
0.868624
0.896427
0.919154
0.936661
0.718816
0.758779
0.797422
0.83526
0.870421
0.902119
0.930254
0.954664
0.974273
0.990407
0.81575
0.847946
0.881592
0.914409
0.945519
0.974149
0.99977
1.02185
1.03919
1.05379
0.90413
0.934085
0.966264
0.997894
1.02784
1.05536
1.07977
1.10037
1.11592
1.12925
0.992762
1.02493
1.05899
1.0917
1.12216
1.1496
1.17336
1.19283
1.20703
1.21947
1.09346
1.1297
1.16735
1.20193
1.23301
1.26003
1.28269
1.30084
1.31419
1.32671
1.21865
1.25764
1.29732
1.33162
1.36112
1.38614
1.40703
1.4241
1.43752
1.45097
1.37763
1.41342
1.44865
1.47725
1.50146
1.52283
1.54206
1.55933
1.57426
1.58873
1.56577
1.58819
1.6119
1.63177
1.65007
1.66746
1.68399
1.70037
1.71655
1.73221
1.75836
1.7665
1.78031
1.79517
1.80961
1.82256
1.8342
1.84543
1.85716
1.87328
1.95349
1.95343
1.96341
1.96684
1.96782
1.97221
1.9827
1.99761
2.01199
2.02637
2.25044
2.19488
2.14036
2.10074
2.07852
2.07439
2.08792
2.12167
2.17947
2.25987
0.804667
0.752157
0.709281
0.676267
0.652519
0.635394
0.62295
0.613945
0.607722
0.604133
0.603712
0.606644
0.612186
0.620217
0.631169
0.646002
0.666328
0.694505
0.732534
0.781881
0.615728
0.624673
0.631427
0.631667
0.626963
0.620184
0.613448
0.607831
0.603888
0.602168
0.603359
0.607027
0.612424
0.619091
0.626327
0.63262
0.63537
0.631922
0.622833
0.616513
0.588436
0.590639
0.595497
0.599637
0.603173
0.605197
0.605011
0.603212
0.600979
0.599395
0.5994
0.601218
0.603956
0.606636
0.608126
0.607467
0.604727
0.601005
0.596606
0.591945
0.583247
0.584204
0.5867
0.589153
0.591033
0.592675
0.594046
0.59474
0.594738
0.594574
0.594939
0.595945
0.596915
0.597201
0.596566
0.595336
0.593842
0.59186
0.589372
0.587266
0.577938
0.578417
0.579862
0.581937
0.583849
0.585309
0.58645
0.587459
0.588302
0.588981
0.589633
0.590182
0.590372
0.590141
0.589594
0.588703
0.587285
0.585422
0.583723
0.582664
0.572895
0.573193
0.574113
0.575597
0.577272
0.578883
0.580257
0.5814
0.582427
0.583393
0.584227
0.584739
0.584864
0.584636
0.584015
0.582972
0.581642
0.580281
0.579196
0.578553
0.567992
0.568204
0.56889
0.570055
0.571435
0.572898
0.574378
0.575757
0.576994
0.578135
0.579135
0.579771
0.579943
0.579663
0.578987
0.578069
0.577071
0.576075
0.575299
0.574844
0.563202
0.563363
0.563907
0.564883
0.566096
0.567427
0.568853
0.57033
0.571783
0.573164
0.574378
0.575156
0.575389
0.575172
0.574653
0.573973
0.573223
0.572474
0.571901
0.57156
0.558465
0.558592
0.559037
0.559878
0.560994
0.562259
0.563644
0.565153
0.566757
0.568386
0.569862
0.570842
0.571242
0.571222
0.570933
0.570477
0.569926
0.569379
0.568965
0.5687
0.553697
0.553799
0.554175
0.554926
0.555979
0.557208
0.558599
0.560166
0.561906
0.563772
0.565555
0.566838
0.567515
0.567757
0.567706
0.567469
0.567123
0.566756
0.566466
0.566255
0.548811
0.548895
0.549221
0.549913
0.550933
0.552163
0.5536
0.555269
0.557184
0.559321
0.561474
0.563151
0.564177
0.564722
0.564934
0.564927
0.564786
0.564586
0.5644
0.564231
0.543719
0.543789
0.544081
0.54474
0.545759
0.547035
0.548558
0.550374
0.552523
0.555004
0.557613
0.559767
0.561206
0.562103
0.562614
0.562855
0.562923
0.562882
0.562786
0.562649
0.538331
0.53839
0.53866
0.539312
0.540365
0.541729
0.543388
0.545412
0.547871
0.550791
0.553962
0.556687
0.558611
0.559912
0.560759
0.561275
0.561565
0.561682
0.561665
0.561552
0.532548
0.532597
0.532856
0.533523
0.534647
0.536143
0.537997
0.540305
0.543164
0.546636
0.550496
0.553907
0.556407
0.558176
0.559404
0.560241
0.560769
0.561044
0.561099
0.561005
0.526253
0.526293
0.52655
0.527255
0.528488
0.530168
0.532288
0.534967
0.538337
0.542492
0.547193
0.551433
0.554615
0.556935
0.558604
0.559791
0.560587
0.561035
0.561161
0.561083
0.519308
0.519338
0.519601
0.520366
0.52175
0.523675
0.526139
0.529289
0.533296
0.538296
0.544023
0.54926
0.553255
0.556229
0.558418
0.56001
0.561115
0.561747
0.561943
0.561878
0.511544
0.511562
0.511835
0.512684
0.514265
0.516507
0.51941
0.523154
0.527954
0.533989
0.540961
0.547402
0.552369
0.556113
0.558919
0.560994
0.56245
0.563284
0.56355
0.563494
0.502718
0.50274
0.503039
0.503988
0.505824
0.508472
0.511933
0.516428
0.522224
0.529541
0.538025
0.545899
0.552016
0.556665
0.560194
0.562841
0.564701
0.565756
0.566095
0.566045
0.492531
0.492543
0.492885
0.493982
0.496157
0.49933
0.503503
0.508951
0.515999
0.524901
0.535217
0.544795
0.552261
0.557973
0.562349
0.565652
0.567982
0.569281
0.569693
0.569647
0.480624
0.480628
0.481008
0.482304
0.484915
0.488764
0.493854
0.500518
0.50914
0.520005
0.53254
0.544127
0.553165
0.560118
0.565484
0.56955
0.572414
0.573973
0.574455
0.574407
0.466446
0.466444
0.466889
0.468449
0.47163
0.476368
0.482659
0.490896
0.501506
0.514788
0.529992
0.543952
0.554812
0.563187
0.569705
0.57464
0.578095
0.579923
0.58047
0.580415
0.449238
0.449229
0.449766
0.451707
0.455678
0.461626
0.469529
0.479843
0.49302
0.509308
0.527693
0.544389
0.557309
0.567288
0.575093
0.581001
0.585098
0.587192
0.587788
0.58772
0.427853
0.427836
0.428534
0.431062
0.436189
0.443859
0.454002
0.467118
0.483618
0.503623
0.525747
0.545537
0.560748
0.572504
0.581703
0.588686
0.593446
0.595774
0.596393
0.596304
0.400541
0.400518
0.401498
0.405004
0.41195
0.422207
0.435589
0.452554
0.473342
0.497859
0.524297
0.547515
0.565213
0.578884
0.589581
0.597704
0.603081
0.605576
0.60618
0.60606
0.364252
0.364237
0.365837
0.371232
0.381416
0.395793
0.413988
0.436224
0.462449
0.492311
0.523593
0.550512
0.570812
0.586473
0.598739
0.607972
0.613849
0.616393
0.61693
0.616771
0.313252
0.313444
0.317074
0.326841
0.343084
0.364242
0.389457
0.418642
0.451485
0.487465
0.523981
0.554731
0.577668
0.595298
0.609076
0.619316
0.625481
0.627905
0.62832
0.628121
0.240259
0.24253
0.253224
0.272231
0.298413
0.329101
0.363237
0.400579
0.440829
0.48349
0.525688
0.560622
0.586467
0.6063
0.621727
0.632854
0.639169
0.641419
0.641719
0.641514
0.163084
0.168463
0.187519
0.216564
0.253367
0.293911
0.337046
0.382686
0.430682
0.480619
0.529369
0.569418
0.598948
0.621527
0.638943
0.651055
0.657319
0.659235
0.659436
0.659307
0.0956295
0.101954
0.127175
0.164904
0.210926
0.260534
0.312324
0.366101
0.421689
0.478681
0.533706
0.578578
0.611517
0.63663
0.655705
0.668404
0.674446
0.676132
0.676313
0.676244
0.0404518
0.0473243
0.0765965
0.120427
0.173335
0.230324
0.289586
0.350725
0.41341
0.477107
0.538106
0.58753
0.623622
0.650965
0.671518
0.684871
0.691066
0.692811
0.693014
0.692982
-0.0053355
0.00187004
0.0338098
0.0823207
0.140682
0.203671
0.269216
0.336784
0.405871
0.475771
0.542377
0.596133
0.635213
0.664695
0.686708
0.700943
0.707629
0.709442
0.709672
0.70967
-0.0443128
-0.0369234
-0.00314905
0.0490182
0.111931
0.180014
0.250954
0.324137
0.398958
0.474574
0.546465
0.604324
0.646314
0.677876
0.701346
0.716556
0.723773
0.725746
0.726029
0.726049
-0.0784869
-0.0709863
-0.0358377
0.0193028
0.0860496
0.158525
0.234216
0.312436
0.392493
0.473416
0.55028
0.612022
0.656738
0.690275
0.715146
0.731228
0.738928
0.741188
0.741556
0.741584
-0.109341
-0.101735
-0.065449
-0.00780834
0.0622413
0.138546
0.218462
0.301256
0.38615
0.472035
0.553621
0.619068
0.666336
0.701703
0.72779
0.744678
0.752838
0.755385
0.755827
0.75585
-0.137826
-0.130122
-0.0928619
-0.0330606
0.0398908
0.119563
0.203251
0.290209
0.3796
0.470197
0.556325
0.625344
0.675043
0.712067
0.739276
0.756795
0.765336
0.768097
0.768593
0.768604
-0.164715
-0.156895
-0.118699
-0.0569868
0.0185368
0.101194
0.188268
0.279034
0.372619
0.467719
0.558263
0.630793
0.682849
0.721436
0.749601
0.767613
0.776397
0.779289
0.779809
0.779804
-0.190447
-0.182492
-0.14343
-0.0799634
-0.00215493
0.0831698
0.173306
0.267557
0.365042
0.464447
0.559346
0.635388
0.689804
0.72989
0.758896
0.777255
0.78614
0.789097
0.789617
0.789581
-0.215363
-0.207229
-0.167337
-0.102261
-0.0224047
0.0653079
0.158214
0.255652
0.356771
0.460291
0.559512
0.639138
0.695977
0.737563
0.767317
0.785904
0.79481
0.797749
0.79826
0.798202
-0.239608
-0.231304
-0.190597
-0.124041
-0.0423438
0.0475096
0.14291
0.24326
0.347752
0.455188
0.558691
0.642033
0.701446
0.744595
0.775084
0.793794
0.802605
0.805459
0.80592
0.805848
-0.26332
-0.254836
-0.213314
-0.14539
-0.0620368
0.0297262
0.127371
0.230361
0.337965
0.449103
0.55684
0.644067
0.706277
0.751133
0.78234
0.801056
0.809653
0.812369
0.812753
0.812637
-0.286577
-0.277882
-0.235545
-0.166338
-0.0815039
0.0119604
0.111613
0.216978
0.32741
0.442019
0.553907
0.645197
0.710511
0.757311
0.789247
0.807819
0.816054
0.818517
0.818789
0.81864
-0.309367
-0.300452
-0.257289
-0.186883
-0.100735
-0.00576047
0.0956659
0.203152
0.316142
0.433957
0.549858
0.645353
0.714136
0.763253
0.796005
0.814245
0.821893
0.82397
0.824106
0.823931
-0.331623
-0.322493
-0.278505
-0.207007
-0.119689
-0.0233907
0.0796067
0.188957
0.304227
0.424942
0.544658
0.644449
0.717084
0.769026
0.802865
0.820646
0.827362
0.828816
0.82876
0.828571
-0.353286
-0.34395
-0.299162
-0.226684
-0.138317
-0.0408546
0.0635047
0.174479
0.29174
0.415046
0.53829
0.642383
0.719226
0.774584
0.810081
0.827542
0.832907
0.83324
0.832807
0.832623
-0.374365
-0.364795
-0.319237
-0.245865
-0.156572
-0.058077
0.0474526
0.159815
0.27878
0.404344
0.530776
0.639064
0.720387
0.779721
0.817727
0.835608
0.839539
0.837931
0.83644
0.836198
-0.394748
-0.38496
-0.338694
-0.264498
-0.174382
-0.0750023
0.0315383
0.14506
0.265456
0.392941
0.522142
0.63439
0.720369
0.78407
0.825475
0.845254
0.84888
0.845098
0.840993
0.838636
-0.414487
-0.404482
-0.357505
-0.282585
-0.191776
-0.091649
0.0157414
0.130184
0.251737
0.380801
0.512322
0.628125
0.718914
0.787246
0.832604
0.856007
0.861948
0.857908
0.849873
0.837954
-0.433551
-0.423408
-0.375777
-0.300305
-0.209002
-0.108329
-0.000321312
0.114712
0.237072
0.36728
0.500662
0.619514
0.715357
0.788722
0.837887
0.865599
0.87568
0.871224
0.861438
0.832919
-0.452007
-0.441779
-0.393439
-0.317471
-0.225894
-0.124857
-0.0164327
0.0988748
0.221708
0.352577
0.487252
0.608285
0.708895
0.787626
0.839069
0.867155
0.877848
0.873911
0.827382
0.776598
-0.471493
-0.458713
-0.410376
-0.333956
-0.242596
-0.141366
-0.0328278
0.0826879
0.205617
0.336634
0.471925
0.594084
0.698053
0.783448
0.833994
0.851393
0.858128
0.828485
0.76939
0.711643
-0.495346
-0.49108
-0.431403
-0.347559
-0.256505
-0.155505
-0.0492123
0.066779
0.189485
0.320223
0.45526
0.577368
0.681601
0.778628
0.804355
0.819797
0.796
0.741233
0.675136
0.612865
-0.473519
-0.465672
-0.406485
-0.32276
-0.226148
-0.121868
-0.0106449
0.108081
0.233948
0.36861
0.498064
0.607758
0.702897
0.793007
0.801118
0.716938
0.646559
0.589034
0.525747
0.401669
-0.508806
-0.480853
-0.420226
-0.335755
-0.239345
-0.135313
-0.0246152
0.0934535
0.218427
0.351589
0.478881
0.585871
0.670518
0.735091
0.705347
0.585025
0.486194
0.419735
0.349345
0.213763
-0.534998
-0.501405
-0.439283
-0.355203
-0.258893
-0.154996
-0.0442155
0.0730961
0.196788
0.327727
0.451694
0.553711
0.628753
0.655958
0.579678
0.435655
0.320993
0.242075
0.15198
-0.0315665
-0.559121
-0.523993
-0.46012
-0.375504
-0.279199
-0.175356
-0.0649102
0.0515015
0.173667
0.30194
0.421499
0.516221
0.577547
0.568317
0.439623
0.276096
0.134639
0.0262963
-0.0826051
-0.36017
-0.582812
-0.546894
-0.4818
-0.396455
-0.300011
-0.19634
-0.0865195
0.028828
0.149228
0.274431
0.38869
0.475236
0.517897
0.47521
0.299579
0.114507
-0.0627846
-0.206711
-0.38689
-0.746295
-0.606513
-0.570472
-0.504598
-0.418708
-0.322056
-0.218582
-0.109391
0.00479052
0.123194
0.244967
0.353253
0.431759
0.452417
0.355415
0.16686
-0.0356898
-0.225059
-0.3907
-0.581703
-0.924024
-0.631345
-0.595161
-0.528812
-0.442524
-0.345708
-0.242402
-0.133812
-0.0208284
0.0954167
0.21348
0.315546
0.383311
0.376757
0.237584
0.0464787
-0.160212
-0.347033
-0.479229
-0.535233
-0.574451
-0.657708
-0.621401
-0.554741
-0.468249
-0.371447
-0.268476
-0.160671
-0.0491772
0.0644692
0.178122
0.273514
0.326679
0.296492
0.123917
-0.0671056
-0.258001
-0.412304
-0.474455
-0.493273
-0.496533
-0.685897
-0.649369
-0.582441
-0.495865
-0.399248
-0.296803
-0.190057
-0.0803883
0.0302205
0.138746
0.22681
0.262523
0.211487
0.0176671
-0.168862
-0.338716
-0.445947
-0.463672
-0.468644
-0.46883
-0.716053
-0.67915
-0.611941
-0.525353
-0.429075
-0.327391
-0.221978
-0.114476
-0.00736583
0.0953941
0.174839
0.196707
0.106446
-0.0785603
-0.257468
-0.39927
-0.448211
-0.455526
-0.455828
-0.45551
-0.748045
-0.710686
-0.643195
-0.556698
-0.460913
-0.360213
-0.256425
-0.151454
-0.0482606
0.048146
0.118157
0.123311
0.00503589
-0.166583
-0.330309
-0.432446
-0.44676
-0.447251
-0.447681
-0.447404
-0.781416
-0.743712
-0.676013
-0.589726
-0.494619
-0.39516
-0.293326
-0.191274
-0.0923458
-0.00276649
0.0580133
0.0454108
-0.0856298
-0.246081
-0.385248
-0.432924
-0.443593
-0.442413
-0.441997
-0.441651
-0.81578
-0.777788
-0.710006
-0.624103
-0.529912
-0.43199
-0.332462
-0.233734
-0.139398
-0.0566539
-0.00681127
-0.0309168
-0.169541
-0.313357
-0.417421
-0.438276
-0.438063
-0.439154
-0.439017
-0.438658
-0.850167
-0.812241
-0.744536
-0.65928
-0.566309
-0.470277
-0.373453
-0.27847
-0.189131
-0.112626
-0.0753709
-0.102265
-0.243228
-0.362644
-0.433551
-0.4407
-0.439063
-0.43836
-0.437784
-0.437476
-0.883428
-0.845995
-0.778678
-0.694448
-0.603115
-0.509402
-0.415716
-0.324869
-0.241004
-0.170193
-0.140329
-0.179831
-0.304599
-0.406128
-0.436595
-0.443984
-0.439387
-0.436137
-0.435037
-0.434706
-0.914009
-0.877518
-0.811168
-0.728517
-0.639357
-0.548491
-0.458451
-0.372134
-0.29403
-0.229082
-0.202337
-0.254139
-0.352893
-0.440311
-0.467764
-0.454394
-0.441239
-0.433132
-0.431456
-0.430944
-0.939861
-0.905091
-0.840359
-0.760043
-0.673774
-0.586407
-0.500586
-0.41929
-0.346945
-0.288356
-0.266073
-0.318399
-0.384279
-0.44414
-0.466795
-0.464201
-0.454835
-0.450222
-0.447576
-0.445935
-0.958527
-0.926218
-0.864212
-0.787274
-0.704832
-0.621767
-0.540774
-0.465159
-0.398588
-0.346249
-0.326875
-0.380146
-0.407438
-0.418712
-0.44015
-0.485958
-0.516517
-0.520046
-0.514102
-0.510704
-0.967533
-0.938262
-0.88048
-0.808266
-0.730797
-0.653002
-0.577471
-0.50809
-0.447907
-0.401932
-0.380079
-0.450028
-0.478016
-0.417541
-0.469013
-0.537169
-0.572299
-0.574951
-0.569468
-0.567991
-0.963837
-0.9387
-0.88714
-0.820977
-0.749911
-0.678456
-0.60915
-0.545914
-0.493592
-0.454867
-0.430127
-0.526711
-0.659273
-0.671518
-0.653448
-0.619452
-0.592663
-0.580329
-0.577187
-0.577371
-0.943642
-0.92522
-0.882241
-0.823832
-0.760696
-0.696607
-0.634356
-0.576791
-0.532223
-0.502728
-0.493182
-0.584008
-0.83552
-1.07634
-0.959016
-0.72484
-0.596019
-0.560447
-0.552633
-0.549959
-0.908709
-0.896172
-0.86429
-0.816215
-0.762273
-0.706652
-0.651476
-0.599935
-0.55955
-0.539521
-0.530179
-0.563538
-0.579224
-0.697099
-0.594913
-0.520774
-0.492019
-0.470441
-0.459929
-0.456304
-0.863821
-0.856221
-0.836235
-0.79969
-0.755528
-0.708537
-0.660137
-0.614108
-0.573841
-0.554348
-0.529501
-0.410545
-0.103422
0.146574
0.153254
-0.055175
-0.245997
-0.315865
-0.328629
-0.326691
-0.817853
-0.813766
-0.80315
-0.778659
-0.743599
-0.703645
-0.66126
-0.61788
-0.579184
-0.54773
-0.52485
-0.390839
-0.208142
-0.0501047
-0.211205
-0.424442
-0.523721
-0.45924
-0.406152
-0.411589
-0.780287
-0.7781
-0.772561
-0.756755
-0.729928
-0.695416
-0.656306
-0.614602
-0.571557
-0.539867
-0.536059
-0.527094
-0.672946
-0.926118
-1.14328
-1.35437
-1.43319
-1.37276
-1.26821
-1.2305
-0.752603
-0.751456
-0.749213
-0.740244
-0.718982
-0.687668
-0.649496
-0.604913
-0.556923
-0.514607
-0.474892
-0.557755
-0.868041
-1.45218
-1.85083
-1.90844
-1.76582
-1.5363
-1.32994
-1.25218
-0.734417
-0.733892
-0.733055
-0.728622
-0.712522
-0.682426
-0.64147
-0.592793
-0.538281
-0.468037
-0.400983
-0.365102
-0.534991
-0.690054
-0.749792
-0.687027
-0.427775
-0.149972
0.0334579
0.108441
-0.723278
-0.723006
-0.722446
-0.721058
-0.709689
-0.679554
-0.634427
-0.579869
-0.510036
-0.425228
-0.313709
-0.15703
0.0107075
0.231463
0.549159
0.891622
1.24222
1.47871
1.58604
1.62188
-0.716089
-0.716112
-0.716136
-0.716182
-0.708424
-0.678621
-0.629826
-0.567356
-0.489578
-0.387502
-0.259236
-0.108909
0.123911
0.530684
1.07207
1.554
1.91837
2.10983
2.18623
2.20214
-0.708836
-0.709644
-0.711083
-0.712354
-0.705611
-0.677616
-0.629829
-0.565404
-0.477904
-0.360866
-0.240887
-0.0985161
0.122828
0.539625
1.02662
1.45599
1.75773
1.91092
1.96147
1.96994
-0.704765
-0.704262
-0.699748
-0.691929
-0.687295
-0.674776
-0.640322
-0.571957
-0.476781
-0.36011
-0.238528
-0.122471
0.0478425
0.386153
0.755048
1.07865
1.30161
1.40458
1.43721
1.44302
-0.731945
-0.727631
-0.711837
-0.688647
-0.681398
-0.692883
-0.669062
-0.587398
-0.481802
-0.367251
-0.251173
-0.153596
-0.0358365
0.209887
0.470809
0.682262
0.814849
0.87442
0.897714
0.90321
-0.806386
-0.803585
-0.803064
-0.807023
-0.803796
-0.794737
-0.728345
-0.609524
-0.485192
-0.370963
-0.265101
-0.188067
-0.0904113
0.0788198
0.240925
0.36023
0.430475
0.467237
0.486239
0.49317
-0.924081
-0.936034
-0.970244
-0.996709
-0.991367
-0.939439
-0.799099
-0.629263
-0.48689
-0.369607
-0.282085
-0.221213
-0.169108
-0.0214768
0.102959
0.183104
0.230509
0.254676
0.269843
0.275123
-0.989336
-1.0103
-1.04455
-1.0681
-1.0596
-0.984896
-0.80093
-0.618169
-0.47655
-0.36215
-0.284591
-0.24299
-0.201232
-0.1085
-0.0134496
0.0704322
0.120811
0.151257
0.164866
0.168153
-0.879096
-0.89934
-0.932004
-0.958585
-0.950222
-0.861853
-0.697965
-0.555971
-0.431396
-0.336612
-0.276938
-0.240637
-0.217639
-0.115539
-0.032004
0.0254488
0.0669183
0.0929526
0.102788
0.104062
-0.586369
-0.603413
-0.632634
-0.661623
-0.662876
-0.60817
-0.524091
-0.436772
-0.354256
-0.293317
-0.245587
-0.213605
-0.194656
-0.130093
-0.0562541
-0.0106616
0.0207545
0.0385462
0.0448225
0.0457981
-0.249539
-0.258603
-0.277877
-0.304139
-0.324958
-0.328927
-0.320242
-0.298648
-0.270985
-0.232272
-0.199997
-0.168194
-0.136341
-0.0950845
-0.0531162
-0.0275757
-0.00379636
0.0115397
0.017623
0.0173762
-0.020194
-0.0240479
-0.0362834
-0.0620066
-0.0992403
-0.138562
-0.168968
-0.188815
-0.192448
-0.175558
-0.154907
-0.119211
-0.0915447
-0.0632205
-0.0386947
-0.0245205
-0.0121576
-0.00547165
-0.00356055
-0.00428567
0.0751576
0.0729861
0.0638585
0.041401
0.0042538
-0.0408521
-0.0832045
-0.114743
-0.133191
-0.133023
-0.115525
-0.0850524
-0.0571284
-0.0503157
-0.0395091
-0.0311756
-0.0211015
-0.0148431
-0.0138142
-0.0150567
0.0916776
0.0901359
0.0835407
0.0667755
0.0380121
0.00146716
-0.0368854
-0.0705153
-0.0945537
-0.102293
-0.09177
-0.065381
-0.043503
-0.0444465
-0.0457277
-0.0433535
-0.0363712
-0.0318683
-0.0313279
-0.0329033
0.0770149
0.0759678
0.071477
0.0599789
0.0396528
0.0122783
-0.0185562
-0.0483233
-0.0728906
-0.0863377
-0.0841998
-0.0677307
-0.0554389
-0.0661639
-0.068062
-0.065519
-0.0615878
-0.0605144
-0.0615614
-0.0631912
0.0539244
0.0532317
0.0502137
0.0424573
0.0283627
0.0085106
-0.0155402
-0.040997
-0.0653312
-0.0843695
-0.0945777
-0.0946479
-0.094784
-0.108222
-0.115518
-0.111383
-0.106294
-0.104826
-0.105235
-0.106473
0.0313338
0.0309197
0.0288794
0.0236366
0.0138533
-0.000552997
-0.0192894
-0.0410344
-0.0651554
-0.0910608
-0.117863
-0.143083
-0.167353
-0.178854
-0.170195
-0.160168
-0.1553
-0.155394
-0.156244
-0.156952
0.0127754
0.0124181
0.0109971
0.00738386
0.000458052
-0.0102086
-0.0249943
-0.0438762
-0.0677543
-0.0994403
-0.143129
-0.19907
-0.239063
-0.239834
-0.220831
-0.206636
-0.202311
-0.202471
-0.203006
-0.203153
-0.000836303
-0.00110187
-0.0021542
-0.0046851
-0.00961607
-0.0176264
-0.0292998
-0.0455529
-0.068309
-0.102327
-0.154826
-0.223872
-0.268212
-0.257224
-0.236734
-0.228654
-0.228595
-0.231361
-0.231546
-0.231101
-0.00946481
-0.00968378
-0.0104327
-0.0121817
-0.0156388
-0.0215351
-0.030599
-0.0439277
-0.0634748
-0.0953821
-0.144315
-0.205659
-0.235685
-0.223649
-0.213962
-0.216037
-0.223252
-0.228152
-0.228518
-0.227898
-0.0134488
-0.0136166
-0.0141438
-0.01531
-0.0176296
-0.0217718
-0.0284678
-0.0387516
-0.0543367
-0.0791228
-0.114824
-0.155579
-0.168212
-0.163183
-0.166261
-0.177923
-0.188752
-0.193928
-0.194262
-0.193726
-0.0135096
-0.0136362
-0.0139689
-0.0146603
-0.016071
-0.0187299
-0.0232596
-0.0302992
-0.0408572
-0.0567484
-0.0755607
-0.0927849
-0.0971101
-0.0921177
-0.105106
-0.12183
-0.133628
-0.138281
-0.138591
-0.138382
-0.0104353
-0.0105166
-0.0106895
-0.0109977
-0.0116999
-0.0131238
-0.0157604
-0.0198988
-0.0258187
-0.0336556
-0.0377412
-0.0346332
-0.0158357
-0.0298184
-0.0511182
-0.0663631
-0.0745187
-0.0759267
-0.0768877
-0.077106
-0.00506563
-0.00506421
-0.00510956
-0.00516106
-0.00524027
-0.00555105
-0.00623525
-0.00757932
-0.00981642
-0.0124275
-0.0139417
-0.00819717
0.00602775
0.0079588
-0.00388031
-0.0179874
-0.0250096
-0.0265758
-0.0259984
-0.0266526
-0.465696
-0.083775
0.185866
0.371684
0.51583
0.626666
0.717603
0.798426
0.883735
0.87455
0.0908058
0.243517
0.383546
0.504712
0.605456
0.687859
0.755122
0.802802
0.818509
0.831674
0.33144
0.429895
0.526463
0.610686
0.682481
0.741979
0.788332
0.821174
0.84369
0.862684
0.500831
0.56924
0.637752
0.698892
0.751384
0.795263
0.830855
0.859554
0.881391
0.900956
0.630885
0.681317
0.731712
0.777726
0.818101
0.853039
0.883071
0.908581
0.927647
0.946376
0.738907
0.77811
0.816568
0.85326
0.886714
0.916631
0.94296
0.965185
0.982118
1.00001
0.831018
0.864842
0.898153
0.930243
0.960178
0.987365
1.01131
1.03121
1.04607
1.06347
0.918192
0.950188
0.982225
1.01313
1.04194
1.06799
1.09062
1.10885
1.12201
1.13887
1.00773
1.04212
1.07555
1.10727
1.1363
1.16197
1.18368
1.20063
1.21256
1.22897
1.11019
1.14893
1.18503
1.21795
1.24705
1.27192
1.29234
1.30808
1.31975
1.33594
1.23653
1.27816
1.3151
1.34694
1.37416
1.39708
1.41603
1.43121
1.44367
1.45981
1.39371
1.43195
1.46367
1.48976
1.51245
1.5327
1.55095
1.56711
1.58115
1.59709
1.57568
1.6006
1.62217
1.64103
1.6589
1.6758
1.69215
1.7086
1.72424
1.74035
1.76132
1.77309
1.78772
1.80253
1.81629
1.82849
1.8398
1.85118
1.86408
1.88477
1.94896
1.95898
1.96587
1.96723
1.96932
1.97672
1.98985
2.00522
2.01834
2.04632
2.2252
2.16609
2.11847
2.08739
2.07425
2.07883
2.10205
2.14732
2.21783
2.29657
0.679909
0.672409
0.66349
0.650671
0.637276
0.625686
0.616479
0.609601
0.605019
0.603042
0.604304
0.608383
0.614662
0.623077
0.633752
0.646588
0.660285
0.671487
0.679275
0.685596
0.593921
0.601802
0.60894
0.613698
0.614946
0.612953
0.609212
0.605276
0.60222
0.60087
0.601959
0.605047
0.609238
0.613666
0.617059
0.617789
0.614876
0.608859
0.600867
0.594959
0.585865
0.588926
0.592017
0.594539
0.596911
0.598671
0.599156
0.598494
0.597483
0.597065
0.597906
0.599602
0.601213
0.601854
0.601033
0.599102
0.596838
0.594196
0.591005
0.588643
0.580557
0.582075
0.584309
0.586469
0.588059
0.589335
0.590448
0.591228
0.591646
0.592045
0.592704
0.593346
0.593524
0.593107
0.592308
0.591213
0.589565
0.587387
0.585557
0.584473
0.575397
0.576237
0.577722
0.579565
0.581308
0.582708
0.583826
0.58482
0.58573
0.586556
0.587199
0.587504
0.587442
0.587062
0.586313
0.585088
0.58352
0.581957
0.580922
0.580288
0.57043
0.571
0.572072
0.5735
0.575045
0.576567
0.577936
0.579122
0.580202
0.581214
0.581975
0.582331
0.582283
0.581814
0.580947
0.579838
0.578656
0.577584
0.576895
0.576451
0.565588
0.566016
0.566872
0.568074
0.569404
0.570831
0.572293
0.573698
0.575001
0.576212
0.577141
0.577587
0.577541
0.577078
0.57635
0.575508
0.574631
0.573837
0.573333
0.572997
0.560835
0.561171
0.561877
0.562931
0.564159
0.565502
0.566951
0.568473
0.570003
0.571472
0.572606
0.573178
0.573244
0.572957
0.572459
0.571839
0.571178
0.570597
0.570223
0.569956
0.556094
0.556366
0.556967
0.557921
0.55909
0.560397
0.561853
0.563459
0.565178
0.566922
0.568328
0.56913
0.569427
0.569377
0.569106
0.568699
0.568234
0.567824
0.567545
0.567325
0.551278
0.551505
0.552033
0.552925
0.554057
0.555367
0.556875
0.558593
0.560509
0.562553
0.564311
0.565446
0.566043
0.566258
0.566221
0.566035
0.565757
0.565495
0.565291
0.565104
0.5463
0.546494
0.546973
0.547832
0.548965
0.550319
0.551918
0.553797
0.555963
0.558371
0.560564
0.562109
0.563059
0.563577
0.563797
0.563834
0.563744
0.563613
0.56347
0.563307
0.541073
0.54124
0.541691
0.542548
0.543723
0.545162
0.5469
0.548999
0.551492
0.55436
0.557081
0.55911
0.560471
0.561335
0.561845
0.562102
0.562213
0.562208
0.562115
0.561969
0.5355
0.535649
0.53609
0.536975
0.53823
0.539802
0.541742
0.544135
0.547046
0.550484
0.553847
0.556454
0.558296
0.559553
0.560387
0.56092
0.561223
0.561329
0.561278
0.561143
0.529477
0.529612
0.530059
0.531001
0.532378
0.534141
0.536354
0.539133
0.542576
0.54672
0.550862
0.554157
0.556564
0.558274
0.559474
0.560304
0.560821
0.561042
0.561029
0.560901
0.522874
0.522999
0.523467
0.524497
0.526046
0.528063
0.530633
0.533902
0.538006
0.543014
0.548101
0.552224
0.555302
0.557547
0.559166
0.560334
0.56109
0.561429
0.561451
0.561326
0.515541
0.515657
0.516161
0.517312
0.519085
0.521432
0.524457
0.528342
0.533264
0.539332
0.545561
0.550674
0.554548
0.557426
0.559546
0.561107
0.562126
0.562588
0.562642
0.562518
0.507286
0.507394
0.50794
0.509252
0.511316
0.514084
0.517685
0.52234
0.528276
0.535638
0.543247
0.549544
0.554359
0.557984
0.560704
0.562722
0.564036
0.564628
0.564713
0.564585
0.497792
0.497911
0.498547
0.500074
0.502513
0.505819
0.510152
0.515784
0.522988
0.531937
0.5412
0.548897
0.554816
0.559311
0.562738
0.565281
0.566931
0.567664
0.567778
0.567643
0.486791
0.48691
0.487663
0.489463
0.492382
0.496382
0.501648
0.508512
0.517298
0.528192
0.539437
0.548775
0.55599
0.561509
0.565748
0.568908
0.570934
0.571812
0.571951
0.571806
0.473798
0.473933
0.47484
0.476999
0.48054
0.485442
0.491915
0.500346
0.511102
0.524369
0.537981
0.549242
0.557957
0.564666
0.569851
0.573715
0.576149
0.577174
0.577333
0.577174
0.458171
0.45834
0.459476
0.462119
0.466487
0.472588
0.480647
0.491105
0.504341
0.520498
0.536907
0.55039
0.56081
0.568875
0.57514
0.579791
0.582662
0.583827
0.583996
0.583819
0.438975
0.439216
0.440697
0.444031
0.449557
0.457311
0.467517
0.480643
0.497026
0.516687
0.536341
0.552335
0.564661
0.574235
0.581684
0.587199
0.59051
0.591791
0.591958
0.591761
0.414805
0.415186
0.417213
0.421599
0.428838
0.438974
0.452166
0.468837
0.489189
0.513042
0.53639
0.55516
0.569576
0.580798
0.589524
0.595948
0.599658
0.601013
0.601158
0.60094
0.383352
0.384021
0.386999
0.393185
0.403179
0.416916
0.434365
0.455746
0.481005
0.509743
0.537223
0.558992
0.575629
0.58859
0.598678
0.605959
0.609971
0.61133
0.61143
0.611192
0.340521
0.341875
0.346864
0.356612
0.371441
0.390778
0.414241
0.441727
0.472917
0.507203
0.53912
0.563999
0.582895
0.59762
0.609054
0.617068
0.621186
0.622444
0.622478
0.622228
0.27877
0.282928
0.29338
0.310309
0.333326
0.361046
0.39253
0.42745
0.465397
0.505694
0.542236
0.570274
0.5914
0.607794
0.62039
0.628905
0.632874
0.633877
0.633833
0.633594
0.204844
0.212979
0.232187
0.259552
0.293022
0.330164
0.370219
0.413041
0.458324
0.505459
0.547598
0.579691
0.603812
0.622417
0.636396
0.645317
0.649196
0.650109
0.650109
0.649992
0.130686
0.144457
0.172466
0.210168
0.253752
0.300235
0.348933
0.399776
0.452513
0.506596
0.554461
0.590712
0.617914
0.638816
0.654244
0.663357
0.666777
0.667456
0.667479
0.667442
0.0694045
0.0864626
0.120346
0.165857
0.217707
0.272396
0.329056
0.387494
0.447367
0.508112
0.56143
0.601569
0.631562
0.654449
0.670871
0.680187
0.683459
0.684125
0.684224
0.684235
0.0188567
0.0379893
0.0763683
0.127677
0.185945
0.247386
0.310933
0.376224
0.442733
0.509748
0.568223
0.612024
0.644589
0.669323
0.686867
0.696516
0.699961
0.700832
0.700981
0.701029
-0.0235833
-0.00322023
0.0385379
0.0945169
0.158095
0.225205
0.294656
0.365984
0.438507
0.511363
0.574709
0.622035
0.657091
0.683612
0.702338
0.712683
0.716527
0.717529
0.717693
0.717764
-0.0603004
-0.0390943
0.00530828
0.065128
0.133206
0.205215
0.279847
0.356571
0.434599
0.512913
0.580873
0.631521
0.668987
0.697243
0.717149
0.728281
0.732494
0.733607
0.733773
0.733844
-0.0929306
-0.0711066
-0.0245392
0.0385019
0.110446
0.186746
0.266023
0.347672
0.430791
0.514222
0.586549
0.640341
0.680054
0.70991
0.730921
0.742763
0.747382
0.748597
0.748748
0.748812
-0.122676
-0.100375
-0.05197
0.0138644
0.0891778
0.169265
0.252723
0.338894
0.426771
0.515063
0.591581
0.648377
0.69015
0.721463
0.743396
0.755875
0.760858
0.762157
0.762299
0.762342
-0.150482
-0.1277
-0.0776715
-0.00936415
0.0689086
0.152362
0.239596
0.329934
0.422305
0.515262
0.595859
0.655555
0.699291
0.731921
0.754653
0.767541
0.772799
0.774158
0.774292
0.774307
-0.176884
-0.153606
-0.102134
-0.0316137
0.049283
0.135749
0.226412
0.320596
0.417202
0.51468
0.599302
0.661877
0.707517
0.741338
0.764741
0.777889
0.783259
0.784667
0.784791
0.784773
-0.202291
-0.178499
-0.125694
-0.0531889
0.0300531
0.119227
0.213013
0.31074
0.41133
0.51322
0.601871
0.667367
0.714922
0.749857
0.773771
0.787073
0.792459
0.793848
0.793968
0.793925
-0.226964
-0.202629
-0.148579
-0.0742846
0.0110622
0.102672
0.199288
0.300286
0.404625
0.510794
0.60353
0.672071
0.721605
0.757651
0.781992
0.795334
0.800661
0.802002
0.802075
0.802001
-0.251039
-0.226135
-0.170921
-0.0950054
-0.0077753
0.0860182
0.185198
0.289196
0.397049
0.507353
0.604239
0.676017
0.727688
0.764889
0.789588
0.802842
0.808019
0.809272
0.809311
0.809213
-0.274623
-0.249138
-0.192791
-0.115392
-0.0264883
0.0692603
0.170747
0.277469
0.388578
0.502857
0.603958
0.679215
0.733269
0.771722
0.796683
0.809712
0.814655
0.815761
0.815739
0.815616
-0.297678
-0.271655
-0.2142
-0.135457
-0.0450687
0.0524136
0.155961
0.265138
0.379229
0.497287
0.602621
0.681637
0.738429
0.77832
0.803448
0.816046
0.820592
0.82149
0.821403
0.821265
-0.320253
-0.293652
-0.235131
-0.155186
-0.063483
0.0355265
0.1409
0.252261
0.369056
0.490635
0.600174
0.683206
0.743186
0.784861
0.810129
0.822032
0.825927
0.826526
0.826378
0.826234
-0.342242
-0.315087
-0.255562
-0.17455
-0.0816828
0.0186736
0.125641
0.238918
0.35812
0.482915
0.596544
0.683812
0.74748
0.791475
0.817096
0.828047
0.830864
0.830945
0.830714
0.830588
-0.363657
-0.335903
-0.275474
-0.193495
-0.0995996
0.00192499
0.110274
0.225209
0.346499
0.474177
0.591675
0.683329
0.751151
0.798158
0.824773
0.834812
0.835946
0.834927
0.834467
0.834454
-0.384401
-0.356092
-0.294815
-0.211973
-0.117176
-0.0146368
0.0948824
0.211214
0.334304
0.464495
0.585527
0.681614
0.753951
0.804643
0.833368
0.843381
0.842643
0.839437
0.83787
0.838123
-0.404507
-0.375628
-0.313528
-0.22992
-0.134334
-0.0309211
0.0795929
0.197069
0.321658
0.453968
0.57809
0.678509
0.755584
0.810377
0.842429
0.854388
0.853351
0.847648
0.840928
0.827318
-0.423932
-0.394549
-0.331752
-0.247546
-0.151376
-0.0472598
0.063986
0.182307
0.308036
0.442072
0.568797
0.67345
0.755726
0.814868
0.851021
0.867257
0.868558
0.861009
0.849855
0.861465
-0.442667
-0.412852
-0.349447
-0.264802
-0.16825
-0.0636051
0.0480659
0.16695
0.293413
0.428692
0.557409
0.665725
0.753648
0.81697
0.855898
0.875566
0.880397
0.870576
0.82019
0.81068
-0.461222
-0.430671
-0.366353
-0.281398
-0.184541
-0.079584
0.0320112
0.151272
0.278092
0.414037
0.543993
0.654691
0.7486
0.815783
0.852203
0.870609
0.867949
0.832949
0.772738
0.736552
-0.482794
-0.449737
-0.381986
-0.296848
-0.199456
-0.0947977
0.016252
0.135558
0.262288
0.398225
0.52862
0.639959
0.738899
0.81014
0.851216
0.840041
0.81598
0.757416
0.692965
0.654494
-0.0561469
0.059802
0.182368
0.312844
0.447283
0.568658
0.671121
0.546283
-0.497142
-0.487873
-0.445931
-0.373344
-0.282129
-0.182033
-0.0743928
0.0403553
0.162127
0.291382
0.424555
0.545281
0.644302
0.730161
0.777363
0.728992
0.60685
0.53282
0.473775
-0.520396
-0.508788
-0.463171
-0.389492
-0.298002
-0.197837
-0.0906057
0.0236653
0.14456
0.272419
0.403239
0.520887
0.613606
0.682655
0.680668
0.57934
0.453493
0.367334
0.295924
-0.544097
-0.532176
-0.484109
-0.409351
-0.317931
-0.217649
-0.110357
0.00358215
0.123489
0.249673
0.37728
0.489838
0.572694
0.619603
0.582134
0.430814
0.288768
0.181607
0.0947891
-0.567611
-0.555663
-0.506164
-0.430178
-0.338497
-0.238226
-0.131221
-0.0180297
0.100606
0.224654
0.348493
0.454955
0.529649
0.546696
0.45794
0.281485
0.111859
-0.0330905
-0.154827
-0.591179
-0.579319
-0.528885
-0.451987
-0.359924
-0.259644
-0.153068
-0.0407804
0.07639
0.197945
0.317483
0.41673
0.481247
0.460193
0.324776
0.134938
-0.059985
-0.227303
-0.388581
-0.615308
-0.603605
-0.552678
-0.475174
-0.382766
-0.282433
-0.176218
-0.0647833
0.0508489
0.169736
0.284744
0.375972
0.424814
0.381462
0.199931
0.00321417
-0.198975
-0.378501
-0.515495
-0.640392
-0.640817
-0.629211
-0.577935
-0.500058
-0.407482
-0.307204
-0.201427
-0.090971
0.0228762
0.138651
0.248617
0.331112
0.361876
0.283723
0.0841399
-0.115743
-0.304289
-0.447365
-0.498004
-0.519138
-0.667994
-0.656436
-0.60487
-0.526757
-0.434172
-0.33415
-0.229003
-0.119808
-0.0081174
0.103974
0.208138
0.281113
0.286463
0.169309
-0.0242062
-0.214149
-0.37901
-0.454236
-0.477392
-0.480173
-0.697064
-0.68547
-0.633566
-0.555275
-0.462818
-0.363228
-0.258968
-0.151336
-0.0421912
0.0656731
0.163132
0.226356
0.202655
0.0612343
-0.123129
-0.300352
-0.422469
-0.462227
-0.46067
-0.461621
-0.728
-0.716331
-0.664042
-0.585611
-0.493409
-0.394437
-0.291325
-0.185564
-0.0793603
0.0237763
0.113823
0.165209
0.124921
-0.0403814
-0.210579
-0.370502
-0.43691
-0.449878
-0.451086
-0.451106
-0.760567
-0.748791
-0.696164
-0.617676
-0.52585
-0.427717
-0.326019
-0.222477
-0.119608
-0.0216324
0.060495
0.09878
0.049406
-0.128774
-0.28905
-0.409325
-0.449991
-0.445253
-0.444697
-0.444356
-0.794247
-0.782421
-0.729633
-0.651198
-0.559933
-0.462876
-0.362901
-0.261947
-0.162801
-0.0702053
0.0033334
0.0309057
-0.0403485
-0.208684
-0.353782
-0.426603
-0.439981
-0.440533
-0.440266
-0.439879
-0.828513
-0.816659
-0.763918
-0.685711
-0.595245
-0.499554
-0.401658
-0.303687
-0.208701
-0.121535
-0.0567846
-0.043119
-0.128825
-0.276306
-0.396385
-0.432747
-0.437339
-0.438559
-0.438551
-0.43817
-0.862359
-0.850523
-0.798181
-0.720487
-0.631159
-0.537215
-0.441798
-0.347224
-0.256828
-0.175324
-0.117382
-0.119695
-0.206159
-0.33422
-0.419717
-0.44858
-0.441058
-0.438192
-0.436903
-0.436363
-0.89404
-0.882551
-0.831231
-0.754535
-0.666792
-0.57507
-0.482608
-0.391875
-0.306408
-0.231021
-0.177475
-0.189099
-0.276114
-0.382519
-0.447189
-0.448476
-0.444045
-0.436582
-0.433296
-0.432616
-0.922346
-0.911262
-0.861508
-0.786496
-0.700963
-0.612069
-0.523121
-0.436752
-0.356446
-0.287468
-0.238731
-0.252739
-0.333533
-0.411699
-0.465699
-0.469926
-0.452019
-0.439075
-0.434464
-0.433738
-0.944515
-0.934144
-0.887032
-0.814641
-0.73218
-0.646888
-0.562108
-0.480691
-0.405911
-0.343284
-0.299491
-0.313726
-0.381232
-0.414836
-0.438785
-0.460651
-0.474838
-0.480417
-0.47773
-0.474477
-0.958394
-0.949092
-0.905477
-0.836986
-0.758706
-0.677964
-0.598125
-0.522189
-0.453713
-0.397073
-0.355959
-0.37648
-0.439981
-0.416304
-0.427646
-0.478952
-0.535812
-0.5562
-0.55288
-0.548744
-0.961315
-0.953492
-0.914474
-0.851432
-0.778643
-0.703599
-0.629627
-0.559507
-0.498116
-0.44781
-0.410666
-0.434301
-0.535781
-0.533365
-0.507322
-0.554757
-0.58097
-0.582996
-0.57748
-0.575565
-0.951067
-0.944687
-0.911731
-0.855885
-0.790243
-0.722179
-0.655003
-0.591113
-0.536332
-0.49449
-0.468536
-0.489452
-0.662761
-0.884723
-0.884875
-0.747939
-0.631663
-0.583191
-0.573236
-0.570814
-0.924149
-0.919632
-0.894589
-0.848744
-0.792299
-0.732532
-0.672761
-0.615805
-0.565817
-0.532718
-0.511613
-0.552437
-0.652939
-0.940588
-1.01589
-0.773851
-0.600222
-0.540274
-0.519342
-0.512606
-0.884076
-0.881236
-0.864872
-0.830376
-0.784855
-0.73429
-0.682422
-0.631825
-0.585981
-0.556258
-0.54436
-0.521574
-0.409756
-0.262869
-0.211627
-0.223903
-0.334107
-0.387528
-0.391282
-0.387829
-0.837968
-0.836209
-0.827975
-0.804721
-0.770327
-0.728667
-0.684251
-0.638749
-0.596559
-0.56128
-0.546997
-0.474359
-0.224688
0.131037
0.27186
0.0444922
-0.159483
-0.268071
-0.292264
-0.298928
-0.796212
-0.795061
-0.791216
-0.778083
-0.752758
-0.71863
-0.679777
-0.638318
-0.595603
-0.559937
-0.537444
-0.503456
-0.454467
-0.497923
-0.581252
-0.793587
-0.938831
-0.923097
-0.821293
-0.756324
-0.765245
-0.764574
-0.762103
-0.755335
-0.737076
-0.70855
-0.672922
-0.631632
-0.588418
-0.544701
-0.509907
-0.529771
-0.638661
-1.0804
-1.54566
-1.79134
-1.86409
-1.79323
-1.65804
-1.54442
-0.742322
-0.741824
-0.740817
-0.738138
-0.72619
-0.701276
-0.665795
-0.623353
-0.574004
-0.518554
-0.475952
-0.423711
-0.634367
-0.988721
-1.39244
-1.52629
-1.40483
-1.13154
-0.868413
-0.716483
-0.728362
-0.728186
-0.727725
-0.726399
-0.719883
-0.697525
-0.660381
-0.612837
-0.556156
-0.490726
-0.399964
-0.292044
-0.210113
-0.18541
-0.0520751
0.0805129
0.331009
0.629342
0.829256
0.921653
-0.719317
-0.719238
-0.718874
-0.718651
-0.715773
-0.696516
-0.656814
-0.603425
-0.539193
-0.454068
-0.346618
-0.211433
-0.0271417
0.230203
0.644285
1.13463
1.55048
1.84848
1.98634
2.03728
-0.712731
-0.713017
-0.713698
-0.714761
-0.713436
-0.696224
-0.655483
-0.599305
-0.526226
-0.429942
-0.313314
-0.176641
0.00354755
0.327848
0.840293
1.34736
1.75508
2.00679
2.11898
2.1484
-0.704566
-0.705262
-0.705664
-0.705227
-0.702843
-0.690523
-0.657798
-0.603758
-0.524655
-0.42118
-0.297901
-0.174639
-0.0243352
0.261371
0.690692
1.09925
1.43035
1.62235
1.69923
1.71768
-0.712708
-0.712513
-0.706464
-0.690936
-0.676797
-0.679367
-0.670366
-0.620188
-0.531081
-0.423734
-0.301356
-0.190921
-0.0810761
0.133191
0.459712
0.750373
0.97911
1.10286
1.15051
1.16375
-0.763443
-0.760699
-0.752158
-0.735637
-0.724748
-0.726401
-0.720698
-0.651445
-0.54029
-0.426486
-0.313735
-0.212672
-0.120463
0.0277741
0.242582
0.43056
0.560943
0.628159
0.66019
0.673201
-0.865002
-0.862891
-0.874485
-0.899001
-0.907107
-0.893425
-0.828856
-0.694235
-0.550573
-0.42698
-0.322029
-0.23523
-0.178607
-0.0521187
0.107092
0.217544
0.287744
0.32703
0.348864
0.360536
-0.972136
-0.977869
-1.00936
-1.04477
-1.05542
-1.02665
-0.908473
-0.715489
-0.552682
-0.422804
-0.322636
-0.256569
-0.215633
-0.140249
-0.0168527
0.0820467
0.150579
0.18414
0.204642
0.213002
-0.958403
-0.968185
-0.996575
-1.0277
-1.03864
-1.00021
-0.857627
-0.670286
-0.524755
-0.399766
-0.314495
-0.256734
-0.234164
-0.163517
-0.0725425
0.00857087
0.0654188
0.105701
0.126968
0.133209
-0.745793
-0.757268
-0.784566
-0.818314
-0.835105
-0.796938
-0.681614
-0.559939
-0.445343
-0.352829
-0.287655
-0.243685
-0.228421
-0.168586
-0.0806542
-0.0101922
0.0290537
0.0572385
0.0692995
0.0728955
-0.40902
-0.416963
-0.435912
-0.463343
-0.485142
-0.479176
-0.442902
-0.394451
-0.338351
-0.286851
-0.24323
-0.208113
-0.180857
-0.141119
-0.0882295
-0.0433603
-0.00986718
0.0144159
0.0264688
0.0294072
-0.115023
-0.118631
-0.128483
-0.149426
-0.179093
-0.208437
-0.229268
-0.23841
-0.236529
-0.217727
-0.190835
-0.160586
-0.130192
-0.0970074
-0.0554614
-0.0329665
-0.0163688
-0.00231561
0.00432612
0.00600074
0.0421383
0.0404179
0.034807
0.017887
-0.01449
-0.0582905
-0.101952
-0.135162
-0.156165
-0.158959
-0.14356
-0.118305
-0.083166
-0.0672383
-0.0475026
-0.0319813
-0.0203034
-0.0121023
-0.00887848
-0.00930097
0.0901175
0.0890605
0.0850724
0.0718913
0.0450632
0.00668951
-0.0357281
-0.0740646
-0.102762
-0.116256
-0.111019
-0.088258
-0.0575441
-0.0448563
-0.0422145
-0.0408113
-0.033529
-0.0251836
-0.021322
-0.0218268
0.0866254
0.0859762
0.0831747
0.073962
0.0547265
0.0260359
-0.0077644
-0.0417806
-0.0708408
-0.0888401
-0.0911147
-0.0766843
-0.0524585
-0.048313
-0.0529723
-0.0526612
-0.0483833
-0.044503
-0.0439096
-0.0454346
0.065875
0.0655219
0.0636199
0.0574193
0.0442348
0.0238413
-0.00192097
-0.0298456
-0.0563516
-0.0773602
-0.0876177
-0.084443
-0.0719809
-0.0769219
-0.0877674
-0.0894327
-0.0850114
-0.0818712
-0.0819014
-0.0830573
0.0423232
0.0421737
0.0408752
0.0367051
0.0277211
0.0133203
-0.00594825
-0.0285187
-0.052602
-0.0763763
-0.0964383
-0.112134
-0.121578
-0.135054
-0.143563
-0.139419
-0.132917
-0.129554
-0.129789
-0.130892
0.0214677
0.0213609
0.0204601
0.0176439
0.0114626
0.00117827
-0.0133253
-0.0318095
-0.0538529
-0.0803671
-0.111852
-0.150987
-0.189062
-0.213456
-0.205429
-0.190726
-0.181768
-0.180173
-0.180813
-0.181193
0.00531492
0.00525998
0.00457724
0.00259784
-0.00173445
-0.0092435
-0.0203523
-0.0356712
-0.0559126
-0.08364
-0.123785
-0.182559
-0.246432
-0.263839
-0.244759
-0.226723
-0.22001
-0.219261
-0.220508
-0.22021
-0.00577867
-0.00581734
-0.00632589
-0.00772921
-0.0107628
-0.0162005
-0.0247243
-0.0371059
-0.0546587
-0.0817247
-0.123032
-0.186143
-0.247229
-0.254534
-0.235744
-0.226568
-0.227313
-0.232432
-0.234644
-0.233951
-0.0120062
-0.0120417
-0.0124313
-0.0133923
-0.015456
-0.0192841
-0.0256297
-0.0352903
-0.0497327
-0.0722087
-0.107591
-0.158983
-0.200962
-0.200773
-0.192811
-0.195323
-0.204744
-0.212627
-0.214941
-0.214351
-0.0139291
-0.013959
-0.0142309
-0.0148542
-0.0161655
-0.0186777
-0.0230966
-0.0300607
-0.040697
-0.0570902
-0.0811087
-0.111867
-0.131456
-0.127392
-0.130309
-0.143502
-0.15763
-0.166342
-0.168506
-0.168108
-0.0123038
-0.0123253
-0.012505
-0.0128513
-0.0135628
-0.0150087
-0.0177329
-0.0222041
-0.0290033
-0.0388799
-0.0506582
-0.0597437
-0.0567902
-0.0561168
-0.0670469
-0.0848097
-0.098927
-0.105757
-0.106945
-0.107378
-0.00799014
-0.0080028
-0.00811032
-0.00826032
-0.00851481
-0.00915459
-0.0104577
-0.012708
-0.0162031
-0.0206348
-0.0238061
-0.0183073
-0.00515816
-0.0008722
-0.0197603
-0.0350432
-0.0462729
-0.0486983
-0.0493438
-0.0498338
-0.00505685
-0.00508618
-0.00513375
-0.00518905
-0.00535928
-0.0058253
-0.00683011
-0.00858795
-0.0110704
-0.013759
-0.0118019
-0.00242719
0.0140724
0.00421225
-0.0113733
-0.0229124
-0.0257916
-0.0265165
-0.0263219
-0.007606
-0.23838
0.0312052
0.206899
0.371732
0.505487
0.612918
0.699679
0.773311
0.820296
0.810315
0.16447
0.284405
0.404298
0.51246
0.604888
0.682278
0.745429
0.792482
0.820649
0.836992
0.384554
0.462541
0.545576
0.622193
0.688343
0.744279
0.789646
0.824504
0.851062
0.871252
0.540873
0.598175
0.657364
0.713634
0.762824
0.804973
0.840501
0.870224
0.894767
0.912898
0.665061
0.70921
0.753113
0.795827
0.834406
0.868591
0.898634
0.924618
0.945626
0.962408
0.769144
0.804312
0.839734
0.874664
0.907393
0.93725
0.963964
0.987072
1.00548
1.02069
0.860359
0.890798
0.923242
0.955299
0.985564
1.01342
1.03834
1.05959
1.07597
1.0898
0.947702
0.978294
1.01099
1.04312
1.07325
1.10065
1.12476
1.14479
1.15961
1.17227
1.04076
1.07487
1.11063
1.14445
1.17539
1.20274
1.22607
1.24492
1.25861
1.27084
1.15219
1.19021
1.22929
1.26438
1.29516
1.32142
1.34325
1.36074
1.37396
1.38678
1.29364
1.33208
1.37063
1.4029
1.43021
1.45356
1.47361
1.49063
1.50465
1.51848
1.46932
1.49931
1.52939
1.55363
1.57468
1.59404
1.61224
1.62955
1.64541
1.66033
1.6631
1.67752
1.69515
1.71195
1.72847
1.74391
1.75806
1.7721
1.78694
1.80318
1.85198
1.85624
1.86911
1.88127
1.89125
1.90056
1.91072
1.92139
1.93077
1.943
2.08089
2.06735
2.05846
2.0434
2.03234
2.03181
2.0438
2.06756
2.09939
2.13517
2.45561
2.29717
2.19175
2.13289
2.10378
2.09718
2.11243
2.1537
2.23298
2.37797
-0.476365
-0.4729
-0.430618
-0.356736
-0.265527
-0.164773
0.765782
0.821947
0.81545
0.748588
0.682207
0.616928
0.414646
0.219892
-0.00331334
-0.293623
-0.640049
)
;

boundaryField
{
    wall-4
    {
        type            zeroGradient;
    }
    pressure-outlet-7
    {
        type            fixedValue;
        value           uniform 0;
    }
    velocity-inlet-6
    {
        type            zeroGradient;
    }
    velocity-inlet-5
    {
        type            zeroGradient;
    }
    frontAndBackPlanes
    {
        type            empty;
    }
}


// ************************************************************************* //
