/*--------------------------------*- C++ -*----------------------------------*\
  =========                 |
  \\      /  F ield         | OpenFOAM: The Open Source CFD Toolbox
   \\    /   O peration     | Website:  https://openfoam.org
    \\  /    A nd           | Version:  6
     \\/     M anipulation  |
\*---------------------------------------------------------------------------*/
FoamFile
{
    version     2.0;
    format      ascii;
    class       volScalarField;
    location    "64";
    object      p;
}
// * * * * * * * * * * * * * * * * * * * * * * * * * * * * * * * * * * * * * //

dimensions      [0 2 -2 0 0 0 0];

internalField   nonuniform List<scalar> 
8800
(
0.896025
0.846714
0.808749
0.780675
0.760504
0.745905
0.735292
0.727732
0.72282
0.720716
0.722051
0.726364
0.733135
0.742543
0.755271
0.772588
0.796463
0.829559
0.872486
0.925017
0.730499
0.736845
0.745994
0.749536
0.746923
0.74083
0.733883
0.727628
0.722805
0.719906
0.719638
0.722231
0.726844
0.732951
0.740033
0.747053
0.751923
0.751796
0.74512
0.736222
0.704057
0.710293
0.71479
0.718654
0.721591
0.722524
0.721418
0.719274
0.717265
0.716389
0.717381
0.719802
0.722665
0.72492
0.725433
0.723641
0.720273
0.716255
0.711471
0.707754
0.699768
0.702532
0.705135
0.707289
0.709018
0.710573
0.711657
0.711983
0.711837
0.711895
0.712657
0.713765
0.714482
0.714316
0.713329
0.711966
0.710288
0.707979
0.705565
0.703999
0.694733
0.696157
0.697991
0.700064
0.701766
0.703046
0.704125
0.705078
0.705851
0.706541
0.707204
0.707626
0.707622
0.707237
0.706553
0.705427
0.703763
0.701864
0.700508
0.699706
0.68977
0.690672
0.691913
0.693531
0.695212
0.696727
0.697989
0.699082
0.700106
0.701072
0.701803
0.702148
0.702125
0.701732
0.700912
0.699711
0.698341
0.697069
0.696246
0.695722
0.684897
0.685552
0.686507
0.687814
0.689247
0.690744
0.692203
0.693533
0.694749
0.695894
0.696783
0.697226
0.697205
0.69674
0.69594
0.694983
0.69398
0.693068
0.692486
0.692102
0.68011
0.680615
0.681394
0.682522
0.683806
0.685201
0.686681
0.688182
0.689641
0.691028
0.69211
0.69266
0.692693
0.692338
0.691751
0.691045
0.690294
0.689623
0.689194
0.688895
0.675357
0.675758
0.676411
0.677419
0.67863
0.67997
0.681442
0.683037
0.684707
0.686373
0.687703
0.688439
0.68866
0.688531
0.688182
0.687695
0.687148
0.68667
0.686352
0.68611
0.670558
0.670885
0.671451
0.672379
0.673543
0.674871
0.676377
0.678071
0.679936
0.681896
0.683552
0.684588
0.685092
0.685225
0.685111
0.684849
0.684498
0.684181
0.683948
0.683745
0.665625
0.665897
0.666403
0.667284
0.668432
0.669787
0.67137
0.673206
0.675301
0.677605
0.67967
0.681095
0.68194
0.682369
0.682512
0.682477
0.682322
0.682148
0.681982
0.681806
0.660471
0.6607
0.661167
0.662033
0.663205
0.664629
0.66633
0.668364
0.670758
0.673488
0.676055
0.677945
0.679188
0.679957
0.680386
0.68059
0.680633
0.680588
0.680477
0.680322
0.655002
0.655198
0.655646
0.656526
0.657762
0.6593
0.661176
0.663474
0.666253
0.669516
0.672689
0.675133
0.676841
0.677998
0.67875
0.679207
0.679463
0.679542
0.679478
0.679336
0.649118
0.649287
0.649734
0.650656
0.651996
0.6537
0.655818
0.658463
0.661728
0.665647
0.669557
0.672662
0.67492
0.676523
0.677644
0.678405
0.678873
0.67907
0.679047
0.678912
0.642698
0.642845
0.643305
0.644299
0.645789
0.647719
0.650157
0.653248
0.657122
0.661848
0.66665
0.670546
0.673452
0.67558
0.677122
0.678217
0.678925
0.679246
0.67926
0.679129
0.635604
0.635727
0.636216
0.637312
0.639003
0.64123
0.644079
0.647732
0.652361
0.658074
0.663954
0.668795
0.67247
0.675218
0.677254
0.678731
0.679711
0.68016
0.680207
0.680077
0.627645
0.62775
0.628285
0.629518
0.63147
0.634078
0.637448
0.641804
0.647367
0.654285
0.661463
0.667433
0.672015
0.675492
0.678121
0.680048
0.681327
0.681912
0.68199
0.681857
0.618596
0.6187
0.619285
0.620691
0.622983
0.626074
0.6301
0.635336
0.642054
0.650441
0.659178
0.666489
0.672145
0.676479
0.679808
0.682257
0.683879
0.684607
0.684714
0.684574
0.608141
0.608231
0.608907
0.610547
0.613275
0.616983
0.621843
0.628187
0.63634
0.646518
0.657122
0.666011
0.672926
0.678267
0.682397
0.685468
0.687473
0.688349
0.688481
0.688331
0.595905
0.595981
0.596759
0.598713
0.602002
0.606508
0.612435
0.620183
0.630126
0.642493
0.655317
0.666048
0.67442
0.680935
0.685999
0.689779
0.692202
0.693228
0.693379
0.693215
0.581331
0.5814
0.582324
0.584691
0.588716
0.594271
0.601589
0.611136
0.623317
0.638344
0.653797
0.666661
0.6767
0.684554
0.690697
0.695271
0.69814
0.699305
0.699465
0.699283
0.563645
0.563706
0.564845
0.567797
0.57283
0.579799
0.588966
0.600849
0.615849
0.634102
0.652625
0.667919
0.679837
0.689201
0.69653
0.70199
0.705307
0.706588
0.706743
0.706542
0.541685
0.541751
0.543233
0.547061
0.553544
0.562502
0.574204
0.58918
0.607738
0.629864
0.651912
0.669914
0.683897
0.694922
0.703548
0.709928
0.713659
0.715011
0.715142
0.714919
0.513671
0.513766
0.515845
0.521087
0.529812
0.541702
0.556986
0.576086
0.59911
0.625812
0.65181
0.672742
0.688934
0.70172
0.711723
0.719004
0.723052
0.724401
0.724486
0.724244
0.476548
0.476768
0.480062
0.487913
0.500416
0.516817
0.537219
0.561743
0.590221
0.622179
0.652493
0.676519
0.695002
0.709585
0.720975
0.729028
0.733224
0.734474
0.734489
0.734233
0.424476
0.425565
0.432107
0.445346
0.464448
0.48782
0.515295
0.546663
0.58154
0.61932
0.654194
0.681373
0.702132
0.718433
0.731102
0.739705
0.74379
0.744837
0.744773
0.744507
0.349002
0.356409
0.371408
0.394526
0.423484
0.456193
0.492276
0.53148
0.573437
0.617541
0.657308
0.687853
0.711071
0.729235
0.743049
0.75193
0.755753
0.756577
0.75646
0.756225
0.268751
0.284923
0.30928
0.34304
0.382366
0.424575
0.469324
0.516537
0.565952
0.617023
0.662542
0.69723
0.723425
0.743759
0.758767
0.767571
0.770837
0.771396
0.771305
0.771159
0.2
0.219762
0.251939
0.294875
0.343444
0.394595
0.447777
0.502861
0.559571
0.617371
0.668319
0.706839
0.735754
0.757908
0.77364
0.782085
0.784847
0.785302
0.785268
0.785174
0.143744
0.165726
0.203283
0.252796
0.308607
0.367268
0.427927
0.490279
0.553879
0.618075
0.674158
0.716258
0.747646
0.77139
0.787805
0.796273
0.798887
0.799307
0.799305
0.799241
0.0971328
0.120436
0.161893
0.21655
0.278164
0.343029
0.410085
0.478871
0.548751
0.618938
0.679952
0.725501
0.75927
0.784647
0.801897
0.810579
0.813274
0.813684
0.813701
0.813659
0.0575436
0.0816391
0.125977
0.184823
0.251329
0.321488
0.39408
0.468579
0.544216
0.620023
0.685731
0.73464
0.770743
0.797722
0.815937
0.8251
0.827945
0.828373
0.828404
0.828381
0.0229438
0.0475714
0.0941678
0.156484
0.227175
0.30196
0.379494
0.459181
0.54013
0.621202
0.691391
0.743538
0.781958
0.810522
0.829742
0.839452
0.84253
0.842999
0.843035
0.843024
-0.00816261
0.0169054
0.0653654
0.130641
0.204967
0.283827
0.365809
0.450243
0.536136
0.622246
0.696739
0.752019
0.792647
0.822772
0.842935
0.853174
0.856529
0.857078
0.85712
0.857114
-0.0367882
-0.0113133
0.0387412
0.106595
0.184113
0.266586
0.352584
0.441404
0.531983
0.622923
0.70161
0.759907
0.80265
0.834216
0.855279
0.866032
0.869635
0.870283
0.870305
0.870295
-0.0637362
-0.0378197
0.013667
0.0838361
0.164175
0.249877
0.339527
0.432412
0.527412
0.623004
0.705827
0.767094
0.811876
0.844801
0.866649
0.877801
0.881599
0.882299
0.882302
0.882279
-0.0893991
-0.0630524
-0.0102433
0.0619852
0.144842
0.233447
0.326415
0.42305
0.522226
0.622365
0.709297
0.773547
0.820308
0.854483
0.876974
0.888384
0.892305
0.893027
0.893003
0.892959
-0.114207
-0.0873485
-0.0333169
0.0407767
0.12589
0.217103
0.313091
0.413193
0.51632
0.620887
0.711958
0.779247
0.827995
0.863315
0.886302
0.897858
0.901776
0.902489
0.902431
0.902368
-0.138295
-0.110919
-0.0557306
0.0200466
0.107177
0.200739
0.299474
0.402772
0.509611
0.618485
0.71376
0.784218
0.835019
0.871432
0.894761
0.90628
0.910143
0.91082
0.910742
0.910658
-0.161791
-0.133865
-0.0776007
-0.000292839
0.0886435
0.18431
0.285527
0.391743
0.502049
0.615095
0.714645
0.78848
0.841486
0.878982
0.902514
0.913853
0.917555
0.918156
0.918053
0.917953
-0.184789
-0.156301
-0.0989743
-0.020277
0.0702581
0.167806
0.271249
0.380115
0.493627
0.610671
0.714552
0.792034
0.847512
0.886162
0.909756
0.920712
0.92413
0.924616
0.924475
0.92436
-0.207345
-0.178217
-0.119864
-0.0399083
0.0520447
0.151248
0.256676
0.36792
0.484362
0.605177
0.713413
0.79484
0.853185
0.89318
0.916698
0.927014
0.929957
0.930264
0.930092
0.929972
-0.229313
-0.199579
-0.14025
-0.059173
0.0340324
0.134697
0.241863
0.355221
0.474296
0.598622
0.711157
0.796817
0.858519
0.900267
0.923696
0.933022
0.935182
0.935203
0.935
0.934887
-0.25067
-0.220355
-0.160119
-0.0780345
0.0162713
0.118206
0.226894
0.342088
0.463501
0.591016
0.707719
0.797845
0.863449
0.907581
0.931227
0.939296
0.94013
0.939543
0.939284
0.93923
-0.271468
-0.240513
-0.179447
-0.0964622
-0.00118043
0.101857
0.211854
0.328618
0.45206
0.582407
0.703034
0.797788
0.867793
0.915083
0.939754
0.946801
0.945696
0.943684
0.94307
0.943284
-0.291555
-0.260028
-0.198179
-0.114392
-0.0182663
0.0857317
0.196837
0.314917
0.440082
0.572883
0.697063
0.796482
0.871288
0.922429
0.949337
0.956645
0.953926
0.949372
0.946556
0.945375
-0.31102
-0.278905
-0.216323
-0.131857
-0.0350205
0.0697913
0.181791
0.300927
0.427497
0.56238
0.689647
0.793669
0.873684
0.929112
0.959388
0.969138
0.967012
0.959918
0.950338
0.950646
-0.329782
-0.297207
-0.234012
-0.149055
-0.0517358
0.0537054
0.166303
0.286165
0.413761
0.550272
0.680133
0.788594
0.874534
0.934528
0.968363
0.982197
0.981445
0.970416
0.951984
0.949815
-0.347709
-0.314889
-0.251084
-0.165797
-0.0681449
0.0377748
0.15058
0.270952
0.399164
0.536796
0.668558
0.780567
0.872995
0.937488
0.972162
0.986431
0.987791
0.962672
0.904777
0.87959
-0.364666
-0.332788
-0.267136
-0.181633
-0.0834748
0.0224795
0.134904
0.255564
0.383988
0.52212
0.654983
0.768985
0.868004
0.937062
0.965977
0.975054
0.962037
0.910657
0.848455
0.810826
-0.40765
-0.35053
-0.281868
-0.19738
-0.0984676
0.00687289
0.119417
0.239879
0.368028
0.505891
0.639006
0.753199
0.855688
0.93009
0.947542
0.934795
0.887415
0.822445
0.753206
0.715165
-0.382913
-0.364652
-0.304255
-0.219022
-0.121666
-0.0165628
0.0952741
0.215054
0.342248
0.478656
0.610335
0.722491
0.816614
0.898252
0.882078
0.773536
0.68272
0.619401
0.555462
0.583694
-0.413874
-0.382346
-0.321172
-0.236574
-0.139381
-0.0344177
0.0775635
0.196665
0.322809
0.457416
0.586478
0.695105
0.778648
0.824414
0.77321
0.633435
0.524087
0.450251
0.367939
0.414745
-0.437948
-0.404012
-0.341056
-0.256389
-0.159249
-0.0543119
0.0575328
0.175821
0.300575
0.432757
0.557979
0.660665
0.732443
0.740407
0.634062
0.478667
0.349272
0.256469
0.161146
0.194253
-0.461394
-0.426378
-0.362001
-0.276636
-0.17945
-0.0746542
0.0366666
0.153973
0.277101
0.406439
0.526783
0.621396
0.676065
0.651242
0.493156
0.315989
0.155938
0.0214289
-0.10375
-0.0893636
-0.484585
-0.449151
-0.383836
-0.297854
-0.200533
-0.0959635
0.0146908
0.13086
0.252069
0.378129
0.49274
0.579214
0.613137
0.543276
0.354577
0.157334
-0.0298603
-0.183969
-0.390115
-0.469925
-0.508207
-0.472802
-0.406923
-0.320501
-0.223008
-0.118615
-0.00856639
0.106425
0.22558
0.348078
0.456512
0.533604
0.542183
0.420497
0.22827
0.0188468
-0.173595
-0.335624
-0.459974
-0.579224
-0.533332
-0.497813
-0.43161
-0.344939
-0.24741
-0.143293
-0.0339517
0.079678
0.196423
0.314783
0.416607
0.480962
0.46221
0.304028
0.110213
-0.0934009
-0.269263
-0.367035
-0.393383
-0.406882
-0.560095
-0.52447
-0.458027
-0.371264
-0.273884
-0.170224
-0.0618422
0.050104
0.163976
0.277446
0.372175
0.418965
0.380951
0.192291
0.000379302
-0.183209
-0.316083
-0.354183
-0.363159
-0.36346
-0.588769
-0.552904
-0.486218
-0.399469
-0.302385
-0.199419
-0.0922663
0.0176426
0.128162
0.236028
0.322622
0.353287
0.284109
0.0902505
-0.0955766
-0.255187
-0.330045
-0.34404
-0.345061
-0.344916
-0.619369
-0.583148
-0.5162
-0.429551
-0.332932
-0.230871
-0.125238
-0.0177307
0.0889879
0.190634
0.267795
0.284013
0.17662
-0.00204663
-0.177888
-0.304852
-0.334109
-0.334402
-0.334733
-0.334258
-0.651637
-0.61503
-0.547871
-0.461429
-0.36544
-0.264532
-0.160735
-0.0560021
0.0465044
0.141387
0.208933
0.206237
0.0813343
-0.0867862
-0.242357
-0.315279
-0.33033
-0.328213
-0.327837
-0.327366
-0.685005
-0.6482
-0.580963
-0.494869
-0.399718
-0.300243
-0.198609
-0.0970565
0.000929142
0.0886717
0.146493
0.127687
-0.00674359
-0.160687
-0.283436
-0.321812
-0.321889
-0.322923
-0.322918
-0.322592
-0.719028
-0.682117
-0.614981
-0.529442
-0.435404
-0.337676
-0.238574
-0.140618
-0.047466
0.0333877
0.0790938
0.0535107
-0.087211
-0.218746
-0.305589
-0.315204
-0.318181
-0.319322
-0.319341
-0.319245
-0.752726
-0.715879
-0.649173
-0.564497
-0.471932
-0.376341
-0.280162
-0.186198
-0.0982839
-0.02362
0.0115169
-0.0209275
-0.157146
-0.264532
-0.310861
-0.322283
-0.318314
-0.316594
-0.316013
-0.315917
-0.784224
-0.748185
-0.682487
-0.599121
-0.508502
-0.415517
-0.3227
-0.233066
-0.150769
-0.0819633
-0.0510943
-0.0982672
-0.216534
-0.309299
-0.329072
-0.326331
-0.319414
-0.313747
-0.312046
-0.311578
-0.81244
-0.777493
-0.713488
-0.632086
-0.544028
-0.454237
-0.365313
-0.280303
-0.203741
-0.14107
-0.112363
-0.164517
-0.262302
-0.341931
-0.363428
-0.343683
-0.325457
-0.316398
-0.313377
-0.312094
-0.834621
-0.801647
-0.740378
-0.661831
-0.577161
-0.49128
-0.406887
-0.326857
-0.25599
-0.199021
-0.173882
-0.214125
-0.287263
-0.346889
-0.350964
-0.351377
-0.350688
-0.346025
-0.341188
-0.338664
-0.84861
-0.818457
-0.76103
-0.686556
-0.606333
-0.525229
-0.446043
-0.371562
-0.306343
-0.253446
-0.229699
-0.255292
-0.286669
-0.330407
-0.333375
-0.355105
-0.371073
-0.371193
-0.367914
-0.36724
-0.851651
-0.825466
-0.773272
-0.704351
-0.629835
-0.554613
-0.481236
-0.413034
-0.353351
-0.304647
-0.274941
-0.297105
-0.277162
-0.284698
-0.307233
-0.334596
-0.348871
-0.355025
-0.358308
-0.359799
-0.84143
-0.820127
-0.774914
-0.713408
-0.646105
-0.577987
-0.511153
-0.449416
-0.395752
-0.353892
-0.309529
-0.34414
-0.318628
-0.250676
-0.303431
-0.345045
-0.363067
-0.371787
-0.375628
-0.376757
-0.815292
-0.799634
-0.763967
-0.71241
-0.654073
-0.594118
-0.534926
-0.47902
-0.432591
-0.397866
-0.359159
-0.400384
-0.470616
-0.47856
-0.492222
-0.463867
-0.438102
-0.430361
-0.428369
-0.428106
-0.776657
-0.766664
-0.741472
-0.701531
-0.65362
-0.602681
-0.551528
-0.501836
-0.460543
-0.434393
-0.421158
-0.470956
-0.620557
-0.799579
-0.717042
-0.563947
-0.49235
-0.458427
-0.446994
-0.44396
-0.732626
-0.726987
-0.712369
-0.683808
-0.646611
-0.604629
-0.56036
-0.517496
-0.478606
-0.456692
-0.440254
-0.465414
-0.442837
-0.444454
-0.336395
-0.296489
-0.327502
-0.346812
-0.345771
-0.341962
-0.693327
-0.689961
-0.683006
-0.664585
-0.636226
-0.601282
-0.563289
-0.523562
-0.487089
-0.457507
-0.438777
-0.382966
-0.220801
-0.0916839
-0.111268
-0.217356
-0.289718
-0.269187
-0.252571
-0.258719
-0.664709
-0.662753
-0.659146
-0.648033
-0.626154
-0.596214
-0.561463
-0.523366
-0.484535
-0.448189
-0.437112
-0.37818
-0.321259
-0.271386
-0.293603
-0.436146
-0.542311
-0.567587
-0.534067
-0.523327
-0.643207
-0.642467
-0.641209
-0.63564
-0.61924
-0.592412
-0.558038
-0.519074
-0.474579
-0.437633
-0.405704
-0.385387
-0.35821
-0.472207
-0.599918
-0.678332
-0.787254
-0.814639
-0.778715
-0.745721
-0.63067
-0.630436
-0.629836
-0.627183
-0.615503
-0.590063
-0.554418
-0.510666
-0.4626
-0.406315
-0.355977
-0.313031
-0.356146
-0.488241
-0.72356
-0.855454
-0.828579
-0.656845
-0.499785
-0.42951
-0.621931
-0.621765
-0.621319
-0.620542
-0.613359
-0.589826
-0.55128
-0.502667
-0.44449
-0.36773
-0.291125
-0.161303
-0.0556307
-0.0109565
0.0482427
0.119408
0.297628
0.533427
0.689381
0.749364
-0.616876
-0.616656
-0.616132
-0.615789
-0.612097
-0.591959
-0.550192
-0.494715
-0.424557
-0.341023
-0.227548
-0.082901
0.126865
0.399329
0.759961
1.1272
1.44466
1.66846
1.77548
1.80718
-0.613618
-0.614263
-0.615854
-0.617665
-0.616607
-0.596861
-0.550359
-0.489706
-0.417061
-0.317786
-0.198507
-0.0704638
0.16453
0.50892
0.973544
1.38633
1.70917
1.90112
1.97764
1.99514
-0.606932
-0.608521
-0.611992
-0.617046
-0.617935
-0.596006
-0.550734
-0.496062
-0.418606
-0.3096
-0.192422
-0.0687455
0.10895
0.448401
0.844776
1.19452
1.45483
1.59385
1.64632
1.65733
-0.613994
-0.614458
-0.609105
-0.593418
-0.579685
-0.572529
-0.555072
-0.513187
-0.429019
-0.317218
-0.20348
-0.0946412
0.0335558
0.299212
0.605997
0.868165
1.05953
1.15448
1.18904
1.19548
-0.653677
-0.650994
-0.634754
-0.595965
-0.561638
-0.569969
-0.586284
-0.540805
-0.44438
-0.331748
-0.22331
-0.127674
-0.0345434
0.156588
0.377161
0.559394
0.685027
0.745681
0.767754
0.771182
-0.727341
-0.725773
-0.731021
-0.738661
-0.73393
-0.723769
-0.690929
-0.588038
-0.461325
-0.346521
-0.243316
-0.166632
-0.0885527
0.0461365
0.186898
0.301123
0.376736
0.412035
0.424673
0.426248
-0.861741
-0.87764
-0.922153
-0.966201
-0.973128
-0.933635
-0.823156
-0.643232
-0.481707
-0.359493
-0.263267
-0.19757
-0.148303
-0.0468579
0.0446607
0.102351
0.132997
0.146437
0.151349
0.152578
-0.961039
-0.982793
-1.02395
-1.0571
-1.06114
-1.0174
-0.869058
-0.65245
-0.487281
-0.36167
-0.269137
-0.222514
-0.178718
-0.118825
-0.0646985
-0.0467277
-0.043986
-0.042842
-0.0377756
-0.0352593
-0.90527
-0.924735
-0.956945
-0.985932
-0.991517
-0.9403
-0.774151
-0.591516
-0.452679
-0.333949
-0.270024
-0.22827
-0.204937
-0.147668
-0.117283
-0.107676
-0.11366
-0.111057
-0.104651
-0.10251
-0.663696
-0.683593
-0.718849
-0.756378
-0.770227
-0.718114
-0.595825
-0.476301
-0.362755
-0.287501
-0.244117
-0.217978
-0.206519
-0.156786
-0.122467
-0.0997234
-0.0926438
-0.0856867
-0.0820226
-0.0806566
-0.309798
-0.323978
-0.352091
-0.387756
-0.410331
-0.401165
-0.364347
-0.312461
-0.259905
-0.224705
-0.195002
-0.18782
-0.176439
-0.124649
-0.0859538
-0.0641189
-0.0439691
-0.0323918
-0.0284316
-0.0290219
-0.00315973
-0.0104576
-0.0285899
-0.0595639
-0.0977449
-0.127821
-0.150107
-0.162313
-0.163656
-0.147679
-0.136684
-0.125674
-0.113036
-0.0765055
-0.0436337
-0.02412
-0.00583502
0.00361903
0.00635596
0.00538178
0.164782
0.161086
0.148691
0.121913
0.0791701
0.0258876
-0.0218195
-0.0584486
-0.0780125
-0.0831037
-0.0759611
-0.055258
-0.0368279
-0.024222
-0.00948713
0.00310014
0.015832
0.023198
0.0243059
0.0233516
0.21631
0.214102
0.205358
0.18421
0.148102
0.101777
0.0527667
0.0103754
-0.019111
-0.0291997
-0.0220289
0.000843518
0.0197261
0.0210519
0.0214043
0.0245559
0.0307582
0.0345834
0.0350901
0.0337052
0.209051
0.207677
0.20179
0.187046
0.160873
0.125512
0.0860142
0.0490077
0.0208407
0.00907443
0.0151638
0.0388273
0.0522177
0.0446787
0.0381129
0.0351262
0.0347246
0.0332463
0.0315225
0.0301281
0.180627
0.179839
0.176077
0.166398
0.148745
0.123759
0.0941093
0.0650755
0.0412106
0.0304695
0.0365758
0.0550297
0.0637722
0.050324
0.0363082
0.0282036
0.0237649
0.0190371
0.0165143
0.0156998
0.147377
0.146994
0.144694
0.138556
0.127006
0.110065
0.0888843
0.066777
0.047401
0.0376188
0.0410276
0.055301
0.0584595
0.0422044
0.0288688
0.0193266
0.0116502
0.00531659
0.00264589
0.00218195
0.115396
0.11518
0.11381
0.10996
0.102486
0.0910923
0.0761934
0.0598466
0.0440596
0.0330359
0.0314214
0.0384374
0.0375856
0.0217994
0.00982546
0.0038194
-0.000788331
-0.00498508
-0.00674456
-0.00725498
0.0865856
0.0864964
0.0856706
0.0832905
0.0784685
0.0707986
0.0602405
0.047666
0.0338699
0.0202351
0.00831558
0.000739924
-0.00806166
-0.0187024
-0.0195114
-0.0179581
-0.0180501
-0.018343
-0.0187419
-0.0191928
0.0611916
0.0611772
0.0607159
0.0593216
0.0563245
0.0512497
0.0438658
0.0341593
0.0215944
0.00448049
-0.0208387
-0.053472
-0.0718991
-0.0650245
-0.0519584
-0.0410804
-0.0368278
-0.0358384
-0.0353375
-0.0355592
0.0391147
0.0391169
0.0388831
0.0381951
0.036502
0.0334116
0.0285335
0.0216817
0.010667
-0.00759169
-0.0428357
-0.0955599
-0.118829
-0.0939683
-0.0687754
-0.0562786
-0.0517443
-0.0499302
-0.048732
-0.0484729
0.0201431
0.0201757
0.0201114
0.0198428
0.0191047
0.0175995
0.0149543
0.0107667
0.0042665
-0.00977888
-0.040464
-0.0922531
-0.106255
-0.0777029
-0.0560476
-0.0479608
-0.0466163
-0.0462616
-0.0449995
-0.0443679
0.00357727
0.00361775
0.00357438
0.00364467
0.00386017
0.00386042
0.0035704
0.00292897
0.00172421
-0.000266836
-0.00552114
-0.0181457
-0.0295055
-0.0224851
-0.0217558
-0.019348
-0.0176891
-0.0155831
-0.0138863
-0.0126545
0.0429198
0.232547
0.406884
0.554987
0.674014
0.768259
0.846831
0.91074
0.927083
0.923567
0.334617
0.456915
0.571731
0.671528
0.755501
0.824847
0.879528
0.91659
0.936453
0.953008
0.533531
0.615413
0.6961
0.766778
0.827026
0.877045
0.91647
0.94652
0.969104
0.98832
0.681423
0.73898
0.796577
0.848574
0.893596
0.931929
0.964107
0.991103
1.01144
1.03032
0.797556
0.841017
0.884021
0.924331
0.960424
0.992317
1.02019
1.04381
1.06179
1.07982
0.894468
0.930155
0.96576
0.999667
1.03087
1.05911
1.08403
1.10493
1.12073
1.1382
0.983129
1.01514
1.04753
1.07884
1.10792
1.13434
1.15749
1.17646
1.19039
1.20741
1.07023
1.10284
1.13531
1.16657
1.19539
1.22121
1.24337
1.26092
1.27331
1.28985
1.1647
1.20113
1.23593
1.26842
1.29762
1.32299
1.34413
1.36044
1.37206
1.38822
1.27782
1.31842
1.35546
1.38842
1.41693
1.44094
1.46058
1.47586
1.48776
1.50387
1.41925
1.46031
1.49557
1.52517
1.55039
1.57202
1.59053
1.60602
1.61913
1.63512
1.59083
1.62321
1.65013
1.67247
1.69257
1.7113
1.72904
1.74579
1.76071
1.77652
1.77722
1.79449
1.81163
1.82832
1.84441
1.85915
1.87304
1.88749
1.90273
1.92015
1.96045
1.97038
1.98354
1.9945
2.0039
2.01355
2.02415
2.03434
2.04368
2.06908
2.17789
2.17212
2.15912
2.14487
2.13858
2.14428
2.16239
2.19089
2.22467
2.26096
2.48116
2.34532
2.26585
2.2233
2.20589
2.20992
2.23741
2.29533
2.40298
2.5812
0.799683
0.793384
0.785651
0.774536
0.76097
0.748326
0.737931
0.729919
0.724198
0.720862
0.720507
0.723338
0.728569
0.735924
0.745469
0.757291
0.770846
0.783771
0.792762
0.800301
0.708793
0.71472
0.722785
0.72891
0.731973
0.731455
0.728364
0.724365
0.720772
0.718484
0.718347
0.7206
0.724354
0.7288
0.732902
0.73515
0.734081
0.72945
0.722403
0.71457
0.702047
0.70442
0.707688
0.710462
0.712911
0.715094
0.716266
0.716111
0.715166
0.714354
0.714568
0.715984
0.717769
0.719003
0.718933
0.717471
0.715316
0.712953
0.709969
0.706951
0.69726
0.698349
0.700265
0.702601
0.704471
0.705867
0.707081
0.708068
0.70866
0.709034
0.709588
0.710335
0.710807
0.710694
0.710069
0.709148
0.707818
0.705849
0.703742
0.702265
0.692242
0.692876
0.694004
0.695759
0.6976
0.69919
0.700437
0.701495
0.702471
0.703365
0.704153
0.704679
0.704822
0.70462
0.704087
0.703115
0.701691
0.700083
0.698746
0.697944
0.687324
0.687763
0.688551
0.689853
0.691372
0.692931
0.694404
0.695693
0.696841
0.697925
0.69888
0.69949
0.699676
0.699447
0.698788
0.697792
0.696642
0.6955
0.694598
0.694064
0.682498
0.682825
0.683437
0.684505
0.685797
0.687193
0.688665
0.690132
0.691516
0.692813
0.693964
0.694719
0.694955
0.694719
0.694128
0.693349
0.692507
0.691655
0.690994
0.690603
0.677738
0.677992
0.678485
0.679394
0.680564
0.681867
0.683283
0.684803
0.686373
0.687929
0.68933
0.69026
0.690614
0.690525
0.690151
0.689611
0.688982
0.688358
0.687878
0.687579
0.672972
0.673175
0.673585
0.674384
0.675476
0.676733
0.678134
0.679698
0.68141
0.683213
0.684909
0.686105
0.686698
0.686856
0.686724
0.686411
0.685991
0.685559
0.685219
0.684984
0.668118
0.668281
0.668633
0.669359
0.670405
0.671643
0.673075
0.674724
0.676595
0.678657
0.680704
0.682266
0.68319
0.683644
0.683771
0.683691
0.683485
0.683229
0.683004
0.682817
0.663085
0.663218
0.663528
0.66421
0.66524
0.666504
0.668006
0.669785
0.671868
0.67425
0.676725
0.67874
0.680062
0.680858
0.681277
0.681448
0.681455
0.681369
0.681243
0.681092
0.657786
0.657893
0.658176
0.65884
0.659888
0.661222
0.662838
0.6648
0.667165
0.669952
0.672956
0.675515
0.677305
0.678496
0.679248
0.679692
0.679923
0.680008
0.679968
0.679844
0.652123
0.652209
0.652476
0.653146
0.654249
0.655694
0.657479
0.659693
0.662423
0.66572
0.66937
0.672585
0.674929
0.676578
0.677705
0.678467
0.678947
0.679193
0.67923
0.679127
0.645988
0.646054
0.646315
0.647013
0.648208
0.649812
0.65183
0.654377
0.657572
0.661502
0.665943
0.669945
0.672948
0.675135
0.676694
0.677813
0.678568
0.678988
0.679099
0.679013
0.639247
0.639295
0.639559
0.640309
0.641634
0.643453
0.645779
0.648755
0.652534
0.657246
0.662648
0.667598
0.671384
0.674207
0.676274
0.677794
0.678864
0.679474
0.679657
0.679584
0.631748
0.631776
0.632048
0.632871
0.634372
0.636471
0.639193
0.642709
0.647218
0.652892
0.659462
0.665549
0.670265
0.673837
0.676504
0.678505
0.679933
0.680746
0.681001
0.680938
0.623278
0.623295
0.623573
0.624498
0.62623
0.628687
0.63191
0.636106
0.641522
0.648376
0.656359
0.663808
0.66963
0.674083
0.677461
0.680035
0.681869
0.682907
0.683235
0.683177
0.613543
0.613537
0.613865
0.614934
0.616963
0.619878
0.623737
0.628789
0.635337
0.643644
0.653336
0.662404
0.669529
0.675021
0.679233
0.682472
0.684778
0.686063
0.686463
0.686408
0.602243
0.602214
0.602592
0.603854
0.606255
0.609758
0.614431
0.620571
0.628538
0.638636
0.650391
0.661373
0.670018
0.676724
0.681911
0.68592
0.688766
0.690313
0.690783
0.690726
0.588886
0.588836
0.589292
0.590805
0.593692
0.597964
0.603693
0.611228
0.620987
0.633298
0.647534
0.66076
0.671161
0.679262
0.685586
0.690478
0.693921
0.69574
0.696271
0.696207
0.572821
0.572748
0.573329
0.575193
0.578729
0.584024
0.59115
0.600503
0.612541
0.627584
0.644783
0.66062
0.673024
0.682708
0.690318
0.696205
0.700301
0.702386
0.702962
0.702883
0.553094
0.553004
0.553787
0.556161
0.560612
0.567329
0.576359
0.588135
0.60311
0.621525
0.642226
0.661038
0.675687
0.687135
0.696147
0.703145
0.70791
0.71023
0.710825
0.710724
0.528274
0.528182
0.529302
0.532467
0.538294
0.547089
0.558822
0.573901
0.592684
0.615234
0.640004
0.66213
0.679224
0.692581
0.703124
0.711274
0.716679
0.719164
0.719739
0.719609
0.496024
0.495978
0.497703
0.502232
0.51036
0.522392
0.538107
0.557735
0.581404
0.608923
0.638306
0.664031
0.683715
0.699072
0.711199
0.72051
0.726431
0.728963
0.729468
0.729303
0.452171
0.452327
0.455366
0.462725
0.475154
0.492506
0.514121
0.539889
0.569626
0.602918
0.637378
0.666901
0.68924
0.70661
0.720302
0.730662
0.736863
0.739265
0.739651
0.739452
0.388932
0.39026
0.39763
0.411498
0.431794
0.457599
0.487529
0.521095
0.557981
0.597689
0.637527
0.670906
0.695855
0.715144
0.730205
0.741332
0.747494
0.749542
0.749766
0.749554
0.313447
0.316055
0.330366
0.354228
0.385277
0.421114
0.460072
0.501901
0.546413
0.593175
0.639205
0.677297
0.705574
0.727308
0.743992
0.755684
0.761628
0.763426
0.763606
0.763492
0.236192
0.243108
0.264586
0.298462
0.339975
0.385605
0.433594
0.483756
0.535969
0.589851
0.64218
0.685083
0.716719
0.740899
0.759238
0.771242
0.776572
0.777885
0.778
0.777957
0.173204
0.18198
0.208083
0.249051
0.298814
0.352765
0.408901
0.466885
0.526478
0.587219
0.64555
0.692937
0.727661
0.753967
0.773425
0.785553
0.790592
0.791802
0.791944
0.791956
0.121626
0.131117
0.16074
0.206988
0.262962
0.323582
0.386602
0.451504
0.517842
0.584987
0.649004
0.700676
0.738295
0.76662
0.787295
0.799832
0.804756
0.80593
0.806147
0.806197
0.0784641
0.0882624
0.120289
0.170668
0.231741
0.29791
0.366753
0.437659
0.510039
0.583103
0.652518
0.708329
0.748774
0.779079
0.800993
0.814042
0.819163
0.820537
0.82078
0.820855
0.0412499
0.0511832
0.0850136
0.138701
0.204038
0.274967
0.348894
0.425136
0.503021
0.58159
0.656094
0.715869
0.759093
0.791346
0.814593
0.828358
0.833871
0.835335
0.835579
0.835656
0.00830855
0.0182923
0.053543
0.109971
0.178939
0.254006
0.332455
0.413531
0.496468
0.580181
0.659532
0.723133
0.769028
0.8032
0.8277
0.842274
0.848204
0.849795
0.850047
0.850108
-0.0216164
-0.0115938
0.0248152
0.0836031
0.155721
0.23442
0.3169
0.402375
0.490007
0.578613
0.66266
0.729938
0.778411
0.814399
0.840139
0.855412
0.861779
0.863503
0.863744
0.863786
-0.0494685
-0.0393891
-0.00195143
0.0589313
0.133832
0.215737
0.301831
0.391341
0.483379
0.57665
0.665243
0.736127
0.78709
0.824794
0.851647
0.867588
0.874346
0.876167
0.876387
0.876399
-0.0758082
-0.0656637
-0.0272681
0.0354979
0.112856
0.197624
0.286986
0.380194
0.476334
0.57407
0.667124
0.741615
0.795013
0.834357
0.86223
0.878649
0.885653
0.887558
0.887764
0.887745
-0.101099
-0.0908163
-0.0515239
0.0129527
0.092505
0.179839
0.272155
0.368743
0.46872
0.570744
0.668221
0.746335
0.802188
0.843092
0.871829
0.888626
0.895736
0.89765
0.897842
0.897793
-0.125626
-0.115132
-0.0749845
-0.00893455
0.0725865
0.162213
0.257204
0.356894
0.460446
0.566577
0.668442
0.750269
0.808648
0.851092
0.880571
0.897581
0.904662
0.906532
0.9067
0.906631
-0.149496
-0.138763
-0.0977917
-0.0303046
0.0529841
0.144671
0.242073
0.34459
0.45145
0.561484
0.667715
0.753401
0.814456
0.858482
0.888593
0.905637
0.912599
0.914381
0.914502
0.914407
-0.172832
-0.161827
-0.120062
-0.051219
0.0336484
0.127171
0.226736
0.331812
0.441713
0.555437
0.665977
0.755701
0.81968
0.865409
0.89609
0.913001
0.91969
0.921315
0.92138
0.921263
-0.195627
-0.184374
-0.141812
-0.071705
0.0145693
0.10972
0.211213
0.318583
0.431253
0.548416
0.663169
0.757113
0.824359
0.872042
0.903265
0.919821
0.926053
0.927436
0.927418
0.92728
-0.21796
-0.206392
-0.163019
-0.0917552
-0.0042373
0.0923462
0.195543
0.304957
0.420112
0.540429
0.659248
0.757562
0.828475
0.878526
0.91039
0.926349
0.931808
0.932796
0.932684
0.932539
-0.239625
-0.227838
-0.183669
-0.111358
-0.0227287
0.0751179
0.179789
0.290998
0.408352
0.531524
0.654176
0.756957
0.831951
0.884941
0.917803
0.933024
0.937281
0.937556
0.937273
0.937143
-0.260773
-0.248667
-0.203736
-0.130489
-0.04088
0.058071
0.164039
0.276784
0.396057
0.521771
0.647943
0.755191
0.834645
0.891226
0.925784
0.940526
0.943156
0.942055
0.941291
0.941225
-0.281224
-0.268838
-0.223204
-0.149101
-0.0586129
0.0412889
0.148377
0.262431
0.383329
0.511231
0.640567
0.752155
0.836369
0.897142
0.934341
0.949586
0.950817
0.947521
0.945253
0.944923
-0.301077
-0.288377
-0.242017
-0.167139
-0.0758909
0.0248399
0.132887
0.248022
0.370273
0.500035
0.632104
0.747726
0.83691
0.902293
0.942965
0.960325
0.961865
0.956845
0.950807
0.942158
-0.320218
-0.307275
-0.260261
-0.184767
-0.0929373
0.00844396
0.117236
0.233153
0.356446
0.48769
0.62205
0.741347
0.835888
0.906441
0.951055
0.972129
0.976555
0.971038
0.960068
0.958719
-0.338607
-0.325605
-0.277931
-0.201933
-0.109735
-0.00786142
0.101452
0.217806
0.341813
0.474068
0.610221
0.732516
0.832542
0.908797
0.956684
0.980876
0.987621
0.984673
0.950719
0.911873
-0.356023
-0.343242
-0.294965
-0.218519
-0.12627
-0.0240822
0.0855376
0.202113
0.326441
0.459202
0.596536
0.720864
0.825712
0.908465
0.957903
0.977906
0.984454
0.964261
0.911828
0.856887
-0.375111
-0.358938
-0.311028
-0.234044
-0.14225
-0.0399803
0.0691425
0.186118
0.31042
0.443198
0.580926
0.706134
0.81353
0.905561
0.953091
0.973817
0.949368
0.902389
0.837071
0.776836
-0.364907
-0.341319
-0.289027
-0.207675
-0.109277
-0.00398328
0.11063
0.230907
0.358793
0.496299
0.629252
0.743215
0.844389
0.934656
0.958086
0.891261
0.842552
0.780845
0.714583
0.671887
-0.378942
-0.371278
-0.330873
-0.258485
-0.166832
-0.0655472
0.0438707
0.160524
0.284285
0.416175
0.552777
0.677202
0.781464
0.874407
0.93565
0.916222
0.809484
0.732355
0.67454
0.601743
-0.400364
-0.389788
-0.346023
-0.272464
-0.180192
-0.0793111
0.0290596
0.144731
0.267587
0.398174
0.533173
0.656219
0.756801
0.836799
0.860387
0.775749
0.649953
0.567847
0.503519
0.428775
-0.423782
-0.412018
-0.365167
-0.290779
-0.198546
-0.0974033
0.011026
0.12646
0.248454
0.377618
0.50984
0.628728
0.720495
0.780901
0.75812
0.628332
0.493376
0.396727
0.319367
0.21086
-0.446961
-0.435152
-0.386539
-0.310946
-0.218695
-0.117496
-0.00919968
0.10567
0.226559
0.353833
0.482577
0.595873
0.678088
0.713187
0.650001
0.479034
0.320797
0.195793
0.0927236
-0.0462077
-0.47004
-0.458261
-0.408531
-0.331849
-0.239265
-0.138112
-0.0302244
0.0837849
0.203286
0.32824
0.45294
0.559632
0.632731
0.631248
0.515722
0.329685
0.143384
-0.0216422
-0.162472
-0.411561
-0.493451
-0.481809
-0.431402
-0.353995
-0.261091
-0.159926
-0.052466
0.0606405
0.178598
0.300923
0.421117
0.519878
0.579931
0.54624
0.384505
0.188125
-0.0140465
-0.191531
-0.359869
-0.621924
-0.517788
-0.506269
-0.455515
-0.377634
-0.284497
-0.183324
-0.076261
0.035949
0.152272
0.271717
0.387087
0.477307
0.519958
0.462441
0.264016
0.0622043
-0.137588
-0.307529
-0.393714
-0.442988
-0.543734
-0.532274
-0.481233
-0.403073
-0.309902
-0.208903
-0.102407
0.00865572
0.122979
0.238966
0.348807
0.429485
0.451589
0.350398
0.15128
-0.0480232
-0.225081
-0.337487
-0.373244
-0.379211
-0.571477
-0.560013
-0.508669
-0.430325
-0.337255
-0.236625
-0.130933
-0.0213052
0.0906098
0.202545
0.305968
0.376685
0.368717
0.237897
0.0459517
-0.13962
-0.288256
-0.340799
-0.350299
-0.352738
-0.60116
-0.589602
-0.537889
-0.459405
-0.366558
-0.266499
-0.161853
-0.0539892
0.0551181
0.162476
0.258533
0.318557
0.285912
0.131745
-0.047759
-0.220259
-0.316716
-0.339127
-0.339229
-0.339353
-0.632657
-0.620979
-0.568853
-0.490286
-0.39778
-0.298486
-0.195163
-0.089396
0.0165163
0.118771
0.206925
0.253498
0.211124
0.0353208
-0.1298
-0.276465
-0.328267
-0.330579
-0.331071
-0.330903
-0.665598
-0.653829
-0.601339
-0.5228
-0.430788
-0.332483
-0.230775
-0.12746
-0.0251378
0.0716395
0.151409
0.185709
0.12759
-0.04811
-0.201041
-0.302887
-0.325737
-0.325605
-0.325348
-0.325
-0.699524
-0.687697
-0.634957
-0.556598
-0.46528
-0.368236
-0.268455
-0.167975
-0.0696517
0.0215389
0.0923052
0.11529
0.0347918
-0.121957
-0.25487
-0.30494
-0.318071
-0.320098
-0.321053
-0.321048
-0.733672
-0.721872
-0.669056
-0.591102
-0.500762
-0.405309
-0.307834
-0.210574
-0.116681
-0.0311024
0.0312878
0.0383884
-0.0494011
-0.184283
-0.285383
-0.321427
-0.31834
-0.318271
-0.318039
-0.317925
-0.766932
-0.755253
-0.702677
-0.625468
-0.536508
-0.443068
-0.348323
-0.254669
-0.165595
-0.0858976
-0.0292425
-0.0350531
-0.124892
-0.240668
-0.309734
-0.322363
-0.320473
-0.316401
-0.314454
-0.314014
-0.797338
-0.786125
-0.734464
-0.658555
-0.571521
-0.480628
-0.389129
-0.299483
-0.21549
-0.141921
-0.0897212
-0.0999633
-0.190046
-0.28812
-0.342663
-0.34134
-0.328233
-0.316531
-0.311699
-0.31057
-0.823386
-0.812901
-0.762756
-0.688851
-0.604502
-0.516838
-0.429203
-0.344057
-0.265267
-0.197717
-0.151302
-0.157012
-0.236931
-0.316751
-0.357079
-0.356484
-0.339588
-0.33063
-0.32519
-0.322462
-0.842421
-0.832886
-0.785356
-0.71451
-0.633876
-0.550315
-0.467246
-0.387233
-0.313784
-0.251963
-0.20961
-0.210272
-0.262687
-0.318892
-0.340824
-0.348013
-0.364126
-0.36784
-0.362401
-0.358013
-0.852199
-0.843583
-0.799841
-0.733525
-0.657864
-0.579513
-0.501808
-0.427579
-0.359825
-0.303664
-0.260806
-0.261301
-0.280715
-0.292454
-0.316749
-0.333594
-0.355034
-0.362254
-0.362906
-0.363213
-0.848797
-0.841541
-0.804244
-0.743878
-0.674642
-0.60285
-0.531507
-0.463396
-0.402105
-0.351613
-0.307924
-0.303576
-0.313968
-0.259027
-0.269415
-0.313345
-0.341129
-0.353317
-0.359674
-0.362348
-0.830212
-0.825238
-0.796109
-0.743948
-0.682816
-0.618918
-0.555116
-0.493349
-0.438856
-0.394153
-0.358706
-0.347662
-0.382403
-0.347994
-0.344374
-0.379392
-0.390864
-0.395508
-0.398953
-0.400056
-0.797089
-0.793594
-0.77392
-0.732891
-0.681773
-0.627069
-0.571513
-0.517031
-0.467776
-0.430778
-0.406582
-0.409115
-0.494623
-0.61778
-0.661094
-0.592823
-0.510159
-0.467205
-0.453131
-0.449049
-0.754542
-0.752369
-0.74136
-0.712945
-0.672658
-0.627799
-0.580462
-0.533524
-0.488973
-0.45697
-0.439956
-0.460003
-0.523171
-0.676841
-0.692316
-0.522888
-0.452454
-0.43168
-0.417059
-0.41006
-0.711575
-0.710316
-0.705136
-0.688671
-0.659259
-0.622733
-0.583264
-0.541613
-0.502489
-0.468711
-0.453036
-0.437509
-0.362961
-0.210866
-0.0967721
-0.111547
-0.194915
-0.251205
-0.27033
-0.273623
-0.677339
-0.676669
-0.674113
-0.664845
-0.644567
-0.615465
-0.581113
-0.543763
-0.504601
-0.469366
-0.448211
-0.408602
-0.32367
-0.227587
-0.202153
-0.273619
-0.378522
-0.405423
-0.373537
-0.353673
-0.652993
-0.652307
-0.650893
-0.647028
-0.633222
-0.609288
-0.577429
-0.541108
-0.500958
-0.461722
-0.426122
-0.419629
-0.345839
-0.348631
-0.379819
-0.491666
-0.601187
-0.698335
-0.704858
-0.672668
-0.636316
-0.636066
-0.635488
-0.63358
-0.625681
-0.605329
-0.574672
-0.536402
-0.493553
-0.442921
-0.406895
-0.375999
-0.358525
-0.447773
-0.649065
-0.798117
-0.894804
-0.887172
-0.798349
-0.724054
-0.625881
-0.625859
-0.625547
-0.624973
-0.621057
-0.603808
-0.572594
-0.531057
-0.480088
-0.422532
-0.357055
-0.272768
-0.221172
-0.265686
-0.360975
-0.478783
-0.463796
-0.273038
-0.0576667
0.0692285
-0.618869
-0.618807
-0.618381
-0.617821
-0.616344
-0.603898
-0.572447
-0.524939
-0.467292
-0.399101
-0.304401
-0.198436
-0.011772
0.166877
0.370947
0.591536
0.831782
1.09378
1.27374
1.35863
-0.615439
-0.615449
-0.615548
-0.615655
-0.615057
-0.607242
-0.574101
-0.521472
-0.458715
-0.37536
-0.271179
-0.15146
0.0243059
0.287491
0.691721
1.14338
1.52244
1.80047
1.94484
1.99445
-0.61017
-0.610996
-0.613128
-0.617153
-0.62098
-0.612744
-0.575953
-0.522899
-0.456458
-0.367617
-0.25457
-0.12832
0.0298928
0.308565
0.72044
1.13595
1.48265
1.71529
1.82299
1.85624
-0.606106
-0.607409
-0.608821
-0.607904
-0.60587
-0.598182
-0.571241
-0.531203
-0.466968
-0.371394
-0.255171
-0.136992
-0.0179612
0.20174
0.560127
0.890486
1.1619
1.33048
1.40391
1.42511
-0.629851
-0.630291
-0.625733
-0.603392
-0.568111
-0.555023
-0.566863
-0.552082
-0.485829
-0.38242
-0.266664
-0.161103
-0.0620755
0.0932303
0.361188
0.602193
0.797008
0.911258
0.960001
0.973614
-0.684762
-0.682619
-0.676334
-0.657642
-0.630938
-0.61808
-0.632944
-0.602765
-0.509769
-0.393778
-0.285491
-0.189188
-0.103663
0.00719217
0.191385
0.353905
0.48045
0.551019
0.580729
0.588847
-0.79152
-0.789192
-0.807789
-0.8451
-0.867369
-0.85264
-0.809048
-0.6949
-0.539921
-0.409817
-0.303285
-0.214663
-0.156478
-0.065627
0.0596346
0.157097
0.226024
0.261085
0.27579
0.280008
-0.925906
-0.931645
-0.96794
-1.01677
-1.04177
-1.02432
-0.945869
-0.761276
-0.562949
-0.423984
-0.310619
-0.237074
-0.187454
-0.130673
-0.0504114
0.00632031
0.0281188
0.0396618
0.042936
0.0463271
-0.954005
-0.96371
-0.993928
-1.02798
-1.04742
-1.02997
-0.935941
-0.725552
-0.548304
-0.409574
-0.30835
-0.243862
-0.214196
-0.163611
-0.11217
-0.0911076
-0.0907572
-0.0976658
-0.0922472
-0.0862245
-0.804379
-0.813697
-0.841771
-0.877465
-0.902171
-0.885754
-0.776882
-0.611005
-0.475384
-0.356745
-0.283343
-0.238103
-0.220469
-0.184095
-0.138206
-0.114087
-0.108731
-0.106842
-0.101284
-0.0984197
-0.487413
-0.497906
-0.524018
-0.562115
-0.594517
-0.592484
-0.527164
-0.441788
-0.351423
-0.280419
-0.236667
-0.21168
-0.204688
-0.16978
-0.127249
-0.0938444
-0.0765815
-0.0646842
-0.0573388
-0.0551856
-0.13938
-0.14555
-0.161795
-0.190517
-0.22484
-0.24366
-0.249252
-0.241767
-0.222094
-0.198366
-0.175559
-0.162108
-0.159055
-0.12079
-0.0804437
-0.0519295
-0.0310781
-0.0145571
-0.00820971
-0.00773277
0.100003
0.0968933
0.0877429
0.0662096
0.0299894
-0.0174341
-0.0596497
-0.0925961
-0.113658
-0.117375
-0.110356
-0.0994151
-0.0832456
-0.0623806
-0.0363289
-0.0185854
-0.00134728
0.0108706
0.0155032
0.0155302
0.202073
0.200432
0.19475
0.178022
0.14562
0.0987439
0.0457253
-0.00107364
-0.0354362
-0.0524024
-0.0541539
-0.0377479
-0.013737
-0.00407846
0.00521883
0.0100774
0.0197728
0.0277448
0.0313219
0.0307659
0.217436
0.216514
0.212722
0.200774
0.176259
0.139276
0.0960257
0.0524141
0.0160849
-0.00524232
-0.00679574
0.0103724
0.0330718
0.0359084
0.0344281
0.0317389
0.0337347
0.0357248
0.0359143
0.0344637
0.196257
0.195814
0.193387
0.185466
0.168735
0.142491
0.109688
0.0750926
0.044759
0.0255637
0.0229415
0.0372084
0.0584569
0.0548303
0.0432167
0.0347971
0.0308817
0.0282106
0.025316
0.0237422
0.164121
0.163977
0.162492
0.15745
0.146532
0.128906
0.105656
0.0796831
0.0554914
0.0387315
0.0361171
0.0488904
0.064133
0.056888
0.0407283
0.028283
0.0206162
0.014819
0.0102765
0.00877347
0.13096
0.130984
0.130151
0.127055
0.120083
0.108417
0.092376
0.0736525
0.0549462
0.040413
0.0362825
0.043129
0.0533742
0.0418463
0.0267179
0.0158828
0.00871263
0.00222556
-0.00174451
-0.00269016
0.100496
0.100592
0.100057
0.0981644
0.0937225
0.0860259
0.0750098
0.0613899
0.046652
0.0328406
0.0237596
0.0209307
0.0221941
0.0115111
-0.000908649
-0.00591991
-0.00787073
-0.00985963
-0.0115569
-0.0122239
0.0733755
0.0734967
0.0732094
0.0720866
0.0693361
0.0643136
0.0567464
0.0467193
0.0345415
0.0204359
0.0035892
-0.0164234
-0.034189
-0.0426299
-0.0385929
-0.0320375
-0.0279641
-0.0265874
-0.0265239
-0.0267413
0.0496875
0.0498007
0.0496582
0.0490465
0.0474728
0.0443783
0.0393548
0.0321383
0.0222595
0.00799027
-0.0160628
-0.0568757
-0.0929984
-0.0946309
-0.0738121
-0.0558636
-0.0483059
-0.0451216
-0.043673
-0.0432055
0.0292384
0.0293319
0.0292653
0.0289703
0.0282172
0.0265549
0.0236022
0.0189759
0.0123011
-0.000217756
-0.0246237
-0.0732749
-0.119465
-0.109082
-0.0778512
-0.0600155
-0.0528741
-0.0515403
-0.0504358
-0.0494409
0.00361063
0.00359343
0.00358375
0.00376384
0.00389623
0.00375758
0.00331418
0.00233983
0.00109361
-0.002456
-0.0102477
-0.0273624
-0.0261529
-0.0246329
-0.0194808
-0.0186366
-0.0168908
-0.0146346
-0.013297
-0.0327194
-0.591415
-0.155217
0.180836
0.399982
0.562302
0.686936
0.784256
0.865341
0.951865
1.00402
0.116681
0.282408
0.427469
0.558364
0.668563
0.758806
0.832293
0.890225
0.921995
0.929311
0.398908
0.490922
0.590795
0.681018
0.758265
0.823121
0.875435
0.914321
0.941011
0.960887
0.579504
0.646048
0.715206
0.779667
0.835688
0.883217
0.922347
0.953974
0.979206
0.998905
0.71838
0.767559
0.817154
0.864693
0.907389
0.944653
0.976785
1.00442
1.02704
1.04448
0.829345
0.867286
0.906225
0.943818
0.978757
1.01031
1.03833
1.06265
1.0822
1.09831
0.924483
0.956073
0.9897
1.02262
1.05368
1.08224
1.10781
1.12985
1.14716
1.16175
1.01243
1.04231
1.07439
1.10599
1.13593
1.16342
1.18781
1.20839
1.22391
1.23723
1.10093
1.13308
1.16711
1.19979
1.23024
1.25766
1.28141
1.30086
1.31505
1.32748
1.20157
1.23782
1.27547
1.31004
1.34109
1.36809
1.39074
1.40887
1.42222
1.43473
1.32676
1.36579
1.40545
1.43971
1.46919
1.49419
1.51508
1.53214
1.54555
1.559
1.48578
1.52146
1.55671
1.58531
1.60951
1.63088
1.6501
1.66737
1.6823
1.69676
1.67385
1.69623
1.71993
1.73981
1.75812
1.7755
1.79203
1.80841
1.82459
1.84024
1.86641
1.87454
1.88835
1.90321
1.91765
1.9306
1.94224
1.95347
1.9652
1.98132
2.06153
2.06148
2.07145
2.07489
2.07586
2.08026
2.09074
2.10565
2.12003
2.13442
2.35848
2.30292
2.2484
2.20879
2.18657
2.18243
2.19596
2.22971
2.28751
2.36791
0.92183
0.86932
0.826445
0.793434
0.769689
0.752569
0.740132
0.731136
0.724926
0.721355
0.720957
0.723911
0.729471
0.737514
0.748475
0.763315
0.783645
0.811825
0.849857
0.899205
0.732887
0.741832
0.748588
0.748831
0.744131
0.737358
0.730631
0.725026
0.721099
0.719401
0.720616
0.724305
0.729717
0.736396
0.74364
0.749938
0.752692
0.749247
0.74016
0.733841
0.705586
0.70779
0.71265
0.716792
0.720332
0.722362
0.722183
0.720396
0.718178
0.716615
0.716645
0.718488
0.721246
0.72394
0.725442
0.72479
0.722056
0.718338
0.713942
0.709282
0.700384
0.701341
0.70384
0.706297
0.708182
0.70983
0.71121
0.711916
0.711932
0.711791
0.712185
0.713218
0.71421
0.714514
0.713891
0.712671
0.711184
0.709208
0.706723
0.704618
0.695059
0.695537
0.696985
0.699064
0.700982
0.70245
0.703601
0.704625
0.705488
0.706195
0.70688
0.707461
0.707676
0.707465
0.706934
0.706054
0.704645
0.702789
0.701095
0.700037
0.689993
0.690291
0.691213
0.692702
0.694385
0.696005
0.697391
0.698551
0.699602
0.700601
0.701474
0.702023
0.702178
0.701975
0.701373
0.700344
0.699025
0.697673
0.696594
0.695952
0.685061
0.685273
0.685962
0.687132
0.688521
0.689995
0.69149
0.692889
0.694154
0.695334
0.69638
0.697061
0.697271
0.697021
0.696368
0.695468
0.694485
0.6935
0.69273
0.692277
0.680237
0.680398
0.680944
0.681926
0.683149
0.684493
0.685936
0.687437
0.688923
0.690349
0.691618
0.692452
0.692732
0.692551
0.692063
0.691406
0.690674
0.689939
0.689374
0.689034
0.675457
0.675584
0.676031
0.676879
0.678007
0.679287
0.680692
0.682229
0.68387
0.685551
0.687093
0.688143
0.688601
0.688628
0.688376
0.68795
0.687423
0.686894
0.686489
0.686225
0.670637
0.670739
0.671118
0.671876
0.672941
0.674188
0.675603
0.677203
0.678988
0.680916
0.682779
0.684146
0.684894
0.685194
0.685191
0.684992
0.684676
0.684331
0.684052
0.683843
0.665688
0.665772
0.666101
0.666801
0.667835
0.669085
0.67055
0.672257
0.674225
0.676437
0.678687
0.680465
0.681578
0.682196
0.682468
0.682508
0.682407
0.682234
0.682061
0.681893
0.66052
0.66059
0.660884
0.661553
0.662588
0.663887
0.665443
0.667305
0.669518
0.67209
0.674816
0.677091
0.678636
0.679621
0.680206
0.680507
0.680627
0.680619
0.680537
0.6804
0.65504
0.655098
0.655371
0.656033
0.657105
0.658495
0.660191
0.66227
0.664805
0.667832
0.671142
0.674014
0.676067
0.677478
0.678417
0.679009
0.67936
0.679522
0.679522
0.679409
0.649145
0.649194
0.649456
0.650134
0.651279
0.652804
0.654701
0.65707
0.660017
0.663612
0.667637
0.671228
0.673886
0.675791
0.677135
0.678069
0.678674
0.679003
0.679077
0.678983
0.642716
0.642756
0.643016
0.643732
0.644987
0.6467
0.648867
0.651614
0.655084
0.659383
0.664281
0.668735
0.672111
0.674601
0.676414
0.677724
0.678618
0.67913
0.679279
0.6792
0.635609
0.635639
0.635905
0.636682
0.638089
0.64005
0.642568
0.645796
0.649918
0.655086
0.661043
0.666536
0.670765
0.673946
0.676314
0.678058
0.679286
0.679996
0.680217
0.680149
0.627642
0.627663
0.627942
0.628804
0.63041
0.632692
0.635657
0.639491
0.644427
0.650659
0.657901
0.66464
0.669883
0.673875
0.6769
0.679166
0.680774
0.681698
0.681991
0.681932
0.618582
0.618603
0.618907
0.61987
0.621735
0.624428
0.627956
0.632552
0.6385
0.646041
0.654837
0.663062
0.669508
0.674458
0.678255
0.681133
0.68318
0.684341
0.684709
0.684654
0.608112
0.608124
0.60847
0.609583
0.611786
0.615005
0.619252
0.624811
0.632025
0.641179
0.651853
0.66184
0.669696
0.675771
0.68047
0.684058
0.686614
0.688032
0.688471
0.688417
0.59586
0.595865
0.596251
0.597561
0.600202
0.604102
0.609272
0.616061
0.624868
0.636014
0.648951
0.661013
0.670505
0.677883
0.68364
0.688044
0.691172
0.692861
0.693367
0.693309
0.581268
0.581266
0.581717
0.583293
0.586506
0.591303
0.597685
0.606061
0.616887
0.630489
0.646141
0.660627
0.672003
0.680866
0.687844
0.693175
0.696932
0.698894
0.699456
0.699386
0.563557
0.563548
0.564093
0.566053
0.570062
0.576076
0.584079
0.594546
0.607956
0.624594
0.643474
0.660754
0.674256
0.684799
0.693121
0.699499
0.703929
0.706146
0.706742
0.706654
0.541564
0.541548
0.542253
0.544804
0.549977
0.557723
0.56798
0.581268
0.598021
0.618398
0.641061
0.661494
0.677347
0.689734
0.699529
0.707038
0.712131
0.714557
0.715154
0.71504
0.513503
0.513481
0.514473
0.518015
0.525026
0.535379
0.548897
0.566061
0.587139
0.612068
0.639077
0.662972
0.681352
0.695699
0.707058
0.715737
0.721426
0.723965
0.724519
0.724371
0.476305
0.476293
0.477914
0.483365
0.493642
0.508151
0.526522
0.548997
0.575547
0.605857
0.637726
0.665335
0.686351
0.70272
0.715676
0.725461
0.731581
0.734092
0.734549
0.734363
0.424154
0.424352
0.428033
0.437903
0.454299
0.475645
0.501088
0.530557
0.563748
0.60018
0.637303
0.668757
0.692424
0.710773
0.725228
0.735967
0.742244
0.744544
0.74486
0.744638
0.349712
0.352021
0.362854
0.382064
0.408506
0.439455
0.473891
0.511578
0.552228
0.595364
0.638138
0.673702
0.700213
0.720714
0.736705
0.748154
0.754362
0.756373
0.756559
0.756335
0.271099
0.276557
0.295845
0.325182
0.362336
0.403227
0.44672
0.492724
0.541098
0.591438
0.640649
0.681189
0.711193
0.734251
0.751987
0.763954
0.769718
0.771278
0.771373
0.771227
0.202376
0.208791
0.234301
0.272396
0.318835
0.368855
0.421047
0.475207
0.531162
0.58851
0.643875
0.689055
0.722275
0.747604
0.766645
0.778735
0.783936
0.785198
0.785302
0.785221
0.146158
0.153122
0.182709
0.226945
0.280325
0.337781
0.397491
0.459046
0.522098
0.5861
0.647308
0.696853
0.733044
0.760402
0.780569
0.792962
0.798049
0.799203
0.799321
0.799276
0.0995473
0.106841
0.139105
0.188047
0.246921
0.310421
0.376448
0.444445
0.513875
0.584027
0.650777
0.70454
0.74358
0.772937
0.794338
0.807205
0.812398
0.813591
0.813704
0.813684
0.059949
0.0674184
0.101508
0.154122
0.217579
0.286209
0.357658
0.431293
0.506481
0.582344
0.654338
0.712149
0.753993
0.785293
0.807957
0.821525
0.827041
0.828266
0.828401
0.828396
0.025337
0.0329064
0.0683497
0.123944
0.191268
0.264331
0.340574
0.419287
0.499744
0.58092
0.657866
0.719571
0.764149
0.797379
0.821343
0.835639
0.841543
0.842881
0.84303
0.843032
-0.00579155
0.00187071
0.0384239
0.0965247
0.167181
0.24412
0.324633
0.407952
0.493272
0.579456
0.661171
0.726627
0.77382
0.808929
0.834125
0.849148
0.855424
0.856936
0.857117
0.857117
-0.0344118
-0.0266635
0.0108372
0.0710944
0.144679
0.225027
0.309355
0.396885
0.486756
0.577719
0.664053
0.733136
0.782866
0.819723
0.84608
0.861793
0.868424
0.870117
0.870314
0.870297
-0.061311
-0.0534651
-0.015076
0.0470936
0.123284
0.20666
0.294422
0.385819
0.479943
0.575466
0.666295
0.738983
0.791164
0.829707
0.857111
0.873398
0.880306
0.882124
0.882322
0.882285
-0.0869597
-0.0789943
-0.0397608
0.0241427
0.102646
0.188732
0.279603
0.374537
0.472624
0.572523
0.667793
0.744088
0.798709
0.838843
0.867183
0.883875
0.890963
0.892853
0.893036
0.892974
-0.111713
-0.103585
-0.0635563
0.00194917
0.0825255
0.171037
0.264721
0.362892
0.464687
0.568787
0.668461
0.748417
0.805519
0.847196
0.876326
0.8933
0.900439
0.902323
0.90248
0.902391
-0.135732
-0.127448
-0.0866451
-0.0196677
0.0627718
0.153458
0.24968
0.350818
0.456057
0.564162
0.668214
0.751952
0.811644
0.854872
0.884687
0.901758
0.908832
0.91067
0.910802
0.910691
-0.159165
-0.150711
-0.109136
-0.040808
0.0433062
0.135934
0.234444
0.338275
0.446691
0.558593
0.66699
0.75467
0.817151
0.862009
0.892417
0.909433
0.916314
0.918035
0.918121
0.917993
-0.182111
-0.173466
-0.131102
-0.0615118
0.0240953
0.118455
0.21901
0.325267
0.436581
0.552054
0.664719
0.756532
0.822099
0.868768
0.899723
0.916496
0.923003
0.924537
0.924557
0.924407
-0.204565
-0.195711
-0.152561
-0.0817823
0.00514293
0.101038
0.2034
0.311827
0.425771
0.544552
0.661359
0.757473
0.826502
0.875311
0.906832
0.923126
0.929028
0.930246
0.930183
0.930021
-0.226465
-0.217412
-0.173474
-0.101614
-0.0135147
0.0837207
0.187683
0.29802
0.414312
0.536098
0.656865
0.757409
0.830313
0.881756
0.914057
0.929655
0.934582
0.935278
0.935093
0.934933
-0.247769
-0.238521
-0.19382
-0.12099
-0.031841
0.0665711
0.17192
0.283923
0.402272
0.526757
0.65121
0.756235
0.83342
0.888124
0.921729
0.936644
0.940129
0.939828
0.93937
0.93925
-0.268487
-0.259018
-0.213581
-0.139867
-0.0497965
0.0496576
0.156199
0.269629
0.389744
0.516595
0.644404
0.753847
0.835655
0.894267
0.930025
0.944849
0.946677
0.944552
0.943223
0.943132
-0.288513
-0.278837
-0.232727
-0.158202
-0.0673136
0.0330319
0.140604
0.255227
0.376833
0.505709
0.636466
0.75013
0.836817
0.899856
0.938717
0.954806
0.955899
0.951518
0.94775
0.945768
-0.307899
-0.298017
-0.25123
-0.175998
-0.0844254
0.0166758
0.125116
0.240688
0.363509
0.494066
0.627331
0.744845
0.836665
0.904545
0.947172
0.966231
0.968954
0.963783
0.955607
0.944209
-0.326621
-0.316608
-0.269199
-0.193437
-0.10138
0.000284053
0.109356
0.225545
0.349231
0.481038
0.616365
0.73727
0.834591
0.907923
0.954329
0.977209
0.983264
0.976996
0.966612
0.938438
-0.344742
-0.334647
-0.286565
-0.210337
-0.118019
-0.0159558
0.0935335
0.210022
0.334236
0.466808
0.603629
0.727075
0.829704
0.909051
0.95794
0.981276
0.987814
0.980876
0.934288
0.883996
-0.363878
-0.351267
-0.303202
-0.226583
-0.134486
-0.0321759
0.0774074
0.194135
0.318492
0.451311
0.588945
0.713869
0.820452
0.907248
0.955826
0.968774
0.971677
0.939525
0.879479
0.821735
-0.387352
-0.383495
-0.324139
-0.240049
-0.148064
-0.04603
0.0612741
0.17851
0.302688
0.435322
0.572895
0.698077
0.805506
0.904731
0.928484
0.940868
0.913007
0.855347
0.787827
0.725118
-0.365733
-0.357876
-0.298654
-0.214561
-0.116898
-0.0117085
0.100675
0.220765
0.348334
0.485329
0.617813
0.730997
0.829564
0.920735
0.925007
0.837471
0.763959
0.704376
0.639892
0.515425
-0.400525
-0.372823
-0.312133
-0.227156
-0.129906
-0.0248785
0.0870065
0.206462
0.333193
0.468796
0.599316
0.710026
0.798328
0.863293
0.830755
0.706079
0.604414
0.536043
0.464466
0.328273
-0.426298
-0.393052
-0.330944
-0.24643
-0.149253
-0.044316
0.0676592
0.186371
0.31185
0.445286
0.572573
0.678455
0.756823
0.784169
0.70455
0.557203
0.439946
0.35913
0.267834
0.083649
-0.449997
-0.415272
-0.351479
-0.266461
-0.169306
-0.0644214
0.047207
0.165025
0.288992
0.419799
0.542694
0.641434
0.70537
0.696162
0.563921
0.397552
0.25387
0.143738
0.0335783
-0.244812
-0.473259
-0.437793
-0.372817
-0.287084
-0.189835
-0.0851431
0.0258443
0.142596
0.264801
0.392548
0.510112
0.600532
0.645281
0.601735
0.423109
0.235512
0.0564403
-0.0892036
-0.270579
-0.630316
-0.496537
-0.460983
-0.395263
-0.309008
-0.21159
-0.107118
0.00322007
0.118793
0.238985
0.363275
0.474802
0.556772
0.579304
0.480589
0.289513
0.0846513
-0.106477
-0.27324
-0.465072
-0.807283
-0.520952
-0.485276
-0.419118
-0.332499
-0.234951
-0.130674
-0.0209615
0.0933918
0.211395
0.331911
0.437076
0.507981
0.502873
0.361871
0.168208
-0.0406206
-0.22922
-0.362354
-0.418579
-0.457791
-0.546897
-0.511113
-0.444677
-0.357889
-0.260391
-0.156482
-0.0475834
0.0652478
0.180607
0.29661
0.394947
0.450859
0.421707
0.247201
0.0536487
-0.139483
-0.295267
-0.357978
-0.376778
-0.380033
-0.574666
-0.538675
-0.471999
-0.385162
-0.287888
-0.184544
-0.0767403
0.0342251
0.146484
0.257222
0.348021
0.386204
0.335658
0.140003
-0.0490661
-0.221341
-0.329666
-0.347216
-0.352222
-0.352432
-0.6044
-0.568047
-0.501118
-0.414307
-0.317412
-0.214872
-0.108443
0.000308802
0.108983
0.213802
0.295715
0.319676
0.229671
0.0429952
-0.13834
-0.282672
-0.332193
-0.339311
-0.339416
-0.339079
-0.635973
-0.599177
-0.531994
-0.445315
-0.348955
-0.247443
-0.142687
-0.0365179
0.0681337
0.166458
0.238589
0.245658
0.12743
-0.0454144
-0.211406
-0.316665
-0.330884
-0.330867
-0.33107
-0.33069
-0.668937
-0.63181
-0.564449
-0.478021
-0.382382
-0.282159
-0.179402
-0.0762093
0.0240714
0.115393
0.177992
0.166926
0.0364008
-0.124481
-0.26557
-0.314766
-0.326099
-0.325487
-0.325186
-0.324811
-0.702918
-0.665515
-0.598105
-0.512102
-0.417426
-0.318784
-0.218373
-0.118565
-0.0229542
0.0612597
0.113027
0.0895679
-0.0482234
-0.190738
-0.295618
-0.318591
-0.318949
-0.320802
-0.321107
-0.32096
-0.736969
-0.699639
-0.632336
-0.547027
-0.453618
-0.356909
-0.259225
-0.163217
-0.072634
0.00503785
0.0444141
0.0172997
-0.123599
-0.240344
-0.310134
-0.318686
-0.318358
-0.318148
-0.317959
-0.317924
-0.769962
-0.733126
-0.666247
-0.582011
-0.490285
-0.395938
-0.301387
-0.209547
-0.124408
-0.0526824
-0.0206641
-0.0600775
-0.188038
-0.285606
-0.314118
-0.322441
-0.318281
-0.315134
-0.314137
-0.313962
-0.80038
-0.764472
-0.698597
-0.615992
-0.526487
-0.435024
-0.344092
-0.256733
-0.177293
-0.111563
-0.0818018
-0.133689
-0.240968
-0.32666
-0.348389
-0.335193
-0.321581
-0.313313
-0.310974
-0.310196
-0.826209
-0.791998
-0.727779
-0.647567
-0.561004
-0.473075
-0.38634
-0.303775
-0.230043
-0.170421
-0.143801
-0.191167
-0.277063
-0.347032
-0.362241
-0.347998
-0.334372
-0.327518
-0.323585
-0.321589
-0.845036
-0.813249
-0.751796
-0.67503
-0.592367
-0.508759
-0.42689
-0.349559
-0.281512
-0.226751
-0.203316
-0.234838
-0.288877
-0.339393
-0.341347
-0.356534
-0.367945
-0.365585
-0.359614
-0.357474
-0.854439
-0.825641
-0.768458
-0.6965
-0.618919
-0.540615
-0.464253
-0.392833
-0.330398
-0.279326
-0.254221
-0.276088
-0.279268
-0.310293
-0.321869
-0.345698
-0.360175
-0.362907
-0.362918
-0.363684
-0.851403
-0.82673
-0.775813
-0.710017
-0.638969
-0.567177
-0.496943
-0.431993
-0.375213
-0.329674
-0.29362
-0.319351
-0.287435
-0.249566
-0.291934
-0.330035
-0.348366
-0.357005
-0.36142
-0.362699
-0.832256
-0.814183
-0.771934
-0.714097
-0.651148
-0.587045
-0.523907
-0.4651
-0.415016
-0.376887
-0.338843
-0.37143
-0.374837
-0.326001
-0.366286
-0.387259
-0.393069
-0.397629
-0.399687
-0.400269
-0.79881
-0.786538
-0.755418
-0.708117
-0.654745
-0.59934
-0.544239
-0.491282
-0.447957
-0.417216
-0.397734
-0.437935
-0.564378
-0.647404
-0.640658
-0.546909
-0.483321
-0.457953
-0.450411
-0.448647
-0.755935
-0.748526
-0.729272
-0.693723
-0.650583
-0.604451
-0.556836
-0.510769
-0.470869
-0.44861
-0.436227
-0.490553
-0.580938
-0.728761
-0.605112
-0.474204
-0.440822
-0.423651
-0.412656
-0.40861
-0.712583
-0.70861
-0.698589
-0.675252
-0.641618
-0.603511
-0.562489
-0.521768
-0.484137
-0.459305
-0.439455
-0.424462
-0.281125
-0.146035
-0.0848314
-0.152763
-0.226629
-0.265418
-0.272506
-0.273972
-0.677935
-0.67584
-0.670719
-0.656003
-0.630997
-0.598543
-0.562923
-0.524106
-0.487332
-0.452999
-0.439283
-0.376495
-0.27033
-0.202828
-0.220417
-0.333546
-0.403473
-0.392574
-0.357903
-0.357234
-0.652731
-0.651702
-0.649646
-0.641542
-0.622329
-0.594196
-0.559831
-0.521935
-0.47983
-0.444345
-0.42726
-0.379549
-0.340835
-0.359914
-0.434132
-0.540868
-0.65992
-0.713008
-0.686917
-0.668312
-0.636243
-0.635793
-0.634975
-0.630897
-0.617035
-0.591059
-0.556553
-0.515011
-0.468784
-0.424487
-0.38076
-0.374564
-0.378026
-0.541518
-0.741681
-0.850885
-0.90864
-0.846957
-0.753393
-0.710497
-0.625893
-0.625739
-0.625276
-0.623888
-0.614385
-0.589704
-0.552857
-0.506307
-0.454637
-0.385994
-0.325299
-0.227399
-0.239596
-0.301071
-0.433148
-0.490514
-0.387799
-0.15703
0.0189564
0.095043
-0.618868
-0.618649
-0.618044
-0.617663
-0.612276
-0.590425
-0.550141
-0.498618
-0.433585
-0.353541
-0.256774
-0.109156
0.0822828
0.256476
0.485782
0.702551
0.968132
1.19687
1.32711
1.37353
-0.615433
-0.615486
-0.615621
-0.615589
-0.613283
-0.593751
-0.549831
-0.49111
-0.419192
-0.328546
-0.209128
-0.0787116
0.148292
0.469312
0.919361
1.345
1.67637
1.88912
1.9784
2.001
-0.610493
-0.611821
-0.614981
-0.619343
-0.619495
-0.597564
-0.550802
-0.491536
-0.417024
-0.311148
-0.192838
-0.0632952
0.148117
0.501229
0.933762
1.3199
1.61668
1.78192
1.8462
1.86017
-0.606736
-0.608136
-0.608785
-0.60669
-0.604006
-0.586723
-0.552714
-0.503626
-0.422602
-0.312186
-0.196252
-0.080978
0.0698152
0.374793
0.731335
1.0363
1.26084
1.37648
1.41884
1.42754
-0.630191
-0.629356
-0.617176
-0.585912
-0.557099
-0.561633
-0.564818
-0.52518
-0.436728
-0.323896
-0.213277
-0.109918
-0.00349596
0.224791
0.485746
0.707463
0.865235
0.94174
0.970293
0.973938
-0.683893
-0.680391
-0.669115
-0.643074
-0.622033
-0.623838
-0.627117
-0.561678
-0.452094
-0.339511
-0.232756
-0.147275
-0.0596163
0.0978057
0.276041
0.423649
0.522257
0.569898
0.586189
0.589228
-0.789304
-0.795577
-0.824506
-0.860653
-0.864152
-0.836236
-0.760799
-0.617635
-0.471915
-0.353219
-0.254658
-0.183546
-0.121422
-0.00072192
0.112449
0.194617
0.247589
0.270289
0.278769
0.279893
-0.925566
-0.9465
-0.993409
-1.03317
-1.0386
-0.996559
-0.863865
-0.656708
-0.487803
-0.363486
-0.267384
-0.21074
-0.165667
-0.0894825
-0.016844
0.0197166
0.0357384
0.0409147
0.0451101
0.0465364
-0.956168
-0.97694
-1.0115
-1.0406
-1.04448
-0.997205
-0.836818
-0.629527
-0.476837
-0.351578
-0.270911
-0.228893
-0.192427
-0.135915
-0.0973866
-0.0889238
-0.0958544
-0.0950214
-0.0889767
-0.0851989
-0.806882
-0.825909
-0.859585
-0.892567
-0.901141
-0.846056
-0.692351
-0.540842
-0.413197
-0.311921
-0.261406
-0.223983
-0.210002
-0.15602
-0.125439
-0.107629
-0.109273
-0.103905
-0.0995279
-0.0979365
-0.491058
-0.508991
-0.542286
-0.580343
-0.599988
-0.566242
-0.48442
-0.397755
-0.309811
-0.259123
-0.220933
-0.206968
-0.1957
-0.14554
-0.108302
-0.085116
-0.0698117
-0.0600352
-0.0557937
-0.055227
-0.141716
-0.152118
-0.174709
-0.208053
-0.237038
-0.247295
-0.248016
-0.231682
-0.211954
-0.185797
-0.166667
-0.159601
-0.14874
-0.100831
-0.0628423
-0.0419996
-0.0213472
-0.0106492
-0.00724126
-0.00828288
0.0987016
0.0935413
0.0787071
0.0499389
0.00708932
-0.0399937
-0.0767442
-0.105234
-0.117523
-0.113715
-0.105965
-0.0903919
-0.0742964
-0.0507316
-0.0265713
-0.00980704
0.00564489
0.0140822
0.0157719
0.0150025
0.201328
0.198532
0.188106
0.163848
0.123653
0.0724
0.0210175
-0.0200873
-0.0458876
-0.0547266
-0.0478095
-0.024827
-0.00484436
0.000583085
0.00744792
0.0145983
0.0243154
0.030064
0.0314235
0.0301212
0.217042
0.215288
0.208055
0.190205
0.15905
0.118181
0.0737239
0.0330972
0.00326749
-0.00779971
-0.00208873
0.0227028
0.039131
0.0355906
0.0324583
0.0326538
0.0347959
0.0360678
0.035367
0.0338764
0.196101
0.195045
0.190317
0.178316
0.156699
0.126705
0.0922019
0.0593376
0.0333212
0.0217667
0.0279641
0.0494317
0.0605542
0.0490914
0.0383975
0.0324566
0.029915
0.0265675
0.0244338
0.0233435
0.164115
0.163519
0.160555
0.15282
0.138514
0.117909
0.0927449
0.0672418
0.0456404
0.035591
0.0408502
0.0580614
0.0636702
0.0483404
0.0334415
0.0240534
0.0173416
0.0120832
0.00917709
0.0085216
0.130993
0.130765
0.128982
0.124123
0.114831
0.100926
0.0831652
0.0641996
0.0468007
0.0366206
0.0385981
0.0495287
0.0495724
0.0341901
0.020622
0.0122331
0.00570579
-0.000175752
-0.00244395
-0.0028727
0.100582
0.100423
0.0993455
0.0963181
0.0902931
0.0809383
0.068422
0.0541334
0.0394742
0.0274893
0.0215105
0.0221293
0.0180066
0.00419147
-0.00423073
-0.00680373
-0.00906504
-0.0107773
-0.0119297
-0.0124685
0.07346
0.0734223
0.0727963
0.0709637
0.0671279
0.0608614
0.0520051
0.0409284
0.0277518
0.012217
-0.0064317
-0.0267061
-0.0397756
-0.0414043
-0.0359439
-0.0296557
-0.0270799
-0.0265634
-0.0265515
-0.0269636
0.0497631
0.0497664
0.0494303
0.048416
0.0461387
0.0421322
0.036029
0.0275543
0.0159003
-0.00245246
-0.0346329
-0.0783632
-0.0991304
-0.0844601
-0.0634828
-0.0509943
-0.0461733
-0.0442976
-0.0433039
-0.0432885
0.0293
0.0293164
0.0291633
0.0286746
0.0275173
0.0252641
0.0215227
0.0160091
0.00693895
-0.0101999
-0.0459302
-0.100999
-0.121212
-0.0929276
-0.067059
-0.0555247
-0.0518888
-0.0510999
-0.0498179
-0.0493558
0.0116745
0.0117489
0.0117193
0.0116647
0.0114148
0.0108638
0.00971892
0.00767388
0.00431874
-0.00162021
-0.0153396
-0.0478624
-0.0789818
-0.0629745
-0.0461744
-0.0356643
-0.0333266
-0.0342092
-0.0338187
-0.0324842
-0.35083
0.0305119
0.299712
0.484929
0.628121
0.737589
0.826886
0.905949
0.990415
0.981561
0.203501
0.355796
0.495539
0.61617
0.716061
0.797386
0.863572
0.910416
0.925726
0.93894
0.4428
0.541217
0.637576
0.72124
0.79222
0.850901
0.896575
0.928954
0.951231
0.970215
0.612219
0.680632
0.748438
0.808766
0.860508
0.903808
0.938994
0.967426
0.989112
1.00866
0.742508
0.79238
0.841415
0.886728
0.92669
0.961319
0.991137
1.01651
1.03548
1.0542
0.847622
0.886851
0.92527
0.961693
0.994973
1.02477
1.05099
1.07314
1.09003
1.10792
0.93947
0.972888
1.00634
1.03844
1.0683
1.09543
1.11933
1.13919
1.15403
1.17142
1.02647
1.05836
1.09033
1.12123
1.15002
1.17604
1.19864
1.21685
1.23
1.24686
1.11588
1.15026
1.18365
1.21535
1.24437
1.27002
1.29172
1.30865
1.32057
1.33698
1.21829
1.25706
1.29314
1.32604
1.35513
1.37997
1.40038
1.41611
1.42777
1.44396
1.34466
1.38631
1.42322
1.45502
1.48223
1.50513
1.52407
1.53924
1.5517
1.56785
1.50184
1.54
1.57174
1.59782
1.6205
1.64074
1.65899
1.67515
1.68919
1.70512
1.68374
1.70863
1.73021
1.74907
1.76694
1.78384
1.80019
1.81664
1.83228
1.84839
1.86937
1.88113
1.89576
1.91058
1.92434
1.93653
1.94784
1.95922
1.97212
1.99281
2.05701
2.06702
2.07391
2.07527
2.07737
2.08476
2.09789
2.11326
2.12638
2.15436
2.33324
2.27413
2.22651
2.19543
2.18229
2.18687
2.21009
2.25536
2.32587
2.40461
0.797071
0.789571
0.780653
0.767838
0.754446
0.742862
0.733664
0.726798
0.722231
0.720276
0.721561
0.72566
0.731954
0.74038
0.751063
0.763905
0.777605
0.788809
0.796599
0.802921
0.711075
0.718958
0.726098
0.73086
0.732112
0.730124
0.726392
0.722469
0.71943
0.718102
0.719216
0.722325
0.726533
0.730973
0.734375
0.735111
0.732202
0.726188
0.718198
0.712291
0.70301
0.706071
0.709166
0.71169
0.714068
0.715836
0.71633
0.715683
0.71469
0.714297
0.715165
0.716884
0.718514
0.719168
0.718357
0.716434
0.714175
0.711537
0.708349
0.705987
0.697687
0.699206
0.701442
0.703607
0.705203
0.706488
0.707613
0.708408
0.708848
0.709276
0.709966
0.710634
0.710833
0.710432
0.709645
0.708559
0.706918
0.704745
0.702919
0.701834
0.692507
0.693348
0.694836
0.696685
0.698435
0.699845
0.700976
0.70199
0.702925
0.703784
0.704464
0.7048
0.704763
0.704402
0.703668
0.702454
0.700895
0.699339
0.698307
0.697672
0.687514
0.688085
0.689161
0.690596
0.69215
0.693683
0.695068
0.696276
0.697387
0.698439
0.699243
0.699636
0.699618
0.699173
0.698324
0.69723
0.696059
0.694994
0.694309
0.693865
0.682641
0.68307
0.68393
0.685139
0.68648
0.687921
0.689402
0.690833
0.692171
0.693429
0.69441
0.694902
0.694894
0.69446
0.693755
0.692931
0.692069
0.691285
0.690785
0.690448
0.677849
0.678186
0.678897
0.679959
0.6812
0.682559
0.68403
0.685583
0.687153
0.688678
0.689875
0.690504
0.690617
0.690367
0.689899
0.689302
0.68866
0.688091
0.687721
0.687453
0.673061
0.673334
0.67394
0.674903
0.676086
0.677412
0.678894
0.680535
0.682302
0.684112
0.685595
0.686468
0.686823
0.68682
0.686587
0.686211
0.685768
0.685373
0.6851
0.684878
0.668188
0.668416
0.668949
0.669851
0.671
0.672331
0.67387
0.67563
0.677603
0.679726
0.681577
0.682798
0.683467
0.683741
0.683752
0.683605
0.683355
0.683111
0.682913
0.682725
0.663141
0.663335
0.663819
0.66469
0.665842
0.667222
0.668856
0.670785
0.673021
0.675526
0.67783
0.679478
0.680517
0.681107
0.681388
0.681473
0.681418
0.681311
0.681174
0.68101
0.657829
0.657998
0.658454
0.659325
0.66052
0.661989
0.66377
0.665927
0.668504
0.671486
0.674341
0.676496
0.677966
0.678918
0.679503
0.679826
0.679983
0.680003
0.679917
0.679768
0.652156
0.652305
0.652752
0.653652
0.654931
0.656537
0.658525
0.660987
0.663996
0.66757
0.671095
0.673855
0.675829
0.677196
0.678124
0.678737
0.679098
0.679237
0.679193
0.679055
0.64601
0.646145
0.646599
0.647557
0.648961
0.650761
0.653028
0.655884
0.659438
0.663741
0.668077
0.671559
0.674132
0.67598
0.677299
0.67823
0.678821
0.67908
0.679074
0.678942
0.639259
0.639384
0.63986
0.640907
0.642484
0.644543
0.647174
0.650532
0.654764
0.65996
0.665276
0.669623
0.672903
0.675321
0.677089
0.678383
0.679229
0.679614
0.679643
0.679513
0.63175
0.631865
0.632375
0.633544
0.635349
0.637743
0.640837
0.644824
0.649897
0.656185
0.662684
0.668063
0.672178
0.675267
0.677574
0.679292
0.68042
0.680934
0.680996
0.680865
0.62327
0.62338
0.623936
0.62527
0.627369
0.63019
0.633869
0.638643
0.644754
0.65237
0.660293
0.666905
0.672008
0.675886
0.67884
0.681045
0.682492
0.683145
0.683237
0.6831
0.613521
0.613639
0.614284
0.615834
0.618311
0.621673
0.626092
0.631853
0.639252
0.648491
0.65812
0.666187
0.672455
0.677261
0.68097
0.683744
0.685554
0.686352
0.686471
0.686326
0.602206
0.602326
0.60309
0.604913
0.60787
0.61193
0.617292
0.624299
0.633299
0.644519
0.656186
0.665958
0.673584
0.679477
0.684055
0.687497
0.689707
0.690653
0.690794
0.690637
0.588833
0.58897
0.589891
0.592074
0.595656
0.600625
0.607204
0.615799
0.626801
0.640434
0.65452
0.666275
0.675462
0.682609
0.688202
0.692395
0.695036
0.696127
0.696282
0.696109
0.572747
0.57292
0.574073
0.576744
0.581158
0.587334
0.595513
0.606153
0.619664
0.636229
0.653162
0.667199
0.678158
0.686729
0.693466
0.6985
0.701591
0.702811
0.702967
0.702776
0.552996
0.553243
0.554745
0.558112
0.563689
0.571528
0.581865
0.595189
0.611867
0.631972
0.652202
0.668813
0.681749
0.691901
0.69989
0.705839
0.709363
0.710677
0.71082
0.710609
0.528149
0.52854
0.530595
0.535023
0.542324
0.55256
0.565904
0.5828
0.603473
0.6278
0.651774
0.671212
0.68629
0.698163
0.707493
0.714361
0.718258
0.719609
0.719716
0.719485
0.495875
0.496558
0.499573
0.505819
0.515899
0.529767
0.5474
0.569042
0.594671
0.623923
0.65204
0.674499
0.691835
0.705489
0.716222
0.723938
0.728069
0.729372
0.729422
0.729175
0.452027
0.453404
0.458452
0.468298
0.483259
0.502768
0.526462
0.55424
0.585813
0.620626
0.653201
0.6788
0.698427
0.713855
0.725941
0.734323
0.738455
0.739603
0.73958
0.739325
0.388958
0.393179
0.403755
0.420863
0.444087
0.47205
0.503825
0.53909
0.577455
0.618296
0.65549
0.68422
0.706068
0.723137
0.73633
0.745061
0.748903
0.749771
0.749677
0.749438
0.313599
0.321854
0.34128
0.368928
0.402699
0.440159
0.480556
0.523755
0.569454
0.617074
0.659757
0.692408
0.717115
0.736216
0.750557
0.759353
0.762892
0.763603
0.763558
0.763431
0.238064
0.252018
0.280336
0.318401
0.362366
0.409233
0.458306
0.509516
0.56262
0.617093
0.665372
0.70201
0.729574
0.750783
0.766135
0.774658
0.777525
0.777995
0.777982
0.777929
0.175635
0.192898
0.227123
0.273061
0.325354
0.380479
0.437552
0.496377
0.556608
0.617663
0.67121
0.711544
0.741696
0.764543
0.780499
0.788818
0.791468
0.791914
0.791956
0.791946
0.124155
0.143504
0.182244
0.234021
0.292785
0.354707
0.418703
0.484385
0.551208
0.618451
0.677029
0.720862
0.753435
0.777914
0.794665
0.803076
0.805571
0.806089
0.806179
0.806203
0.0809917
0.101567
0.143695
0.200171
0.264284
0.331908
0.401829
0.473552
0.546374
0.619423
0.682816
0.73006
0.764989
0.791099
0.808701
0.817368
0.820111
0.820711
0.820822
0.820874
0.0437425
0.0651465
0.109914
0.170254
0.238904
0.311462
0.386598
0.463758
0.542108
0.620589
0.688564
0.739106
0.77637
0.804112
0.822718
0.831919
0.834887
0.835513
0.83562
0.835683
0.0107543
0.0327533
0.0796759
0.143258
0.215814
0.29271
0.372534
0.454648
0.538112
0.621728
0.694089
0.747817
0.787352
0.816669
0.836264
0.846098
0.849303
0.849988
0.850076
0.850139
-0.0191982
0.00325751
0.0520078
0.118391
0.194355
0.275084
0.359127
0.4458
0.53407
0.622624
0.699225
0.756028
0.797719
0.828564
0.849098
0.859498
0.862975
0.863699
0.86376
0.863815
-0.047078
-0.0241761
0.0261754
0.0950486
0.174012
0.25815
0.34602
0.436918
0.529743
0.623028
0.70379
0.76357
0.807342
0.839582
0.860978
0.871909
0.875622
0.876356
0.876388
0.876422
-0.0734432
-0.0500882
0.00169386
0.0727895
0.154415
0.241612
0.332964
0.427766
0.524885
0.622762
0.707643
0.770398
0.81617
0.849729
0.871866
0.8831
0.886994
0.887746
0.887749
0.887758
-0.0987254
-0.0748884
-0.0217991
0.0512924
0.135299
0.225246
0.319765
0.41817
0.51935
0.621723
0.710716
0.776473
0.824225
0.858973
0.881703
0.893152
0.897088
0.897834
0.897812
0.897792
-0.123204
-0.0988607
-0.044549
0.030342
0.116484
0.208907
0.306303
0.40804
0.513054
0.619793
0.712957
0.781809
0.831568
0.867434
0.890597
0.902102
0.905991
0.9067
0.906662
0.906618
-0.147027
-0.122145
-0.0667009
0.00981746
0.0978688
0.192515
0.292525
0.39732
0.505927
0.616905
0.714308
0.786424
0.838301
0.875248
0.898683
0.910099
0.913878
0.914524
0.914448
0.914384
-0.170311
-0.144882
-0.0883332
-0.0103387
0.0794129
0.176051
0.278414
0.385992
0.497935
0.613002
0.714714
0.790332
0.844533
0.882587
0.906164
0.917322
0.920871
0.92142
0.921315
0.921232
-0.19305
-0.167108
-0.109476
-0.0301469
0.0611136
0.159517
0.263983
0.374076
0.489085
0.608049
0.714104
0.79352
0.850377
0.88966
0.913223
0.923889
0.927087
0.927486
0.92734
0.927243
-0.215275
-0.188794
-0.130116
-0.0495934
0.0429968
0.142954
0.249282
0.361619
0.479416
0.602027
0.712419
0.795926
0.855883
0.896686
0.920143
0.929999
0.932591
0.932776
0.9326
0.932501
-0.236906
-0.209904
-0.150246
-0.0686618
0.025103
0.126427
0.234384
0.348691
0.468979
0.594939
0.709583
0.797445
0.861032
0.903876
0.927342
0.936051
0.937623
0.937403
0.93719
0.937113
-0.25796
-0.230391
-0.169851
-0.0873077
0.00749174
0.110001
0.219371
0.335387
0.457846
0.586825
0.705528
0.797951
0.865697
0.911307
0.935328
0.942795
0.94271
0.941548
0.941209
0.941262
-0.278344
-0.25025
-0.188888
-0.105487
-0.00978567
0.0937527
0.20432
0.32178
0.44612
0.57775
0.700204
0.797289
0.869653
0.918797
0.944421
0.951356
0.949283
0.946112
0.944867
0.945301
-0.298096
-0.269459
-0.207302
-0.123143
-0.026656
0.0777713
0.189357
0.308003
0.433921
0.567805
0.693585
0.795288
0.872609
0.925837
0.954294
0.962506
0.959738
0.953816
0.947512
0.934285
-0.317172
-0.288057
-0.225232
-0.140488
-0.0434172
0.0617307
0.174067
0.2936
0.420736
0.556489
0.685134
0.79143
0.874339
0.932055
0.964222
0.975957
0.974731
0.966299
0.95539
0.967509
-0.335571
-0.30604
-0.242642
-0.157477
-0.0600193
0.0456785
0.158452
0.278588
0.406536
0.543679
0.674592
0.784971
0.874084
0.936352
0.971131
0.986023
0.987169
0.976369
0.926095
0.917197
-0.35379
-0.323554
-0.25928
-0.173833
-0.0760315
0.0299848
0.142688
0.263241
0.391619
0.529577
0.661999
0.775213
0.870998
0.937763
0.970228
0.984051
0.978076
0.941425
0.881367
0.845335
-0.37499
-0.342396
-0.274655
-0.189137
-0.0906204
0.0150415
0.127212
0.247845
0.3762
0.514295
0.647409
0.761717
0.863252
0.934731
0.97261
0.9572
0.929915
0.869369
0.804276
0.765533
0.0544828
0.171687
0.29575
0.42817
0.565244
0.689829
0.795746
0.65957
-0.389045
-0.379817
-0.338081
-0.265158
-0.173185
-0.0722628
0.0364657
0.152474
0.27577
0.40702
0.542978
0.667118
0.769915
0.858142
0.904277
0.851437
0.72595
0.64954
0.588917
-0.41195
-0.400458
-0.355051
-0.281151
-0.18885
-0.0878288
0.0205309
0.136074
0.258522
0.388439
0.52216
0.643391
0.740178
0.811173
0.807929
0.702419
0.573374
0.484926
0.412019
-0.435246
-0.423464
-0.375672
-0.300764
-0.208574
-0.107389
0.00102935
0.116245
0.237725
0.366007
0.496562
0.612802
0.699554
0.748016
0.708692
0.553856
0.409033
0.299743
0.21137
-0.458338
-0.44655
-0.397379
-0.32126
-0.228869
-0.127697
-0.0195876
0.0948771
0.215092
0.341254
0.468055
0.578179
0.65638
0.674392
0.583334
0.404013
0.232069
0.0852414
-0.0380334
-0.481485
-0.469802
-0.419737
-0.34272
-0.249996
-0.148836
-0.041179
0.0723709
0.191115
0.314775
0.437253
0.540108
0.607718
0.58722
0.449187
0.256731
0.0598253
-0.10917
-0.271687
-0.505198
-0.493681
-0.443158
-0.365563
-0.27254
-0.171347
-0.0640773
0.0486017
0.165788
0.28675
0.404627
0.499291
0.550839
0.507706
0.323396
0.124206
-0.0799895
-0.26083
-0.398627
-0.523672
-0.53029
-0.518876
-0.468031
-0.390095
-0.296952
-0.195836
-0.089035
0.0226401
0.138011
0.255807
0.368523
0.45421
0.487276
0.408686
0.206692
0.00436522
-0.186138
-0.330449
-0.381448
-0.402551
-0.557049
-0.545687
-0.494575
-0.416433
-0.323327
-0.222498
-0.116362
-0.00597944
0.107189
0.221227
0.327994
0.403839
0.411138
0.293169
0.0973504
-0.0951689
-0.261846
-0.337752
-0.360956
-0.363721
-0.5857
-0.574306
-0.522876
-0.444586
-0.351653
-0.251291
-0.146084
-0.0373039
0.0732617
0.182981
0.28283
0.348674
0.326488
0.184135
-0.00240406
-0.18221
-0.306068
-0.346081
-0.344293
-0.345244
-0.616215
-0.60475
-0.552955
-0.474558
-0.381926
-0.282222
-0.178207
-0.0713438
0.0362156
0.141089
0.233259
0.287005
0.247698
0.0816742
-0.0903592
-0.253144
-0.321195
-0.333897
-0.334683
-0.334545
-0.648369
-0.636799
-0.58469
-0.506271
-0.41406
-0.315238
-0.21268
-0.108089
-0.00392752
0.0956202
0.179691
0.219979
0.171669
-0.0069492
-0.168658
-0.291648
-0.333875
-0.328724
-0.328035
-0.3276
-0.681655
-0.670037
-0.617789
-0.53946
-0.447857
-0.350155
-0.249362
-0.147412
-0.0470322
0.0469455
0.122323
0.151397
0.0813645
-0.086693
-0.231948
-0.307478
-0.321197
-0.322578
-0.322982
-0.322765
-0.71556
-0.703914
-0.651734
-0.573672
-0.482916
-0.386628
-0.287949
-0.189027
-0.0928615
-0.00446233
0.0619686
0.0774517
-0.00841542
-0.154851
-0.273767
-0.310389
-0.316917
-0.318971
-0.319373
-0.319292
-0.749102
-0.737474
-0.685708
-0.608203
-0.518633
-0.424138
-0.327964
-0.232454
-0.14093
-0.058244
0.00106598
0.000557449
-0.087673
-0.21442
-0.296889
-0.325994
-0.31978
-0.31729
-0.316202
-0.31594
-0.780564
-0.769277
-0.718545
-0.642086
-0.554151
-0.461923
-0.368724
-0.277012
-0.190463
-0.113818
-0.059153
-0.0685191
-0.158938
-0.26769
-0.326831
-0.327252
-0.323308
-0.316
-0.312582
-0.311779
-0.80877
-0.797875
-0.748716
-0.673994
-0.588323
-0.498966
-0.409307
-0.321835
-0.240435
-0.169921
-0.120286
-0.12956
-0.216032
-0.306692
-0.356196
-0.354095
-0.333722
-0.319952
-0.314411
-0.312705
-0.830994
-0.820798
-0.774281
-0.702239
-0.619707
-0.533993
-0.448538
-0.36587
-0.289725
-0.225094
-0.181017
-0.183451
-0.252622
-0.32251
-0.349959
-0.351585
-0.350985
-0.348637
-0.343415
-0.339578
-0.845137
-0.835992
-0.792966
-0.72489
-0.646624
-0.565528
-0.48502
-0.407831
-0.337164
-0.278176
-0.235847
-0.236253
-0.271407
-0.311061
-0.332635
-0.342849
-0.36567
-0.372121
-0.369429
-0.367215
-0.848615
-0.840923
-0.802462
-0.739917
-0.667243
-0.591988
-0.517314
-0.446123
-0.381506
-0.328189
-0.284147
-0.283319
-0.296953
-0.272202
-0.296979
-0.321597
-0.343416
-0.352466
-0.356948
-0.359247
-0.839172
-0.832912
-0.800531
-0.745291
-0.679929
-0.611827
-0.544126
-0.479113
-0.421298
-0.373553
-0.33233
-0.322587
-0.340999
-0.282556
-0.274191
-0.327654
-0.356021
-0.368148
-0.374145
-0.376424
-0.813482
-0.809057
-0.784555
-0.739438
-0.683578
-0.623945
-0.564238
-0.506007
-0.454314
-0.413286
-0.381525
-0.370097
-0.440797
-0.483609
-0.487929
-0.480758
-0.448577
-0.43286
-0.42913
-0.428053
-0.775135
-0.772352
-0.756502
-0.722823
-0.678159
-0.628308
-0.576777
-0.526328
-0.479205
-0.445471
-0.424897
-0.440802
-0.524529
-0.733002
-0.785618
-0.629947
-0.522145
-0.471533
-0.451068
-0.44489
-0.731327
-0.729598
-0.721755
-0.699426
-0.666101
-0.625859
-0.582512
-0.538465
-0.496849
-0.464721
-0.449444
-0.45142
-0.451487
-0.456144
-0.398965
-0.299719
-0.310596
-0.340695
-0.347269
-0.343819
-0.692421
-0.691296
-0.687677
-0.675382
-0.651413
-0.619177
-0.582635
-0.543215
-0.50475
-0.469521
-0.4522
-0.415482
-0.314188
-0.136162
-0.0855758
-0.158154
-0.26752
-0.283107
-0.257274
-0.254952
-0.664226
-0.663608
-0.66131
-0.655109
-0.638256
-0.612041
-0.579231
-0.54282
-0.502902
-0.467395
-0.438037
-0.411721
-0.345704
-0.299034
-0.257846
-0.369181
-0.494648
-0.565855
-0.552107
-0.523128
-0.643348
-0.642909
-0.641989
-0.639519
-0.628985
-0.606959
-0.575837
-0.538657
-0.498239
-0.453062
-0.417298
-0.413747
-0.352027
-0.404421
-0.542278
-0.636814
-0.737274
-0.811536
-0.801435
-0.75668
-0.630694
-0.630591
-0.630225
-0.628864
-0.623235
-0.604338
-0.573203
-0.533854
-0.487381
-0.432889
-0.386506
-0.320348
-0.325665
-0.41017
-0.601629
-0.807325
-0.865346
-0.749142
-0.569863
-0.451846
-0.62191
-0.621894
-0.621555
-0.621197
-0.618734
-0.603767
-0.572188
-0.528291
-0.473189
-0.411363
-0.328387
-0.235984
-0.0920124
-0.0367887
0.0184518
0.0800788
0.189701
0.421985
0.622906
0.729619
-0.6169
-0.616806
-0.616425
-0.615903
-0.614667
-0.605085
-0.573605
-0.523036
-0.462623
-0.386118
-0.285084
-0.168375
0.0118044
0.255542
0.57634
0.947125
1.29469
1.57138
1.73386
1.7975
-0.613511
-0.61384
-0.614948
-0.616826
-0.618223
-0.610594
-0.57596
-0.521489
-0.456066
-0.369401
-0.26126
-0.137409
0.037807
0.313341
0.744429
1.19058
1.56047
1.82311
1.94941
1.99021
-0.606409
-0.607596
-0.609895
-0.614616
-0.618937
-0.610784
-0.574851
-0.525348
-0.460174
-0.368385
-0.252675
-0.129585
0.00530212
0.261244
0.650501
1.02782
1.33906
1.53801
1.62763
1.65433
-0.61342
-0.614471
-0.613174
-0.602134
-0.584879
-0.577367
-0.56555
-0.538921
-0.475719
-0.376521
-0.260026
-0.147389
-0.0401187
0.146774
0.459766
0.742619
0.975934
1.11697
1.17681
1.19433
-0.653763
-0.653035
-0.645637
-0.617696
-0.575127
-0.558441
-0.58401
-0.571791
-0.497312
-0.387972
-0.275388
-0.175934
-0.0820667
0.0453655
0.272539
0.473302
0.631552
0.721362
0.760577
0.770076
-0.72936
-0.725433
-0.728328
-0.73338
-0.739903
-0.726383
-0.718265
-0.646173
-0.523935
-0.400943
-0.295346
-0.2015
-0.130298
-0.0284065
0.119815
0.24755
0.344935
0.398166
0.420268
0.426437
-0.863461
-0.865193
-0.897324
-0.947632
-0.97591
-0.959119
-0.890465
-0.737392
-0.554343
-0.418745
-0.308182
-0.227332
-0.174713
-0.101324
0.00226517
0.0779442
0.120237
0.141554
0.149066
0.15257
-0.959874
-0.968297
-1.00269
-1.04299
-1.06449
-1.0469
-0.961626
-0.757006
-0.562026
-0.421654
-0.311148
-0.242564
-0.200868
-0.150091
-0.0884488
-0.0518777
-0.0444843
-0.0439329
-0.0400628
-0.0359709
-0.902473
-0.912727
-0.940275
-0.97305
-0.993434
-0.976896
-0.871884
-0.674621
-0.519717
-0.387482
-0.299411
-0.242491
-0.221544
-0.175658
-0.128091
-0.110944
-0.110204
-0.113771
-0.107501
-0.103348
-0.659978
-0.671391
-0.699832
-0.73871
-0.769027
-0.755402
-0.660345
-0.534086
-0.417374
-0.320058
-0.261918
-0.228221
-0.214791
-0.183231
-0.1387
-0.107765
-0.0963875
-0.0886546
-0.0836143
-0.0810268
-0.306769
-0.315159
-0.336377
-0.370094
-0.402261
-0.41075
-0.384497
-0.340106
-0.284831
-0.239734
-0.207858
-0.189437
-0.186868
-0.147333
-0.105181
-0.0732572
-0.0533995
-0.0371733
-0.0296784
-0.0284545
-0.00143011
-0.0057511
-0.0179148
-0.042485
-0.0788866
-0.11435
-0.139958
-0.158033
-0.164567
-0.156932
-0.142061
-0.131422
-0.122312
-0.0921738
-0.0577744
-0.0340516
-0.0141474
0.000139639
0.00560257
0.00585834
0.165784
0.163548
0.156457
0.13734
0.102447
0.0528071
0.000445682
-0.0417225
-0.0707293
-0.0822204
-0.0813078
-0.0675798
-0.0455755
-0.0324323
-0.014899
-0.00386686
0.00995909
0.0201836
0.0243969
0.0239304
0.216862
0.215625
0.210975
0.196673
0.167938
0.125588
0.0770065
0.0302898
-0.00664699
-0.0269691
-0.0287219
-0.0101714
0.0112757
0.0188856
0.0221186
0.0217738
0.027756
0.0332291
0.0352789
0.0343054
0.209313
0.208654
0.2056
0.195805
0.175394
0.14394
0.105941
0.0667058
0.033026
0.0124561
0.010576
0.0259445
0.048522
0.0476135
0.0411837
0.036105
0.0348184
0.0338787
0.0322736
0.0306514
0.180702
0.180433
0.178527
0.172178
0.158602
0.137016
0.109226
0.0790769
0.0519551
0.0339775
0.0313369
0.0447658
0.0628686
0.0575922
0.0428607
0.0314484
0.0257355
0.0216848
0.0175534
0.0160003
0.147334
0.147343
0.146206
0.142246
0.133505
0.119149
0.0998137
0.0776919
0.0563127
0.0408256
0.0377265
0.0472204
0.0602085
0.0510226
0.0352678
0.0237749
0.0154106
0.00816514
0.00354188
0.00237351
0.115331
0.115354
0.114734
0.112287
0.106725
0.0972604
0.0839753
0.0680532
0.0516068
0.0376437
0.0312218
0.033952
0.0411332
0.031035
0.0142449
0.00629196
0.00134644
-0.00336686
-0.00619034
-0.00703683
0.0865002
0.0866145
0.0862211
0.0847396
0.0812304
0.0749939
0.065847
0.054137
0.0407946
0.0268731
0.0141681
0.00389744
-0.00279767
-0.0147858
-0.0191357
-0.0184611
-0.0176906
-0.0179603
-0.0186189
-0.0189675
0.0611115
0.0612291
0.061021
0.0601812
0.0580644
0.0540698
0.0478483
0.0393085
0.0282778
0.0139936
-0.00675357
-0.0355923
-0.0654954
-0.0708757
-0.0587324
-0.0454498
-0.038301
-0.0362012
-0.0355084
-0.0353936
0.0390487
0.0391455
0.0390385
0.0386341
0.0375032
0.0351584
0.0312099
0.0254198
0.0169224
0.00291099
-0.0221297
-0.069197
-0.114323
-0.108914
-0.0804414
-0.061353
-0.0535498
-0.0507385
-0.0492443
-0.0484723
0.0200911
0.0201741
0.0201605
0.020011
0.0195546
0.0184703
0.0164434
0.0130698
0.00812284
-0.00157887
-0.0218402
-0.0660256
-0.108842
-0.0934993
-0.0652215
-0.050386
-0.0469169
-0.0467018
-0.0456446
-0.0445306
0.0117243
0.0117395
0.0116954
0.0115698
0.0112047
0.0103791
0.00884341
0.00611682
0.00211767
-0.00719367
-0.0285386
-0.0687571
-0.0733418
-0.0543103
-0.0389187
-0.0338833
-0.0338162
-0.0342101
-0.0332368
-0.0128693
-0.12411
0.144608
0.319907
0.484293
0.617285
0.723651
0.809065
0.881378
0.927477
0.917311
0.276496
0.39615
0.515861
0.623689
0.715433
0.791921
0.854148
0.900459
0.928159
0.944364
0.495568
0.573897
0.656724
0.732804
0.798168
0.853331
0.898077
0.932488
0.958783
0.97887
0.652358
0.710091
0.768186
0.823455
0.871942
0.91357
0.948732
0.978212
1.00263
1.02066
0.7764
0.819409
0.862652
0.904672
0.942914
0.976881
1.00675
1.03261
1.05353
1.07027
0.878292
0.912246
0.948052
0.983028
1.01562
1.04538
1.07202
1.09506
1.11343
1.12862
0.96889
0.99903
1.03134
1.06343
1.09368
1.12149
1.14637
1.16759
1.18396
1.19777
1.05594
1.08648
1.11911
1.15121
1.18132
1.20871
1.2328
1.25281
1.26762
1.28027
1.1489
1.18299
1.21874
1.25255
1.28347
1.31081
1.33412
1.35295
1.36663
1.37886
1.26029
1.29835
1.33742
1.37249
1.40324
1.42948
1.4513
1.46878
1.48199
1.49481
1.40178
1.44022
1.47873
1.51098
1.53827
1.56161
1.58166
1.59867
1.61268
1.62651
1.57744
1.60735
1.63742
1.66168
1.68273
1.70208
1.72028
1.73759
1.75345
1.76836
1.77116
1.78556
1.80319
1.81999
1.83651
1.85195
1.8661
1.88014
1.89498
1.91122
1.96004
1.96429
1.97716
1.98931
1.99929
2.0086
2.01877
2.02943
2.03881
2.05104
2.18893
2.17539
2.1665
2.15144
2.14038
2.13985
2.15184
2.1756
2.20744
2.24321
2.56365
2.40522
2.2998
2.24094
2.21182
2.20522
2.22047
2.26174
2.34102
2.48601
-0.368482
-0.36513
-0.322944
-0.249182
-0.156851
-0.0551873
0.892978
0.947296
0.936973
0.866692
0.797703
0.730891
0.528848
0.334966
0.11245
-0.17784
-0.52393
)
;

boundaryField
{
    wall-4
    {
        type            zeroGradient;
    }
    pressure-outlet-7
    {
        type            fixedValue;
        value           uniform 0;
    }
    velocity-inlet-6
    {
        type            zeroGradient;
    }
    velocity-inlet-5
    {
        type            zeroGradient;
    }
    frontAndBackPlanes
    {
        type            empty;
    }
}


// ************************************************************************* //
