/*--------------------------------*- C++ -*----------------------------------*\
  =========                 |
  \\      /  F ield         | OpenFOAM: The Open Source CFD Toolbox
   \\    /   O peration     | Website:  https://openfoam.org
    \\  /    A nd           | Version:  6
     \\/     M anipulation  |
\*---------------------------------------------------------------------------*/
FoamFile
{
    version     2.0;
    format      ascii;
    class       volScalarField;
    location    "119.7";
    object      p;
}
// * * * * * * * * * * * * * * * * * * * * * * * * * * * * * * * * * * * * * //

dimensions      [0 2 -2 0 0 0 0];

internalField   nonuniform List<scalar> 
8800
(
1.30922
1.2599
1.22194
1.19388
1.17372
1.15915
1.14857
1.14105
1.13619
1.13416
1.13558
1.13995
1.14678
1.15622
1.16898
1.18631
1.21019
1.24329
1.28624
1.33875
1.1437
1.15005
1.1592
1.16275
1.16015
1.15407
1.14715
1.14092
1.13615
1.13332
1.13313
1.1358
1.14048
1.14663
1.15375
1.1608
1.16569
1.16557
1.1589
1.15001
1.1172
1.12344
1.12794
1.13182
1.13478
1.13574
1.13467
1.13257
1.13063
1.12983
1.13091
1.13341
1.13633
1.13863
1.13917
1.13739
1.13404
1.13004
1.12526
1.12154
1.11287
1.11564
1.11825
1.12041
1.12216
1.12375
1.12487
1.12525
1.12518
1.12533
1.12619
1.12739
1.12817
1.12805
1.1271
1.12576
1.12411
1.12182
1.11941
1.11785
1.10777
1.1092
1.11105
1.11314
1.11486
1.11618
1.1173
1.11831
1.11917
1.11997
1.12075
1.12127
1.12134
1.12102
1.12038
1.11929
1.11765
1.11577
1.11442
1.11362
1.10273
1.10363
1.10489
1.10653
1.10824
1.1098
1.11111
1.11228
1.1134
1.11449
1.11536
1.11582
1.11589
1.11557
1.11481
1.11365
1.11231
1.11106
1.11025
1.10973
1.09776
1.09841
1.09938
1.10072
1.10219
1.10373
1.10526
1.10667
1.108
1.1093
1.11035
1.11093
1.11103
1.11065
1.10992
1.10902
1.10806
1.10717
1.1066
1.10622
1.09285
1.09335
1.09415
1.09531
1.09664
1.09809
1.09965
1.10125
1.10284
1.10441
1.10569
1.10641
1.10658
1.10634
1.10584
1.1052
1.1045
1.10387
1.10345
1.10315
1.08794
1.08834
1.08902
1.09006
1.09132
1.09273
1.0943
1.09601
1.09784
1.09972
1.10129
1.10224
1.10263
1.10264
1.1024
1.102
1.10152
1.10109
1.10078
1.10054
1.08296
1.08329
1.08387
1.08485
1.08607
1.08748
1.08909
1.09093
1.09299
1.09521
1.09715
1.09844
1.09916
1.09947
1.09949
1.09934
1.09907
1.09881
1.09859
1.09838
1.07781
1.07808
1.07861
1.07954
1.08076
1.08221
1.08392
1.08592
1.08825
1.09086
1.09328
1.09502
1.09612
1.09677
1.09708
1.09718
1.09713
1.09702
1.09687
1.09669
1.07239
1.07262
1.07311
1.07403
1.07529
1.07682
1.07867
1.08091
1.08358
1.08668
1.08966
1.09193
1.0935
1.09453
1.09518
1.09555
1.09573
1.09576
1.09567
1.09551
1.0666
1.0668
1.06727
1.06821
1.06955
1.07121
1.07326
1.0758
1.0789
1.08261
1.08629
1.08919
1.0913
1.09278
1.0938
1.09449
1.0949
1.09507
1.09503
1.09488
1.06034
1.0605
1.06098
1.06197
1.06342
1.06527
1.06759
1.07052
1.07416
1.07861
1.08312
1.08679
1.08954
1.09155
1.093
1.09404
1.09471
1.09502
1.09502
1.09487
1.05346
1.0536
1.05409
1.05517
1.05678
1.05888
1.06155
1.06496
1.06928
1.07462
1.08015
1.08473
1.08823
1.09086
1.09282
1.09426
1.09523
1.09568
1.09571
1.09557
1.04582
1.04594
1.04646
1.04764
1.04947
1.05189
1.055
1.05902
1.06417
1.07061
1.07735
1.08301
1.08741
1.09078
1.09333
1.09524
1.09654
1.09713
1.0972
1.09706
1.03721
1.03731
1.03787
1.03919
1.0413
1.04412
1.04778
1.05256
1.05873
1.0665
1.07469
1.08165
1.0871
1.09133
1.09461
1.09707
1.09873
1.09948
1.09958
1.09943
1.02734
1.02744
1.02806
1.02957
1.03203
1.03536
1.03972
1.04544
1.05286
1.06224
1.07217
1.08065
1.08735
1.0926
1.09672
1.09983
1.1019
1.10281
1.10294
1.10277
1.01592
1.016
1.01671
1.01847
1.02138
1.02534
1.03058
1.03747
1.04643
1.05776
1.06976
1.08002
1.08819
1.09463
1.09972
1.10359
1.10611
1.10718
1.10732
1.10714
1.0025
1.00256
1.00339
1.00546
1.00894
1.01373
1.02008
1.02845
1.03931
1.05301
1.06746
1.0798
1.08964
1.09746
1.10368
1.10841
1.11141
1.11262
1.11277
1.11257
0.986459
0.986516
0.987497
0.989996
0.994224
1.00009
1.00788
1.01814
1.03138
1.04793
1.06527
1.07999
1.09174
1.10113
1.10863
1.11429
1.11778
1.1191
1.11923
1.11901
0.966947
0.967
0.968208
0.971308
0.97656
0.983874
0.993579
1.00629
1.02251
1.04253
1.06321
1.08063
1.09451
1.10565
1.11453
1.12121
1.12512
1.12649
1.12659
1.12635
0.942692
0.942751
0.944319
0.948324
0.955052
0.964404
0.976742
0.992693
1.01268
1.03684
1.06134
1.08175
1.09795
1.11099
1.12136
1.12902
1.13324
1.13457
1.13461
1.13436
0.911709
0.9118
0.913993
0.919476
0.928524
0.940892
0.956964
0.977236
1.00194
1.03098
1.05976
1.0834
1.10208
1.11709
1.12899
1.1375
1.14182
1.143
1.14296
1.1427
0.870632
0.870865
0.874357
0.882577
0.895568
0.91265
0.934069
0.960039
0.990506
1.02516
1.05863
1.08567
1.10689
1.12392
1.13727
1.14632
1.15045
1.15136
1.15124
1.15099
0.813027
0.814237
0.821254
0.835218
0.855124
0.879526
0.908379
0.941557
0.978803
1.01969
1.05811
1.08864
1.11239
1.13133
1.14592
1.15508
1.15865
1.15922
1.15904
1.15881
0.729561
0.737784
0.754017
0.778538
0.808813
0.843029
0.880926
0.922338
0.967042
1.01464
1.05836
1.09263
1.11911
1.14004
1.15547
1.16424
1.16704
1.16729
1.16708
1.16689
0.640268
0.658433
0.684836
0.720721
0.761946
0.806078
0.852975
0.902658
0.955017
1.00976
1.05941
1.09807
1.12781
1.15087
1.16677
1.17433
1.17608
1.17607
1.1759
1.1758
0.563443
0.585687
0.620581
0.666178
0.717084
0.770567
0.826221
0.884003
0.943783
1.00529
1.06039
1.10295
1.1355
1.1602
1.17582
1.18193
1.18294
1.18287
1.18274
1.18267
0.500016
0.524765
0.565502
0.618063
0.676524
0.73778
0.801116
0.866277
0.932931
1.00072
1.06081
1.1069
1.14186
1.16768
1.1828
1.18788
1.18854
1.18845
1.18835
1.1883
0.447059
0.473363
0.518342
0.576296
0.640761
0.708358
0.778172
0.849767
0.922587
0.996096
1.0608
1.11012
1.14726
1.17399
1.18854
1.19281
1.19327
1.19317
1.19309
1.19304
0.401999
0.429231
0.477353
0.539658
0.609134
0.682096
0.757461
0.834671
0.912984
0.991678
1.06059
1.1129
1.15201
1.17943
1.19336
1.19701
1.19733
1.19723
1.19716
1.19711
0.36275
0.390591
0.44116
0.507064
0.580806
0.658424
0.738686
0.820912
0.904192
0.987613
1.06036
1.11536
1.15623
1.18416
1.19747
1.20064
1.20087
1.20076
1.20069
1.20065
0.327802
0.3561
0.408673
0.477637
0.555075
0.636784
0.721438
0.808242
0.896103
0.983901
1.06016
1.11759
1.15998
1.18827
1.201
1.20379
1.20394
1.20382
1.20375
1.20371
0.2961
0.324789
0.379046
0.450686
0.53138
0.616727
0.705356
0.796379
0.888542
0.980465
1.05998
1.11959
1.16331
1.19182
1.20399
1.20649
1.20656
1.20642
1.20635
1.2063
0.26679
0.295869
0.351632
0.425683
0.509274
0.597892
0.690145
0.785092
0.881338
0.977225
1.05983
1.1214
1.16623
1.19481
1.20646
1.20871
1.20871
1.20854
1.20845
1.20841
0.239439
0.268852
0.325981
0.402199
0.488407
0.579993
0.675577
0.774195
0.874359
0.97414
1.05975
1.12308
1.16877
1.19725
1.20836
1.2104
1.21035
1.21015
1.21005
1.20999
0.213513
0.243335
0.301718
0.379919
0.468504
0.562798
0.661467
0.763539
0.867487
0.971171
1.05981
1.12475
1.171
1.19913
1.20967
1.21155
1.21146
1.21125
1.21114
1.21108
0.18883
0.219053
0.278606
0.358617
0.449362
0.54614
0.64767
0.753004
0.860623
0.968277
1.06011
1.1266
1.17306
1.20052
1.21044
1.21218
1.21209
1.2119
1.21178
1.21171
0.165186
0.195814
0.256459
0.338137
0.430849
0.529898
0.634076
0.742483
0.85367
0.965385
1.06073
1.12887
1.1752
1.20155
1.21072
1.21239
1.21236
1.21218
1.21205
1.21197
0.14243
0.173511
0.235169
0.318376
0.412858
0.513984
0.620609
0.731904
0.846538
0.962398
1.06167
1.13183
1.1778
1.20243
1.21053
1.21219
1.21235
1.21217
1.21199
1.21187
0.120435
0.152004
0.214675
0.299268
0.395343
0.498342
0.607216
0.721205
0.839148
0.959194
1.06288
1.13574
1.18142
1.20363
1.20989
1.21127
1.2118
1.21185
1.2117
1.21148
0.0992842
0.13131
0.19494
0.280762
0.378265
0.482958
0.593866
0.710353
0.831441
0.955672
1.06423
1.14075
1.18674
1.20605
1.20925
1.20945
1.21023
1.2113
1.21173
1.21145
0.0789468
0.111395
0.175918
0.262837
0.361616
0.467819
0.580563
0.699321
0.823373
0.951714
1.06553
1.14682
1.19437
1.21105
1.21038
1.20789
1.20825
1.21096
1.21332
1.21357
0.0593218
0.092254
0.157583
0.24548
0.345403
0.452945
0.567321
0.688119
0.814913
0.947222
1.06656
1.15377
1.20466
1.22014
1.21587
1.21005
1.20918
1.21362
1.21901
1.22119
0.0405142
0.0738757
0.139949
0.228713
0.329638
0.438368
0.554176
0.676772
0.806059
0.942126
1.06704
1.16118
1.21745
1.23393
1.22761
1.21895
1.21587
1.21926
1.22547
1.22848
0.0224129
0.0562139
0.122984
0.212477
0.314258
0.42402
0.541044
0.665189
0.796691
0.93628
1.06673
1.16864
1.23239
1.25228
1.24585
1.23536
1.22848
1.22337
1.21782
1.22347
0.0050572
0.0391953
0.106533
0.196567
0.29896
0.409576
0.527527
0.652914
0.786321
0.929142
1.06509
1.17564
1.24951
1.27552
1.27038
1.25888
1.24589
1.23131
1.20909
1.21585
-0.0114546
0.0228072
0.0907336
0.181156
0.283979
0.395306
0.513778
0.6402
0.775123
0.920735
1.06173
1.18074
1.26687
1.30165
1.29728
1.28257
1.26372
1.23153
1.17876
1.15852
-0.0270407
0.00597957
0.076005
0.166682
0.270117
0.381698
0.500068
0.627305
0.763341
0.911143
1.05641
1.18277
1.28178
1.32748
1.31883
1.29738
1.26417
1.20522
1.14517
1.10943
-0.0690312
-0.0106726
0.0626165
0.152169
0.25658
0.367722
0.486541
0.614074
0.750703
0.899871
1.04834
1.18024
1.29074
1.34561
1.33489
1.28794
1.21816
1.14203
1.07132
1.03238
-0.0410751
-0.0216967
0.0422565
0.132417
0.235561
0.346693
0.465156
0.592677
0.729533
0.879459
1.0302
1.16609
1.27516
1.33804
1.29117
1.15061
1.04334
0.969178
0.899538
0.916958
-0.0707601
-0.0380991
0.0267771
0.11656
0.219421
0.330526
0.449442
0.576705
0.713215
0.862618
1.01268
1.14697
1.24536
1.27996
1.19395
1.02694
0.900796
0.816014
0.728028
0.762859
-0.093239
-0.0582824
0.00834023
0.0982143
0.201079
0.312308
0.431337
0.558143
0.693833
0.84175
0.989158
1.11833
1.2044
1.2015
1.06114
0.884288
0.740263
0.636188
0.535547
0.556221
-0.114826
-0.0789207
-0.0109932
0.0795247
0.182516
0.293735
0.412415
0.53852
0.673027
0.818733
0.961765
1.08135
1.14813
1.11122
0.922724
0.728965
0.557869
0.416245
0.286499
0.286325
-0.135928
-0.0997477
-0.0309966
0.0600798
0.16323
0.274296
0.392423
0.517594
0.650479
0.793248
0.930266
1.03872
1.08311
0.991133
0.78495
0.574742
0.380923
0.222551
0.0177218
-0.0638275
-0.157236
-0.121247
-0.0520742
0.0393585
0.142652
0.25356
0.371139
0.495245
0.626215
0.765436
0.895298
0.993411
1.00726
0.865043
0.657506
0.438689
0.241606
0.0794122
-0.0414071
-0.150228
-0.1798
-0.143889
-0.0745769
0.0169748
0.120242
0.23085
0.34773
0.470501
0.599054
0.733825
0.855753
0.938692
0.922974
0.744457
0.537246
0.325222
0.145141
0.0473051
0.0220189
0.00934826
-0.203784
-0.16797
-0.0986285
-0.00715497
0.0958576
0.205939
0.321803
0.44282
0.56833
0.697597
0.810034
0.873207
0.833548
0.628181
0.423821
0.232649
0.096301
0.0581488
0.0502829
0.0498794
-0.229489
-0.193623
-0.124272
-0.0330171
0.0695453
0.178805
0.293309
0.412109
0.533916
0.656721
0.758802
0.803574
0.723954
0.52076
0.323751
0.157569
0.0816112
0.0676636
0.0668196
0.0669703
-0.256912
-0.220888
-0.151536
-0.0606199
0.0412743
0.149437
0.26221
0.378315
0.495796
0.611243
0.702285
0.727574
0.609906
0.422759
0.23734
0.105924
0.077438
0.0767508
0.0762108
0.0766216
-0.285813
-0.249611
-0.180336
-0.0899
0.0111102
0.117862
0.228503
0.34143
0.454014
0.561302
0.641175
0.644502
0.509317
0.3337
0.170146
0.0945233
0.0800467
0.0819466
0.0821935
0.0825748
-0.315641
-0.279448
-0.21042
-0.120641
-0.0207777
0.0842165
0.192314
0.301553
0.408805
0.507533
0.575406
0.561488
0.41759
0.255647
0.125295
0.0860657
0.0868899
0.0864239
0.0866209
0.0869034
-0.345953
-0.309874
-0.241308
-0.152438
-0.0540522
0.0488095
0.153915
0.258959
0.360472
0.450971
0.504348
0.483782
0.336387
0.194844
0.0996921
0.0914048
0.0898206
0.0895095
0.0895632
0.0897195
-0.375744
-0.340033
-0.272291
-0.184674
-0.0881728
0.012112
0.11377
0.214154
0.309468
0.392482
0.43419
0.404914
0.267847
0.152697
0.0954135
0.0851384
0.0903831
0.091455
0.0918183
0.091986
-0.403501
-0.368672
-0.302346
-0.216476
-0.122369
-0.0251717
0.0725594
0.167901
0.256633
0.332537
0.369241
0.325187
0.212404
0.120889
0.097256
0.0938783
0.0929975
0.0933843
0.0935868
0.0937203
-0.427862
-0.394307
-0.3301
-0.246654
-0.155589
-0.062098
0.0311727
0.121151
0.203277
0.27176
0.305732
0.257351
0.170387
0.102625
0.0820783
0.0905533
0.0934683
0.0944731
0.0947927
0.0949323
-0.446295
-0.414863
-0.353821
-0.273716
-0.18653
-0.0974817
-0.00926536
0.0750021
0.150729
0.212077
0.24282
0.204107
0.142017
0.0970447
0.0922635
0.0929107
0.0946231
0.0952491
0.0954552
0.0956042
-0.456861
-0.428321
-0.371484
-0.295949
-0.213684
-0.129943
-0.0474232
0.0307368
0.100122
0.156132
0.185592
0.159315
0.124235
0.0968148
0.0977569
0.0955627
0.0947937
0.094863
0.0949276
0.095045
-0.456922
-0.432365
-0.381061
-0.311549
-0.235443
-0.158028
-0.0818741
-0.0101328
0.0527263
0.104525
0.137801
0.119345
0.110328
0.0942734
0.0927923
0.0931827
0.0928605
0.0927386
0.092726
0.0927973
-0.444041
-0.424261
-0.380423
-0.318818
-0.250378
-0.180377
-0.111295
-0.0460873
0.0103829
0.0560765
0.101635
0.0833857
0.096685
0.0888048
0.0869082
0.0886259
0.0890195
0.0887189
0.0884827
0.0884723
-0.41649
-0.402143
-0.367887
-0.316607
-0.257478
-0.196025
-0.134666
-0.0760406
-0.0251348
0.0128313
0.06059
0.0666261
0.076804
0.0741502
0.077728
0.0793593
0.0808128
0.0805875
0.0800702
0.0799858
-0.377803
-0.368707
-0.344866
-0.305323
-0.256849
-0.204754
-0.15143
-0.0994018
-0.0533337
-0.0208534
0.0105862
0.0373137
0.0640832
0.0622937
0.0577172
0.0629344
0.0638359
0.0632409
0.0627719
0.0627899
-0.335037
-0.329849
-0.316262
-0.288113
-0.250629
-0.207455
-0.161718
-0.115808
-0.0736159
-0.0424317
-0.0148953
0.00977051
0.0393291
0.0608309
0.0807695
0.0712395
0.0491574
0.037133
0.0336952
0.033175
-0.297764
-0.29457
-0.288068
-0.270217
-0.241643
-0.20593
-0.166553
-0.125251
-0.0850454
-0.0523686
-0.0272142
-0.0127072
-0.00921763
-0.0295558
-0.0617134
-0.0971272
-0.101071
-0.0633264
-0.037833
-0.0387244
-0.270896
-0.268999
-0.265755
-0.255252
-0.233449
-0.203265
-0.167842
-0.128727
-0.0882294
-0.0515555
-0.0246908
-0.0182684
-0.0548519
-0.121402
-0.189223
-0.227222
-0.234111
-0.202478
-0.157821
-0.14106
-0.251225
-0.250562
-0.249492
-0.244341
-0.228461
-0.201884
-0.167589
-0.128061
-0.0846076
-0.0409266
-0.0101847
0.0161305
0.0284086
0.0097757
-0.0398731
-0.0519453
-0.0385572
-0.0130681
0.0174597
0.0334524
-0.239634
-0.239415
-0.238826
-0.236552
-0.225873
-0.201476
-0.166789
-0.125001
-0.0767367
-0.0231321
0.0229019
0.08601
0.165369
0.237702
0.276096
0.30385
0.340463
0.378249
0.40946
0.424725
-0.231546
-0.231401
-0.231007
-0.230428
-0.224006
-0.202162
-0.166393
-0.121052
-0.066879
-0.00120125
0.0672057
0.15514
0.297458
0.474572
0.642472
0.776468
0.869844
0.929302
0.963135
0.977151
-0.226162
-0.22612
-0.226009
-0.225876
-0.222221
-0.20396
-0.167244
-0.11757
-0.0572906
0.018861
0.10514
0.202648
0.388458
0.649844
0.923744
1.16429
1.33563
1.43003
1.47097
1.48404
-0.221699
-0.221691
-0.221621
-0.221543
-0.220265
-0.206121
-0.169436
-0.116046
-0.0504593
0.0329795
0.130225
0.233613
0.430307
0.722199
1.04231
1.33482
1.55764
1.67947
1.72599
1.73885
-0.217853
-0.217835
-0.217705
-0.217454
-0.217394
-0.207618
-0.172865
-0.117794
-0.0481899
0.038794
0.140347
0.245103
0.423258
0.701577
1.00801
1.29154
1.5149
1.64218
1.69095
1.70301
-0.214892
-0.214876
-0.214811
-0.214761
-0.215166
-0.20847
-0.177412
-0.122125
-0.0509395
0.0361597
0.135062
0.232568
0.378502
0.622796
0.88294
1.11623
1.30437
1.41549
1.45911
1.46958
-0.211921
-0.211962
-0.21211
-0.212416
-0.212668
-0.209245
-0.182152
-0.128621
-0.0584148
0.025715
0.117089
0.20307
0.314541
0.513211
0.724225
0.901423
1.04198
1.12676
1.16018
1.16797
-0.208784
-0.208854
-0.208948
-0.209037
-0.209181
-0.208071
-0.185936
-0.136022
-0.0693327
0.0093048
0.0911444
0.164762
0.246579
0.398232
0.561861
0.692895
0.793342
0.853517
0.876584
0.881424
-0.205773
-0.205862
-0.205983
-0.206129
-0.206438
-0.206047
-0.188594
-0.143466
-0.0821848
-0.0109115
0.0611716
0.12308
0.182124
0.293691
0.416601
0.511931
0.582722
0.624316
0.639837
0.642378
-0.202702
-0.202828
-0.20304
-0.203403
-0.204005
-0.204238
-0.190365
-0.150255
-0.0955605
-0.0323094
0.0303099
0.082024
0.125029
0.206527
0.297324
0.365384
0.41461
0.443078
0.453069
0.454587
-0.199533
-0.19967
-0.19984
-0.200094
-0.200602
-0.201236
-0.190311
-0.155948
-0.10844
-0.053015
0.00081623
0.0436389
0.0751859
0.13564
0.202671
0.251142
0.285444
0.304858
0.311394
0.312124
-0.196955
-0.196988
-0.196767
-0.19596
-0.194783
-0.194874
-0.187972
-0.160721
-0.120438
-0.0716319
-0.0258158
0.00880412
0.0331018
0.0781936
0.128022
0.163063
0.187671
0.201375
0.205721
0.205974
-0.196174
-0.196065
-0.195478
-0.19371
-0.190757
-0.189439
-0.186309
-0.165876
-0.13086
-0.0874426
-0.0498091
-0.0214608
-0.00248163
0.0326342
0.0703646
0.0960455
0.113967
0.12366
0.126676
0.126512
-0.197411
-0.197366
-0.197284
-0.197069
-0.196545
-0.195877
-0.19258
-0.17343
-0.139283
-0.10126
-0.0708393
-0.0465699
-0.0308525
-0.00414266
0.0250018
0.0447782
0.0586258
0.0659079
0.0680125
0.0676363
-0.198072
-0.198476
-0.200153
-0.205172
-0.212838
-0.215082
-0.208164
-0.182203
-0.146573
-0.1143
-0.0886938
-0.0661237
-0.0530747
-0.031805
-0.008794
0.00669216
0.0174928
0.0230026
0.0245143
0.024075
-0.194189
-0.19497
-0.19798
-0.207331
-0.22189
-0.22665
-0.213897
-0.1841
-0.152279
-0.126441
-0.101861
-0.0802724
-0.0702849
-0.0525552
-0.0330893
-0.0203059
-0.011618
-0.007369
-0.00619109
-0.00664283
-0.188111
-0.1887
-0.190347
-0.193342
-0.196549
-0.200611
-0.191895
-0.174033
-0.155203
-0.134453
-0.108975
-0.0906758
-0.0821407
-0.0666179
-0.0496709
-0.0384822
-0.0307828
-0.0270196
-0.0259262
-0.0263773
-0.186896
-0.186828
-0.184695
-0.169813
-0.140609
-0.12567
-0.141076
-0.154982
-0.154429
-0.135975
-0.112472
-0.0974515
-0.0896964
-0.0741935
-0.058721
-0.0483933
-0.0411929
-0.0374775
-0.0364144
-0.036887
-0.196121
-0.194689
-0.188621
-0.166714
-0.129886
-0.108911
-0.130371
-0.158906
-0.159638
-0.136651
-0.113896
-0.101154
-0.0928364
-0.0780703
-0.0631192
-0.0524436
-0.0447587
-0.0407071
-0.0395887
-0.0401141
-0.228974
-0.227229
-0.231915
-0.238031
-0.235302
-0.218244
-0.213231
-0.206971
-0.178526
-0.139741
-0.114737
-0.101878
-0.0923253
-0.0774547
-0.0629262
-0.0518335
-0.0435026
-0.0390017
-0.0378574
-0.0384643
-0.301612
-0.308236
-0.333558
-0.36626
-0.377057
-0.361264
-0.32671
-0.266651
-0.195613
-0.140026
-0.113604
-0.0989041
-0.0881388
-0.0737782
-0.0591474
-0.0475949
-0.0391419
-0.0348273
-0.0338401
-0.0344815
-0.36335
-0.375886
-0.404004
-0.429498
-0.438773
-0.422775
-0.377582
-0.288182
-0.194262
-0.133268
-0.105407
-0.0895981
-0.0797351
-0.0666737
-0.0523845
-0.0408126
-0.0327626
-0.0289532
-0.0282399
-0.0288986
-0.344789
-0.354698
-0.37553
-0.395377
-0.404533
-0.391451
-0.341713
-0.245277
-0.162383
-0.111516
-0.084656
-0.0711728
-0.0661367
-0.0545111
-0.040729
-0.0303608
-0.0237758
-0.0209782
-0.0207265
-0.0213994
-0.219112
-0.231032
-0.251088
-0.271311
-0.280605
-0.27003
-0.22757
-0.152775
-0.102932
-0.0706535
-0.0509495
-0.0446677
-0.0452344
-0.0348093
-0.0241379
-0.0173644
-0.0125193
-0.0105281
-0.0108284
-0.0116343
-0.00887156
-0.012402
-0.02605
-0.0509692
-0.0669956
-0.0681167
-0.0604285
-0.0391269
-0.0288568
-0.0191571
-0.0128756
-0.0102302
-0.0101913
-0.00946688
-0.00516285
-0.00602526
-0.00600853
-0.00590689
-0.00476381
-0.00401714
0.406061
0.584846
0.74704
0.882978
0.989081
1.07028
1.13678
1.19117
1.20451
1.20244
0.674143
0.787468
0.893194
0.983536
1.05842
1.11948
1.16745
1.20004
1.2178
1.23519
0.855548
0.930585
1.00472
1.06931
1.12395
1.16919
1.20504
1.23279
1.25377
1.27318
0.990826
1.04442
1.09818
1.14637
1.18794
1.22344
1.25347
1.27883
1.29839
1.3173
1.10129
1.14197
1.18209
1.21981
1.25365
1.28371
1.31012
1.33266
1.35023
1.36832
1.19414
1.22819
1.26162
1.29375
1.3235
1.35056
1.37456
1.39484
1.41027
1.42775
1.27974
1.31069
1.34186
1.37207
1.40025
1.42593
1.44851
1.46706
1.48072
1.4977
1.36496
1.39694
1.4287
1.45933
1.48761
1.51297
1.53474
1.552
1.56418
1.58067
1.45832
1.49449
1.5289
1.56099
1.58983
1.61488
1.63575
1.65184
1.66331
1.67941
1.57088
1.61157
1.6483
1.68088
1.70909
1.73288
1.75233
1.76747
1.77926
1.7953
1.71221
1.75296
1.78805
1.81741
1.84244
1.86393
1.88233
1.89774
1.91079
1.92671
1.88336
1.91522
1.94214
1.96445
1.98447
2.00312
2.02081
2.03754
2.05241
2.06811
2.06932
2.08648
2.10353
2.12018
2.13625
2.15096
2.16484
2.17929
2.1945
2.2118
2.25267
2.26255
2.27569
2.28666
2.29606
2.30571
2.31629
2.32644
2.33571
2.36138
2.47041
2.4647
2.45175
2.4375
2.43118
2.43687
2.455
2.48352
2.51728
2.5536
2.77325
2.6373
2.55776
2.51518
2.49784
2.50184
2.52926
2.58711
2.69476
2.87318
1.21291
1.20661
1.19888
1.18777
1.17421
1.16158
1.1512
1.14322
1.13754
1.13427
1.134
1.1369
1.1422
1.1496
1.15918
1.17103
1.18461
1.19755
1.20655
1.21409
1.12196
1.12788
1.13595
1.14209
1.14517
1.14468
1.14161
1.13765
1.13411
1.13189
1.13184
1.13417
1.13799
1.14248
1.14662
1.14889
1.14784
1.14321
1.13617
1.12834
1.11517
1.11754
1.12082
1.1236
1.12606
1.12827
1.12948
1.12937
1.12848
1.12775
1.12805
1.12956
1.13142
1.1327
1.13267
1.13123
1.1291
1.12675
1.12378
1.12077
1.11033
1.11142
1.11335
1.1157
1.11758
1.11901
1.12025
1.12129
1.12195
1.12241
1.12307
1.12392
1.12447
1.12442
1.12384
1.12296
1.12166
1.11971
1.11762
1.11614
1.10524
1.10588
1.10701
1.10879
1.11065
1.11227
1.11356
1.11468
1.11573
1.11673
1.11764
1.11828
1.11852
1.1184
1.11792
1.11699
1.1156
1.11402
1.1127
1.1119
1.10024
1.10068
1.10147
1.10279
1.10434
1.10594
1.10746
1.10882
1.11006
1.11126
1.11237
1.11312
1.11342
1.11328
1.11269
1.11175
1.11064
1.10953
1.10865
1.10812
1.0953
1.09563
1.09625
1.09734
1.09867
1.10011
1.10164
1.10319
1.10468
1.10612
1.10745
1.10837
1.10875
1.10863
1.10812
1.10741
1.10662
1.10581
1.10517
1.10478
1.0904
1.09066
1.09116
1.09209
1.09331
1.09466
1.09615
1.09777
1.09947
1.10119
1.1028
1.10394
1.10447
1.10452
1.10425
1.1038
1.10324
1.10266
1.10221
1.10192
1.08547
1.08567
1.08609
1.08692
1.08806
1.08938
1.09087
1.09255
1.09441
1.09642
1.09837
1.09982
1.10063
1.10096
1.10096
1.10076
1.10042
1.10005
1.09974
1.09951
1.08042
1.08058
1.08094
1.0817
1.0828
1.08412
1.08565
1.08743
1.08949
1.09179
1.09415
1.09602
1.0972
1.09787
1.09817
1.09822
1.09813
1.09795
1.09776
1.09757
1.07514
1.07527
1.07559
1.07631
1.07741
1.07876
1.08038
1.08232
1.08462
1.08729
1.09014
1.09253
1.09417
1.09523
1.09586
1.0962
1.09635
1.09636
1.09627
1.09612
1.06955
1.06966
1.06995
1.07066
1.07178
1.07322
1.07497
1.07712
1.07974
1.08288
1.08633
1.08934
1.09152
1.09303
1.09405
1.09471
1.09512
1.09532
1.09533
1.0952
1.06354
1.06362
1.0639
1.06462
1.06581
1.06737
1.06932
1.07175
1.07478
1.07849
1.08267
1.08644
1.08926
1.0913
1.09276
1.0938
1.0945
1.09488
1.09498
1.09487
1.05699
1.05705
1.05732
1.05808
1.05937
1.0611
1.06331
1.06611
1.06965
1.07407
1.07914
1.08381
1.08739
1.09007
1.09204
1.0935
1.09453
1.09512
1.09529
1.09521
1.04975
1.04979
1.05007
1.05088
1.05231
1.05428
1.05681
1.06008
1.06426
1.06955
1.07569
1.08144
1.08593
1.08936
1.09194
1.09388
1.09529
1.09611
1.09637
1.09629
1.04165
1.04167
1.04196
1.04285
1.04446
1.04672
1.04968
1.05353
1.05851
1.06485
1.0723
1.07934
1.0849
1.0892
1.09251
1.09505
1.09688
1.09795
1.09828
1.09821
1.03244
1.03245
1.03276
1.03375
1.03561
1.03825
1.04173
1.04631
1.05227
1.05989
1.06891
1.07748
1.08432
1.08966
1.09382
1.09706
1.09939
1.10072
1.10113
1.10107
1.02185
1.02183
1.02218
1.02332
1.02547
1.02859
1.03274
1.03822
1.04539
1.0546
1.0655
1.07589
1.08422
1.09078
1.09594
1.09998
1.1029
1.10451
1.10499
1.10492
1.00948
1.00943
1.00983
1.01117
1.01371
1.01743
1.02243
1.02905
1.03773
1.04886
1.06202
1.07455
1.08461
1.09259
1.09893
1.1039
1.10746
1.10937
1.10991
1.10983
0.994808
0.994744
0.995228
0.996818
0.999844
1.00435
1.01045
1.01853
1.0291
1.0426
1.05845
1.07348
1.08554
1.09514
1.10283
1.10886
1.11312
1.1153
1.11588
1.11578
0.977115
0.977028
0.977641
0.979589
0.983276
0.988834
0.996366
1.00634
1.01932
1.03573
1.05479
1.07269
1.08702
1.09844
1.10763
1.11483
1.11982
1.12224
1.12283
1.1227
0.955348
0.955245
0.95607
0.958541
0.963158
0.970169
0.979664
0.992167
1.00824
1.02824
1.05108
1.07223
1.08907
1.1025
1.11333
1.12179
1.12746
1.13003
1.13057
1.13041
0.927915
0.927813
0.928998
0.932285
0.938324
0.94746
0.959754
0.975706
0.995779
1.02017
1.04738
1.07216
1.09172
1.10731
1.11987
1.1296
1.13582
1.13838
1.13883
1.13864
0.89223
0.892188
0.894028
0.898733
0.907168
0.919673
0.936107
0.956816
0.982028
1.01169
1.04387
1.07258
1.09501
1.11283
1.12717
1.13806
1.14455
1.14692
1.14721
1.14699
0.843699
0.843903
0.847202
0.854912
0.867836
0.885915
0.908533
0.935687
0.967301
1.0031
1.04074
1.07361
1.09898
1.11903
1.13508
1.14686
1.15321
1.15517
1.15529
1.15505
0.773704
0.775251
0.783329
0.798012
0.81927
0.846266
0.877629
0.912998
0.952167
0.9948
1.03824
1.07536
1.10367
1.12582
1.14333
1.15551
1.16123
1.1626
1.16257
1.16236
0.689984
0.692949
0.70874
0.734235
0.766967
0.804444
0.845232
0.889207
0.936291
0.986243
1.03616
1.07831
1.11027
1.13508
1.15397
1.16589
1.17067
1.17155
1.17147
1.17134
0.60392
0.611644
0.635443
0.671728
0.715506
0.763268
0.813475
0.866078
0.921073
0.978287
1.0346
1.08168
1.11717
1.14456
1.16467
1.17573
1.17906
1.1794
1.17931
1.17923
0.533117
0.543128
0.571974
0.615895
0.668308
0.724737
0.783403
0.844061
0.906554
0.970619
1.03287
1.08441
1.123
1.15245
1.17299
1.18299
1.18546
1.18563
1.18555
1.18551
0.474818
0.485615
0.518323
0.567886
0.626803
0.69012
0.755836
0.823506
0.892739
0.96308
1.0308
1.08643
1.12782
1.15898
1.17972
1.18881
1.19072
1.1908
1.19073
1.1907
0.425721
0.436921
0.47231
0.526256
0.590444
0.659432
0.731046
0.804726
0.879891
0.955881
1.02858
1.08799
1.13196
1.16462
1.1854
1.19366
1.19517
1.1952
1.19515
1.19513
0.383424
0.394809
0.432193
0.489643
0.55821
0.632032
0.70875
0.787692
0.868131
0.949218
1.02647
1.08932
1.13564
1.16959
1.19025
1.19779
1.19902
1.19901
1.19896
1.19895
0.346207
0.357663
0.396605
0.456948
0.52923
0.607235
0.68846
0.772126
0.857364
0.943121
1.02453
1.0905
1.13892
1.17396
1.19441
1.20134
1.20236
1.20232
1.20227
1.20226
0.312817
0.324296
0.364463
0.427295
0.502802
0.58448
0.669726
0.757693
0.847367
0.937492
1.02277
1.09158
1.14187
1.1778
1.19799
1.2044
1.20525
1.20518
1.20512
1.2051
0.282221
0.293737
0.334984
0.400016
0.47838
0.563321
0.652185
0.744097
0.837923
0.932197
1.02115
1.09256
1.1445
1.18114
1.20101
1.20697
1.20768
1.20756
1.20748
1.20746
0.253831
0.265387
0.30759
0.374598
0.455519
0.543395
0.635551
0.731105
0.828847
0.927126
1.01964
1.09349
1.14683
1.18399
1.20347
1.20902
1.20962
1.20946
1.20935
1.20932
0.227145
0.238755
0.281841
0.350647
0.43388
0.524419
0.619593
0.718531
0.819995
0.922192
1.01826
1.09445
1.14896
1.18637
1.20533
1.2105
1.21102
1.21082
1.2107
1.21066
0.201764
0.213509
0.257415
0.327879
0.413216
0.506174
0.604129
0.706232
0.811241
0.917316
1.01705
1.09558
1.15101
1.18832
1.20662
1.21144
1.21189
1.21169
1.21157
1.21151
0.177529
0.189424
0.234107
0.306087
0.393342
0.488513
0.589026
0.694085
0.802483
0.912403
1.01599
1.09703
1.1532
1.19001
1.20739
1.21186
1.21231
1.21214
1.21202
1.21196
0.154221
0.166316
0.211737
0.285142
0.374137
0.471318
0.574184
0.681998
0.793629
0.907364
1.01505
1.09899
1.15586
1.19165
1.20774
1.21186
1.2124
1.21229
1.21214
1.21205
0.131817
0.144092
0.190218
0.264958
0.355523
0.454521
0.559542
0.669911
0.784606
0.902093
1.01414
1.10155
1.15938
1.19371
1.20783
1.21129
1.21207
1.21214
1.21196
1.21181
0.110178
0.122686
0.169526
0.245487
0.337448
0.438079
0.545056
0.657783
0.775358
0.896502
1.01312
1.10474
1.16422
1.19689
1.2081
1.21002
1.21078
1.21141
1.21164
1.21154
0.0894325
0.102074
0.149616
0.226679
0.319889
0.421992
0.530713
0.645588
0.765847
0.890521
1.01186
1.10847
1.17071
1.20215
1.20968
1.20872
1.20858
1.20999
1.21178
1.21235
0.0693894
0.0822439
0.130465
0.208505
0.302823
0.406238
0.516532
0.633319
0.75605
0.884095
1.01017
1.11252
1.17898
1.2105
1.21462
1.20996
1.20762
1.20957
1.21384
1.21631
0.0501588
0.0632268
0.112043
0.190967
0.286284
0.390849
0.502535
0.621024
0.745971
0.877152
1.00793
1.11658
1.18887
1.22253
1.22475
1.21676
1.21178
1.21347
1.22006
1.22574
0.031639
0.0449176
0.0943694
0.174088
0.270268
0.375847
0.488759
0.608718
0.735631
0.869694
1.00497
1.12025
1.19988
1.23799
1.24045
1.23059
1.22296
1.22131
1.22187
1.21876
0.0139011
0.0273251
0.077343
0.157685
0.254545
0.360951
0.474879
0.596022
0.724631
0.861301
1.00093
1.12323
1.21196
1.2572
1.26214
1.25183
1.24158
1.23144
1.22031
1.22317
-0.00306152
0.0103455
0.0609303
0.141798
0.239104
0.346172
0.460898
0.582878
0.712879
0.85175
0.995416
1.12464
1.22387
1.27921
1.28815
1.27804
1.26331
1.24919
1.21332
1.17835
-0.0190832
-0.0058941
0.0451225
0.126551
0.223921
0.331478
0.446779
0.569378
0.700373
0.840956
0.988085
1.12363
1.23347
1.30171
1.31603
1.302
1.2805
1.24674
1.19428
1.14454
-0.0368765
-0.0203179
0.0300977
0.112418
0.209262
0.317105
0.432124
0.555534
0.687157
0.828943
0.978686
1.11939
1.23797
1.32242
1.34366
1.32145
1.2758
1.21369
1.14404
1.08594
-0.0247085
0.00076056
0.0559829
0.142211
0.24624
0.357443
0.478606
0.606176
0.742936
0.892487
1.04204
1.17568
1.28699
1.36006
1.34721
1.2545
1.1857
1.11148
1.04137
0.99716
-0.0377361
-0.029631
0.012829
0.0894456
0.186514
0.293671
0.409322
0.532944
0.664953
0.807518
0.959151
1.10437
1.22887
1.32069
1.35375
1.29871
1.16961
1.07912
1.01252
0.93709
-0.0578731
-0.0469834
-0.000922899
0.0771491
0.174891
0.281639
0.396405
0.519362
0.651029
0.793316
0.945241
1.09171
1.21541
1.2946
1.29455
1.17296
1.02619
0.930567
0.857973
0.779825
-0.0799555
-0.0679037
-0.0186704
0.060392
0.158125
0.265184
0.380227
0.503281
0.63459
0.776314
0.926883
1.07077
1.1852
1.24829
1.20461
1.03931
0.88475
0.774752
0.688252
0.578138
-0.101389
-0.0893466
-0.0384917
0.0417148
0.139489
0.246727
0.361814
0.484566
0.615176
0.755655
0.903628
1.04228
1.14583
1.18275
1.09026
0.897613
0.723593
0.587242
0.476658
0.333246
-0.122491
-0.110543
-0.0587079
0.0224993
0.120602
0.227877
0.342672
0.46475
0.594275
0.732874
0.877205
1.00889
1.10193
1.09659
0.955114
0.751707
0.55408
0.381874
0.236177
-0.00627435
-0.143718
-0.131971
-0.0795962
0.00224126
0.100629
0.207937
0.322366
0.443661
0.571837
0.708033
0.847832
0.969705
1.0472
1.01051
0.821869
0.611432
0.401739
0.220853
0.0529617
-0.193273
-0.165636
-0.154083
-0.101539
-0.0193656
0.079183
0.186474
0.300519
0.420972
0.547593
0.680914
0.815455
0.92544
0.98451
0.915017
0.699904
0.484532
0.279343
0.107529
0.0219755
-0.0247698
-0.188943
-0.17752
-0.124886
-0.0426172
0.0558547
0.16291
0.276354
0.395643
0.520227
0.649892
0.777901
0.876864
0.909062
0.793955
0.583758
0.372723
0.189675
0.0754282
0.0408153
0.0353129
-0.213834
-0.202476
-0.149755
-0.0675168
0.0307014
0.137277
0.249823
0.367578
0.489583
0.614777
0.734934
0.823365
0.819357
0.676006
0.473121
0.277694
0.124626
0.0704576
0.0619487
0.059743
-0.240452
-0.229088
-0.176214
-0.0940821
0.00371802
0.109557
0.220896
0.336695
0.45558
0.57555
0.686757
0.761834
0.732152
0.564007
0.37413
0.193489
0.0948608
0.0724951
0.0722014
0.0720448
-0.268686
-0.257282
-0.204243
-0.1223
-0.0250796
0.0797721
0.189553
0.302968
0.418208
0.532206
0.633799
0.692569
0.65065
0.463236
0.287227
0.135132
0.0817912
0.080218
0.0794652
0.0795068
-0.298178
-0.28677
-0.233635
-0.152022
-0.0555796
0.0480022
0.155859
0.266438
0.377511
0.485029
0.576435
0.621107
0.557995
0.375097
0.212378
0.106304
0.0835179
0.0840239
0.0844102
0.0846912
-0.328492
-0.317102
-0.26401
-0.182914
-0.0874992
0.014481
0.120026
0.227296
0.333689
0.434547
0.515107
0.54599
0.461249
0.298208
0.15463
0.101341
0.0897588
0.0886968
0.0881777
0.0882758
-0.358871
-0.347596
-0.29476
-0.214423
-0.120374
-0.020382
0.0824132
0.185906
0.28711
0.381214
0.451956
0.46468
0.375908
0.236048
0.122601
0.082997
0.0889796
0.0900038
0.0904805
0.0906552
-0.388236
-0.377184
-0.324948
-0.245757
-0.15351
-0.0559718
0.0435983
0.14287
0.238453
0.325494
0.389413
0.388685
0.300168
0.185194
0.108385
0.0907753
0.0911601
0.0922032
0.0925656
0.0927167
-0.414814
-0.404268
-0.353267
-0.275806
-0.185946
-0.0914328
0.00436762
0.0989844
0.188692
0.268426
0.326939
0.321331
0.236345
0.147652
0.0954157
0.0927989
0.0929397
0.093588
0.0939978
0.094135
-0.437069
-0.427255
-0.378123
-0.303115
-0.216423
-0.125647
-0.0342432
0.0552456
0.138977
0.211611
0.263532
0.261601
0.188095
0.123925
0.0919732
0.0871771
0.092719
0.0945214
0.0949976
0.0951554
-0.45248
-0.443591
-0.397391
-0.325932
-0.243439
-0.157271
-0.0709758
0.0128681
0.090449
0.156657
0.203165
0.206579
0.15352
0.112496
0.0974265
0.09612
0.0948524
0.0949681
0.0951474
0.0952598
-0.458998
-0.450937
-0.408784
-0.342351
-0.265296
-0.184809
-0.104432
-0.0267361
0.0444248
0.104679
0.149391
0.155499
0.125934
0.106254
0.0936827
0.0954472
0.0942058
0.0938608
0.0938366
0.0939037
-0.452548
-0.445934
-0.410612
-0.350494
-0.280286
-0.206775
-0.133208
-0.0621118
0.00258005
0.0564321
0.101183
0.113707
0.100227
0.100021
0.0908393
0.0912748
0.0911055
0.0909571
0.0907826
0.090774
-0.431953
-0.427393
-0.400176
-0.348867
-0.28717
-0.221931
-0.156111
-0.0920279
-0.033474
0.0138461
0.0526851
0.0749917
0.0854714
0.101943
0.0871356
0.0852333
0.0857691
0.0855562
0.0850241
0.0848464
-0.398089
-0.394911
-0.376796
-0.336876
-0.285443
-0.229702
-0.172409
-0.115652
-0.0629199
-0.0207598
0.00573653
0.0417519
0.0658003
0.0750093
0.070312
0.0687103
0.0714569
0.0731089
0.0728362
0.0726152
-0.356146
-0.354164
-0.344152
-0.316919
-0.276558
-0.230734
-0.18209
-0.132568
-0.0853776
-0.0468824
-0.0213508
0.0053986
0.0407958
0.0603019
0.0705119
0.0761375
0.0644836
0.0526267
0.0490101
0.0489109
-0.31498
-0.313815
-0.309061
-0.293438
-0.264201
-0.227011
-0.186125
-0.14293
-0.100199
-0.0629034
-0.03674
-0.0139782
0.00895219
0.0256276
0.0397374
0.0365127
0.0203498
0.0118718
0.0114859
0.0105213
-0.282714
-0.282063
-0.27961
-0.271016
-0.251041
-0.221583
-0.186445
-0.147704
-0.107306
-0.0690669
-0.0413564
-0.0181427
-0.0335463
-0.0662821
-0.136441
-0.18777
-0.211257
-0.194876
-0.147879
-0.119044
-0.260096
-0.259443
-0.258179
-0.254739
-0.24145
-0.217487
-0.185599
-0.148723
-0.108021
-0.0660408
-0.032093
-0.00664443
-0.0146052
-0.0384944
-0.104495
-0.149026
-0.156669
-0.142211
-0.107951
-0.0794991
-0.244919
-0.244703
-0.244206
-0.242409
-0.235263
-0.21558
-0.185271
-0.147674
-0.104418
-0.0566396
-0.013199
0.0252306
0.0723315
0.112275
0.111968
0.0982678
0.112618
0.139362
0.170682
0.194826
-0.235196
-0.235158
-0.23484
-0.234309
-0.230921
-0.215127
-0.185361
-0.14558
-0.0984542
-0.0430868
0.0169766
0.0762423
0.175938
0.298848
0.41469
0.502019
0.569134
0.622828
0.662598
0.686666
-0.228654
-0.228631
-0.228421
-0.228246
-0.226654
-0.215403
-0.186425
-0.144029
-0.0919156
-0.0283943
0.0481518
0.12731
0.25642
0.456948
0.690378
0.903872
1.06719
1.16947
1.22254
1.24537
-0.223794
-0.223796
-0.223737
-0.223598
-0.223196
-0.216172
-0.188809
-0.143761
-0.0865808
-0.0159519
0.0721433
0.165098
0.305619
0.550628
0.855967
1.14771
1.39155
1.54828
1.62137
1.64517
-0.219701
-0.219727
-0.219717
-0.219632
-0.219665
-0.215821
-0.19181
-0.145615
-0.084329
-0.00861565
0.0855298
0.187968
0.323591
0.569392
0.882229
1.19378
1.46237
1.64057
1.72376
1.7501
-0.216264
-0.216267
-0.216191
-0.215938
-0.215879
-0.21443
-0.195031
-0.149525
-0.0857977
-0.00776558
0.0873946
0.19061
0.308774
0.529416
0.811627
1.0873
1.32765
1.49442
1.57374
1.5986
-0.21345
-0.213453
-0.213505
-0.213641
-0.213967
-0.213012
-0.198436
-0.154907
-0.0912271
-0.0133025
0.0784377
0.17456
0.271567
0.45219
0.691475
0.912876
1.0988
1.23213
1.29738
1.31779
-0.21031
-0.210361
-0.21045
-0.210634
-0.210791
-0.211127
-0.200851
-0.160774
-0.0996474
-0.0242816
0.0608866
0.146448
0.224348
0.361114
0.552022
0.722794
0.858981
0.956112
1.00366
1.01824
-0.207238
-0.207308
-0.207393
-0.207488
-0.207546
-0.208213
-0.201329
-0.166408
-0.109302
-0.0392195
0.037884
0.112278
0.17383
0.272856
0.418317
0.546028
0.643798
0.712348
0.745103
0.754527
-0.20422
-0.204307
-0.204439
-0.204648
-0.20496
-0.205678
-0.201169
-0.17117
-0.119255
-0.0561405
0.0121976
0.0761303
0.124759
0.195358
0.303324
0.397251
0.466438
0.513915
0.536008
0.542128
-0.20105
-0.201173
-0.201345
-0.201642
-0.202154
-0.203003
-0.20014
-0.174561
-0.128742
-0.0732305
-0.0134116
0.0408985
0.0794754
0.130417
0.210217
0.278208
0.32688
0.359688
0.374447
0.377901
-0.19803
-0.198156
-0.198223
-0.198154
-0.197962
-0.198294
-0.196573
-0.176205
-0.137617
-0.0893168
-0.037113
0.00811443
0.0391694
0.0759668
0.135898
0.185636
0.220092
0.242911
0.252923
0.25541
-0.196243
-0.196284
-0.196084
-0.1952
-0.193134
-0.191027
-0.1906
-0.177115
-0.145782
-0.103381
-0.0581896
-0.0210001
0.00383255
0.0317451
0.077181
0.113745
0.138664
0.155211
0.162096
0.163549
-0.196638
-0.196585
-0.196331
-0.195445
-0.193398
-0.191107
-0.190754
-0.180982
-0.153764
-0.114984
-0.0766537
-0.0466491
-0.0257408
-0.0044925
0.0309384
0.0586492
0.0772845
0.0894559
0.0943828
0.0952293
-0.198101
-0.198137
-0.198463
-0.199744
-0.202481
-0.204642
-0.203797
-0.191616
-0.161409
-0.124555
-0.0935422
-0.067833
-0.049218
-0.0326528
-0.0050098
0.016426
0.0309128
0.0403738
0.0440219
0.04447
-0.196656
-0.19702
-0.19826
-0.203137
-0.213941
-0.223608
-0.220648
-0.201175
-0.166572
-0.134206
-0.108541
-0.0837828
-0.0675149
-0.0541081
-0.0314849
-0.0142788
-0.00276614
0.0045768
0.00733639
0.00759557
-0.190712
-0.191268
-0.192607
-0.197379
-0.208252
-0.220551
-0.216957
-0.194138
-0.166397
-0.143051
-0.118795
-0.0947672
-0.08079
-0.0698984
-0.0503986
-0.0356573
-0.0259084
-0.0198905
-0.0176514
-0.0174686
-0.186246
-0.186584
-0.186904
-0.184845
-0.174673
-0.165151
-0.165371
-0.167695
-0.161194
-0.146921
-0.12344
-0.101423
-0.0903548
-0.0796871
-0.0623499
-0.0492803
-0.040357
-0.0347188
-0.0324285
-0.032278
-0.189879
-0.189778
-0.188129
-0.177135
-0.144874
-0.107924
-0.110332
-0.139685
-0.156563
-0.147744
-0.123786
-0.105565
-0.0955288
-0.0850974
-0.0682825
-0.0556843
-0.0469141
-0.0413482
-0.0390526
-0.0389347
-0.208533
-0.206889
-0.204025
-0.197791
-0.178326
-0.155731
-0.152378
-0.173045
-0.17733
-0.153938
-0.124619
-0.107498
-0.0971287
-0.0863648
-0.0704347
-0.057803
-0.048322
-0.0420781
-0.0394235
-0.0393408
-0.263204
-0.260738
-0.270095
-0.291975
-0.311358
-0.305153
-0.283916
-0.257755
-0.214142
-0.162546
-0.125098
-0.107205
-0.0956976
-0.0840866
-0.0681299
-0.0552924
-0.0453795
-0.0388905
-0.0362605
-0.0362749
-0.340309
-0.34177
-0.362727
-0.396531
-0.417782
-0.415701
-0.388062
-0.329006
-0.239178
-0.163816
-0.121579
-0.102568
-0.0894425
-0.0783048
-0.0632013
-0.0501656
-0.0399509
-0.0336664
-0.031288
-0.0314043
-0.365407
-0.369912
-0.389552
-0.41471
-0.432457
-0.430895
-0.399767
-0.32659
-0.223731
-0.148865
-0.10849
-0.0881784
-0.0773586
-0.068568
-0.0539662
-0.041164
-0.0318323
-0.0265499
-0.02475
-0.0249794
-0.296717
-0.301444
-0.316172
-0.335866
-0.350344
-0.349874
-0.322775
-0.250116
-0.164898
-0.112207
-0.0795165
-0.0624329
-0.0580419
-0.0523834
-0.0387288
-0.0279777
-0.0207231
-0.0167356
-0.0157204
-0.016179
-0.0100735
-0.017356
-0.0381026
-0.0611361
-0.0687209
-0.0655636
-0.0497621
-0.0334362
-0.0238922
-0.015422
-0.0113085
-0.00920453
-0.011999
-0.00590118
-0.00567108
-0.00609046
-0.00604527
-0.00543985
-0.00413896
-0.00604927
-0.188554
0.214047
0.536656
0.745059
0.893606
1.00346
1.08575
1.1514
1.22652
1.27867
0.473814
0.627962
0.762816
0.883017
0.982166
1.06149
1.12496
1.17493
1.20213
1.20879
0.731953
0.816938
0.908984
0.991391
1.06114
1.11915
1.16581
1.20069
1.22485
1.24401
0.896686
0.958504
1.02228
1.08175
1.13317
1.17665
1.21259
1.24198
1.26575
1.28465
1.02529
1.07157
1.11829
1.1627
1.20241
1.23714
1.26728
1.29331
1.3147
1.33228
1.13038
1.16838
1.20434
1.23955
1.27252
1.30242
1.32911
1.35243
1.37139
1.38731
1.22278
1.25342
1.28553
1.31691
1.34669
1.3742
1.39894
1.42036
1.43726
1.45168
1.30826
1.33747
1.36864
1.39935
1.42853
1.45538
1.47924
1.49941
1.51464
1.52782
1.39516
1.42696
1.46049
1.49267
1.52267
1.54968
1.57307
1.59223
1.60621
1.61852
1.49486
1.53109
1.56855
1.60274
1.63345
1.66015
1.68254
1.70047
1.71368
1.72608
1.61964
1.65881
1.69834
1.73224
1.76142
1.78622
1.80694
1.82386
1.83719
1.85055
1.77866
1.81378
1.84893
1.87748
1.90156
1.92281
1.94193
1.95913
1.97401
1.98842
1.9662
1.98832
2.01186
2.03171
2.04999
2.06732
2.08381
2.10017
2.11634
2.1319
2.15847
2.16659
2.18035
2.19517
2.20961
2.22254
2.23417
2.24538
2.25708
2.27316
2.35389
2.35382
2.36384
2.36731
2.36831
2.37269
2.38317
2.39806
2.41238
2.42679
2.65099
2.59547
2.54097
2.50134
2.47907
2.47492
2.48844
2.52224
2.5801
2.66044
1.335
1.28251
1.23963
1.20663
1.1829
1.1658
1.15339
1.14443
1.13827
1.13476
1.13444
1.13747
1.14309
1.15118
1.16217
1.17703
1.19737
1.22556
1.2636
1.31296
1.14608
1.15504
1.1618
1.16205
1.15737
1.15061
1.14391
1.13834
1.13447
1.13285
1.13415
1.13791
1.14338
1.15009
1.15737
1.16369
1.16646
1.16302
1.15395
1.14763
1.11873
1.12093
1.1258
1.12995
1.13351
1.13556
1.13541
1.13367
1.13151
1.13002
1.13013
1.13206
1.13489
1.13763
1.13916
1.13854
1.13582
1.13211
1.12773
1.12307
1.11348
1.11444
1.11695
1.11941
1.12132
1.12299
1.1244
1.12516
1.12524
1.12518
1.12567
1.1268
1.12787
1.12822
1.12764
1.12645
1.12499
1.12304
1.12057
1.11846
1.1081
1.10858
1.11003
1.11213
1.11407
1.11556
1.11675
1.11783
1.11876
1.11957
1.12036
1.12106
1.12136
1.12122
1.12074
1.1199
1.11852
1.11669
1.11501
1.11395
1.10295
1.10325
1.10418
1.10569
1.1074
1.10905
1.11049
1.11171
1.11284
1.11395
1.11496
1.11564
1.1159
1.11578
1.11524
1.11426
1.11298
1.11166
1.11059
1.10996
1.09792
1.09813
1.09883
1.10002
1.10144
1.10296
1.10451
1.10598
1.10735
1.10866
1.10986
1.1107
1.11104
1.11089
1.11032
1.10948
1.10854
1.10759
1.10684
1.10639
1.09297
1.09313
1.09369
1.0947
1.09596
1.09735
1.09886
1.10045
1.10205
1.10364
1.1051
1.10612
1.10656
1.1065
1.10611
1.10553
1.10486
1.10417
1.10363
1.10329
1.08804
1.08817
1.08862
1.0895
1.09067
1.09201
1.0935
1.09514
1.09692
1.09879
1.10056
1.10184
1.10249
1.10268
1.10254
1.10221
1.10176
1.10129
1.10091
1.10065
1.08304
1.08314
1.08353
1.08432
1.08544
1.08675
1.08826
1.08999
1.09194
1.09409
1.09623
1.09788
1.09886
1.09936
1.0995
1.09943
1.09921
1.09893
1.09869
1.09848
1.07787
1.07795
1.07829
1.07903
1.08012
1.08146
1.08303
1.08488
1.08705
1.08953
1.09212
1.09423
1.09564
1.09649
1.09696
1.09715
1.09717
1.09708
1.09695
1.09678
1.07243
1.0725
1.07281
1.07352
1.07462
1.07602
1.0777
1.07974
1.08219
1.08508
1.08821
1.0909
1.0928
1.09407
1.0949
1.09539
1.09566
1.09576
1.09573
1.09559
1.06664
1.06669
1.06698
1.06768
1.06884
1.07034
1.07219
1.07447
1.07728
1.08069
1.08448
1.08785
1.09034
1.09211
1.09334
1.09418
1.09473
1.09502
1.09507
1.09496
1.06036
1.06041
1.06068
1.06141
1.06264
1.0643
1.06637
1.06897
1.07225
1.07629
1.08089
1.08509
1.08827
1.09062
1.09233
1.09358
1.09442
1.09491
1.09504
1.09495
1.05347
1.05351
1.05378
1.05455
1.05591
1.05777
1.06013
1.06315
1.067
1.07183
1.07741
1.08259
1.08661
1.08965
1.09191
1.0936
1.09481
1.09551
1.09573
1.09565
1.04582
1.04585
1.04613
1.04696
1.04848
1.0506
1.05334
1.05688
1.06144
1.06722
1.07399
1.08036
1.08536
1.08921
1.09214
1.09437
1.09597
1.09691
1.09721
1.09714
1.0372
1.03723
1.0375
1.03842
1.04015
1.04262
1.04583
1.05002
1.05546
1.06241
1.07061
1.07838
1.08455
1.08936
1.09308
1.09594
1.09801
1.09921
1.09958
1.09952
1.02732
1.02733
1.02766
1.02868
1.03069
1.03359
1.03739
1.04239
1.04892
1.0573
1.06721
1.07665
1.08421
1.09014
1.09478
1.09839
1.10101
1.10248
1.10293
1.10286
1.01588
1.01589
1.01625
1.01744
1.01979
1.02323
1.02778
1.0338
1.04168
1.05179
1.06377
1.07518
1.08435
1.0916
1.09733
1.10181
1.10504
1.1068
1.10732
1.10724
1.00244
1.00244
1.00285
1.00424
1.00703
1.01117
1.01668
1.02398
1.03355
1.0458
1.06025
1.07398
1.08501
1.09378
1.10077
1.10624
1.11014
1.1122
1.11277
1.11268
0.986386
0.986378
0.986851
0.988523
0.991901
0.99695
1.00371
1.01267
1.02437
1.03924
1.05664
1.07305
1.08621
1.0967
1.10512
1.1117
1.11633
1.11865
1.11924
1.11913
0.966848
0.966833
0.96741
0.969482
0.973668
0.979961
0.988393
0.999531
1.01395
1.03206
1.05294
1.07242
1.08797
1.10039
1.11037
1.11817
1.12352
1.12604
1.12661
1.12647
0.942559
0.942537
0.943282
0.945973
0.951346
0.959405
0.970163
0.984245
1.00218
1.02427
1.04922
1.07215
1.09032
1.10483
1.1165
1.12558
1.13156
1.13416
1.13466
1.13448
0.911527
0.9115
0.912546
0.916274
0.923572
0.934293
0.948439
0.966572
0.989056
1.01597
1.04559
1.07231
1.09328
1.11
1.12343
1.13374
1.14015
1.14266
1.14304
1.14283
0.870371
0.870357
0.872085
0.877836
0.888531
0.903606
0.922816
0.946511
0.974761
1.00739
1.04224
1.07302
1.0969
1.11588
1.13107
1.14241
1.14893
1.15113
1.15134
1.15111
0.812688
0.812914
0.816901
0.827397
0.844565
0.866796
0.893436
0.924485
0.959748
0.998893
1.03941
1.0744
1.10123
1.1224
1.13921
1.15125
1.15741
1.15912
1.15915
1.15891
0.730381
0.732961
0.744797
0.765373
0.793179
0.825504
0.861593
0.901278
0.944383
0.99061
1.03717
1.07668
1.10668
1.13024
1.14849
1.16073
1.16615
1.1673
1.16719
1.16697
0.643048
0.649198
0.670331
0.701836
0.740996
0.78375
0.829266
0.877566
0.928621
0.982235
1.03541
1.08009
1.11388
1.14015
1.15982
1.17151
1.17561
1.17614
1.17599
1.17584
0.566208
0.573521
0.601546
0.642432
0.691333
0.743653
0.798237
0.854969
0.913783
0.974479
1.03382
1.08319
1.12029
1.14885
1.16925
1.17984
1.18272
1.18294
1.1828
1.1827
0.50281
0.510739
0.543315
0.590763
0.64695
0.706995
0.769334
0.833624
0.899584
0.966859
1.0319
1.08553
1.12557
1.15596
1.17665
1.18625
1.18842
1.18851
1.18839
1.18832
0.44986
0.458184
0.493789
0.546224
0.608133
0.67439
0.743157
0.813934
0.88622
0.959455
1.02972
1.08729
1.13001
1.162
1.1828
1.19152
1.1932
1.19322
1.19312
1.19306
0.404782
0.413317
0.451002
0.507313
0.573947
0.645428
0.719664
0.796046
0.873912
0.952507
1.02753
1.08871
1.1339
1.16728
1.18803
1.19596
1.1973
1.19728
1.19719
1.19713
0.365516
0.374166
0.413371
0.472825
0.543426
0.619399
0.698426
0.779785
0.862667
0.946131
1.0255
1.08995
1.13736
1.17192
1.19251
1.19976
1.20086
1.20081
1.20072
1.20067
0.33053
0.339271
0.379692
0.441778
0.515791
0.595679
0.67896
0.76482
0.852313
0.940281
1.02366
1.09108
1.14047
1.17602
1.19637
1.20304
1.20396
1.20387
1.20378
1.20373
0.298825
0.307635
0.349056
0.413397
0.490418
0.573765
0.660859
0.750835
0.842614
0.934833
1.02197
1.0921
1.14325
1.1796
1.19966
1.20584
1.20661
1.20648
1.20638
1.20632
0.269547
0.278429
0.320751
0.387109
0.466818
0.553258
0.643798
0.737562
0.833372
0.929659
1.0204
1.09305
1.14572
1.18268
1.20239
1.20814
1.20878
1.20862
1.20849
1.20843
0.242185
0.251139
0.294291
0.36247
0.444599
0.533834
0.627525
0.724799
0.824421
0.924664
1.01895
1.09397
1.14793
1.18528
1.20454
1.2099
1.21044
1.21024
1.21009
1.21002
0.216294
0.225364
0.269275
0.339142
0.423467
0.515242
0.611831
0.712376
0.81563
0.91977
1.01765
1.095
1.15
1.18743
1.2061
1.2111
1.21156
1.21134
1.21119
1.2111
0.191661
0.200835
0.245462
0.316884
0.403213
0.497303
0.596558
0.700164
0.806885
0.914884
1.01651
1.09627
1.15209
1.18922
1.20711
1.21176
1.21219
1.21198
1.21183
1.21174
0.168066
0.177361
0.222667
0.295527
0.383684
0.479882
0.581593
0.688055
0.798091
0.909919
1.01552
1.09795
1.15446
1.19084
1.20766
1.21196
1.21243
1.21226
1.21211
1.21201
0.145338
0.154769
0.200771
0.274966
0.364779
0.462892
0.566857
0.675976
0.789153
0.904771
1.01461
1.1002
1.1575
1.19261
1.20784
1.21169
1.21235
1.21228
1.21207
1.21193
0.123412
0.132999
0.179691
0.255144
0.346434
0.446276
0.55229
0.663867
0.780021
0.899355
1.01366
1.10308
1.16163
1.19512
1.20791
1.21078
1.2116
1.21189
1.21178
1.21159
0.102309
0.112045
0.159413
0.236005
0.328615
0.430003
0.537879
0.651701
0.770646
0.893576
1.01254
1.10656
1.16726
1.19921
1.20864
1.20929
1.20977
1.21078
1.2116
1.21166
0.0819948
0.0918571
0.139902
0.217511
0.311304
0.414077
0.523614
0.639469
0.760993
0.887378
1.01108
1.11049
1.17464
1.20591
1.21163
1.20888
1.20772
1.20944
1.21237
1.21366
0.0624196
0.0724405
0.121128
0.199653
0.294493
0.398513
0.509516
0.627184
0.75105
0.880693
1.00914
1.11459
1.18377
1.21608
1.219
1.21254
1.20891
1.21094
1.21656
1.22054
0.0436526
0.053822
0.10308
0.182438
0.278209
0.383312
0.495616
0.614869
0.74083
0.87349
1.00655
1.11851
1.1943
1.22991
1.23198
1.22285
1.21652
1.217
1.2224
1.22739
0.0255901
0.035911
0.085758
0.165835
0.26239
0.368428
0.481867
0.602462
0.730266
0.865672
1.00314
1.1219
1.20584
1.24712
1.25055
1.24033
1.23145
1.22588
1.22106
1.21393
0.00825272
0.0186535
0.0690352
0.149649
0.246779
0.353553
0.4679
0.589516
0.718855
0.856679
0.998385
1.12421
1.21808
1.26801
1.27478
1.26455
1.25245
1.23905
1.22542
1.19998
-0.00846755
0.00198131
0.0529232
0.134056
0.231502
0.338842
0.453881
0.576195
0.706741
0.846533
0.992013
1.12453
1.22917
1.29061
1.30194
1.29122
1.27272
1.24976
1.20518
1.16039
-0.0262225
-0.0132012
0.0374673
0.119184
0.216365
0.324142
0.439528
0.562481
0.693836
0.835072
0.983626
1.12197
1.23659
1.31244
1.33007
1.30606
1.28254
1.23668
1.17446
1.1204
-0.0485076
-0.0458182
0.0173005
0.107158
0.204209
0.311909
0.425109
0.548988
0.680809
0.82304
0.973704
1.11639
1.23832
1.33274
1.33511
1.30999
1.25309
1.17896
1.10567
1.0441
-0.024591
-0.015571
0.0469878
0.135898
0.239381
0.35055
0.469445
0.597041
0.733859
0.883588
1.03385
1.16898
1.28058
1.35486
1.3208
1.20867
1.11708
1.0459
0.975849
0.854976
-0.0580339
-0.029238
0.0351103
0.125174
0.228132
0.339239
0.457906
0.58532
0.722084
0.87189
1.02254
1.15821
1.26168
1.31175
1.24955
1.09136
0.973126
0.893961
0.816785
0.682989
-0.0824232
-0.0481047
0.0177132
0.107447
0.210306
0.321457
0.440503
0.567562
0.703707
0.852449
1.00142
1.13355
1.22598
1.24341
1.12883
0.957508
0.824159
0.731973
0.634799
0.453549
-0.104381
-0.068709
-0.00130819
0.0888937
0.191821
0.303068
0.421978
0.548464
0.683605
0.830501
0.975914
1.10084
1.1778
1.15795
0.992447
0.807329
0.65072
0.53087
0.415021
0.141327
-0.125669
-0.0893952
-0.0209246
0.0699373
0.173011
0.284171
0.40258
0.528243
0.661994
0.806316
0.946547
1.06025
1.11676
1.05537
0.853378
0.651059
0.462726
0.312082
0.128414
-0.205776
-0.146745
-0.110537
-0.041444
0.0498731
0.153113
0.264096
0.381943
0.506586
0.638545
0.77959
0.91309
1.01644
1.04657
0.926369
0.719449
0.503575
0.307225
0.138539
-0.0483145
-0.356936
-0.168715
-0.13257
-0.0632055
0.0283688
0.131693
0.242478
0.359731
0.483225
0.613059
0.750184
0.876204
0.967198
0.965991
0.804582
0.596545
0.378777
0.186281
0.0527963
-0.00210015
-0.0388281
-0.191995
-0.155931
-0.0864913
0.00510193
0.108293
0.218666
0.335083
0.457035
0.584138
0.716282
0.833541
0.906758
0.87945
0.685368
0.478952
0.277926
0.117957
0.0552233
0.0376374
0.0345049
-0.21689
-0.180809
-0.111357
-0.0199025
0.0829359
0.192645
0.307874
0.427836
0.551581
0.677713
0.785078
0.838663
0.781296
0.573335
0.372354
0.192855
0.0830738
0.0645209
0.060242
0.0600111
-0.243541
-0.207301
-0.13784
-0.0466344
0.0556466
0.164392
0.278076
0.395589
0.515309
0.634546
0.731008
0.767018
0.66538
0.470611
0.278856
0.129027
0.0786111
0.0722234
0.07199
0.0723019
-0.27183
-0.235367
-0.165917
-0.0751023
0.0264165
0.133909
0.245667
0.360248
0.475337
0.586775
0.672077
0.686334
0.558182
0.377064
0.201983
0.0942782
0.0800548
0.0797619
0.0793899
0.0796853
-0.301322
-0.264772
-0.195425
-0.105158
-0.00464161
0.101273
0.210692
0.321839
0.431807
0.534816
0.608688
0.602972
0.462177
0.293897
0.145076
0.0933764
0.0833876
0.0842548
0.0845466
0.0848382
-0.331654
-0.29508
-0.226003
-0.1365
-0.037281
0.0666954
0.173348
0.280553
0.384991
0.479509
0.540043
0.521458
0.375403
0.223901
0.111015
0.0888692
0.0894018
0.0882644
0.0882028
0.0883634
-0.361907
-0.325677
-0.257055
-0.168622
-0.0710609
0.0305687
0.134002
0.236768
0.335238
0.421909
0.468298
0.445176
0.30042
0.174009
0.0938473
0.0874387
0.0896101
0.0902983
0.090588
0.0907021
-0.391098
-0.355533
-0.287728
-0.200782
-0.105334
-0.00652812
0.0932264
0.191129
0.283177
0.362642
0.400877
0.364246
0.238542
0.137042
0.100809
0.0902022
0.0918405
0.0924298
0.0926526
0.0927692
-0.417661
-0.383216
-0.316819
-0.231953
-0.139192
-0.0437695
0.0517961
0.144494
0.229902
0.30214
0.337342
0.289075
0.190283
0.111542
0.0893742
0.0929913
0.0932187
0.0938515
0.0940809
0.0941755
-0.439685
-0.407085
-0.342784
-0.260782
-0.171453
-0.080089
0.0107257
0.0978962
0.176797
0.241557
0.27351
0.229037
0.155354
0.0997754
0.0846702
0.0905015
0.0939271
0.0948357
0.0950891
0.095213
-0.454905
-0.424781
-0.363722
-0.285645
-0.200701
-0.114195
-0.0287534
0.052511
0.125085
0.183486
0.212872
0.18082
0.133146
0.0986553
0.0976796
0.095139
0.0948444
0.0950777
0.0952008
0.0953219
-0.461037
-0.433862
-0.377551
-0.304752
-0.225357
-0.144652
-0.0652388
0.00973966
0.0758979
0.12981
0.159958
0.138822
0.118082
0.0967223
0.0956357
0.0947525
0.0939483
0.0938306
0.0938596
0.0939573
-0.454967
-0.43216
-0.38255
-0.316251
-0.243851
-0.170026
-0.0973294
-0.0288484
0.0307647
0.0798713
0.117923
0.100831
0.104572
0.0945261
0.0913739
0.091157
0.0910639
0.0908494
0.0907588
0.0908103
-0.433864
-0.417247
-0.376648
-0.318837
-0.254921
-0.189107
-0.123829
-0.0619044
-0.00831606
0.0334999
0.0738106
0.0717752
0.100061
0.0974302
0.0854118
0.0855269
0.0858014
0.0852551
0.0848878
0.0848648
-0.399704
-0.388493
-0.359041
-0.312063
-0.257917
-0.201265
-0.143931
-0.0886184
-0.040171
-0.00571483
0.0287641
0.0520109
0.0729729
0.0741138
0.0687328
0.0699881
0.0726227
0.0730745
0.0726586
0.072664
-0.357465
-0.350734
-0.332768
-0.297782
-0.254118
-0.206775
-0.157383
-0.108535
-0.064597
-0.0333159
-0.00611511
0.0213083
0.0532039
0.0657504
0.0745276
0.0721836
0.0574497
0.0499859
0.0488174
0.0490541
-0.315923
-0.312246
-0.302918
-0.280232
-0.246328
-0.207095
-0.16475
-0.121396
-0.0804892
-0.0488325
-0.0222476
-0.00425096
0.0192174
0.0308433
0.0424811
0.0273397
0.0166511
0.0103512
0.0116882
0.009577
-0.28327
-0.28125
-0.276528
-0.262418
-0.237326
-0.204353
-0.167514
-0.127625
-0.0876329
-0.0534624
-0.0288516
-0.0226235
-0.0422825
-0.099603
-0.165494
-0.203956
-0.208768
-0.173076
-0.127372
-0.119498
-0.259852
-0.25887
-0.257093
-0.249556
-0.230589
-0.202393
-0.167855
-0.128782
-0.0870303
-0.0470407
-0.0187809
-0.00386899
-0.022908
-0.0700509
-0.132983
-0.156444
-0.151499
-0.128005
-0.0894499
-0.0766645
-0.244855
-0.244471
-0.243732
-0.240046
-0.226958
-0.201587
-0.167137
-0.126753
-0.0810163
-0.0328942
0.00393382
0.0483247
0.094703
0.117682
0.102524
0.102613
0.125254
0.154441
0.18529
0.19837
-0.2352
-0.235035
-0.234574
-0.233292
-0.224946
-0.20169
-0.166508
-0.123048
-0.0719193
-0.0122831
0.0448659
0.122626
0.234969
0.361578
0.461788
0.537165
0.597605
0.644556
0.676903
0.692097
-0.228658
-0.22855
-0.228283
-0.228159
-0.222997
-0.202915
-0.166684
-0.119227
-0.0619389
0.0093029
0.0876198
0.181761
0.348868
0.573127
0.800838
0.993286
1.12573
1.20097
1.23693
1.24998
-0.223801
-0.223774
-0.22368
-0.223489
-0.221461
-0.205081
-0.168158
-0.116432
-0.0534286
0.0268727
0.119433
0.219912
0.415686
0.699732
1.0046
1.27872
1.48195
1.59373
1.63718
1.64929
-0.219717
-0.219725
-0.219684
-0.219606
-0.218775
-0.206981
-0.1709
-0.116599
-0.0486823
0.0370062
0.137263
0.242394
0.432481
0.7206
1.04082
1.33629
1.56502
1.69221
1.74163
1.75406
-0.216271
-0.216244
-0.216088
-0.215799
-0.216225
-0.208048
-0.17498
-0.119558
-0.0488818
0.0385432
0.139544
0.241494
0.404612
0.667823
0.952021
1.21351
1.4228
1.54378
1.59063
1.60215
-0.213448
-0.213472
-0.213556
-0.213778
-0.214096
-0.208972
-0.17983
-0.125073
-0.0541219
0.0318112
0.127351
0.21931
0.347849
0.570171
0.806142
1.01029
1.17415
1.27262
1.3113
1.32051
-0.210333
-0.210396
-0.21053
-0.210729
-0.210915
-0.208941
-0.18426
-0.132279
-0.0635826
0.0180924
0.104823
0.184686
0.280413
0.455115
0.64186
0.794691
0.913795
0.985652
1.01369
1.01998
-0.207271
-0.207348
-0.20744
-0.207518
-0.207716
-0.207039
-0.187483
-0.139896
-0.0756344
-0.000480421
0.0764406
0.144147
0.213386
0.344178
0.486246
0.598067
0.682611
0.732843
0.751727
0.755352
-0.204259
-0.204365
-0.204532
-0.204786
-0.20524
-0.205177
-0.189771
-0.147018
-0.0889064
-0.0215891
0.04572
0.10228
0.152523
0.248005
0.353699
0.434388
0.493417
0.527825
0.540411
0.542444
-0.201107
-0.201248
-0.201474
-0.20187
-0.202534
-0.203034
-0.190694
-0.153212
-0.10212
-0.0428078
0.0152844
0.0623352
0.0993184
0.169311
0.246983
0.304462
0.345615
0.36906
0.377023
0.378019
-0.198095
-0.198197
-0.198213
-0.198058
-0.197989
-0.198652
-0.189235
-0.158428
-0.114605
-0.0626605
-0.0128841
0.0256281
0.0533806
0.105156
0.163053
0.204327
0.233161
0.249305
0.254799
0.255304
-0.196278
-0.196227
-0.195769
-0.194307
-0.191879
-0.190975
-0.186392
-0.163083
-0.125802
-0.0798775
-0.0381585
-0.00690829
0.0146635
0.0539982
0.097297
0.127235
0.148182
0.159709
0.163283
0.163288
-0.196623
-0.1965
-0.196004
-0.194565
-0.192112
-0.190799
-0.18798
-0.169249
-0.135325
-0.0945547
-0.0607586
-0.0345686
-0.0176335
0.0129786
0.0462532
0.0687473
0.0843416
0.0926522
0.0951837
0.0948997
-0.198099
-0.198242
-0.198926
-0.200954
-0.203947
-0.204614
-0.200106
-0.178223
-0.142996
-0.107813
-0.0801531
-0.0570258
-0.0428328
-0.0190164
0.00686941
0.0242376
0.0364265
0.0427699
0.0445458
0.0441278
-0.196789
-0.197434
-0.200004
-0.20792
-0.219947
-0.223521
-0.21384
-0.184409
-0.149624
-0.120617
-0.0960792
-0.0737534
-0.062509
-0.0428686
-0.021935
-0.00804215
0.00155658
0.00638583
0.00771484
0.00726324
-0.190969
-0.191716
-0.194396
-0.201962
-0.215433
-0.221403
-0.206885
-0.180213
-0.154314
-0.131226
-0.105985
-0.0860126
-0.0768683
-0.0602722
-0.0421708
-0.0303553
-0.0223295
-0.0184355
-0.0173389
-0.017788
-0.186441
-0.186735
-0.186552
-0.180791
-0.168376
-0.164812
-0.167951
-0.165076
-0.155171
-0.135832
-0.111065
-0.0945821
-0.0863933
-0.0709134
-0.05515
-0.044456
-0.0370509
-0.033235
-0.0321319
-0.0326013
-0.189925
-0.189287
-0.184757
-0.16354
-0.124176
-0.102487
-0.124486
-0.151134
-0.155158
-0.135938
-0.113394
-0.0997039
-0.0916118
-0.0766646
-0.0613219
-0.0509496
-0.0436699
-0.0398565
-0.0387704
-0.0392634
-0.207926
-0.205582
-0.201767
-0.189292
-0.167216
-0.149406
-0.162354
-0.178849
-0.168042
-0.138208
-0.114357
-0.101787
-0.0927971
-0.0783068
-0.0636578
-0.0527295
-0.0447152
-0.0403422
-0.0391339
-0.0396931
-0.261597
-0.263348
-0.279869
-0.304236
-0.311198
-0.295372
-0.272395
-0.238106
-0.188256
-0.140428
-0.114705
-0.100901
-0.0907884
-0.0759995
-0.0613215
-0.0499828
-0.0416104
-0.0371491
-0.0360196
-0.036648
-0.33936
-0.349913
-0.379402
-0.409469
-0.420055
-0.404622
-0.363493
-0.285339
-0.198267
-0.137986
-0.110764
-0.0952662
-0.0845564
-0.0707423
-0.0563893
-0.0446588
-0.0362397
-0.0320638
-0.031122
-0.0317829
-0.36596
-0.378055
-0.402385
-0.424998
-0.434849
-0.419086
-0.369966
-0.274203
-0.182267
-0.124611
-0.0967836
-0.0816245
-0.0739264
-0.0614194
-0.0472126
-0.0360059
-0.0286687
-0.025293
-0.0246922
-0.02534
-0.297824
-0.3078
-0.325886
-0.344385
-0.352409
-0.340358
-0.293451
-0.20407
-0.135555
-0.0935271
-0.0690962
-0.0589173
-0.0568344
-0.0456607
-0.0328398
-0.0239686
-0.0182784
-0.0159402
-0.0158433
-0.0165252
-0.100392
-0.108747
-0.132227
-0.165188
-0.184278
-0.185868
-0.167932
-0.116439
-0.0780679
-0.0536249
-0.0362927
-0.028671
-0.0298413
-0.0268286
-0.0170279
-0.012938
-0.00914137
-0.00641999
-0.005676
-0.0063405
0.0314182
0.392122
0.650514
0.8234
0.952146
1.04664
1.12071
1.1854
1.26381
1.26003
0.554559
0.696268
0.825596
0.935309
1.02415
1.09488
1.15191
1.19234
1.20505
1.21951
0.772536
0.863366
0.951814
1.0278
1.09156
1.14392
1.18473
1.21392
1.23436
1.25382
0.927487
0.990342
1.05297
1.10849
1.15587
1.19553
1.228
1.25462
1.27501
1.29464
1.04819
1.09495
1.14101
1.1832
1.22038
1.25275
1.28079
1.30471
1.32337
1.34201
1.14966
1.18642
1.22213
1.2564
1.28786
1.31617
1.34123
1.36256
1.37907
1.39698
1.23735
1.26953
1.30136
1.33205
1.36076
1.38695
1.41012
1.42947
1.44401
1.46137
1.322
1.35308
1.38412
1.4142
1.44228
1.46772
1.48985
1.50771
1.52064
1.53745
1.40996
1.44391
1.47678
1.508
1.53659
1.56186
1.58322
1.5999
1.61167
1.628
1.51156
1.55027
1.58604
1.61857
1.64733
1.6719
1.69208
1.70763
1.71917
1.73529
1.6376
1.67932
1.71593
1.74739
1.77435
1.79706
1.81586
1.83091
1.8433
1.85937
1.79463
1.83222
1.86394
1.88994
1.91248
1.93262
1.95078
1.96688
1.98088
1.99673
1.97597
2.00061
2.02212
2.04096
2.05878
2.07564
2.09196
2.10839
2.124
2.13997
2.16142
2.17316
2.18774
2.20253
2.21628
2.22847
2.23976
2.25112
2.26399
2.2847
2.34938
2.35938
2.36632
2.36771
2.3698
2.37719
2.39031
2.40564
2.41872
2.44698
2.62577
2.5667
2.51908
2.48796
2.4748
2.47934
2.50259
2.54792
2.61845
2.69706
1.2103
1.2028
1.19389
1.18108
1.16769
1.15612
1.14694
1.14012
1.13561
1.13373
1.13509
1.13926
1.14561
1.15407
1.16479
1.17766
1.19138
1.20259
1.21038
1.21671
1.12423
1.13212
1.13927
1.14405
1.14532
1.14336
1.13966
1.13578
1.1328
1.13155
1.13275
1.13593
1.14019
1.14468
1.14811
1.14886
1.14596
1.13995
1.13196
1.12606
1.11613
1.1192
1.1223
1.12484
1.12723
1.12903
1.12956
1.12897
1.12804
1.12774
1.1287
1.1305
1.13219
1.13288
1.1321
1.1302
1.12796
1.12534
1.12216
1.1198
1.11076
1.11228
1.11453
1.11671
1.11833
1.11964
1.12081
1.12166
1.12218
1.12271
1.1235
1.12426
1.12453
1.12419
1.12344
1.12238
1.12077
1.11861
1.1168
1.11571
1.10551
1.10635
1.10785
1.10972
1.1115
1.11295
1.11413
1.11521
1.11623
1.11721
1.11801
1.11846
1.1185
1.11821
1.11752
1.11635
1.11482
1.11328
1.11226
1.11163
1.10043
1.101
1.10209
1.10355
1.10514
1.10671
1.10816
1.10945
1.11066
1.11185
1.1128
1.11333
1.11341
1.11304
1.11226
1.11121
1.11008
1.10904
1.10837
1.10792
1.09544
1.09587
1.09675
1.09799
1.09937
1.10086
1.10241
1.10394
1.1054
1.10682
1.10798
1.10863
1.10875
1.10841
1.10779
1.10702
1.10621
1.10545
1.10497
1.10463
1.09051
1.09085
1.09158
1.09268
1.09397
1.09539
1.09694
1.09861
1.10032
1.10205
1.10346
1.10428
1.10455
1.10442
1.10405
1.10353
1.10294
1.10241
1.10206
1.10179
1.08556
1.08583
1.08646
1.08746
1.0887
1.0901
1.09168
1.09346
1.0954
1.09744
1.09919
1.1003
1.10084
1.10099
1.10088
1.1006
1.10023
1.09988
1.09963
1.0994
1.08048
1.08071
1.08127
1.08222
1.08343
1.08485
1.08651
1.08842
1.09061
1.09301
1.09518
1.09669
1.09759
1.09806
1.09822
1.0982
1.09804
1.09785
1.09767
1.09748
1.0752
1.07539
1.0759
1.07682
1.07805
1.07953
1.08131
1.08342
1.08591
1.08875
1.09144
1.09343
1.09476
1.09559
1.09606
1.0963
1.09636
1.09633
1.09621
1.09604
1.06959
1.06976
1.07025
1.07118
1.07246
1.07405
1.07599
1.07837
1.08124
1.08463
1.08795
1.09052
1.09235
1.09359
1.09442
1.09494
1.09524
1.09535
1.09528
1.09512
1.06357
1.06372
1.0642
1.06517
1.06655
1.06829
1.07046
1.07318
1.07655
1.0806
1.08468
1.08795
1.09036
1.09209
1.09332
1.09419
1.09473
1.09496
1.09494
1.0948
1.05701
1.05714
1.05763
1.05866
1.06018
1.06214
1.06462
1.06778
1.07174
1.07662
1.08161
1.08572
1.08883
1.09113
1.09282
1.09406
1.09488
1.09526
1.09527
1.09513
1.04976
1.04988
1.05039
1.05152
1.05323
1.05546
1.05834
1.06204
1.06676
1.07262
1.07873
1.08383
1.08776
1.09074
1.09298
1.09466
1.09578
1.0963
1.09636
1.09621
1.04165
1.04176
1.04231
1.04357
1.04551
1.0481
1.05148
1.05586
1.06149
1.06856
1.076
1.08229
1.08719
1.09096
1.09386
1.09605
1.09752
1.09819
1.09828
1.09813
1.03243
1.03255
1.03315
1.03458
1.03683
1.03987
1.04387
1.04909
1.05585
1.06439
1.07342
1.0811
1.08715
1.09187
1.09555
1.09834
1.10019
1.10102
1.10114
1.10098
1.02182
1.02193
1.02263
1.02427
1.02691
1.03052
1.03529
1.04157
1.04972
1.06003
1.07095
1.08029
1.08769
1.09351
1.0981
1.10159
1.10388
1.10486
1.105
1.10483
1.00943
1.00955
1.01036
1.01229
1.01542
1.01975
1.02551
1.0331
1.04296
1.05542
1.0686
1.07986
1.08883
1.09593
1.10158
1.10588
1.10863
1.10977
1.10991
1.10973
0.994745
0.994887
0.995859
0.998147
1.00191
1.00718
1.0142
1.02347
1.03545
1.05051
1.06635
1.07984
1.0906
1.09918
1.10605
1.11123
1.11447
1.11574
1.11588
1.11567
0.97703
0.977211
0.978419
0.981204
0.98582
0.992325
1.00101
1.01242
1.02706
1.04527
1.06421
1.08025
1.09304
1.10327
1.11147
1.11764
1.12134
1.12269
1.12281
1.12258
0.955239
0.955498
0.957071
0.960562
0.966363
0.974574
0.985495
0.999715
1.01771
1.03971
1.06224
1.08112
1.09614
1.1082
1.11785
1.12503
1.12911
1.13046
1.13053
1.13029
0.927778
0.928195
0.930345
0.934933
0.942504
0.953178
0.967228
0.98519
1.00741
1.03391
1.0605
1.0825
1.09993
1.11392
1.12511
1.13321
1.1375
1.13876
1.13876
1.13851
0.892071
0.892816
0.895977
0.902446
0.912929
0.927367
0.945889
0.968829
0.996281
1.02804
1.05912
1.08444
1.1044
1.12039
1.13309
1.1419
1.14615
1.1472
1.14712
1.14687
0.843554
0.845089
0.850458
0.860698
0.876281
0.896637
0.921512
0.950907
0.984653
1.02236
1.05827
1.08706
1.10955
1.12751
1.14161
1.15074
1.15459
1.15533
1.15518
1.15494
0.773766
0.778486
0.789859
0.807813
0.832141
0.861392
0.894772
0.932064
0.973009
1.01717
1.05812
1.09039
1.11538
1.13511
1.15023
1.15915
1.16226
1.16265
1.16246
1.16227
0.690116
0.699423
0.720476
0.749773
0.785198
0.824367
0.866742
0.912281
0.96083
1.01205
1.05878
1.0953
1.12344
1.14526
1.16093
1.16904
1.17137
1.17154
1.1714
1.1713
0.606004
0.621605
0.65242
0.692829
0.738959
0.787979
0.839369
0.893172
0.9493
1.00749
1.05992
1.10057
1.13174
1.15562
1.17142
1.1781
1.17937
1.17936
1.17926
1.17921
0.535932
0.55529
0.592501
0.641275
0.696086
0.753697
0.813364
0.87496
0.938269
1.00299
1.06064
1.10499
1.13875
1.16398
1.17931
1.18481
1.18564
1.18559
1.18553
1.1855
0.477731
0.499405
0.541497
0.596444
0.65798
0.72258
0.789305
0.857807
0.927642
0.998365
1.06081
1.10854
1.14458
1.17083
1.18564
1.19026
1.19082
1.19076
1.19071
1.1907
0.428654
0.451765
0.497522
0.557376
0.624408
0.694807
0.767503
0.842
0.917649
0.993817
1.06067
1.11152
1.14964
1.1767
1.19091
1.19483
1.19523
1.19517
1.19513
1.19512
0.386329
0.410402
0.459006
0.522875
0.594538
0.669923
0.747814
0.827602
0.908459
0.989572
1.06045
1.11413
1.15412
1.18178
1.19537
1.19876
1.19905
1.19898
1.19895
1.19894
0.349065
0.373815
0.424732
0.491959
0.567597
0.647336
0.729858
0.814426
0.900043
0.985692
1.06023
1.11648
1.15811
1.1862
1.19919
1.20216
1.20236
1.20229
1.20226
1.20226
0.315637
0.340862
0.393713
0.463848
0.542954
0.626544
0.713237
0.802196
0.892243
0.982132
1.06005
1.1186
1.16166
1.19003
1.20246
1.20511
1.20523
1.20514
1.20511
1.2051
0.285002
0.310678
0.365227
0.437935
0.52011
0.607143
0.697627
0.790651
0.884881
0.978805
1.05988
1.1205
1.16479
1.19331
1.20521
1.20758
1.20764
1.20751
1.20747
1.20746
0.256583
0.282673
0.33871
0.413743
0.49867
0.588811
0.682766
0.779582
0.877808
0.975646
1.05976
1.12223
1.16752
1.19604
1.20741
1.20956
1.20954
1.20939
1.20933
1.20931
0.229871
0.256369
0.313759
0.3909
0.478318
0.571292
0.668453
0.768825
0.870897
0.972628
1.05974
1.12389
1.1699
1.1982
1.20902
1.21098
1.21092
1.21075
1.21068
1.21065
0.204513
0.231433
0.290074
0.369137
0.458821
0.55439
0.654517
0.758246
0.864043
0.969704
1.05991
1.12563
1.17202
1.19983
1.21007
1.21187
1.21179
1.21162
1.21154
1.2115
0.180294
0.207654
0.267444
0.348265
0.440011
0.537953
0.640834
0.747732
0.857152
0.966822
1.06037
1.12765
1.17408
1.20103
1.21059
1.21228
1.21223
1.21207
1.21199
1.21194
0.15703
0.18484
0.245724
0.328158
0.421771
0.521886
0.627316
0.737193
0.85012
0.963896
1.06114
1.13023
1.17639
1.20195
1.21064
1.21231
1.21237
1.2122
1.21209
1.21202
0.134656
0.162885
0.224829
0.308732
0.404028
0.506115
0.613891
0.726562
0.842865
0.960818
1.06223
1.13364
1.17943
1.20292
1.21022
1.21182
1.21216
1.21205
1.21188
1.21175
0.113084
0.141747
0.204718
0.289935
0.386736
0.490603
0.600522
0.715788
0.835327
0.957473
1.06353
1.13809
1.18381
1.20459
1.20949
1.21041
1.21112
1.21158
1.21164
1.21139
0.0923591
0.121404
0.185345
0.27172
0.369871
0.475344
0.587197
0.704846
0.827448
0.953743
1.06489
1.14365
1.19022
1.2081
1.20938
1.20842
1.20912
1.21099
1.21225
1.21216
0.0723622
0.101859
0.166665
0.254084
0.353442
0.460338
0.573925
0.693738
0.819183
0.94953
1.06609
1.15019
1.19916
1.21499
1.21239
1.20823
1.20807
1.21168
1.21548
1.2165
0.053198
0.0830838
0.148678
0.237026
0.33745
0.445608
0.560717
0.682451
0.810522
0.944748
1.06687
1.15743
1.21075
1.22643
1.22089
1.21353
1.21171
1.21644
1.22341
1.22715
0.0347272
0.0650483
0.131405
0.220566
0.321927
0.431195
0.547642
0.671047
0.801482
0.939325
1.06699
1.16486
1.22457
1.24242
1.23581
1.22611
1.22143
1.22174
1.22144
1.21282
0.0170112
0.0477023
0.114688
0.204482
0.306566
0.416777
0.534304
0.659102
0.791606
0.932854
1.06609
1.17227
1.24078
1.26341
1.25754
1.24657
1.23654
1.22643
1.21835
1.23482
5.8293e-06
0.0310189
0.0985338
0.188803
0.291388
0.402376
0.520665
0.646587
0.780794
0.925076
1.06363
1.17847
1.25826
1.28835
1.28377
1.2709
1.25487
1.23875
1.19004
1.18722
-0.0168142
0.0147354
0.083191
0.173796
0.276816
0.388355
0.50687
0.633737
0.769277
0.91606
1.0593
1.18215
1.27481
1.31499
1.30941
1.29236
1.26603
1.22216
1.16655
1.13453
-0.0367513
-0.00320963
0.0691665
0.159833
0.263725
0.375106
0.49336
0.620824
0.757233
0.905828
1.05285
1.1822
1.28652
1.33808
1.34149
1.29453
1.24731
1.17716
1.11195
1.07357
0.41926
0.543296
0.675335
0.817953
0.969199
1.1132
1.23659
0.988957
-0.04714
-0.037535
0.00632644
0.0835742
0.181004
0.287806
0.402839
0.525965
0.657792
0.800238
0.952206
1.09855
1.22346
1.3103
1.33109
1.23945
1.09416
1.00429
0.935246
-0.0688568
-0.0570517
-0.00925587
0.0692753
0.16706
0.273957
0.388821
0.511821
0.643344
0.785418
0.936847
1.08243
1.2028
1.27444
1.25036
1.10732
0.957554
0.855541
0.774375
-0.0905824
-0.0785352
-0.0284211
0.0511369
0.148843
0.256002
0.371132
0.49411
0.62512
0.766311
0.915714
1.05728
1.16577
1.21773
1.15286
0.969323
0.806647
0.684685
0.587312
-0.1118
-0.0998103
-0.0484649
0.0322167
0.130132
0.237392
0.352358
0.474807
0.604906
0.744518
0.890807
1.02617
1.12524
1.14104
1.02316
0.82462
0.639156
0.482993
0.354158
-0.132872
-0.12105
-0.0689373
0.0125539
0.110783
0.218083
0.332684
0.454372
0.583251
0.720699
0.862844
0.990169
1.07597
1.0524
0.887401
0.679721
0.473516
0.299436
0.133607
-0.154284
-0.142695
-0.0902846
-0.00832767
0.0901458
0.197473
0.311723
0.432625
0.560081
0.69494
0.832265
0.948339
1.01694
0.967159
0.760153
0.547142
0.336887
0.154043
0.0171407
-0.100518
-0.176843
-0.16543
-0.112887
-0.0307502
0.0677529
0.17496
0.288733
0.408652
0.534316
0.665915
0.797381
0.901727
0.948981
0.855602
0.641189
0.426172
0.229806
0.0837084
0.033014
0.0134965
-0.20085
-0.189564
-0.136964
-0.0548181
0.0435151
0.15035
0.263397
0.381966
0.505326
0.632861
0.757093
0.851242
0.864485
0.734154
0.527298
0.323864
0.151829
0.0742469
0.0522675
0.0496766
-0.226532
-0.215288
-0.162604
-0.0805345
0.01745
0.12368
0.235671
0.352493
0.473009
0.595694
0.711548
0.794005
0.774755
0.61912
0.422113
0.233216
0.105592
0.0660992
0.0674809
0.066663
-0.253884
-0.24263
-0.189839
-0.107915
-0.0104485
0.0949307
0.20553
0.320197
0.437325
0.554403
0.660849
0.728069
0.691701
0.511663
0.329002
0.159287
0.0895647
0.0774465
0.0763319
0.0763598
-0.282685
-0.27139
-0.218561
-0.136896
-0.0401128
0.0641323
0.173002
0.285063
0.398276
0.509077
0.605711
0.657256
0.606179
0.41831
0.246882
0.118735
0.0765358
0.0815458
0.0820518
0.082383
-0.312449
-0.301171
-0.248488
-0.167233
-0.0713657
0.0314469
0.138205
0.247193
0.355994
0.460187
0.546255
0.584549
0.509267
0.334793
0.179651
0.100446
0.0871947
0.0865295
0.0865083
0.0867582
-0.342651
-0.331421
-0.279128
-0.19849
-0.103831
-0.00280264
0.101426
0.206868
0.310733
0.408233
0.483668
0.505663
0.417426
0.264865
0.134262
0.0947082
0.0904276
0.0895615
0.0895174
0.0896404
-0.372338
-0.361249
-0.309692
-0.230007
-0.136934
-0.0381201
0.0631315
0.16457
0.263013
0.353625
0.420709
0.425509
0.337292
0.207998
0.114314
0.0796927
0.0887911
0.0910759
0.091682
0.0919124
-0.400034
-0.389296
-0.339048
-0.260855
-0.169852
-0.0737668
0.0239981
0.121001
0.213668
0.297057
0.358469
0.354013
0.266665
0.16316
0.100767
0.0962143
0.0929733
0.09321
0.0935038
0.0936581
-0.424403
-0.414095
-0.365739
-0.289748
-0.201476
-0.108757
-0.0150624
0.0770542
0.163789
0.239903
0.295421
0.290449
0.21031
0.132696
0.0905276
0.0870133
0.0924221
0.0940952
0.0946793
0.0948701
-0.44288
-0.433301
-0.38789
-0.315071
-0.230421
-0.141855
-0.052899
0.0338341
0.114522
0.183841
0.232854
0.234041
0.169441
0.115417
0.0947117
0.0920457
0.0939415
0.0950252
0.0953749
0.0955304
-0.453594
-0.445087
-0.403357
-0.334986
-0.255081
-0.171626
-0.088168
-0.0073363
0.0670579
0.130279
0.17562
0.180474
0.139069
0.107638
0.095622
0.0967462
0.094932
0.0948323
0.094894
0.0949815
-0.4541
-0.447016
-0.41001
-0.347587
-0.273731
-0.196553
-0.119448
-0.0449957
0.0229011
0.0800433
0.12514
0.133436
0.1115
0.102007
0.0906774
0.0933054
0.0929868
0.092777
0.0927262
0.0927538
-0.441951
-0.436212
-0.405521
-0.350932
-0.284865
-0.215238
-0.145412
-0.0777677
-0.0162068
0.0342922
0.0776158
0.0983765
0.0902209
0.0917277
0.0848247
0.0880931
0.0889177
0.0888986
0.0885755
0.0884567
-0.414798
-0.410788
-0.387876
-0.343662
-0.287491
-0.226721
-0.165065
-0.104614
-0.0490033
-0.00452945
0.0308106
0.067141
0.0755531
0.0709752
0.0767247
0.0782778
0.0802344
0.080852
0.0802844
0.0799854
-0.37635
-0.37381
-0.359313
-0.326553
-0.281803
-0.230992
-0.177996
-0.124909
-0.0750079
-0.034954
-0.0085289
0.0235958
0.0544392
0.0657395
0.0586328
0.0608031
0.0637917
0.0635603
0.0629611
0.0627382
-0.333807
-0.332204
-0.325093
-0.303667
-0.270335
-0.229365
-0.18468
-0.138488
-0.0937384
-0.0561347
-0.030139
-0.00362141
0.0262494
0.0498968
0.0728245
0.078371
0.0603351
0.041592
0.0347778
0.0332916
-0.296918
-0.295855
-0.292401
-0.280831
-0.256991
-0.224367
-0.186571
-0.145895
-0.104645
-0.0670625
-0.0406086
-0.0172636
-0.00956014
-0.0168693
-0.0446345
-0.0797745
-0.105713
-0.0835955
-0.0469981
-0.0366017
-0.270442
-0.269836
-0.267682
-0.262055
-0.245602
-0.219213
-0.186019
-0.148549
-0.108357
-0.0686827
-0.0379509
-0.0133814
-0.0364611
-0.0830825
-0.15927
-0.21166
-0.235317
-0.222477
-0.178509
-0.144508
-0.251353
-0.250954
-0.250155
-0.247918
-0.237991
-0.216293
-0.18543
-0.148369
-0.106658
-0.0620035
-0.0243926
0.00666094
0.0216119
0.0266599
-0.0145479
-0.0505712
-0.0471191
-0.0268641
0.00210304
0.0293804
-0.239656
-0.239562
-0.239206
-0.238038
-0.233042
-0.215217
-0.185219
-0.146698
-0.10161
-0.0502516
0.00100163
0.0491769
0.12535
0.205233
0.259724
0.288363
0.32178
0.359532
0.395365
0.419441
-0.231535
-0.23151
-0.231222
-0.230884
-0.228795
-0.215193
-0.185749
-0.144576
-0.0951358
-0.0356026
0.03313
0.103029
0.220268
0.384458
0.561751
0.715117
0.82787
0.903275
0.948875
0.97216
-0.22616
-0.226154
-0.226063
-0.225991
-0.224726
-0.215819
-0.187494
-0.143688
-0.0889363
-0.0216645
0.0613294
0.147937
0.284743
0.513239
0.790467
1.05069
1.25993
1.39113
1.45531
1.47958
-0.221689
-0.221702
-0.221671
-0.221548
-0.22169
-0.216154
-0.190282
-0.144429
-0.084962
-0.0115294
0.0802355
0.178697
0.318812
0.568748
0.885193
1.19413
1.45803
1.63042
1.70898
1.73457
-0.217835
-0.217857
-0.217787
-0.217585
-0.217468
-0.215274
-0.19341
-0.14741
-0.0846072
-0.00742574
0.0878677
0.191906
0.32002
0.555366
0.856194
1.15467
1.41399
1.59029
1.67352
1.69919
-0.214893
-0.214889
-0.214851
-0.214765
-0.214906
-0.213654
-0.196736
-0.152183
-0.0880602
-0.00980734
0.0841955
0.184572
0.292006
0.493977
0.75552
1.00405
1.21831
1.3699
1.44342
1.46643
-0.211912
-0.211937
-0.212013
-0.21225
-0.212569
-0.212245
-0.199876
-0.157859
-0.0952082
-0.0181717
0.0705621
0.161605
0.248571
0.407113
0.622286
0.817454
0.977268
1.09188
1.14814
1.16574
-0.208754
-0.208818
-0.2089
-0.209004
-0.209044
-0.209666
-0.201194
-0.163624
-0.104299
-0.031349
0.0498986
0.12986
0.199138
0.316073
0.483387
0.631648
0.747156
0.828879
0.868379
0.880216
-0.205739
-0.205815
-0.205918
-0.206056
-0.20622
-0.206881
-0.201235
-0.168752
-0.114272
-0.0475682
0.0251691
0.0941678
0.149011
0.232433
0.357901
0.467826
0.550299
0.607434
0.634358
0.641941
-0.202655
-0.202759
-0.20292
-0.203198
-0.203657
-0.204461
-0.200815
-0.17295
-0.124108
-0.0647437
-0.000778977
0.0582948
0.101745
0.161244
0.254233
0.33419
0.392157
0.431609
0.449655
0.454379
-0.199469
-0.199603
-0.199749
-0.199947
-0.20029
-0.201059
-0.198759
-0.175572
-0.133283
-0.0814903
-0.025575
0.024149
0.0586933
0.101766
0.171123
0.229128
0.269841
0.297139
0.309227
0.312132
-0.196899
-0.196993
-0.19693
-0.196453
-0.195348
-0.194599
-0.193726
-0.176655
-0.141844
-0.096635
-0.0479868
-0.00685713
0.0207632
0.0527627
0.104757
0.147221
0.1765
0.19597
0.204292
0.206158
-0.196167
-0.196151
-0.195875
-0.194787
-0.192287
-0.189658
-0.189402
-0.178546
-0.149763
-0.109516
-0.067698
-0.0342743
-0.0119334
0.0128639
0.0529129
0.0844987
0.105839
0.119903
0.125687
0.126816
-0.197435
-0.19739
-0.197333
-0.197213
-0.19685
-0.196112
-0.195449
-0.18548
-0.157611
-0.119921
-0.0851911
-0.0579282
-0.0382308
-0.0193563
0.0115621
0.0358692
0.0523642
0.0631241
0.0673744
0.0679806
-0.198017
-0.198206
-0.199016
-0.202159
-0.209014
-0.21506
-0.213304
-0.197538
-0.164533
-0.129295
-0.101472
-0.0764776
-0.0589224
-0.0439365
-0.0193588
-0.000284456
0.012631
0.0209413
0.0240783
0.024411
-0.193982
-0.194485
-0.195935
-0.201665
-0.214466
-0.226743
-0.222669
-0.200558
-0.167118
-0.139028
-0.114401
-0.0899319
-0.0745476
-0.0628366
-0.0419921
-0.0260143
-0.0154992
-0.00895297
-0.0065253
-0.00631788
-0.187863
-0.188355
-0.189331
-0.191719
-0.19477
-0.199314
-0.19758
-0.183554
-0.164468
-0.145653
-0.121804
-0.0984724
-0.0858936
-0.0756542
-0.0573684
-0.0435252
-0.0341985
-0.0284488
-0.0262323
-0.0260602
-0.186771
-0.186919
-0.186473
-0.179696
-0.15595
-0.128914
-0.131522
-0.149583
-0.157157
-0.147224
-0.123902
-0.103659
-0.0934963
-0.0830292
-0.0656552
-0.0531013
-0.044397
-0.0389214
-0.0366975
-0.0365652
-0.196301
-0.195616
-0.192802
-0.180437
-0.148539
-0.114675
-0.115593
-0.146936
-0.163301
-0.149869
-0.12395
-0.106814
-0.0969539
-0.0863223
-0.0699687
-0.0573821
-0.0481918
-0.0422908
-0.0398671
-0.0397744
-0.230265
-0.227573
-0.228656
-0.234912
-0.239781
-0.226621
-0.213346
-0.21242
-0.195498
-0.158734
-0.125188
-0.107646
-0.0969096
-0.085571
-0.0696161
-0.05708
-0.0472502
-0.0407667
-0.0381095
-0.0380979
-0.303129
-0.302344
-0.318816
-0.351546
-0.375303
-0.371867
-0.346626
-0.299931
-0.230224
-0.164615
-0.124092
-0.10578
-0.0933382
-0.0816365
-0.0659935
-0.0530207
-0.0429069
-0.0364878
-0.0340268
-0.0341094
-0.363486
-0.367004
-0.388739
-0.418244
-0.436981
-0.434269
-0.405006
-0.338019
-0.237529
-0.158907
-0.116732
-0.0968967
-0.0840899
-0.0739243
-0.0592112
-0.046221
-0.0362712
-0.0303839
-0.0283234
-0.0285313
-0.343827
-0.348002
-0.364478
-0.386364
-0.401987
-0.401682
-0.372981
-0.296535
-0.198774
-0.133365
-0.0961684
-0.0764942
-0.068462
-0.0613399
-0.0472914
-0.0350604
-0.0265988
-0.0219588
-0.020651
-0.0210511
-0.216933
-0.2238
-0.240435
-0.261973
-0.278183
-0.278194
-0.254434
-0.189159
-0.12408
-0.0854976
-0.0592258
-0.046265
-0.0454872
-0.0411045
-0.0288155
-0.0204674
-0.014655
-0.011161
-0.0105093
-0.0112743
-0.103329
-0.118144
-0.14901
-0.177025
-0.187189
-0.179982
-0.144806
-0.0942103
-0.0651679
-0.0436884
-0.0312594
-0.0281243
-0.030757
-0.0211499
-0.0145807
-0.0111098
-0.00751874
-0.00582947
-0.00577665
-0.00392086
0.24991
0.50271
0.666201
0.818521
0.938833
1.03222
1.10487
1.16597
1.20565
1.19476
0.620311
0.731097
0.841972
0.94038
1.02283
1.09056
1.14517
1.18586
1.21021
1.22584
0.820104
0.892465
0.968582
1.03833
1.09782
1.14774
1.18826
1.21977
1.24425
1.2634
0.964089
1.01735
1.07173
1.12313
1.16795
1.20642
1.23909
1.26672
1.28959
1.30754
1.07934
1.12191
1.16212
1.20141
1.23721
1.26914
1.29737
1.32193
1.34207
1.35871
1.17828
1.21126
1.24497
1.27795
1.30895
1.33739
1.36297
1.38524
1.40312
1.41812
1.26589
1.29514
1.32628
1.35719
1.38644
1.41343
1.43766
1.45838
1.4744
1.48806
1.35091
1.38091
1.41286
1.44427
1.47381
1.50069
1.52435
1.54402
1.55859
1.5711
1.44263
1.4765
1.51192
1.54531
1.57586
1.60285
1.62586
1.64445
1.65795
1.67006
1.55332
1.59149
1.63045
1.66513
1.69554
1.72153
1.74313
1.76045
1.77355
1.78627
1.69471
1.73297
1.77131
1.80334
1.83041
1.85359
1.87351
1.89042
1.90436
1.91813
1.87013
1.89952
1.92941
1.95368
1.97467
1.99394
2.01207
2.02935
2.04518
2.06002
2.06331
2.0776
2.09513
2.11187
2.12837
2.14378
2.15791
2.17194
2.18677
2.20292
2.25221
2.25648
2.26931
2.28146
2.29145
2.30076
2.31092
2.32155
2.33087
2.34308
2.48152
2.46794
2.45911
2.44408
2.433
2.43243
2.44443
2.46823
2.50006
2.53582
2.85575
2.69725
2.59174
2.53283
2.50372
2.49718
2.51235
2.55356
2.63278
2.7779
-0.0282526
-0.0245273
0.0201159
0.0983964
0.196
0.303446
1.33102
1.3564
1.3113
1.2192
1.13488
1.06073
0.871356
0.693233
0.486913
0.211106
-0.1079
)
;

boundaryField
{
    wall-4
    {
        type            zeroGradient;
    }
    pressure-outlet-7
    {
        type            fixedValue;
        value           uniform 0;
    }
    velocity-inlet-6
    {
        type            zeroGradient;
    }
    velocity-inlet-5
    {
        type            zeroGradient;
    }
    frontAndBackPlanes
    {
        type            empty;
    }
}


// ************************************************************************* //
