/*--------------------------------*- C++ -*----------------------------------*\
  =========                 |
  \\      /  F ield         | OpenFOAM: The Open Source CFD Toolbox
   \\    /   O peration     | Website:  https://openfoam.org
    \\  /    A nd           | Version:  6
     \\/     M anipulation  |
\*---------------------------------------------------------------------------*/
FoamFile
{
    version     2.0;
    format      ascii;
    class       volScalarField;
    location    "37.9";
    object      p;
}
// * * * * * * * * * * * * * * * * * * * * * * * * * * * * * * * * * * * * * //

dimensions      [0 2 -2 0 0 0 0];

internalField   nonuniform List<scalar> 
8800
(
0.918667
0.869347
0.831374
0.803292
0.78311
0.76849
0.757845
0.750245
0.745278
0.743095
0.744333
0.748564
0.755273
0.764632
0.777323
0.794612
0.818468
0.851553
0.894482
0.946992
0.753178
0.75952
0.76866
0.772196
0.76957
0.763457
0.756481
0.750185
0.745307
0.742334
0.741974
0.744472
0.749009
0.755062
0.762108
0.769103
0.773955
0.773812
0.767125
0.758218
0.726733
0.732964
0.737452
0.741306
0.744231
0.745147
0.744011
0.741821
0.739744
0.738776
0.739664
0.741991
0.744782
0.74698
0.747448
0.74562
0.742225
0.738191
0.733397
0.729679
0.722493
0.725254
0.727848
0.729986
0.731696
0.733225
0.734275
0.73455
0.734327
0.734278
0.734927
0.735934
0.736567
0.736333
0.735293
0.733891
0.732186
0.729857
0.727432
0.725864
0.717519
0.718941
0.720766
0.722824
0.724505
0.725753
0.726788
0.727678
0.728358
0.728926
0.729455
0.729763
0.729664
0.729201
0.728457
0.727285
0.725584
0.723656
0.722287
0.721484
0.712635
0.713535
0.714767
0.716369
0.718027
0.719508
0.720722
0.721741
0.722661
0.723484
0.724057
0.72426
0.72412
0.723632
0.722736
0.721475
0.720055
0.718747
0.717906
0.717384
0.707864
0.708518
0.709463
0.710754
0.712161
0.71362
0.71502
0.716267
0.717363
0.718341
0.719037
0.719308
0.719141
0.718559
0.717664
0.716628
0.71556
0.714603
0.714002
0.713621
0.703205
0.703708
0.704479
0.705591
0.706849
0.708206
0.709627
0.711039
0.712374
0.713578
0.714424
0.714742
0.714583
0.714072
0.713356
0.712545
0.71171
0.710981
0.71053
0.710235
0.698613
0.699012
0.699658
0.700652
0.701839
0.703141
0.704552
0.706052
0.707572
0.709006
0.710059
0.710523
0.710503
0.710169
0.70965
0.709026
0.708368
0.707815
0.707473
0.707235
0.694017
0.694341
0.694901
0.695818
0.696957
0.69824
0.699676
0.701257
0.70294
0.704633
0.705949
0.70665
0.70686
0.706738
0.706415
0.705979
0.705485
0.705075
0.704815
0.704619
0.689334
0.689601
0.690101
0.690973
0.692096
0.6934
0.694888
0.696576
0.698447
0.700419
0.70208
0.70311
0.703607
0.703737
0.703622
0.703364
0.703026
0.702739
0.702545
0.702381
0.6845
0.684722
0.685182
0.686037
0.687182
0.688548
0.69014
0.691992
0.694116
0.69645
0.69853
0.699947
0.700773
0.701174
0.701283
0.701206
0.701023
0.700844
0.700703
0.700562
0.679436
0.679623
0.680066
0.680938
0.682148
0.683626
0.685394
0.687505
0.689982
0.692782
0.695377
0.69724
0.69842
0.6991
0.699439
0.699549
0.699511
0.699427
0.699331
0.699208
0.674063
0.674219
0.674658
0.675574
0.67689
0.678525
0.680512
0.682942
0.685855
0.689238
0.692458
0.694867
0.696481
0.697505
0.698117
0.698432
0.698543
0.698551
0.698496
0.698387
0.668285
0.668413
0.668859
0.669843
0.671302
0.673143
0.675406
0.678213
0.681671
0.685768
0.689764
0.69283
0.69499
0.696443
0.697381
0.697937
0.698215
0.698319
0.698304
0.698206
0.662001
0.662102
0.662571
0.663646
0.665283
0.667393
0.670042
0.673361
0.677465
0.682415
0.687375
0.691301
0.694108
0.69604
0.697337
0.698166
0.698646
0.698857
0.698879
0.698788
0.655056
0.655139
0.655628
0.656825
0.658708
0.661173
0.664302
0.668296
0.673324
0.679415
0.685511
0.690352
0.693879
0.696389
0.698134
0.699276
0.699964
0.700283
0.700344
0.700259
0.647187
0.647263
0.647808
0.649156
0.651338
0.654219
0.657924
0.662684
0.668711
0.676129
0.683663
0.689752
0.69425
0.697492
0.699804
0.701367
0.702324
0.702778
0.702881
0.702798
0.638192
0.638243
0.638863
0.640407
0.642962
0.646396
0.650874
0.656686
0.664093
0.673197
0.682448
0.68994
0.695513
0.699598
0.702579
0.704634
0.70592
0.70653
0.706674
0.706589
0.627656
0.627694
0.628404
0.63021
0.633236
0.637379
0.642836
0.64996
0.659062
0.670255
0.681596
0.690786
0.69768
0.702788
0.706567
0.709219
0.710907
0.711697
0.71188
0.711786
0.614962
0.614996
0.615833
0.617985
0.621647
0.62673
0.633471
0.642292
0.653525
0.66726
0.681149
0.692368
0.700802
0.707117
0.711864
0.715239
0.71739
0.718377
0.718593
0.71848
0.599256
0.599295
0.600344
0.603037
0.607631
0.614051
0.622573
0.633676
0.647682
0.664589
0.681431
0.69495
0.705127
0.71279
0.718584
0.722767
0.725418
0.726602
0.726842
0.726705
0.579343
0.579399
0.580798
0.584342
0.590311
0.598636
0.609612
0.623729
0.641223
0.661951
0.682285
0.698462
0.710615
0.719812
0.726793
0.731861
0.735031
0.7364
0.736655
0.736488
0.553407
0.553509
0.555526
0.560495
0.568665
0.579861
0.594364
0.612568
0.634509
0.659811
0.684098
0.703171
0.71747
0.728323
0.736583
0.742591
0.746268
0.747794
0.74805
0.747852
0.518444
0.5187
0.521966
0.529556
0.541478
0.557135
0.576704
0.600286
0.627673
0.658266
0.686931
0.709153
0.725747
0.738372
0.748033
0.75501
0.759148
0.760779
0.761009
0.760778
0.468741
0.469898
0.476461
0.489435
0.507883
0.530443
0.557017
0.5874
0.621199
0.657694
0.691042
0.716541
0.735515
0.749972
0.761064
0.769028
0.773576
0.775226
0.775395
0.775124
0.395917
0.403426
0.418528
0.44133
0.46946
0.501205
0.536297
0.574506
0.615449
0.65843
0.696933
0.726083
0.747773
0.764396
0.77724
0.786299
0.791321
0.793082
0.793256
0.793025
0.318336
0.334523
0.359035
0.39238
0.430728
0.471825
0.515525
0.561805
0.610393
0.660713
0.705518
0.739443
0.76476
0.784301
0.799465
0.810005
0.815627
0.817499
0.817721
0.817632
0.25198
0.271812
0.304174
0.346496
0.393824
0.443706
0.495778
0.549986
0.606062
0.66348
0.714246
0.752634
0.781335
0.803549
0.820673
0.832253
0.838276
0.840383
0.840644
0.840621
0.197772
0.219784
0.257434
0.306209
0.360593
0.417816
0.477286
0.538758
0.601854
0.665948
0.722308
0.764781
0.79651
0.820873
0.839419
0.852115
0.859025
0.861252
0.861561
0.861596
0.15266
0.175921
0.217365
0.27117
0.331235
0.394532
0.460304
0.528195
0.597668
0.66795
0.729475
0.775654
0.809949
0.836089
0.855785
0.869387
0.876979
0.879534
0.879989
0.880061
0.114017
0.138017
0.182249
0.240147
0.305009
0.3735
0.444727
0.518303
0.593535
0.669489
0.735761
0.785276
0.821768
0.849316
0.869899
0.884135
0.89221
0.895203
0.895843
0.895939
0.0799238
0.104415
0.150827
0.212105
0.281062
0.354077
0.430165
0.508864
0.589366
0.670584
0.741239
0.793754
0.832145
0.860811
0.882124
0.896871
0.905342
0.908666
0.909413
0.9095
0.0489913
0.073883
0.122082
0.18624
0.25872
0.335709
0.416167
0.499566
0.584984
0.671142
0.745939
0.801202
0.841258
0.870863
0.892716
0.907807
0.91652
0.920053
0.920866
0.920939
0.0202975
0.0455936
0.0952814
0.161916
0.237471
0.31798
0.402392
0.490125
0.580165
0.671052
0.749836
0.807742
0.849352
0.879819
0.902123
0.917457
0.926312
0.929967
0.930801
0.930829
-0.00689967
0.0188552
0.0699121
0.138705
0.216931
0.300575
0.38858
0.480319
0.574724
0.670184
0.752901
0.81344
0.856608
0.887952
0.910708
0.92626
0.935193
0.938884
0.93975
0.939749
-0.0329486
-0.00675387
0.0455403
0.11625
0.196839
0.283288
0.374557
0.470003
0.568524
0.668431
0.755095
0.818349
0.863183
0.895471
0.918716
0.934472
0.943422
0.947046
0.947892
0.947888
-0.0582601
-0.0315112
0.0219209
0.0943281
0.177004
0.26597
0.360215
0.459081
0.561477
0.665707
0.756386
0.822537
0.869197
0.902555
0.92635
0.942316
0.951278
0.954835
0.955573
0.955511
-0.0829548
-0.0556257
-0.0011182
0.0728076
0.157329
0.24855
0.345495
0.447509
0.553539
0.661966
0.75675
0.826022
0.874739
0.909313
0.933741
0.949925
0.958836
0.962254
0.962883
0.962751
-0.107152
-0.0792241
-0.023686
0.0516201
0.13778
0.231012
0.33039
0.435274
0.544691
0.657166
0.756123
0.828782
0.879837
0.915827
0.94096
0.957333
0.966102
0.969298
0.969783
0.969598
-0.130931
-0.102366
-0.0458071
0.0307446
0.118347
0.213374
0.314931
0.422411
0.534944
0.651271
0.754424
0.830732
0.884491
0.922169
0.948087
0.964581
0.973086
0.97596
0.976293
0.976067
-0.154332
-0.125044
-0.0674878
0.0101882
0.0990744
0.195682
0.299175
0.40897
0.52433
0.644255
0.75157
0.831763
0.888658
0.928417
0.95526
0.971731
0.979747
0.982187
0.982352
0.982098
-0.177181
-0.147216
-0.0887065
-0.0100202
0.0800097
0.178013
0.283193
0.395034
0.512912
0.636142
0.747489
0.831756
0.892212
0.934611
0.962698
0.97899
0.986138
0.987928
0.987898
0.987634
-0.199438
-0.168828
-0.109423
-0.0298197
0.0612193
0.160435
0.267084
0.38069
0.500779
0.626965
0.742139
0.830559
0.894956
0.94068
0.970684
0.986847
0.99255
0.993198
0.992873
0.992642
-0.221154
-0.189837
-0.129599
-0.0491644
0.0427731
0.143038
0.250945
0.366049
0.488032
0.616797
0.735475
0.828033
0.896631
0.946339
0.979361
0.996151
1.00001
0.998464
0.997282
0.99724
-0.242152
-0.210209
-0.149172
-0.0679821
0.0247366
0.125913
0.234879
0.351229
0.474796
0.605748
0.72749
0.824044
0.896954
0.951057
0.988358
1.00765
1.01076
1.00621
1.00202
1.00006
-0.262523
-0.229935
-0.168143
-0.0863012
0.00707673
0.109014
0.218831
0.336166
0.460994
0.593746
0.718036
0.818325
0.895623
0.954175
0.996585
1.02093
1.02667
1.02134
1.00976
1.00801
-0.282171
-0.249086
-0.186646
-0.104318
-0.0105102
0.0919886
0.202367
0.320349
0.44605
0.58012
0.706404
0.810037
0.891998
0.954715
1.00166
1.03223
1.04197
1.03355
1.01576
1.0101
-0.300948
-0.267617
-0.2045
-0.121825
-0.0277712
0.0751481
0.18571
0.304117
0.430281
0.565152
0.692726
0.79871
0.885486
0.95158
0.998816
1.02904
1.04296
1.02191
0.962542
0.935875
-0.318725
-0.286288
-0.221302
-0.138298
-0.0440251
0.0589819
0.169131
0.287745
0.413974
0.54903
0.677103
0.783915
0.875321
0.944252
0.983852
1.00708
1.00513
0.958792
0.896956
0.858728
-0.363165
-0.304255
-0.236992
-0.154306
-0.0600506
0.0425757
0.152763
0.271117
0.396935
0.531436
0.659197
0.76526
0.858241
0.931692
0.956849
0.954966
0.919006
0.860476
0.793465
0.75649
-0.33834
-0.320099
-0.260587
-0.178081
-0.0843537
0.0179906
0.127417
0.244974
0.369635
0.502321
0.627945
0.731115
0.815614
0.893108
0.886419
0.790205
0.707096
0.649219
0.58784
0.618215
-0.370411
-0.338542
-0.278231
-0.196237
-0.102596
-0.000621872
0.108886
0.225724
0.349248
0.479977
0.602743
0.702179
0.777255
0.819465
0.777576
0.647801
0.545313
0.476223
0.396569
0.445845
-0.395477
-0.361083
-0.298905
-0.216722
-0.123149
-0.0212853
0.088067
0.204048
0.326121
0.454324
0.573228
0.66694
0.730392
0.737453
0.640341
0.491725
0.367777
0.279337
0.185698
0.220756
-0.419973
-0.384413
-0.320756
-0.237882
-0.144173
-0.0424392
0.0664012
0.181373
0.301788
0.427108
0.541295
0.628398
0.675464
0.650907
0.500927
0.32893
0.172708
0.041356
-0.0814251
-0.0645016
-0.444235
-0.408197
-0.343561
-0.260065
-0.166136
-0.0645845
0.0436138
0.157449
0.275948
0.398026
0.506831
0.586769
0.614326
0.549253
0.36434
0.170689
-0.0142743
-0.166576
-0.372741
-0.452563
-0.468942
-0.432902
-0.367655
-0.283674
-0.1895
-0.0880725
0.0195562
0.132238
0.248724
0.367345
0.470447
0.541454
0.546474
0.429148
0.239897
0.0327875
-0.158071
-0.319174
-0.44319
-0.566839
-0.495172
-0.459011
-0.393397
-0.309105
-0.214812
-0.113597
-0.00662975
0.104732
0.218879
0.333523
0.430465
0.490077
0.468992
0.314062
0.123198
-0.07788
-0.251921
-0.348573
-0.374666
-0.388546
-0.523071
-0.48681
-0.42092
-0.336466
-0.242227
-0.141383
-0.0353177
0.0744162
0.185793
0.295746
0.386033
0.429764
0.389133
0.203715
0.0143739
-0.166616
-0.297643
-0.335186
-0.34445
-0.344653
-0.552925
-0.516425
-0.450263
-0.36574
-0.271691
-0.171435
-0.0665251
0.0412366
0.1494
0.253956
0.336582
0.364647
0.295309
0.102193
-0.0807215
-0.237859
-0.311255
-0.325167
-0.326589
-0.326511
-0.584742
-0.547898
-0.481438
-0.396916
-0.303211
-0.203736
-0.100252
0.0051756
0.1097
0.20826
0.28181
0.296274
0.187987
0.00883829
-0.163426
-0.287802
-0.315968
-0.31661
-0.31719
-0.316858
-0.618262
-0.581044
-0.514326
-0.429902
-0.336689
-0.238221
-0.136456
-0.0337334
0.0667175
0.158802
0.222661
0.217826
0.0898761
-0.0794014
-0.230046
-0.299475
-0.314599
-0.312606
-0.312024
-0.311509
-0.652901
-0.615509
-0.548653
-0.46445
-0.371915
-0.274711
-0.174965
-0.0753363
0.0206319
0.105978
0.159768
0.137745
-0.00290173
-0.159706
-0.27651
-0.308859
-0.3093
-0.311449
-0.311439
-0.31076
-0.688227
-0.650752
-0.583928
-0.500123
-0.408506
-0.312853
-0.215467
-0.119302
-0.0282869
0.0506569
0.0916849
0.0590494
-0.0900701
-0.228582
-0.311838
-0.315775
-0.313632
-0.310244
-0.308555
-0.30821
-0.723195
-0.685861
-0.619383
-0.536248
-0.445869
-0.352122
-0.257461
-0.165085
-0.0795541
-0.00643162
0.0223981
-0.0215485
-0.169985
-0.289614
-0.338675
-0.342142
-0.321198
-0.305495
-0.300573
-0.299744
-0.756104
-0.719568
-0.653975
-0.571905
-0.483165
-0.391744
-0.300207
-0.211941
-0.13216
-0.0651789
-0.0417864
-0.108759
-0.244137
-0.351989
-0.366643
-0.351394
-0.339547
-0.32862
-0.318731
-0.314175
-0.785784
-0.750377
-0.686301
-0.605869
-0.519271
-0.430669
-0.342714
-0.258948
-0.18455
-0.125267
-0.101818
-0.185892
-0.313476
-0.415048
-0.43923
-0.404704
-0.390311
-0.386346
-0.37971
-0.375652
-0.80962
-0.776205
-0.714607
-0.636582
-0.552823
-0.467548
-0.383725
-0.304799
-0.235575
-0.184164
-0.161777
-0.237872
-0.363542
-0.444645
-0.466005
-0.469195
-0.464554
-0.466651
-0.464615
-0.460984
-0.825593
-0.794963
-0.73683
-0.662256
-0.582233
-0.500862
-0.421626
-0.347764
-0.284842
-0.237583
-0.219588
-0.2746
-0.359891
-0.453894
-0.504968
-0.550631
-0.588162
-0.594139
-0.587539
-0.585765
-0.831038
-0.804292
-0.750905
-0.68099
-0.605669
-0.529153
-0.454495
-0.386191
-0.329601
-0.286335
-0.266253
-0.334319
-0.335239
-0.314681
-0.402597
-0.581352
-0.664478
-0.663326
-0.662257
-0.662726
-0.824012
-0.801944
-0.754765
-0.69095
-0.621388
-0.550734
-0.48105
-0.417804
-0.365712
-0.335476
-0.310032
-0.437767
-0.434283
-0.280688
-0.384602
-0.619636
-0.728854
-0.726421
-0.726606
-0.726583
-0.801626
-0.785014
-0.7465
-0.690881
-0.628283
-0.563796
-0.500241
-0.440329
-0.393337
-0.369924
-0.382943
-0.574754
-0.817669
-0.985504
-1.13462
-1.21895
-1.08402
-0.900829
-0.826643
-0.833264
-0.766784
-0.755808
-0.726772
-0.680936
-0.626071
-0.567884
-0.509443
-0.453985
-0.408848
-0.386552
-0.421747
-0.687878
-1.18028
-1.71339
-1.94711
-2.02813
-1.87688
-1.61217
-1.37326
-1.29202
-0.725136
-0.718862
-0.699865
-0.663527
-0.616421
-0.563447
-0.508322
-0.455128
-0.410745
-0.385007
-0.421123
-0.615994
-0.990408
-1.45348
-1.62617
-1.60508
-1.50378
-1.3701
-1.22471
-1.14012
-0.68522
-0.681731
-0.671247
-0.643757
-0.602224
-0.552394
-0.498576
-0.442166
-0.387962
-0.35584
-0.338396
-0.370803
-0.357724
-0.336929
-0.31427
-0.31947
-0.24708
-0.165276
-0.0970578
-0.0524967
-0.653477
-0.651477
-0.646215
-0.626166
-0.588612
-0.538349
-0.48058
-0.418412
-0.348341
-0.272116
-0.20203
-0.0759973
0.152736
0.449518
0.751365
1.05228
1.32329
1.47149
1.54993
1.58225
-0.627195
-0.626419
-0.62503
-0.612815
-0.578699
-0.526214
-0.461289
-0.385771
-0.303885
-0.19719
-0.0898233
0.0933533
0.442177
0.870594
1.36428
1.79287
2.07142
2.25065
2.35941
2.39757
-0.609313
-0.608851
-0.608816
-0.602416
-0.572629
-0.516971
-0.445067
-0.357917
-0.262955
-0.155513
-0.0213606
0.0959378
0.436793
0.85251
1.31991
1.75644
2.10803
2.34555
2.46254
2.49614
-0.596405
-0.595444
-0.595193
-0.593773
-0.569552
-0.511325
-0.43075
-0.340586
-0.235934
-0.128632
-0.00469887
0.110767
0.277975
0.694239
1.12718
1.53009
1.83699
2.03026
2.11992
2.14528
-0.593155
-0.59159
-0.592107
-0.593089
-0.570444
-0.505839
-0.416363
-0.32147
-0.220972
-0.109348
0.000471102
0.128898
0.249099
0.512508
0.886351
1.20453
1.44143
1.58206
1.64076
1.65638
-0.597029
-0.598181
-0.60319
-0.60366
-0.571867
-0.492504
-0.395059
-0.29822
-0.201723
-0.0987616
0.00416689
0.107029
0.209842
0.361196
0.612133
0.849984
1.02806
1.13149
1.17614
1.18577
-0.574063
-0.58063
-0.589195
-0.5852
-0.541627
-0.453805
-0.357408
-0.266824
-0.178203
-0.0887308
-0.00339571
0.0717604
0.143015
0.253697
0.429601
0.583412
0.693839
0.758946
0.785352
0.790557
-0.472754
-0.479978
-0.488156
-0.482462
-0.442395
-0.370856
-0.296576
-0.222555
-0.152034
-0.0806357
-0.0173199
0.0393728
0.0747107
0.137323
0.262468
0.368467
0.441787
0.482025
0.497792
0.499712
-0.299129
-0.304493
-0.311016
-0.309961
-0.289888
-0.254571
-0.213617
-0.16738
-0.119066
-0.0677712
-0.0267332
0.00614093
0.0261797
0.0569655
0.13849
0.209873
0.258348
0.283503
0.293017
0.29324
-0.123504
-0.126126
-0.131438
-0.138156
-0.14124
-0.139209
-0.128754
-0.110722
-0.084928
-0.0521581
-0.0287573
-0.0135992
-0.00334577
0.0226705
0.0757427
0.116046
0.142471
0.155319
0.159857
0.159251
-0.00538203
-0.00675431
-0.0118901
-0.0238243
-0.0405557
-0.0550854
-0.0627764
-0.0626393
-0.053051
-0.0356207
-0.0219686
-0.0182062
-0.0149982
0.00837843
0.0482207
0.0701766
0.0800793
0.0834055
0.083672
0.0828021
0.0512885
0.0503756
0.0458991
0.0341235
0.0158622
-0.00315552
-0.0178956
-0.0265386
-0.0263655
-0.019472
-0.0111342
-0.0111625
-0.0121522
0.00460025
0.0316323
0.0428816
0.0483102
0.0497689
0.0496937
0.0489387
0.0692441
0.0685667
0.0651967
0.0560414
0.0410836
0.0242655
0.00937161
-0.00112132
-0.00627569
-0.00381492
0.00159317
0.00485156
0.00928362
0.0227498
0.035804
0.0394625
0.0413477
0.0417784
0.0416963
0.0408712
0.0688181
0.0683232
0.0660265
0.0598097
0.0492859
0.0364718
0.0242394
0.0145422
0.00839647
0.00856317
0.0162639
0.0239257
0.0367079
0.04451
0.0491723
0.0486671
0.0483884
0.0479132
0.0475411
0.0466668
0.0616006
0.0612428
0.0597743
0.0559031
0.049032
0.0402829
0.0309867
0.0231829
0.0178514
0.0181441
0.0274995
0.0404926
0.0597901
0.0651063
0.0613835
0.0588995
0.0589568
0.0600916
0.0602255
0.0590095
0.0530864
0.0528088
0.051879
0.049593
0.045386
0.0398151
0.0331987
0.0276704
0.0229104
0.0229064
0.0298379
0.0444219
0.0652954
0.0656681
0.0608751
0.060924
0.0636812
0.0660134
0.0671674
0.0659162
0.0456844
0.0454439
0.0448137
0.0434619
0.0409984
0.0374157
0.0332097
0.0286863
0.0244258
0.0224791
0.0236494
0.0315468
0.0458279
0.0439728
0.0425182
0.0468293
0.0539996
0.0592034
0.0605136
0.0591165
0.0402272
0.0400254
0.0395719
0.0387186
0.0372255
0.0348881
0.0319186
0.0282487
0.0240312
0.0186857
0.0103565
0.00482327
0.00168114
-0.000308488
0.00857629
0.0200495
0.0305591
0.0361944
0.0371045
0.0358463
0.0364826
0.036318
0.0359721
0.035343
0.0343903
0.0328557
0.0307883
0.0277477
0.0237889
0.0143934
-0.000325041
-0.0252308
-0.0497348
-0.0505329
-0.0297399
-0.0108644
0.000176837
0.00415059
0.00484046
0.00440091
0.0338532
0.0337259
0.0334616
0.0329154
0.0321673
0.031236
0.0298424
0.0274648
0.0240117
0.0151976
-0.000867121
-0.0329596
-0.0671801
-0.0626125
-0.038136
-0.0214308
-0.014788
-0.0135882
-0.0131458
-0.0129098
0.0317249
0.031631
0.0314788
0.03109
0.0306526
0.0300572
0.0293603
0.0284991
0.0262688
0.0213586
0.012287
-0.00703312
-0.0284835
-0.0205771
-0.00734136
-0.00143166
-0.00107094
-0.00230949
-0.00227481
-0.00238176
0.0296273
0.0295883
0.0295818
0.0294037
0.0291664
0.0288657
0.0292372
0.0297694
0.0305716
0.0318873
0.0342733
0.0377709
0.0357115
0.0415577
0.0404575
0.0351131
0.0294581
0.0271061
0.0265128
0.0264867
0.0266633
0.0266546
0.0267621
0.0268758
0.0269274
0.0274567
0.0284416
0.0308753
0.0346387
0.0422805
0.0563943
0.0842296
0.102248
0.104712
0.0912155
0.0766496
0.0694173
0.0667535
0.065424
0.064808
0.0222343
0.0222408
0.0224859
0.0229577
0.0234892
0.024376
0.0261411
0.0290489
0.0351633
0.0470692
0.0712922
0.117856
0.160342
0.154114
0.125205
0.106005
0.0993804
0.0969657
0.0950035
0.0943079
0.0163449
0.0163477
0.0166421
0.0171963
0.0182676
0.0196315
0.0214361
0.0245663
0.0297466
0.0421672
0.0690324
0.115223
0.156022
0.146515
0.123991
0.115073
0.111643
0.110908
0.108082
0.106692
0.00937003
0.00928467
0.00942961
0.0100136
0.0107063
0.0115304
0.0133306
0.0163383
0.0197194
0.0269115
0.0492276
0.0807863
0.106939
0.100217
0.0867661
0.0860771
0.0895413
0.0909127
0.0876707
0.0853718
0.00223401
0.00208733
0.00186085
0.00160326
0.00135287
0.00145611
0.00219942
0.00322039
0.00401784
0.00367896
0.00686364
0.0127324
0.018312
0.0229313
0.0264812
0.0305572
0.0218722
0.0146071
0.0155645
0.0160456
0.0720271
0.264732
0.442607
0.593835
0.7167
0.815477
0.898558
0.965855
0.983171
0.979178
0.371317
0.495982
0.613079
0.715482
0.80242
0.874755
0.931905
0.970518
0.991102
1.0075
0.575027
0.658223
0.740687
0.813546
0.876028
0.927952
0.968796
0.999769
1.02287
1.0421
0.725019
0.783552
0.843393
0.897284
0.943847
0.983369
1.0164
1.04396
1.06466
1.08359
0.843412
0.88809
0.933061
0.974618
1.01153
1.04407
1.07245
1.09643
1.11464
1.13271
0.944607
0.980768
1.01635
1.05076
1.08242
1.11102
1.13624
1.15735
1.17331
1.19081
1.03359
1.06621
1.09883
1.13033
1.15965
1.18628
1.20962
1.22873
1.24277
1.25981
1.12128
1.15412
1.18681
1.21822
1.24718
1.27314
1.29542
1.31307
1.32555
1.3421
1.21609
1.2526
1.28751
1.32012
1.34943
1.37491
1.39614
1.41251
1.4242
1.44036
1.32934
1.3699
1.40705
1.44017
1.46877
1.49286
1.51256
1.5279
1.53984
1.55593
1.47074
1.51196
1.5473
1.57698
1.60226
1.62393
1.64248
1.658
1.67115
1.6871
1.64247
1.67508
1.70194
1.72427
1.74439
1.76314
1.7809
1.79769
1.81262
1.82836
1.82895
1.84626
1.86341
1.8801
1.89621
1.91096
1.92488
1.93937
1.95462
1.97192
2.01234
2.02236
2.03558
2.04658
2.05598
2.06565
2.07627
2.08646
2.09576
2.12143
2.23031
2.22461
2.21167
2.19741
2.19112
2.19684
2.21499
2.24352
2.27728
2.31361
2.53312
2.39716
2.31767
2.27518
2.25787
2.26184
2.28927
2.34714
2.45481
2.63321
0.822364
0.816059
0.808323
0.797199
0.783615
0.770947
0.760521
0.752467
0.746692
0.743287
0.742841
0.74558
0.750737
0.758039
0.767549
0.779352
0.792896
0.805812
0.814792
0.822328
0.731453
0.73737
0.745438
0.75156
0.754615
0.754084
0.75097
0.746933
0.743283
0.740918
0.740686
0.742841
0.746515
0.750902
0.754961
0.757175
0.756079
0.751426
0.74436
0.73652
0.724746
0.727117
0.730377
0.733138
0.735571
0.737738
0.738885
0.738691
0.737688
0.736789
0.736895
0.738206
0.739906
0.741069
0.740943
0.739438
0.737253
0.734871
0.731874
0.72885
0.720013
0.721101
0.72301
0.725335
0.727189
0.728562
0.729743
0.730683
0.731206
0.731483
0.731916
0.732543
0.732917
0.732723
0.732033
0.731064
0.729698
0.727701
0.725574
0.72409
0.715064
0.715698
0.71682
0.718563
0.720385
0.721948
0.723156
0.724158
0.725052
0.725827
0.72647
0.726862
0.726891
0.726593
0.725984
0.724953
0.723481
0.721836
0.720476
0.719668
0.710237
0.710676
0.711458
0.712748
0.714247
0.715776
0.717203
0.718428
0.71948
0.720433
0.721222
0.721659
0.721702
0.721355
0.720603
0.719532
0.718319
0.71713
0.716198
0.715658
0.705525
0.705853
0.70646
0.707516
0.708788
0.710153
0.711577
0.71297
0.714253
0.715404
0.716356
0.716898
0.716948
0.71656
0.715849
0.714969
0.714046
0.713132
0.712435
0.712038
0.700908
0.701162
0.701651
0.702549
0.703698
0.70497
0.706337
0.707783
0.709241
0.710627
0.71179
0.71246
0.712581
0.712295
0.711758
0.711084
0.71035
0.709644
0.70912
0.708815
0.696324
0.696526
0.696933
0.697724
0.698799
0.700024
0.701375
0.702859
0.704443
0.70605
0.707463
0.708339
0.70864
0.708547
0.708208
0.707721
0.707158
0.706619
0.706225
0.705985
0.691696
0.691857
0.692206
0.692925
0.693952
0.695154
0.696521
0.698066
0.699773
0.701581
0.703284
0.704474
0.70506
0.705216
0.705092
0.704797
0.704413
0.704026
0.703738
0.703546
0.686946
0.687075
0.68738
0.688056
0.689069
0.690292
0.691715
0.693358
0.695241
0.697329
0.699396
0.700952
0.701862
0.702306
0.702421
0.702319
0.702101
0.70185
0.701652
0.701499
0.682007
0.682111
0.682388
0.683046
0.684078
0.685369
0.686902
0.688721
0.690849
0.693275
0.695784
0.697811
0.699108
0.699856
0.70022
0.700324
0.700272
0.700147
0.700023
0.6999
0.676796
0.676876
0.677135
0.677802
0.678893
0.680294
0.681992
0.684059
0.686536
0.689437
0.692512
0.695063
0.696787
0.697872
0.698511
0.69884
0.698955
0.698955
0.698897
0.6988
0.671232
0.67129
0.67154
0.672236
0.67342
0.674973
0.676877
0.679225
0.682114
0.685568
0.689332
0.69256
0.69483
0.696357
0.697337
0.697925
0.698221
0.698344
0.698351
0.698278
0.665216
0.665253
0.665501
0.666239
0.667537
0.669279
0.671463
0.674192
0.677583
0.681723
0.68633
0.690387
0.693335
0.695396
0.696756
0.697635
0.69818
0.698447
0.69852
0.698465
0.658628
0.658636
0.65888
0.659686
0.661151
0.663157
0.66571
0.668953
0.673033
0.678046
0.683699
0.688761
0.692488
0.695126
0.696947
0.698156
0.698952
0.699369
0.699509
0.699473
0.651247
0.651248
0.651511
0.652401
0.654062
0.656389
0.65939
0.663244
0.668166
0.674304
0.68125
0.687479
0.692144
0.695532
0.697921
0.699572
0.70067
0.701261
0.701476
0.701457
0.642843
0.642814
0.643105
0.644114
0.646037
0.648757
0.652318
0.656943
0.662868
0.67029
0.678811
0.686588
0.692441
0.696728
0.699821
0.702029
0.703501
0.704311
0.704609
0.704605
0.63313
0.63308
0.633415
0.634585
0.636817
0.640055
0.644367
0.650025
0.657338
0.666524
0.676986
0.686455
0.693634
0.698954
0.702849
0.705693
0.707622
0.708694
0.709085
0.70909
0.621573
0.621503
0.621906
0.623284
0.625924
0.629825
0.635082
0.642016
0.650982
0.662228
0.675068
0.686713
0.695559
0.702155
0.707052
0.710676
0.713169
0.714548
0.715037
0.715042
0.60745
0.607363
0.607888
0.609581
0.612794
0.617627
0.624196
0.632878
0.644075
0.658
0.673708
0.687824
0.698518
0.706552
0.712604
0.717099
0.720217
0.72193
0.722513
0.722512
0.58975
0.589652
0.590385
0.592573
0.596644
0.602815
0.611207
0.622232
0.636292
0.653524
0.672669
0.689695
0.702538
0.712202
0.719534
0.725021
0.728826
0.730879
0.731547
0.731532
0.567
0.566908
0.567988
0.570961
0.576379
0.584552
0.595584
0.609853
0.627669
0.649002
0.672197
0.692503
0.707736
0.719202
0.727937
0.734503
0.739034
0.741415
0.742154
0.74212
0.536865
0.536826
0.538526
0.54288
0.550596
0.561985
0.576936
0.595711
0.61838
0.644687
0.672525
0.696454
0.714261
0.727671
0.737917
0.745644
0.750895
0.753564
0.754346
0.754284
0.495256
0.495426
0.498493
0.505713
0.517693
0.534353
0.555147
0.580004
0.608728
0.64083
0.673826
0.701651
0.722191
0.737645
0.749514
0.758462
0.76439
0.76726
0.76803
0.767931
0.434602
0.435941
0.443395
0.457128
0.476863
0.501881
0.530886
0.563467
0.599327
0.637908
0.676406
0.70826
0.73158
0.749108
0.762555
0.772689
0.779265
0.782194
0.782855
0.782718
0.361615
0.364332
0.378789
0.402536
0.432954
0.467802
0.505728
0.546561
0.590133
0.635976
0.681041
0.718089
0.745238
0.765775
0.781581
0.793346
0.80075
0.803985
0.804789
0.804786
0.286902
0.293956
0.315613
0.349275
0.389963
0.434422
0.481267
0.530435
0.581832
0.635081
0.686929
0.729404
0.760544
0.784234
0.802662
0.816237
0.824506
0.827685
0.828384
0.828502
0.226263
0.235052
0.261377
0.30208
0.350753
0.403309
0.458177
0.515156
0.574022
0.634366
0.692626
0.740154
0.775009
0.801499
0.821975
0.836841
0.845609
0.849241
0.850445
0.850656
0.176453
0.185933
0.215695
0.261573
0.316331
0.375396
0.437026
0.500854
0.566519
0.633438
0.697707
0.749893
0.788035
0.816906
0.83898
0.855019
0.864691
0.869056
0.870476
0.870711
0.134513
0.144258
0.176341
0.226259
0.286002
0.350499
0.417851
0.487625
0.559357
0.632292
0.702077
0.758549
0.799571
0.830384
0.85374
0.870655
0.881163
0.886031
0.887655
0.887929
0.0980097
0.107864
0.141684
0.194836
0.258745
0.327909
0.400251
0.475301
0.552485
0.630919
0.705812
0.766162
0.809757
0.842166
0.866529
0.884116
0.895277
0.90058
0.902371
0.902661
0.0653999
0.0752808
0.110455
0.166279
0.233724
0.30692
0.38369
0.463504
0.545697
0.629245
0.708909
0.772844
0.818699
0.852461
0.877622
0.895778
0.907328
0.913014
0.914892
0.91518
0.0355241
0.0454325
0.0816784
0.139807
0.210289
0.287011
0.367726
0.451884
0.538734
0.627102
0.711313
0.778653
0.826585
0.861552
0.887358
0.905882
0.917693
0.923571
0.925529
0.925827
0.00751826
0.0174827
0.0547328
0.114849
0.187953
0.267771
0.352031
0.440166
0.531355
0.624325
0.712944
0.783611
0.833578
0.869708
0.89614
0.915008
0.926971
0.932968
0.934903
0.935167
-0.0191375
-0.00908789
0.029078
0.0909598
0.166365
0.248916
0.336372
0.428151
0.523396
0.62076
0.713722
0.787734
0.83978
0.877124
0.904217
0.923423
0.935534
0.94152
0.943447
0.943616
-0.0448766
-0.0346589
0.00437132
0.0678346
0.145262
0.230248
0.320592
0.415713
0.514741
0.616307
0.713567
0.791031
0.845305
0.88398
0.911812
0.93136
0.943582
0.949525
0.951383
0.951547
-0.069963
-0.0594903
-0.0196152
0.0452831
0.124494
0.211639
0.304598
0.402779
0.505319
0.6109
0.712436
0.793512
0.850224
0.890402
0.919075
0.939014
0.95134
0.957213
0.95895
0.959061
-0.09447
-0.0837384
-0.0430386
0.0231767
0.103978
0.193047
0.288353
0.389317
0.495108
0.604493
0.710277
0.795156
0.854572
0.896468
0.926104
0.946467
0.95884
0.964554
0.966135
0.966172
-0.118528
-0.107502
-0.0659982
0.00147268
0.0836825
0.174458
0.271866
0.375343
0.484113
0.597078
0.707029
0.795888
0.858322
0.902228
0.932979
0.953767
0.966111
0.971583
0.972943
0.972893
-0.142147
-0.13081
-0.0884699
-0.0198483
0.0636142
0.155901
0.255182
0.360903
0.472368
0.588645
0.702636
0.795604
0.861408
0.907715
0.9398
0.961001
0.973142
0.978208
0.979309
0.979188
-0.165354
-0.15365
-0.110455
-0.0407752
0.0438059
0.137428
0.23836
0.34607
0.459936
0.579222
0.697056
0.794202
0.863718
0.912914
0.946706
0.968329
0.980004
0.984425
0.985193
0.985003
-0.187915
-0.175952
-0.131919
-0.0612698
0.0243174
0.119121
0.221477
0.330924
0.446899
0.568874
0.690271
0.791589
0.865089
0.917718
0.953834
0.976089
0.986939
0.990262
0.990531
0.990281
-0.209978
-0.197654
-0.152815
-0.081289
0.00519271
0.10103
0.204634
0.315557
0.433355
0.557693
0.682297
0.787661
0.865325
0.921888
0.96119
0.984782
0.994644
0.99608
0.995336
0.994994
-0.231351
-0.21871
-0.173117
-0.100774
-0.0134796
0.083247
0.187923
0.3001
0.419423
0.545761
0.673177
0.782332
0.864231
0.92506
0.968454
0.9948
1.0045
1.00342
1.00026
0.999254
-0.252119
-0.23913
-0.192757
-0.119662
-0.0316553
0.0658466
0.171435
0.284641
0.405219
0.533223
0.662995
0.775525
0.861624
0.9268
0.974829
1.0057
1.01776
1.0158
1.00882
0.998699
-0.272159
-0.258903
-0.211829
-0.13812
-0.0495627
0.048529
0.154812
0.26875
0.390262
0.519538
0.651187
0.766599
0.856948
0.926609
0.979259
1.01595
1.0337
1.03367
1.02315
1.01915
-0.291422
-0.278104
-0.230316
-0.156075
-0.067174
0.0313191
0.138093
0.252414
0.374528
0.504597
0.6376
0.755147
0.849566
0.923704
0.979437
1.01995
1.04109
1.04609
1.01288
0.972926
-0.30966
-0.296588
-0.248157
-0.173401
-0.0844601
0.0141983
0.121295
0.235772
0.358099
0.488457
0.622197
0.740927
0.838562
0.917464
0.973522
1.00757
1.02917
1.01704
0.965606
0.909212
-0.329601
-0.313079
-0.265011
-0.189627
-0.101231
-0.00257112
0.104088
0.218879
0.341074
0.471241
0.604939
0.723779
0.822426
0.908595
0.960245
0.994185
0.980764
0.942659
0.880812
0.82127
-0.319657
-0.295803
-0.245046
-0.164939
-0.071209
0.0314295
0.1436
0.261728
0.387213
0.521228
0.648583
0.754113
0.845542
0.932418
0.967727
0.909774
0.870271
0.81493
0.751319
0.710466
-0.334176
-0.326491
-0.286193
-0.215623
-0.127465
-0.0292257
0.077626
0.192018
0.313524
0.442544
0.574587
0.691738
0.786187
0.872224
0.93496
0.928033
0.831716
0.761162
0.70757
0.635973
-0.356398
-0.345718
-0.302013
-0.230197
-0.14158
-0.0437034
0.0619615
0.175355
0.295882
0.423449
0.553617
0.668862
0.759338
0.832638
0.858538
0.786622
0.669425
0.593486
0.533083
0.460042
-0.380725
-0.368787
-0.32195
-0.249124
-0.160498
-0.062527
0.0431282
0.156247
0.275853
0.401882
0.529119
0.640079
0.722826
0.776306
0.757133
0.638177
0.510259
0.41898
0.34507
0.238377
-0.404917
-0.392898
-0.344205
-0.270175
-0.181373
-0.0834163
0.0221182
0.134647
0.253105
0.377182
0.500906
0.606584
0.680887
0.710863
0.653215
0.489045
0.336143
0.215453
0.115572
-0.022029
-0.429049
-0.417029
-0.367153
-0.292059
-0.202814
-0.104882
0.000285066
0.11195
0.229006
0.350752
0.470498
0.570235
0.635013
0.632545
0.522256
0.340744
0.158049
-0.003997
-0.142598
-0.391655
-0.453536
-0.441634
-0.391029
-0.3152
-0.225539
-0.127563
-0.022775
0.0880031
0.20353
0.322688
0.438082
0.530969
0.583607
0.549526
0.393772
0.200561
0.000422258
-0.175525
-0.34343
-0.611212
-0.478968
-0.467183
-0.416197
-0.339855
-0.249859
-0.151832
-0.047385
0.0625286
0.176463
0.292825
0.403621
0.488813
0.525839
0.4687
0.274604
0.0762336
-0.12217
-0.290656
-0.375597
-0.425069
-0.50604
-0.494314
-0.443022
-0.366355
-0.276216
-0.178299
-0.0743535
0.0344574
0.146456
0.259481
0.365028
0.441372
0.459988
0.360742
0.162991
-0.03295
-0.207846
-0.31883
-0.354458
-0.360539
-0.534943
-0.523217
-0.471611
-0.394711
-0.304559
-0.206925
-0.1037
0.00373241
0.113407
0.222538
0.321967
0.388909
0.379533
0.249326
0.0588923
-0.123843
-0.270298
-0.321658
-0.331455
-0.334031
-0.565828
-0.554013
-0.502025
-0.424929
-0.33488
-0.237708
-0.135429
-0.0296899
0.0772683
0.182024
0.274346
0.331476
0.296707
0.143201
-0.0344016
-0.20409
-0.298331
-0.320483
-0.321001
-0.321371
-0.598565
-0.586637
-0.534227
-0.456972
-0.367135
-0.270598
-0.16952
-0.065791
0.0380459
0.137963
0.22253
0.266484
0.220667
0.0445111
-0.118356
-0.26119
-0.311148
-0.313776
-0.314119
-0.314033
-0.632776
-0.620768
-0.56798
-0.490663
-0.401176
-0.305475
-0.205867
-0.104477
-0.00419426
0.090531
0.166801
0.198072
0.136496
-0.0436721
-0.194175
-0.289413
-0.310689
-0.311314
-0.311676
-0.311047
-0.667993
-0.655943
-0.602888
-0.525646
-0.436684
-0.342061
-0.244213
-0.14551
-0.0492183
0.0400926
0.107523
0.126421
0.0406084
-0.124442
-0.25748
-0.299411
-0.309189
-0.311262
-0.311414
-0.31069
-0.703461
-0.691455
-0.638303
-0.561334
-0.473146
-0.379899
-0.284158
-0.188491
-0.0965902
-0.0130012
0.0463738
0.0469252
-0.0512305
-0.19693
-0.3039
-0.336497
-0.324229
-0.312101
-0.305571
-0.304536
-0.738022
-0.726186
-0.673256
-0.596874
-0.509808
-0.418311
-0.325063
-0.232807
-0.145547
-0.0684135
-0.0140595
-0.0319162
-0.137565
-0.267203
-0.345549
-0.350997
-0.335229
-0.317287
-0.306374
-0.30182
-0.769868
-0.758508
-0.706433
-0.631132
-0.545656
-0.456357
-0.366066
-0.277608
-0.19512
-0.125055
-0.0740746
-0.102578
-0.219227
-0.334899
-0.398542
-0.379376
-0.368127
-0.361019
-0.351347
-0.343165
-0.797482
-0.786839
-0.736212
-0.662619
-0.579385
-0.492811
-0.406006
-0.321748
-0.244337
-0.180566
-0.13585
-0.160123
-0.285153
-0.392793
-0.455165
-0.454059
-0.424876
-0.418825
-0.417489
-0.414201
-0.818328
-0.808623
-0.760478
-0.689515
-0.609421
-0.526249
-0.443383
-0.363827
-0.291965
-0.233012
-0.196183
-0.210359
-0.313065
-0.418167
-0.468299
-0.497281
-0.518563
-0.532086
-0.53087
-0.523053
-0.830284
-0.821529
-0.776933
-0.709873
-0.633943
-0.555102
-0.476548
-0.402173
-0.33576
-0.282968
-0.248394
-0.264383
-0.32438
-0.367715
-0.448603
-0.525182
-0.615579
-0.636003
-0.632559
-0.627474
-0.829795
-0.822275
-0.783694
-0.72173
-0.651047
-0.577599
-0.504176
-0.434549
-0.373604
-0.329183
-0.294418
-0.333342
-0.386537
-0.283195
-0.250428
-0.473333
-0.67038
-0.704333
-0.697003
-0.695301
-0.81472
-0.809525
-0.778644
-0.723503
-0.659167
-0.592044
-0.524752
-0.45949
-0.403742
-0.363741
-0.351524
-0.417417
-0.566175
-0.576177
-0.556045
-0.709221
-0.796407
-0.780905
-0.751219
-0.755897
-0.785516
-0.781813
-0.759874
-0.714383
-0.657957
-0.597617
-0.536205
-0.476579
-0.423233
-0.386552
-0.384739
-0.501124
-0.826719
-1.27387
-1.56187
-1.71211
-1.64863
-1.42024
-1.13588
-1.02446
-0.746343
-0.744021
-0.730635
-0.69618
-0.648162
-0.594502
-0.538241
-0.482605
-0.431933
-0.396282
-0.399856
-0.522236
-0.903328
-1.45764
-1.8643
-1.9949
-1.96412
-1.79266
-1.57865
-1.43767
-0.704312
-0.703042
-0.695984
-0.672849
-0.633159
-0.584385
-0.531696
-0.476846
-0.424503
-0.387402
-0.374376
-0.424881
-0.596682
-0.814077
-0.981732
-0.953937
-0.930841
-0.86001
-0.785489
-0.718321
-0.667896
-0.667211
-0.66408
-0.648871
-0.616369
-0.570974
-0.518337
-0.461476
-0.40095
-0.340121
-0.300348
-0.243881
-0.16212
0.0270368
0.171083
0.276096
0.426373
0.600122
0.700898
0.768825
-0.639679
-0.638819
-0.637459
-0.630025
-0.603438
-0.558994
-0.502482
-0.436887
-0.366027
-0.279055
-0.185792
-0.0780387
0.171537
0.521661
0.924529
1.36838
1.71236
1.91375
2.03197
2.09784
-0.617698
-0.617206
-0.61679
-0.614131
-0.594484
-0.550516
-0.488226
-0.41296
-0.326635
-0.233595
-0.108345
0.00857713
0.278257
0.684065
1.15696
1.62596
2.00052
2.26984
2.43943
2.51154
-0.60231
-0.601887
-0.601459
-0.60116
-0.588404
-0.545453
-0.47727
-0.3955
-0.297786
-0.196303
-0.0789609
0.0528312
0.189004
0.552007
0.990507
1.44219
1.83848
2.12377
2.28415
2.34503
-0.593509
-0.592414
-0.590991
-0.591955
-0.585403
-0.543466
-0.468096
-0.378044
-0.281965
-0.172642
-0.0633281
0.0642661
0.171954
0.419059
0.82055
1.21486
1.5269
1.74273
1.85856
1.90049
-0.59619
-0.594834
-0.595779
-0.599431
-0.591706
-0.541241
-0.455107
-0.358404
-0.261873
-0.159858
-0.0506719
0.0606544
0.176199
0.306626
0.57677
0.885771
1.13436
1.3001
1.38067
1.40857
-0.592583
-0.59336
-0.60027
-0.604945
-0.589025
-0.524801
-0.427901
-0.330604
-0.237274
-0.14224
-0.0450649
0.0458346
0.134415
0.23625
0.409411
0.61713
0.784448
0.899245
0.955926
0.97642
-0.534493
-0.538009
-0.547422
-0.551994
-0.530551
-0.462442
-0.373098
-0.287558
-0.205777
-0.125407
-0.0475657
0.0250044
0.0807989
0.140512
0.267695
0.413253
0.519089
0.589096
0.62343
0.631754
-0.389905
-0.394161
-0.402258
-0.405915
-0.38913
-0.342895
-0.286388
-0.22651
-0.165883
-0.105633
-0.0472626
0.000169144
0.0385985
0.0608846
0.140197
0.239471
0.314718
0.36122
0.381327
0.386519
-0.20538
-0.208196
-0.213223
-0.218508
-0.216472
-0.203637
-0.183165
-0.154398
-0.1212
-0.0807624
-0.043021
-0.0176553
0.00333947
0.0151708
0.0681536
0.130029
0.175428
0.204018
0.215814
0.218923
-0.0550929
-0.0565759
-0.0596477
-0.0673693
-0.0790259
-0.0896186
-0.0936595
-0.0903774
-0.0779942
-0.0569253
-0.0331439
-0.0220202
-0.0125622
-0.00445166
0.0389966
0.0771441
0.099461
0.110868
0.114859
0.115109
0.0298259
0.0289778
0.0266036
0.0182185
0.00221791
-0.0170152
-0.0326949
-0.041634
-0.0422007
-0.0342642
-0.0209469
-0.0165637
-0.0148037
-0.0122999
0.0222625
0.047874
0.0580625
0.0623831
0.0629812
0.0624804
0.0639164
0.0633911
0.0615616
0.0545862
0.040335
0.0220031
0.00470879
-0.00815478
-0.0152634
-0.0138895
-0.00791479
-0.00384644
-0.00266375
0.00084019
0.023766
0.0361737
0.0404119
0.0425395
0.0427765
0.0425128
0.0705933
0.0702586
0.0689184
0.0639546
0.0535084
0.0392427
0.0245628
0.012184
0.00400895
0.00137478
0.00556636
0.0111993
0.0191738
0.0275522
0.0389592
0.0430119
0.0440392
0.0442958
0.0440131
0.0433967
0.0657239
0.0655071
0.0645838
0.0613735
0.0544644
0.0446655
0.0335445
0.0235927
0.0162528
0.0128728
0.0173038
0.0271711
0.041514
0.0551532
0.0570553
0.0550816
0.0537446
0.0539445
0.0541994
0.0535203
0.0573762
0.0572172
0.0565871
0.0546263
0.0504014
0.0440574
0.0363859
0.0289654
0.0230323
0.0201282
0.0242924
0.0361158
0.0559599
0.069186
0.0651652
0.0615959
0.0615406
0.0625395
0.0640585
0.0635262
0.04922
0.0490785
0.0486241
0.0474384
0.0449846
0.0410407
0.0362486
0.0307326
0.0264146
0.0225913
0.0245434
0.0327446
0.0506909
0.060838
0.0552607
0.055262
0.0584861
0.0643663
0.0673638
0.0664368
0.0427704
0.0426345
0.0422853
0.0415158
0.0400617
0.037663
0.0344122
0.0305666
0.0266473
0.0219781
0.0191251
0.0178449
0.0247929
0.0265504
0.0252453
0.0304839
0.0388452
0.0464237
0.0500568
0.0495946
0.0382332
0.0381077
0.0378363
0.0372762
0.0363681
0.0348484
0.0326384
0.0297908
0.0262789
0.0203775
0.0108734
-0.00362553
-0.0181118
-0.0292595
-0.0206886
-0.00489578
0.00994742
0.0179538
0.020506
0.0202306
0.0351264
0.0350129
0.0348025
0.0343458
0.0336118
0.0326808
0.0311532
0.0290384
0.0256967
0.0194933
0.00797901
-0.0166213
-0.0505479
-0.0706508
-0.051034
-0.0281004
-0.0133803
-0.00798504
-0.00705406
-0.00684854
0.0327989
0.0326947
0.0325468
0.0322036
0.0316634
0.0310038
0.0301071
0.0289926
0.0263987
0.0219935
0.0123566
-0.0079244
-0.040718
-0.0548027
-0.0362167
-0.0192674
-0.0119751
-0.0106866
-0.0109651
-0.0105091
0.0307575
0.0306645
0.030599
0.0304315
0.0300675
0.0297014
0.0294116
0.0292709
0.0288309
0.0279623
0.0247408
0.0198087
0.00690253
0.00477105
0.0135058
0.0161827
0.0128736
0.0103489
0.00958949
0.00971499
0.028315
0.0282488
0.0282889
0.0283606
0.0282631
0.0283061
0.0283548
0.0292839
0.0315205
0.0354107
0.039482
0.0545527
0.0653293
0.0722616
0.0701219
0.061551
0.0531163
0.0488621
0.0473334
0.0464745
0.0246716
0.0246199
0.0247188
0.0249818
0.0253567
0.0256233
0.0270505
0.0289085
0.0325802
0.0389126
0.0531266
0.0840854
0.12028
0.137647
0.122289
0.101813
0.0885996
0.08367
0.0822697
0.0811072
0.0195658
0.0195024
0.0196167
0.0200262
0.0208056
0.0219026
0.0231162
0.0254765
0.0297373
0.0386628
0.0565823
0.0950466
0.147332
0.169236
0.145171
0.122086
0.111459
0.108137
0.105793
0.103969
0.0130297
0.012889
0.0128682
0.0132239
0.0139399
0.0149544
0.0165501
0.0191503
0.0225698
0.0291767
0.0452384
0.0801632
0.123214
0.137846
0.11751
0.104809
0.103277
0.106245
0.103562
0.101225
0.00216395
0.00199415
0.00172186
0.00146533
0.00133003
0.00168727
0.00248433
0.00363
0.00391778
0.00425268
0.00977756
0.0167466
0.0209001
0.0251336
0.0297963
0.0260405
0.0173962
0.0148781
0.0160357
0.0570069
-0.574492
-0.128818
0.210806
0.433518
0.599418
0.728825
0.831497
0.918511
1.00879
1.06098
0.147925
0.317232
0.464971
0.598596
0.711967
0.80582
0.882959
0.943759
0.977035
0.984587
0.437909
0.531199
0.633002
0.725348
0.805105
0.872492
0.926946
0.967345
0.994916
1.01509
0.622108
0.689133
0.759959
0.826409
0.884448
0.933717
0.974147
1.00668
1.03247
1.05246
0.762544
0.811833
0.863942
0.913536
0.957579
0.99586
1.02876
1.05694
1.07994
1.09756
0.874802
0.916407
0.955711
0.994201
1.02985
1.06194
1.09038
1.11504
1.13483
1.15106
0.973983
1.00685
1.04071
1.07378
1.10518
1.13405
1.15987
1.18211
1.19958
1.21425
1.06316
1.09328
1.12569
1.15751
1.18761
1.21528
1.23983
1.26054
1.27617
1.28956
1.15215
1.1844
1.21858
1.25141
1.28198
1.30952
1.33338
1.35293
1.3672
1.37968
1.25307
1.2893
1.327
1.36169
1.39286
1.41997
1.44269
1.4609
1.4743
1.48684
1.37835
1.41728
1.45701
1.49143
1.52102
1.54609
1.56703
1.58413
1.59758
1.61104
1.53732
1.57329
1.60851
1.6371
1.66134
1.68275
1.70199
1.71929
1.73426
1.74872
1.72554
1.74801
1.77174
1.79158
1.80989
1.8273
1.84385
1.86026
1.87648
1.89207
1.91816
1.92634
1.94019
1.95507
1.96954
1.9825
1.99416
2.00541
2.01714
2.03324
2.11377
2.1137
2.12374
2.12722
2.1282
2.1326
2.14312
2.15805
2.17239
2.18681
2.41094
2.35542
2.30091
2.26126
2.23901
2.23492
2.24844
2.28224
2.3401
2.42045
0.944453
0.891959
0.849072
0.816055
0.792301
0.775165
0.762702
0.753671
0.747414
0.743777
0.743288
0.74615
0.751638
0.759625
0.770544
0.785351
0.805659
0.833825
0.871852
0.921201
0.75556
0.764502
0.771251
0.771486
0.766769
0.759972
0.75321
0.747558
0.743566
0.741785
0.742902
0.746505
0.751853
0.758487
0.765702
0.771979
0.774716
0.771255
0.762163
0.755842
0.728261
0.730463
0.735317
0.739449
0.742979
0.744995
0.744792
0.742969
0.740693
0.739052
0.738981
0.740721
0.743396
0.746027
0.747478
0.746786
0.744021
0.740282
0.735872
0.731206
0.723109
0.724066
0.726558
0.729002
0.73087
0.732496
0.733847
0.734512
0.734464
0.734231
0.734512
0.735436
0.736335
0.736563
0.73588
0.734614
0.733095
0.731095
0.728594
0.726483
0.717845
0.718323
0.719765
0.721833
0.723732
0.725174
0.726288
0.72726
0.728047
0.728645
0.729197
0.729652
0.729764
0.729465
0.728866
0.727934
0.726483
0.724595
0.722878
0.721814
0.712858
0.713156
0.714072
0.715549
0.717213
0.718805
0.720151
0.721251
0.722213
0.723089
0.723808
0.724202
0.724229
0.723921
0.723233
0.722137
0.720763
0.719367
0.71826
0.717613
0.708029
0.708241
0.708925
0.710082
0.711449
0.712892
0.714339
0.715668
0.716834
0.71787
0.718732
0.719225
0.719276
0.718895
0.718137
0.717151
0.716096
0.715054
0.714252
0.713793
0.703332
0.703493
0.704035
0.705005
0.706206
0.707519
0.708915
0.710342
0.711724
0.713
0.714055
0.714646
0.714712
0.71436
0.713729
0.712956
0.712128
0.711322
0.710717
0.710371
0.698712
0.698838
0.699281
0.70012
0.70123
0.702479
0.703836
0.705297
0.706819
0.708311
0.709592
0.710361
0.71056
0.710364
0.709925
0.709347
0.708694
0.70807
0.707616
0.707346
0.694095
0.694197
0.694571
0.695322
0.69637
0.697582
0.698941
0.700452
0.702092
0.7038
0.705353
0.706369
0.706804
0.70683
0.706593
0.706204
0.70573
0.705264
0.704925
0.704712
0.689396
0.689479
0.689802
0.690496
0.691514
0.692728
0.694122
0.695709
0.697496
0.699432
0.701306
0.702672
0.703412
0.703707
0.703703
0.703504
0.703196
0.702872
0.70263
0.70246
0.684548
0.684615
0.684903
0.685564
0.686582
0.687841
0.689315
0.691034
0.693025
0.695268
0.697542
0.699323
0.700422
0.701016
0.701256
0.70126
0.70112
0.700928
0.700769
0.700632
0.679472
0.679527
0.679793
0.68045
0.681508
0.682857
0.684471
0.686406
0.688701
0.691353
0.69413
0.696405
0.697903
0.69881
0.699304
0.699517
0.699543
0.69947
0.699379
0.69927
0.674087
0.674131
0.674383
0.675056
0.676189
0.677671
0.67947
0.681671
0.68434
0.687498
0.6909
0.693775
0.695759
0.697054
0.697853
0.69831
0.698506
0.698555
0.698529
0.698444
0.668298
0.668332
0.668576
0.669282
0.670521
0.672178
0.674216
0.676735
0.679862
0.68365
0.687815
0.691426
0.694011
0.695792
0.696965
0.697712
0.698103
0.698283
0.698322
0.698259
0.662001
0.662023
0.662269
0.663028
0.664402
0.666281
0.668643
0.671613
0.675313
0.679841
0.684939
0.689492
0.692831
0.695167
0.696754
0.697807
0.698444
0.698779
0.698885
0.69884
0.65505
0.65507
0.655305
0.656131
0.65769
0.65987
0.662644
0.666181
0.670678
0.676249
0.68252
0.688114
0.69226
0.695245
0.697344
0.69877
0.699672
0.700161
0.700337
0.70031
0.647165
0.647174
0.647455
0.648367
0.650155
0.652691
0.655957
0.660161
0.665533
0.672256
0.679946
0.686928
0.692181
0.696007
0.698748
0.700666
0.701914
0.702603
0.70286
0.70285
0.638156
0.638155
0.638458
0.639497
0.641573
0.644567
0.648489
0.653599
0.660184
0.668444
0.677886
0.686463
0.69294
0.697717
0.701208
0.70371
0.705367
0.706296
0.706641
0.706644
0.627605
0.627597
0.627936
0.629146
0.631582
0.635166
0.639924
0.646172
0.654256
0.664416
0.676006
0.686513
0.694491
0.700427
0.704824
0.708019
0.710182
0.711396
0.711839
0.711847
0.614893
0.614881
0.615281
0.616713
0.619636
0.624008
0.62987
0.637603
0.647602
0.660102
0.674312
0.687152
0.696894
0.704188
0.709672
0.713704
0.716468
0.718006
0.718547
0.718552
0.599165
0.59915
0.599653
0.601447
0.605101
0.610611
0.618023
0.627783
0.640318
0.655811
0.673158
0.688672
0.700404
0.70923
0.715909
0.720862
0.724287
0.726163
0.726795
0.72679
0.579223
0.579204
0.579876
0.58226
0.587024
0.594184
0.603764
0.616265
0.632069
0.651237
0.672331
0.690956
0.704974
0.71553
0.723567
0.729553
0.733688
0.7359
0.736611
0.736589
0.553244
0.553225
0.554202
0.557597
0.564189
0.573893
0.586675
0.603011
0.623107
0.646821
0.672263
0.694336
0.710835
0.72326
0.732764
0.739861
0.744724
0.747246
0.748014
0.747968
0.51821
0.51821
0.51985
0.525183
0.535026
0.548852
0.566433
0.588026
0.613567
0.64267
0.673029
0.698882
0.718044
0.732479
0.743556
0.751858
0.757428
0.760209
0.760991
0.760909
0.46843
0.46865
0.472397
0.482176
0.4981
0.518685
0.54327
0.571793
0.603963
0.639234
0.674948
0.704777
0.72671
0.743218
0.755914
0.76545
0.771722
0.774668
0.775406
0.775271
0.396633
0.398977
0.409937
0.429101
0.454926
0.484954
0.518408
0.555098
0.59475
0.636838
0.67842
0.712644
0.737691
0.756617
0.771273
0.782269
0.789288
0.792497
0.793267
0.793146
0.320598
0.32606
0.345547
0.374834
0.411232
0.451025
0.493433
0.53844
0.585936
0.635498
0.683988
0.723796
0.752976
0.775139
0.792418
0.805359
0.813381
0.816893
0.817699
0.81768
0.254319
0.260732
0.286486
0.324456
0.369869
0.418582
0.469571
0.522741
0.577932
0.63478
0.689878
0.734922
0.767969
0.79313
0.812751
0.827192
0.835869
0.839685
0.840607
0.840632
0.200154
0.207109
0.236866
0.280866
0.333058
0.389022
0.447402
0.50792
0.570274
0.633966
0.695288
0.74519
0.781742
0.809485
0.830859
0.846516
0.85622
0.860572
0.861489
0.861585
0.155039
0.162298
0.194644
0.243226
0.300803
0.362677
0.427262
0.494154
0.562931
0.632926
0.700005
0.754385
0.794009
0.823909
0.846695
0.863351
0.873891
0.87872
0.87986
0.880037
0.116389
0.123806
0.157898
0.210051
0.272118
0.339023
0.408935
0.481411
0.555931
0.631666
0.704051
0.762502
0.804851
0.836502
0.860423
0.877805
0.888889
0.894189
0.895646
0.895911
0.0822819
0.0897856
0.125171
0.180214
0.24606
0.317301
0.391911
0.469397
0.549125
0.630158
0.707466
0.76964
0.814395
0.847511
0.872314
0.890288
0.901855
0.907491
0.909195
0.909479
0.0513278
0.0589146
0.0953376
0.152819
0.221895
0.296903
0.375692
0.45772
0.542282
0.628267
0.710225
0.775876
0.822783
0.857161
0.882669
0.901075
0.912909
0.918781
0.920634
0.92093
0.0226451
0.0303214
0.067641
0.127165
0.199052
0.277365
0.359892
0.446079
0.535133
0.625825
0.712249
0.781257
0.830205
0.865756
0.891882
0.910626
0.922633
0.928636
0.930579
0.93084
-0.00449659
0.00328944
0.0414848
0.102798
0.177121
0.258342
0.344234
0.434228
0.527478
0.622668
0.713464
0.785795
0.836788
0.873515
0.900278
0.919346
0.931484
0.937537
0.939512
0.93978
-0.0305213
-0.0226002
0.0163743
0.0793238
0.155796
0.239596
0.328527
0.422013
0.51918
0.618666
0.713781
0.789499
0.842637
0.88063
0.908087
0.927481
0.939722
0.945735
0.947654
0.947928
-0.0557651
-0.0476588
-0.00790935
0.0565077
0.134868
0.220963
0.312645
0.409329
0.510144
0.613742
0.713141
0.792389
0.847852
0.887256
0.915498
0.935251
0.947586
0.953563
0.95539
0.955571
-0.0803834
-0.0720947
-0.0315643
0.0341899
0.114229
0.202364
0.296523
0.39613
0.500328
0.607836
0.711501
0.794457
0.852485
0.893491
0.922632
0.942793
0.955191
0.961053
0.96275
0.962838
-0.104506
-0.0960228
-0.0547078
0.0122857
0.0938233
0.183768
0.280151
0.382406
0.489723
0.600924
0.708806
0.795654
0.856538
0.899398
0.929572
0.950157
0.962552
0.968204
0.969708
0.969704
-0.128212
-0.119505
-0.0773882
-0.0092302
0.0736355
0.165188
0.263559
0.368193
0.47834
0.592993
0.704988
0.795889
0.859965
0.905018
0.936403
0.957408
0.969696
0.975013
0.976271
0.976188
-0.151493
-0.14255
-0.0995993
-0.0303585
0.0536859
0.146666
0.246791
0.353542
0.466239
0.584064
0.700004
0.795057
0.862679
0.910369
0.943248
0.964658
0.976621
0.981425
0.982386
0.982226
-0.174264
-0.165093
-0.121312
-0.0510781
0.0340271
0.128259
0.229931
0.338535
0.453495
0.574168
0.693822
0.793063
0.864543
0.915389
0.950251
0.972147
0.983465
0.98743
0.987989
0.987761
-0.19646
-0.187069
-0.142481
-0.0713464
0.0147143
0.110046
0.213055
0.323267
0.44019
0.56339
0.686436
0.789803
0.865371
0.919913
0.957507
0.980304
0.990652
0.993161
0.993036
0.992744
-0.218082
-0.208445
-0.163077
-0.0911057
-0.00419787
0.0921086
0.196263
0.307843
0.426434
0.551816
0.677885
0.785183
0.864964
0.923636
0.964885
0.989641
0.999227
0.999413
0.997694
0.997191
-0.239014
-0.229149
-0.183056
-0.110304
-0.0226341
0.0745059
0.179644
0.292363
0.412346
0.539561
0.668213
0.779123
0.863135
0.926145
0.971834
1.00024
1.01073
1.00879
1.00383
1.00076
-0.259297
-0.249207
-0.202387
-0.128941
-0.0406237
0.0572162
0.163175
0.276793
0.397889
0.526586
0.657353
0.771394
0.859609
0.92701
0.977424
1.01113
1.02567
1.02481
1.01625
1.00266
-0.2789
-0.26867
-0.221181
-0.147192
-0.0584177
0.0399123
0.146458
0.260641
0.382492
0.512223
0.644621
0.761213
0.853649
0.925552
0.98004
1.01913
1.03957
1.03942
1.03026
1.00066
-0.297886
-0.287574
-0.23936
-0.164857
-0.0758396
0.0227692
0.129723
0.244149
0.366416
0.496695
0.630144
0.748412
0.844611
0.921038
0.977313
1.01612
1.03782
1.03946
0.992937
0.94112
-0.317912
-0.305
-0.25681
-0.181823
-0.0930395
0.00565592
0.112748
0.227337
0.349642
0.479954
0.613777
0.732708
0.831228
0.913191
0.967436
0.993561
1.00956
0.985915
0.92801
0.870011
-0.342144
-0.337531
-0.277887
-0.195908
-0.107647
-0.00907012
0.0958323
0.21084
0.332857
0.462777
0.596109
0.714572
0.812625
0.904713
0.934356
0.954916
0.939531
0.890859
0.827331
0.765938
-0.320713
-0.312925
-0.254643
-0.172878
-0.0792196
0.023305
0.133286
0.251173
0.376271
0.509668
0.636342
0.740898
0.82944
0.916154
0.932489
0.85448
0.789557
0.735827
0.67353
0.548699
-0.356558
-0.328631
-0.268828
-0.18657
-0.0928493
0.00928811
0.118729
0.235942
0.360092
0.491886
0.616198
0.717733
0.797393
0.858128
0.833867
0.721675
0.627226
0.56398
0.494961
0.358164
-0.383327
-0.349668
-0.288378
-0.206385
-0.112789
-0.0108992
0.0985875
0.215013
0.337839
0.467341
0.588294
0.685078
0.754844
0.779964
0.710291
0.570697
0.45971
0.3834
0.294239
0.109122
-0.40805
-0.372818
-0.309767
-0.227234
-0.133606
-0.0317967
0.077343
0.192838
0.314103
0.440904
0.557537
0.647946
0.703859
0.694315
0.570849
0.410449
0.271396
0.165246
0.0569918
-0.221844
-0.432377
-0.396326
-0.332049
-0.248811
-0.154996
-0.0533449
0.0551732
0.169588
0.289077
0.412815
0.524381
0.607947
0.645528
0.604713
0.431846
0.248596
0.0727756
-0.0705532
-0.249748
-0.617444
-0.456731
-0.42055
-0.355484
-0.271699
-0.177638
-0.0761587
0.0317401
0.14499
0.262488
0.382841
0.488798
0.564362
0.581826
0.488487
0.300263
0.0982904
-0.0912492
-0.256725
-0.44989
-0.80462
-0.48224
-0.445919
-0.380367
-0.296163
-0.201896
-0.100554
0.00676041
0.118824
0.234189
0.350904
0.450967
0.516379
0.50851
0.371101
0.180595
-0.0259454
-0.212964
-0.344846
-0.400126
-0.440487
-0.509309
-0.472878
-0.407007
-0.322567
-0.228262
-0.127213
-0.0206619
0.0899279
0.202736
0.315122
0.408796
0.460878
0.429294
0.258001
0.0672786
-0.123308
-0.277223
-0.339062
-0.35809
-0.361371
-0.538237
-0.501603
-0.435456
-0.350894
-0.256711
-0.156132
-0.0506105
0.0581748
0.168005
0.27533
0.361916
0.397315
0.345452
0.151764
-0.0345733
-0.204479
-0.311154
-0.328147
-0.333503
-0.333687
-0.569171
-0.532182
-0.465747
-0.381122
-0.287205
-0.187315
-0.0830846
0.0235538
0.129953
0.231567
0.309729
0.331559
0.241586
0.0546979
-0.123319
-0.265299
-0.313331
-0.320879
-0.321342
-0.321131
-0.601979
-0.56456
-0.49783
-0.413232
-0.319721
-0.220724
-0.118062
-0.0139396
0.0885955
0.183962
0.252475
0.257765
0.137627
-0.0361319
-0.197699
-0.300098
-0.313911
-0.313987
-0.314142
-0.313855
-0.636204
-0.598474
-0.531513
-0.447047
-0.354109
-0.256244
-0.15545
-0.0542291
0.0440323
0.132742
0.191511
0.177971
0.0429252
-0.119859
-0.25528
-0.299954
-0.31141
-0.311614
-0.311409
-0.310725
-0.67147
-0.633489
-0.566414
-0.482235
-0.390082
-0.293616
-0.19501
-0.0970664
-0.00351458
0.0785358
0.126026
0.0978864
-0.0477712
-0.194478
-0.294533
-0.310555
-0.310145
-0.311629
-0.311018
-0.310554
-0.706811
-0.668949
-0.601907
-0.518246
-0.427148
-0.332402
-0.23634
-0.142025
-0.0536956
0.0222635
0.0563214
0.0199424
-0.130956
-0.257144
-0.327481
-0.330107
-0.317941
-0.307784
-0.304723
-0.304489
-0.741148
-0.703797
-0.637086
-0.55428
-0.464601
-0.371961
-0.278822
-0.188447
-0.105794
-0.0356163
-0.0107186
-0.0653118
-0.20766
-0.318423
-0.348658
-0.34471
-0.325279
-0.311189
-0.303376
-0.300735
-0.772983
-0.736586
-0.670732
-0.589276
-0.501459
-0.411387
-0.321593
-0.235523
-0.158498
-0.0951696
-0.0723977
-0.150182
-0.279077
-0.382802
-0.393871
-0.372666
-0.364214
-0.356675
-0.346522
-0.341128
-0.800356
-0.765663
-0.701276
-0.621834
-0.536472
-0.449479
-0.363524
-0.28216
-0.210289
-0.155216
-0.132257
-0.215036
-0.343269
-0.433869
-0.465231
-0.43736
-0.41954
-0.418717
-0.415785
-0.412918
-0.820987
-0.788681
-0.726771
-0.650256
-0.568165
-0.484771
-0.403208
-0.326785
-0.26054
-0.211856
-0.191885
-0.255802
-0.367438
-0.453624
-0.483833
-0.506509
-0.527435
-0.533408
-0.526295
-0.52221
-0.832575
-0.803218
-0.745125
-0.672676
-0.594822
-0.515761
-0.438837
-0.367656
-0.308185
-0.261979
-0.245998
-0.298561
-0.344677
-0.408533
-0.481697
-0.576549
-0.63283
-0.635198
-0.629499
-0.62721
-0.832434
-0.806915
-0.754462
-0.687133
-0.614587
-0.540935
-0.468661
-0.403057
-0.34883
-0.311377
-0.286566
-0.382023
-0.345438
-0.228099
-0.342171
-0.590594
-0.703743
-0.699752
-0.695848
-0.694996
-0.816769
-0.797805
-0.753045
-0.692041
-0.625945
-0.558415
-0.491779
-0.430252
-0.380668
-0.355639
-0.351176
-0.504602
-0.596835
-0.527156
-0.628302
-0.765635
-0.801255
-0.758842
-0.753021
-0.75677
-0.787207
-0.773988
-0.739303
-0.687038
-0.628169
-0.566992
-0.50618
-0.448626
-0.402569
-0.38025
-0.406881
-0.647353
-1.0403
-1.44763
-1.6572
-1.70651
-1.55465
-1.26824
-1.05316
-1.02632
-0.747676
-0.739408
-0.715871
-0.673246
-0.621787
-0.566729
-0.510135
-0.456074
-0.412833
-0.388815
-0.427561
-0.685982
-1.15966
-1.71333
-1.95311
-2.00198
-1.88966
-1.68614
-1.49123
-1.4157
-0.705302
-0.700874
-0.686737
-0.654567
-0.609603
-0.558485
-0.504607
-0.450553
-0.401568
-0.376376
-0.394623
-0.495727
-0.703595
-0.931037
-0.970449
-0.948327
-0.897382
-0.823496
-0.748822
-0.701467
-0.668541
-0.666364
-0.658575
-0.634531
-0.595038
-0.545484
-0.490286
-0.431429
-0.370451
-0.31909
-0.270786
-0.225154
-0.0681831
0.102897
0.228164
0.333582
0.524795
0.656233
0.738631
0.787094
-0.639293
-0.638298
-0.635391
-0.619243
-0.5832
-0.531683
-0.470701
-0.402789
-0.325465
-0.229189
-0.142921
0.0363132
0.337473
0.709131
1.15018
1.55898
1.82783
1.98044
2.07111
2.11212
-0.617505
-0.616924
-0.616389
-0.607286
-0.575176
-0.521179
-0.452811
-0.37014
-0.282829
-0.173094
-0.0465247
0.0974154
0.484781
0.911956
1.39919
1.82746
2.14737
2.36764
2.48663
2.52268
-0.60216
-0.601596
-0.601606
-0.597772
-0.570688
-0.51385
-0.437794
-0.3487
-0.246786
-0.141621
-0.0102707
0.102039
0.337823
0.769319
1.21702
1.65117
1.99697
2.21937
2.32431
2.35392
-0.59311
-0.591608
-0.591142
-0.591378
-0.569435
-0.50891
-0.423809
-0.33169
-0.228382
-0.117095
-0.00157764
0.123058
0.260893
0.610428
1.02577
1.38224
1.6475
1.8129
1.88624
1.90643
-0.595497
-0.594814
-0.59746
-0.599096
-0.572414
-0.500907
-0.407227
-0.310356
-0.212181
-0.104225
0.0029095
0.122124
0.231032
0.424202
0.736161
1.0189
1.22903
1.3495
1.39948
1.41227
-0.59233
-0.59624
-0.603589
-0.601313
-0.563266
-0.477946
-0.378771
-0.284047
-0.190113
-0.0930966
0.00205343
0.0892291
0.180717
0.310001
0.515709
0.706748
0.849618
0.933676
0.970078
0.976893
-0.535464
-0.542308
-0.551268
-0.546172
-0.501869
-0.417964
-0.330126
-0.246271
-0.165895
-0.0851138
-0.0104318
0.0554125
0.105938
0.193187
0.344378
0.471204
0.558751
0.610038
0.630349
0.631999
-0.391392
-0.398039
-0.405379
-0.40117
-0.368856
-0.314941
-0.257111
-0.195982
-0.136159
-0.0746897
-0.0229076
0.0226586
0.0484216
0.0910812
0.191921
0.280539
0.341988
0.37381
0.384832
0.38596
-0.206571
-0.210425
-0.216175
-0.218825
-0.211141
-0.194417
-0.169673
-0.13843
-0.101804
-0.0602931
-0.0288068
-0.00646579
0.00870955
0.0353167
0.100926
0.154885
0.192088
0.211536
0.218444
0.218263
-0.0558415
-0.0576815
-0.0628506
-0.0729481
-0.0848183
-0.0925785
-0.0929393
-0.0852598
-0.0685678
-0.0437678
-0.0262814
-0.0172127
-0.0108112
0.0147658
0.0601001
0.0902748
0.106446
0.113473
0.11532
0.114515
0.0293587
0.0282629
0.0233527
0.0110347
-0.00740469
-0.0255668
-0.0379288
-0.0431294
-0.0389356
-0.0275897
-0.0167113
-0.0161761
-0.0159459
0.00357341
0.0373132
0.0536316
0.0609664
0.0629392
0.0628226
0.0619763
0.0636388
0.0628582
0.0589188
0.0482984
0.0313525
0.0130403
-0.00234472
-0.0125277
-0.0154665
-0.0113969
-0.00511589
-0.00384057
-0.00312107
0.0122594
0.0321237
0.0384501
0.0418861
0.0427378
0.0427605
0.0420705
0.0704359
0.0698565
0.0670442
0.0593911
0.0466777
0.0317489
0.0179883
0.00780229
0.0016252
0.00279872
0.00887592
0.0142408
0.0229542
0.0331007
0.0417761
0.043568
0.0442721
0.0441825
0.0438101
0.0428706
0.0656355
0.0652166
0.0633655
0.0583934
0.0498232
0.0391102
0.0284518
0.0195263
0.013805
0.0137647
0.0228175
0.0329537
0.0496667
0.0570288
0.0557791
0.0541905
0.0538208
0.0541265
0.0540133
0.0529655
0.0573189
0.0570046
0.055832
0.0528274
0.0474128
0.0404137
0.0324324
0.025861
0.0208337
0.0212799
0.0298506
0.0443448
0.0653262
0.0678141
0.0629196
0.061164
0.0617931
0.0634484
0.064061
0.062962
0.0491707
0.0489115
0.0481517
0.046398
0.0431776
0.0387438
0.0334546
0.0285377
0.0240619
0.0231286
0.0277191
0.0399897
0.0588734
0.0576771
0.0543894
0.0566319
0.0614486
0.0664634
0.0673169
0.0656618
0.0427205
0.042498
0.0419644
0.0409015
0.0389939
0.0360862
0.0326191
0.0285007
0.0243514
0.0209308
0.0174132
0.0205502
0.0269768
0.025056
0.0273735
0.0343082
0.0430663
0.0487878
0.0502237
0.0489818
0.0381836
0.0379989
0.0375971
0.0368683
0.0356874
0.0338249
0.0313124
0.0280402
0.0240484
0.0161515
0.00396061
-0.0105389
-0.0266227
-0.0279389
-0.0125634
0.00312448
0.014923
0.0197058
0.0205666
0.0197351
0.035078
0.0349275
0.0346124
0.0340209
0.0332097
0.0319741
0.0302667
0.0274071
0.023734
0.0143253
-0.00253674
-0.034007
-0.0651431
-0.0636206
-0.0389992
-0.0193045
-0.0100606
-0.0072213
-0.00689096
-0.00705661
0.032751
0.0326326
0.0324124
0.0319445
0.0313291
0.0306471
0.0295575
0.0279478
0.0246856
0.0176604
0.0044464
-0.0236574
-0.053326
-0.0466618
-0.0267787
-0.0144751
-0.0107349
-0.0109876
-0.0106798
-0.0105531
0.0307099
0.0306324
0.0305415
0.0302602
0.0299151
0.0295491
0.0292808
0.0292428
0.0285709
0.0263504
0.0226379
0.0142239
0.00258377
0.00987582
0.0159672
0.0147704
0.0114055
0.00971864
0.00966121
0.00972477
0.0282739
0.0282564
0.0283287
0.0283511
0.0281796
0.0282302
0.0287412
0.0302972
0.0326994
0.0372718
0.0455639
0.0618277
0.0682292
0.0735377
0.065939
0.0567366
0.0505074
0.0480072
0.0468269
0.0463479
0.0246337
0.0246503
0.0248299
0.0251712
0.0254908
0.0262489
0.0278757
0.0303744
0.03527
0.0455637
0.0655561
0.103511
0.137003
0.132193
0.112037
0.0935644
0.0855433
0.082817
0.0815299
0.0809783
0.0195227
0.0195307
0.0197792
0.0203696
0.0213272
0.0224102
0.0240645
0.0273259
0.0335973
0.0461425
0.0724983
0.121714
0.163768
0.159144
0.131127
0.116264
0.109195
0.107108
0.104639
0.10367
0.0129581
0.0128549
0.0129736
0.013554
0.0143967
0.015678
0.0177786
0.020925
0.0248175
0.0356328
0.0604133
0.100796
0.137529
0.127673
0.109454
0.102593
0.104625
0.105234
0.102161
0.100649
0.00567601
0.00553112
0.00554971
0.00587904
0.00635641
0.0069436
0.00791338
0.00983564
0.0121038
0.013228
0.0226573
0.0403916
0.0612875
0.0658015
0.0607857
0.0599418
0.0608326
0.0616584
0.0598907
0.0560565
-0.328183
0.05895
0.331439
0.520045
0.667289
0.782088
0.877022
0.961576
1.0475
1.03728
0.236637
0.392019
0.534376
0.657927
0.761231
0.84627
0.915815
0.964888
0.981036
0.993911
0.482337
0.582447
0.680791
0.766796
0.840352
0.901408
0.948928
0.982485
1.00538
1.02432
0.655059
0.72447
0.794171
0.856534
0.910189
0.955012
0.99129
1.02045
1.04259
1.06217
0.786513
0.837808
0.889353
0.936303
0.977421
1.01294
1.04341
1.06925
1.08851
1.10727
0.896242
0.936047
0.975203
1.01247
1.04635
1.07662
1.10322
1.12566
1.14273
1.16066
0.989715
1.02386
1.05739
1.08976
1.11996
1.14737
1.17149
1.19154
1.2065
1.22392
1.07729
1.1095
1.14175
1.17283
1.20179
1.22798
1.25072
1.26906
1.2823
1.29918
1.16715
1.20165
1.2352
1.26703
1.29617
1.32194
1.34374
1.36076
1.37276
1.38917
1.26979
1.30855
1.34473
1.37775
1.40695
1.43189
1.45237
1.46817
1.47988
1.49606
1.3962
1.43781
1.47486
1.5068
1.53409
1.55705
1.57604
1.59125
1.60375
1.61987
1.55341
1.59184
1.62353
1.64964
1.67235
1.69262
1.7109
1.72709
1.74115
1.75704
1.73546
1.76044
1.782
1.80085
1.81872
1.83565
1.85203
1.86851
1.88415
1.90015
1.92115
1.93296
1.94761
1.96245
1.97623
1.98844
1.99977
2.01116
2.02406
2.04477
2.10923
2.11927
2.12623
2.12761
2.1297
2.13712
2.15029
2.16565
2.17873
2.207
2.38572
2.32665
2.27901
2.24788
2.23477
2.23935
2.26259
2.30792
2.37846
2.45708
0.819751
0.812246
0.803322
0.790493
0.777079
0.765469
0.756234
0.74932
0.744693
0.742657
0.743847
0.747862
0.754093
0.762476
0.773132
0.785959
0.79965
0.810844
0.818624
0.824947
0.73373
0.741608
0.74875
0.753506
0.754748
0.752743
0.748981
0.74501
0.741906
0.74049
0.741504
0.744523
0.748663
0.753052
0.756415
0.757121
0.754189
0.748154
0.740148
0.734246
0.725708
0.728766
0.731848
0.734359
0.736721
0.738469
0.738932
0.738237
0.737172
0.736678
0.737437
0.739062
0.740613
0.741205
0.740344
0.738385
0.736101
0.733448
0.73025
0.727887
0.720439
0.721956
0.724183
0.726334
0.72791
0.729167
0.730254
0.730992
0.731349
0.731665
0.732232
0.73279
0.732901
0.732426
0.731583
0.730456
0.728783
0.726586
0.724745
0.72366
0.71533
0.716168
0.717647
0.71948
0.721207
0.722586
0.72367
0.724616
0.725452
0.726174
0.726711
0.726924
0.726781
0.726335
0.725533
0.724268
0.722667
0.721079
0.720031
0.719397
0.710427
0.710996
0.712063
0.713482
0.715012
0.716508
0.717838
0.718967
0.719965
0.720866
0.721495
0.721729
0.721582
0.721032
0.7201
0.718937
0.717711
0.716606
0.715904
0.715461
0.705669
0.706097
0.706948
0.708142
0.709457
0.710859
0.71228
0.713624
0.714842
0.715924
0.716693
0.716985
0.716806
0.716239
0.715423
0.714508
0.713575
0.712739
0.712219
0.711885
0.70102
0.701355
0.702058
0.703105
0.70432
0.70564
0.707051
0.708512
0.709945
0.711262
0.712203
0.712584
0.712481
0.712051
0.711436
0.71072
0.709983
0.709349
0.708956
0.708693
0.696412
0.696684
0.697284
0.698236
0.699395
0.700681
0.702099
0.703639
0.705247
0.706814
0.707987
0.708551
0.708635
0.708403
0.707979
0.707447
0.706876
0.706398
0.706099
0.705884
0.691765
0.691991
0.692519
0.69341
0.694532
0.695814
0.697269
0.6989
0.700666
0.702485
0.703968
0.704833
0.705183
0.705184
0.704962
0.704615
0.704211
0.703867
0.70364
0.70346
0.687
0.68719
0.687669
0.68853
0.689654
0.690975
0.692505
0.694268
0.696262
0.698411
0.700269
0.701477
0.702134
0.702398
0.702393
0.702223
0.701972
0.701743
0.701577
0.701425
0.682049
0.682212
0.682664
0.683525
0.684693
0.686101
0.687772
0.689743
0.692025
0.694571
0.696899
0.698541
0.699542
0.700078
0.700299
0.700311
0.700212
0.700085
0.699966
0.699834
0.676826
0.676967
0.677409
0.678304
0.679557
0.681099
0.682974
0.685242
0.687933
0.691016
0.693903
0.696017
0.697397
0.698238
0.698709
0.698915
0.698965
0.698932
0.698856
0.69874
0.671251
0.671375
0.671822
0.672777
0.674154
0.675874
0.677986
0.680596
0.683767
0.687485
0.691076
0.693803
0.695673
0.696905
0.697674
0.698095
0.698302
0.698361
0.698325
0.698223
0.665223
0.665334
0.665796
0.666828
0.668356
0.670308
0.67275
0.675794
0.679554
0.684059
0.688512
0.691982
0.694466
0.69615
0.697243
0.697946
0.698343
0.698505
0.698507
0.698413
0.658626
0.658707
0.659199
0.660346
0.662089
0.664356
0.667233
0.670877
0.675416
0.680895
0.686404
0.69078
0.693924
0.696128
0.697611
0.698603
0.699204
0.699469
0.699509
0.699422
0.651231
0.65133
0.65186
0.653143
0.655146
0.657794
0.661194
0.665557
0.671073
0.677813
0.684575
0.689988
0.693978
0.696835
0.698822
0.700187
0.701023
0.701408
0.701489
0.701406
0.642812
0.642898
0.643498
0.64497
0.6473
0.650418
0.65448
0.659724
0.666377
0.674574
0.682947
0.689735
0.694754
0.698403
0.701021
0.702854
0.703984
0.704513
0.704635
0.704552
0.633085
0.633175
0.633874
0.635572
0.638311
0.64206
0.647005
0.653452
0.661684
0.671797
0.682023
0.690303
0.696495
0.701055
0.704389
0.706767
0.708262
0.708959
0.709121
0.709033
0.621512
0.621618
0.622448
0.624445
0.627716
0.632264
0.638312
0.646219
0.656304
0.66869
0.681264
0.691449
0.699099
0.704788
0.70901
0.712063
0.713995
0.714882
0.715079
0.714977
0.607371
0.607518
0.608563
0.61099
0.615006
0.620672
0.62824
0.638134
0.650683
0.66593
0.681231
0.693548
0.702818
0.709784
0.715029
0.718834
0.721248
0.722333
0.722558
0.722435
0.58965
0.589877
0.591272
0.594357
0.599463
0.606708
0.616355
0.628855
0.644499
0.66323
0.681756
0.69657
0.707707
0.716109
0.722487
0.727142
0.730069
0.731347
0.731591
0.731441
0.566877
0.567256
0.569211
0.573339
0.580117
0.589686
0.602277
0.618294
0.63789
0.660811
0.683067
0.70066
0.71386
0.72386
0.731466
0.73704
0.740486
0.74194
0.742193
0.742014
0.536719
0.537403
0.540332
0.546289
0.555839
0.568989
0.585818
0.606539
0.631078
0.658943
0.685374
0.705995
0.721422
0.733136
0.742068
0.748605
0.752536
0.754128
0.754373
0.754164
0.495116
0.49652
0.501545
0.511092
0.525479
0.544217
0.567047
0.593864
0.624352
0.657833
0.688814
0.712667
0.730437
0.74396
0.75434
0.761831
0.766181
0.767829
0.768037
0.767801
0.434628
0.438898
0.449504
0.466245
0.48879
0.515879
0.546696
0.580958
0.618256
0.657864
0.69362
0.720774
0.740934
0.756265
0.768012
0.776479
0.781134
0.782708
0.782833
0.782589
0.361858
0.370187
0.389718
0.416976
0.449908
0.486328
0.52571
0.567944
0.612718
0.659393
0.701078
0.73265
0.756178
0.774196
0.787957
0.797642
0.802816
0.804579
0.804827
0.804733
0.288822
0.302961
0.33133
0.368881
0.411782
0.457469
0.505458
0.55577
0.608147
0.662066
0.709905
0.746098
0.773134
0.794028
0.810082
0.821085
0.826639
0.828172
0.828476
0.828508
0.228679
0.246077
0.280372
0.325638
0.376598
0.430367
0.486294
0.544246
0.603916
0.664733
0.718347
0.758835
0.789097
0.812411
0.830138
0.842058
0.847863
0.850063
0.850597
0.85069
0.178966
0.198387
0.237103
0.288097
0.34538
0.405795
0.468553
0.533345
0.599716
0.666978
0.725976
0.770347
0.803419
0.828694
0.847772
0.860665
0.867392
0.870035
0.870649
0.870753
0.137013
0.15759
0.199609
0.255197
0.317714
0.383719
0.452314
0.523133
0.595564
0.668742
0.732699
0.780589
0.816017
0.842894
0.862994
0.876723
0.884178
0.88713
0.887859
0.88797
0.100467
0.121824
0.166413
0.225774
0.292733
0.363577
0.437308
0.513512
0.591433
0.67007
0.738569
0.78963
0.827106
0.855228
0.876143
0.890511
0.898547
0.90179
0.902592
0.902694
0.0678044
0.0897091
0.136385
0.198903
0.269671
0.344747
0.423084
0.504183
0.58719
0.670911
0.743666
0.797574
0.836821
0.865968
0.887544
0.902378
0.910821
0.914291
0.915122
0.915197
0.0379
0.0602185
0.108633
0.173878
0.247941
0.326751
0.409237
0.494853
0.582617
0.671164
0.747969
0.804562
0.845398
0.875431
0.897487
0.912608
0.921305
0.924893
0.925777
0.925824
0.0098633
0.0326284
0.0825888
0.150164
0.227091
0.30922
0.395475
0.485254
0.577509
0.670704
0.751457
0.810675
0.853056
0.883954
0.906464
0.921833
0.930642
0.934296
0.93513
0.935147
-0.0168112
0.00642338
0.05771
0.127373
0.206811
0.2919
0.381577
0.47521
0.571707
0.669405
0.754093
0.815971
0.859955
0.891754
0.914737
0.930348
0.939202
0.942854
0.943631
0.943565
-0.0425285
-0.0188003
0.0337117
0.105211
0.186869
0.274614
0.367411
0.464604
0.565092
0.66718
0.755838
0.820516
0.866237
0.899042
0.922543
0.938365
0.947243
0.950812
0.951569
0.951477
-0.0675508
-0.0432768
0.010378
0.0835054
0.167127
0.257256
0.352886
0.453362
0.557606
0.663953
0.756674
0.824354
0.872008
0.905953
0.930047
0.946099
0.954981
0.95844
0.9591
0.958976
-0.092021
-0.0671662
-0.0124376
0.0621593
0.14752
0.239777
0.337972
0.44146
0.549219
0.659689
0.756553
0.827485
0.877328
0.912581
0.937348
0.953614
0.962416
0.965692
0.966238
0.96607
-0.116029
-0.0905892
-0.0347926
0.0411327
0.12803
0.222188
0.322688
0.428908
0.539919
0.654345
0.755402
0.829851
0.882207
0.918999
0.94451
0.960943
0.969579
0.972596
0.972987
0.972779
-0.139555
-0.113552
-0.0566968
0.0204151
0.108675
0.204518
0.307073
0.415749
0.52973
0.647893
0.753133
0.831356
0.886628
0.925286
0.951639
0.968131
0.976406
0.97906
0.979302
0.979066
-0.162634
-0.136026
-0.0781538
3.1708e-05
0.0894999
0.186827
0.291195
0.402048
0.518708
0.640329
0.749677
0.831888
0.89051
0.931509
0.958914
0.975299
0.982925
0.985063
0.985133
0.984879
-0.185147
-0.15796
-0.0991256
-0.0199805
0.0705633
0.169196
0.27514
0.387895
0.506924
0.631673
0.744969
0.831306
0.89369
0.93766
0.966591
0.982773
0.989266
0.990564
0.990413
0.990168
-0.2071
-0.179291
-0.11958
-0.0395558
0.0519387
0.151701
0.259006
0.373398
0.494466
0.621991
0.738965
0.829464
0.895935
0.943576
0.974927
0.991231
0.996005
0.995716
0.9951
0.994942
-0.228392
-0.200006
-0.139461
-0.0586387
0.0336882
0.134429
0.242882
0.358645
0.481456
0.611371
0.731639
0.826222
0.89697
0.948848
0.983862
1.00158
1.00477
1.00168
0.999441
0.999481
-0.249045
-0.220066
-0.158709
-0.0771663
0.0158918
0.117472
0.226897
0.343778
0.468027
0.599924
0.723006
0.821449
0.896515
0.952834
0.992615
1.01406
1.01798
1.01259
1.00469
0.990447
-0.269011
-0.239514
-0.177461
-0.0953512
-0.00175797
0.100482
0.210616
0.328308
0.453624
0.587092
0.712462
0.814506
0.89412
0.954843
0.999781
1.0273
1.0355
1.02951
1.01696
1.02661
-0.288281
-0.258348
-0.19567
-0.113136
-0.0192159
0.0835055
0.194046
0.312259
0.438233
0.572774
0.699803
0.80477
0.88912
0.953636
1.0015
1.03296
1.04626
1.03859
0.987778
0.976788
-0.307366
-0.276696
-0.21307
-0.130214
-0.0360977
0.0669211
0.177368
0.295911
0.422163
0.557199
0.685128
0.791728
0.88092
0.948466
0.992584
1.02189
1.02799
0.995404
0.934506
0.897527
-0.329487
-0.296134
-0.229221
-0.146006
-0.0516873
0.0511337
0.160999
0.279549
0.405637
0.540503
0.668533
0.775144
0.868124
0.938664
0.985241
0.983053
0.966432
0.91202
0.848542
0.810032
0.0885877
0.203549
0.325397
0.455003
0.58762
0.705124
0.801314
0.696172
-0.344668
-0.3354
-0.293719
-0.22267
-0.134233
-0.0362935
0.0697957
0.183537
0.304538
0.432843
0.564098
0.680668
0.773491
0.855336
0.90232
0.863253
0.746867
0.676861
0.620351
-0.368423
-0.356781
-0.311432
-0.239149
-0.150516
-0.0525809
0.053026
0.166273
0.28636
0.413194
0.54199
0.655305
0.742234
0.806309
0.806376
0.71258
0.591424
0.508803
0.439481
-0.392687
-0.380712
-0.332888
-0.259531
-0.170861
-0.0729015
0.0327423
0.145627
0.264694
0.389804
0.515342
0.623768
0.702338
0.744252
0.709128
0.563671
0.425012
0.320616
0.235571
-0.416815
-0.404801
-0.35552
-0.280977
-0.191973
-0.0940374
0.0113295
0.123448
0.241221
0.364174
0.485975
0.588806
0.658713
0.674079
0.588257
0.414473
0.247002
0.103744
-0.0167898
-0.441027
-0.429093
-0.37886
-0.303429
-0.213993
-0.116039
-0.0110791
0.100131
0.216433
0.3369
0.454491
0.550916
0.610402
0.589714
0.457201
0.268449
0.074348
-0.0926236
-0.253858
-0.465824
-0.454044
-0.403308
-0.327272
-0.23744
-0.139416
-0.034791
0.0755734
0.190347
0.308179
0.421361
0.51061
0.555614
0.511687
0.333419
0.137446
-0.0651509
-0.244908
-0.381596
-0.508812
-0.492023
-0.480346
-0.429263
-0.352843
-0.262783
-0.164786
-0.0605686
0.0488297
0.16184
0.276609
0.384883
0.465888
0.494376
0.417321
0.2178
0.0190237
-0.16974
-0.312499
-0.362574
-0.384051
-0.519923
-0.508301
-0.456935
-0.380265
-0.290131
-0.192344
-0.0887179
0.019438
0.130321
0.241471
0.344094
0.415924
0.421024
0.304216
0.109735
-0.0797917
-0.244163
-0.318813
-0.342198
-0.344959
-0.549752
-0.538102
-0.486409
-0.409541
-0.319463
-0.222045
-0.119257
-0.0126394
0.0957316
0.202742
0.298731
0.361188
0.337577
0.195769
0.0109606
-0.166164
-0.287747
-0.327257
-0.325654
-0.326838
-0.581485
-0.56977
-0.517711
-0.440666
-0.350763
-0.253884
-0.152178
-0.0473981
0.0580519
0.160451
0.248981
0.300148
0.257547
0.0923282
-0.0776068
-0.23729
-0.303172
-0.315968
-0.317013
-0.317094
-0.614893
-0.603081
-0.550697
-0.47355
-0.383931
-0.287793
-0.187412
-0.0848047
0.0173021
0.114665
0.195191
0.232669
0.181004
-1.82741e-05
-0.158806
-0.277178
-0.318026
-0.313217
-0.312283
-0.311772
-0.649454
-0.637606
-0.585073
-0.507922
-0.418755
-0.323571
-0.2248
-0.124702
-0.0263607
0.0656876
0.137617
0.163241
0.0890241
-0.0856649
-0.228573
-0.296303
-0.308022
-0.310584
-0.311652
-0.311066
-0.68466
-0.6728
-0.620323
-0.543322
-0.454815
-0.360847
-0.264008
-0.166771
-0.0726338
0.0138976
0.0771208
0.0875898
-0.00612795
-0.162215
-0.282794
-0.314178
-0.314978
-0.311886
-0.309161
-0.308282
-0.719477
-0.707684
-0.655624
-0.579031
-0.491484
-0.399072
-0.304522
-0.210507
-0.120912
-0.0404223
0.0160964
0.00673369
-0.0943641
-0.233484
-0.325328
-0.351772
-0.331315
-0.312234
-0.301919
-0.300133
-0.752339
-0.740898
-0.689823
-0.614082
-0.52788
-0.437436
-0.345596
-0.255189
-0.170299
-0.0966859
-0.0438513
-0.0683891
-0.178866
-0.303095
-0.371211
-0.356018
-0.346084
-0.3339
-0.323138
-0.315924
-0.782027
-0.770996
-0.721435
-0.647166
-0.562845
-0.474855
-0.386224
-0.299821
-0.219808
-0.153089
-0.104559
-0.132984
-0.25558
-0.366551
-0.440325
-0.41971
-0.39514
-0.38852
-0.383065
-0.37716
-0.80593
-0.795614
-0.748581
-0.676619
-0.594935
-0.509992
-0.425082
-0.343111
-0.268439
-0.20717
-0.166415
-0.185244
-0.304611
-0.413033
-0.448084
-0.473885
-0.464548
-0.465464
-0.466394
-0.462376
-0.822076
-0.81281
-0.769072
-0.700548
-0.622457
-0.541344
-0.460549
-0.383545
-0.314486
-0.25822
-0.223192
-0.235916
-0.317272
-0.407154
-0.489882
-0.524896
-0.574289
-0.59352
-0.590995
-0.585931
-0.827951
-0.820128
-0.78072
-0.71699
-0.643513
-0.567246
-0.491103
-0.419193
-0.355435
-0.307017
-0.270284
-0.296497
-0.345634
-0.315787
-0.339631
-0.494684
-0.640988
-0.665011
-0.662768
-0.662209
-0.821739
-0.81526
-0.78147
-0.723981
-0.656353
-0.585878
-0.515458
-0.447927
-0.389753
-0.347898
-0.32211
-0.368803
-0.458809
-0.363389
-0.305609
-0.49968
-0.700019
-0.729578
-0.726011
-0.726879
-0.799832
-0.795154
-0.76875
-0.720003
-0.65991
-0.595939
-0.531608
-0.469225
-0.41476
-0.376844
-0.368406
-0.46036
-0.695558
-0.921406
-1.0447
-1.21122
-1.16491
-0.983093
-0.851084
-0.827353
-0.765341
-0.762358
-0.744045
-0.70535
-0.65415
-0.597096
-0.538297
-0.480938
-0.429491
-0.392808
-0.394929
-0.521276
-0.911294
-1.47969
-1.84927
-2.01202
-1.97987
-1.74613
-1.48276
-1.30783
-0.723911
-0.722138
-0.711994
-0.683362
-0.641053
-0.590197
-0.536007
-0.481055
-0.429865
-0.396209
-0.395068
-0.484428
-0.790239
-1.22411
-1.58602
-1.62055
-1.56455
-1.43676
-1.29687
-1.16735
-0.684315
-0.683228
-0.67843
-0.659687
-0.624439
-0.577799
-0.525609
-0.470419
-0.414874
-0.367278
-0.342602
-0.351145
-0.369123
-0.341013
-0.328895
-0.315112
-0.295098
-0.202574
-0.12958
-0.0702954
-0.652896
-0.652248
-0.649872
-0.638752
-0.60924
-0.564601
-0.510363
-0.449901
-0.384242
-0.30868
-0.24183
-0.140672
0.0141543
0.308407
0.596301
0.901125
1.2019
1.40903
1.5173
1.57061
-0.627461
-0.626816
-0.626059
-0.621509
-0.598485
-0.554419
-0.495058
-0.424044
-0.346379
-0.254615
-0.141632
-0.0301452
0.265324
0.642229
1.11513
1.59715
1.94843
2.17034
2.31378
2.38572
-0.609462
-0.609069
-0.608804
-0.607518
-0.591267
-0.547565
-0.482187
-0.403826
-0.309801
-0.214066
-0.0885544
0.0357017
0.242231
0.641119
1.08414
1.54722
1.9451
2.24211
2.41744
2.48588
-0.596633
-0.595971
-0.595055
-0.595509
-0.586274
-0.544162
-0.4727
-0.386983
-0.289587
-0.182284
-0.0715361
0.0607396
0.163883
0.477492
0.911774
1.33766
1.69758
1.94748
2.0857
2.13763
-0.593746
-0.592312
-0.591352
-0.59338
-0.587146
-0.542764
-0.462692
-0.368675
-0.272666
-0.166074
-0.0561606
0.0645545
0.180948
0.357994
0.699803
1.05572
1.33403
1.52388
1.61862
1.65193
-0.59765
-0.596965
-0.600688
-0.604993
-0.594334
-0.536741
-0.443984
-0.346062
-0.250195
-0.151714
-0.0466825
0.0540245
0.15941
0.271929
0.481751
0.737747
0.947336
1.08889
1.15931
1.18371
-0.57366
-0.576408
-0.585379
-0.590317
-0.570288
-0.501064
-0.404712
-0.311275
-0.222556
-0.133406
-0.0459531
0.0361989
0.106265
0.18993
0.339947
0.512229
0.643762
0.732228
0.775458
0.78977
-0.471722
-0.47549
-0.484751
-0.48844
-0.46791
-0.408243
-0.333329
-0.259259
-0.186785
-0.116519
-0.0481258
0.0126571
0.0589896
0.0966715
0.19868
0.319847
0.408712
0.466318
0.49193
0.500004
-0.297708
-0.30139
-0.308034
-0.312261
-0.302942
-0.272939
-0.234981
-0.190581
-0.143754
-0.0933166
-0.045561
-0.0106699
0.0191453
0.0337994
0.0969155
0.176816
0.236883
0.27342
0.289561
0.293965
-0.122553
-0.12458
-0.128389
-0.135003
-0.140129
-0.141228
-0.135021
-0.120606
-0.0990114
-0.0686429
-0.0388117
-0.0210232
-0.00676685
0.00321434
0.0501417
0.0975942
0.130869
0.150386
0.158406
0.159891
-0.00478656
-0.00589239
-0.00856597
-0.0169534
-0.0320149
-0.048591
-0.0598637
-0.0640094
-0.0589137
-0.0454575
-0.0270468
-0.020617
-0.0153336
-0.0097229
0.0299365
0.0617341
0.0759213
0.0823359
0.0837375
0.0833372
0.051651
0.0509876
0.0488943
0.041053
0.025471
0.00602851
-0.0113444
-0.0230855
-0.027753
-0.0235574
-0.0146038
-0.0107005
-0.0105084
-0.00907337
0.0195705
0.0388277
0.0460678
0.0493986
0.0497696
0.0494164
0.0694549
0.0690338
0.0674518
0.0614826
0.0490777
0.0325842
0.0163624
0.00344196
-0.00472552
-0.00565496
-0.00112755
0.00344022
0.00770731
0.0138217
0.0310602
0.0382515
0.0406064
0.0416757
0.0417898
0.041356
0.0689358
0.0686671
0.067548
0.0635277
0.0549633
0.0430122
0.0301259
0.0187531
0.0110059
0.00752667
0.011884
0.0194767
0.0307648
0.0414869
0.0481448
0.0490284
0.0484327
0.0481578
0.0477408
0.0471518
0.061669
0.0614889
0.0607319
0.0582253
0.052787
0.0448547
0.0354522
0.0268852
0.0201164
0.0171216
0.0215186
0.0330963
0.0508067
0.0643521
0.0635897
0.06001
0.0586517
0.0595194
0.0603678
0.0596346
0.0531363
0.0529929
0.0524685
0.0509599
0.0477292
0.0426965
0.0365999
0.0301754
0.0252007
0.0218946
0.0253006
0.0361899
0.0561473
0.0682016
0.0628612
0.0601743
0.0621828
0.0647722
0.0670508
0.0665392
0.0457333
0.0455952
0.0451978
0.0442582
0.04238
0.0393119
0.0354255
0.030805
0.0267595
0.0225474
0.0223721
0.0266134
0.0398462
0.0467885
0.0423885
0.0443033
0.0504058
0.0570055
0.0603588
0.0597876
0.0402764
0.0401468
0.0398417
0.0392033
0.0380675
0.0361741
0.0334548
0.0301636
0.026397
0.0211892
0.0150847
0.00668331
0.00393641
5.87747e-05
0.00307486
0.0141587
0.025848
0.0340068
0.0371669
0.0364908
0.0365311
0.036413
0.0361791
0.0356926
0.0349357
0.0337017
0.0318803
0.0294172
0.0259807
0.0194654
0.00848414
-0.0121473
-0.0376563
-0.0545864
-0.0400922
-0.01984
-0.00421733
0.00265052
0.00467322
0.00472982
0.0338994
0.0337959
0.0336237
0.0332197
0.032581
0.0317642
0.0305479
0.0289228
0.0258326
0.0202761
0.009177
-0.0152117
-0.051792
-0.0710899
-0.0498467
-0.0285005
-0.0172211
-0.0136148
-0.0134906
-0.0128707
0.0317716
0.031676
0.0315732
0.031316
0.0308366
0.0302445
0.0297558
0.0290451
0.0273798
0.0244615
0.0177205
0.00419956
-0.0198661
-0.0276346
-0.013335
-0.0033135
-0.000741536
-0.0018036
-0.00238068
-0.00228704
0.0296684
0.0295967
0.0295901
0.0295387
0.029317
0.0290542
0.029051
0.0293277
0.0300867
0.0317716
0.032143
0.0369629
0.0360857
0.0391981
0.0411005
0.0384423
0.0318053
0.0279944
0.0266345
0.0264707
0.0267019
0.0266424
0.0266977
0.0268275
0.0268249
0.0272413
0.0276978
0.0295373
0.0327885
0.0377297
0.0469857
0.0705005
0.0934782
0.105133
0.0981684
0.083566
0.0723392
0.0676779
0.0660592
0.0649732
0.0222788
0.0222099
0.0223318
0.0226975
0.0232475
0.0237932
0.0252389
0.0273214
0.0315261
0.0398583
0.056377
0.0930991
0.143068
0.162967
0.139796
0.113844
0.101557
0.0978115
0.0960218
0.0945044
0.016398
0.0163131
0.0164657
0.0168553
0.0176887
0.0189404
0.0204726
0.0228439
0.0264654
0.0351782
0.0527805
0.0907004
0.140327
0.158155
0.133788
0.118148
0.113235
0.111566
0.109531
0.107169
0.00943773
0.00930577
0.00931646
0.00966199
0.0103714
0.0110201
0.0121116
0.0145015
0.0181372
0.0218695
0.0362112
0.0644104
0.0982917
0.106825
0.0935171
0.0842598
0.0876386
0.0912104
0.0891957
0.0862804
0.00559994
0.00550923
0.00566884
0.00612322
0.00663195
0.00740423
0.00875078
0.0109292
0.0130566
0.0150466
0.0323455
0.0519927
0.0642854
0.0636919
0.0601268
0.0601602
0.062276
0.0614761
0.0584003
0.0161674
-0.0991768
0.175072
0.353837
0.521507
0.657982
0.768499
0.858599
0.935055
0.983293
0.973393
0.312338
0.434023
0.556054
0.666286
0.760842
0.840358
0.905392
0.953727
0.982552
0.999032
0.536703
0.615937
0.700379
0.778452
0.846074
0.90334
0.949756
0.985334
1.01232
1.03271
0.695592
0.753752
0.813898
0.871266
0.921465
0.96446
1.00064
1.03082
1.05564
1.07396
0.821296
0.86565
0.910769
0.95442
0.993642
1.02833
1.05877
1.08506
1.10628
1.12318
0.925862
0.962993
0.998546
1.03386
1.06696
1.09712
1.12408
1.14739
1.16594
1.18123
1.01907
1.04984
1.08255
1.11482
1.14529
1.17333
1.19841
1.21979
1.23629
1.25018
1.10693
1.13764
1.17051
1.20279
1.23305
1.26057
1.28479
1.30491
1.31982
1.33253
1.20027
1.23442
1.27026
1.30419
1.33523
1.36267
1.38608
1.40499
1.41874
1.431
1.31186
1.34983
1.38895
1.42416
1.45504
1.48137
1.50325
1.52079
1.53405
1.54688
1.45332
1.49181
1.53042
1.56275
1.59012
1.6135
1.63359
1.65063
1.66468
1.67852
1.62903
1.65917
1.68926
1.71348
1.73453
1.75391
1.77213
1.78948
1.80537
1.82025
1.82287
1.83732
1.85497
1.87177
1.8883
1.90376
1.91793
1.93199
1.94687
1.96305
2.01192
2.01623
2.02917
2.04137
2.05137
2.06069
2.07089
2.08155
2.09091
2.10313
2.24144
2.22784
2.21904
2.204
2.19291
2.19239
2.20442
2.22822
2.26006
2.29583
2.61562
2.45711
2.3516
2.29278
2.26374
2.25719
2.27235
2.31358
2.39282
2.53794
-0.323429
-0.319854
-0.277943
-0.205295
-0.117122
-0.0185898
0.890168
0.949632
0.950963
0.890418
0.828773
0.765914
0.56189
0.364858
0.137481
-0.154974
-0.508434
)
;

boundaryField
{
    wall-4
    {
        type            zeroGradient;
    }
    pressure-outlet-7
    {
        type            fixedValue;
        value           uniform 0;
    }
    velocity-inlet-6
    {
        type            zeroGradient;
    }
    velocity-inlet-5
    {
        type            zeroGradient;
    }
    frontAndBackPlanes
    {
        type            empty;
    }
}


// ************************************************************************* //
