/*--------------------------------*- C++ -*----------------------------------*\
  =========                 |
  \\      /  F ield         | OpenFOAM: The Open Source CFD Toolbox
   \\    /   O peration     | Website:  https://openfoam.org
    \\  /    A nd           | Version:  6
     \\/     M anipulation  |
\*---------------------------------------------------------------------------*/
FoamFile
{
    version     2.0;
    format      ascii;
    class       volScalarField;
    location    "86.8";
    object      p;
}
// * * * * * * * * * * * * * * * * * * * * * * * * * * * * * * * * * * * * * //

dimensions      [0 2 -2 0 0 0 0];

internalField   nonuniform List<scalar> 
8800
(
0.854561
0.805247
0.767282
0.739215
0.719055
0.70447
0.693876
0.68634
0.681462
0.679402
0.680782
0.685135
0.691935
0.701365
0.714106
0.73143
0.75531
0.788409
0.831348
0.883862
0.689052
0.695397
0.704548
0.708098
0.705491
0.699404
0.692467
0.686229
0.681434
0.678573
0.678352
0.680991
0.685642
0.691778
0.698883
0.705922
0.710804
0.710682
0.70401
0.695113
0.662561
0.668797
0.673298
0.677171
0.680122
0.681074
0.67999
0.677874
0.675902
0.675074
0.676119
0.678584
0.681481
0.683759
0.684287
0.682503
0.679142
0.675132
0.670354
0.666638
0.65825
0.661016
0.663624
0.665784
0.667525
0.669097
0.670205
0.670565
0.670462
0.670574
0.671394
0.672552
0.673306
0.673167
0.6722
0.670853
0.669189
0.666891
0.664484
0.662917
0.65318
0.654606
0.656447
0.658531
0.660247
0.661545
0.66265
0.663639
0.664461
0.665215
0.665946
0.666425
0.666465
0.666116
0.665459
0.664354
0.662705
0.660817
0.659467
0.658665
0.648171
0.649075
0.650324
0.651954
0.653653
0.655192
0.656485
0.657619
0.6587
0.65974
0.660551
0.660965
0.660997
0.660647
0.659859
0.658683
0.657332
0.656075
0.655257
0.654733
0.643239
0.643896
0.644859
0.646182
0.647636
0.649161
0.650658
0.652038
0.653321
0.654555
0.655539
0.656065
0.656111
0.655698
0.654937
0.654012
0.653034
0.65214
0.651564
0.651179
0.638381
0.638886
0.639675
0.640821
0.64213
0.643559
0.645083
0.646644
0.648183
0.649675
0.650873
0.651523
0.651639
0.651349
0.650812
0.650145
0.649427
0.648776
0.648355
0.648055
0.633539
0.633941
0.634605
0.635634
0.636875
0.638254
0.639778
0.641444
0.643209
0.645001
0.646471
0.647331
0.647655
0.647607
0.647321
0.646883
0.646377
0.645924
0.645615
0.645371
0.628633
0.62896
0.629538
0.630491
0.63169
0.633064
0.634632
0.63641
0.638388
0.640498
0.642324
0.643513
0.644143
0.644378
0.644344
0.644147
0.643846
0.643559
0.643335
0.643129
0.623571
0.623842
0.624361
0.625271
0.62646
0.62787
0.629525
0.631461
0.633691
0.636175
0.638447
0.640058
0.641058
0.641614
0.641858
0.641904
0.641812
0.641674
0.641519
0.64134
0.61826
0.618488
0.61897
0.619868
0.621088
0.622576
0.624364
0.626515
0.62907
0.632018
0.634833
0.636949
0.638383
0.639308
0.639864
0.640162
0.64029
0.640292
0.640193
0.640034
0.612605
0.612799
0.613263
0.614179
0.615469
0.617082
0.619059
0.621496
0.624466
0.627989
0.631462
0.63418
0.636123
0.637472
0.638384
0.638975
0.639326
0.639458
0.639407
0.63926
0.606495
0.606663
0.607126
0.608088
0.609491
0.611281
0.613516
0.616323
0.619813
0.624041
0.628311
0.631751
0.634296
0.636139
0.637461
0.638383
0.638973
0.639235
0.639225
0.639085
0.599806
0.599951
0.600429
0.601466
0.603027
0.605054
0.607626
0.610903
0.615039
0.620129
0.625362
0.629665
0.632925
0.635352
0.63714
0.638439
0.6393
0.639698
0.639726
0.639588
0.592389
0.592509
0.593017
0.59416
0.59593
0.598266
0.601266
0.605133
0.610066
0.616208
0.6226
0.627932
0.632038
0.635154
0.637499
0.639236
0.6404
0.640938
0.641
0.640861
0.584052
0.584156
0.584699
0.585981
0.58802
0.590748
0.594288
0.59889
0.604806
0.612226
0.62001
0.626567
0.631671
0.635598
0.638614
0.640861
0.642366
0.643051
0.643145
0.642999
0.574515
0.574621
0.575231
0.576685
0.579073
0.582297
0.586515
0.592032
0.599159
0.608133
0.617583
0.625589
0.631872
0.636753
0.640554
0.6434
0.645293
0.646133
0.646253
0.646098
0.563485
0.563568
0.564263
0.56597
0.568801
0.572657
0.577731
0.584393
0.593015
0.603874
0.615312
0.625021
0.632684
0.638689
0.643395
0.64695
0.649269
0.650265
0.650405
0.650237
0.550552
0.550624
0.551425
0.553443
0.556838
0.561505
0.567673
0.57578
0.586256
0.599404
0.613201
0.624897
0.634153
0.641461
0.647225
0.651579
0.654359
0.655503
0.655653
0.655468
0.535122
0.535183
0.536138
0.538576
0.542713
0.548441
0.556025
0.565979
0.578768
0.594692
0.611265
0.625251
0.636323
0.645116
0.652081
0.657327
0.660583
0.661853
0.661999
0.661795
0.51638
0.516437
0.51761
0.52064
0.525792
0.532952
0.542418
0.554767
0.570465
0.589742
0.609542
0.626123
0.639233
0.64969
0.657975
0.664191
0.667896
0.669247
0.669371
0.669147
0.493101
0.493164
0.494692
0.498612
0.505224
0.514395
0.526443
0.541957
0.561318
0.584612
0.608105
0.627561
0.642911
0.65518
0.66489
0.672087
0.676161
0.677522
0.6776
0.677358
0.463407
0.463501
0.465636
0.471002
0.479897
0.492038
0.50774
0.52747
0.551413
0.579438
0.60707
0.629639
0.647368
0.661552
0.672759
0.680846
0.685128
0.6864
0.68641
0.686156
0.424079
0.424309
0.427705
0.43574
0.448496
0.465246
0.486173
0.511455
0.540999
0.574452
0.606592
0.632442
0.652623
0.668747
0.68142
0.690191
0.694432
0.695499
0.695428
0.695172
0.368997
0.370153
0.376937
0.390536
0.41005
0.43394
0.462109
0.4944
0.530511
0.569965
0.606855
0.636055
0.658677
0.676675
0.690642
0.699742
0.703611
0.704382
0.704234
0.703986
0.289296
0.297122
0.31274
0.336562
0.36618
0.399629
0.436602
0.476895
0.520229
0.566143
0.608081
0.640847
0.666102
0.686096
0.701078
0.710117
0.713411
0.713877
0.713684
0.713476
0.204436
0.221563
0.246932
0.281733
0.322001
0.365133
0.410899
0.459271
0.510073
0.56293
0.610576
0.647501
0.675884
0.69806
0.713926
0.722252
0.724648
0.724819
0.724653
0.724523
0.131625
0.152579
0.186084
0.230298
0.28
0.332249
0.386566
0.442856
0.500911
0.56035
0.613226
0.653819
0.684831
0.708721
0.724792
0.732125
0.733839
0.733908
0.733779
0.733682
0.0719089
0.0951924
0.13428
0.185242
0.242304
0.302162
0.364009
0.427539
0.492346
0.557912
0.615588
0.659437
0.692634
0.717686
0.73375
0.740431
0.741829
0.741866
0.741761
0.741673
0.0223739
0.0470479
0.0901714
0.146382
0.209325
0.275425
0.343664
0.413561
0.484483
0.5557
0.617797
0.664597
0.699676
0.725686
0.74167
0.747856
0.749087
0.74913
0.749049
0.748964
-0.0196048
0.00588183
0.0519811
0.112446
0.180333
0.251755
0.325518
0.401039
0.477495
0.553941
0.620169
0.669688
0.706456
0.733215
0.749029
0.754854
0.756012
0.756092
0.756045
0.755961
-0.0561001
-0.0300881
0.0183285
0.0823191
0.154438
0.230511
0.309192
0.389805
0.471371
0.552725
0.622893
0.674983
0.713299
0.740659
0.756313
0.761875
0.76299
0.763128
0.763132
0.763056
-0.0886371
-0.0622208
-0.0119054
0.0550971
0.130898
0.211076
0.294208
0.379522
0.4659
0.551971
0.625973
0.680584
0.720394
0.748368
0.763935
0.769329
0.770463
0.770649
0.770705
0.770641
-0.118277
-0.0914999
-0.039577
0.0300613
0.109116
0.192957
0.280139
0.369831
0.4608
0.551482
0.629295
0.686486
0.727858
0.75655
0.772186
0.777549
0.778656
0.778862
0.778955
0.778909
-0.145863
-0.118709
-0.0653511
0.006666
0.0886169
0.175756
0.266641
0.360429
0.455802
0.551034
0.632744
0.692607
0.735675
0.765231
0.781083
0.786475
0.787549
0.787731
0.787825
0.787792
-0.171825
-0.144321
-0.0896496
-0.0155103
0.0690421
0.159168
0.253452
0.351068
0.450684
0.550453
0.636169
0.698835
0.743704
0.774219
0.790375
0.795826
0.796856
0.796987
0.797057
0.797038
-0.196666
-0.168734
-0.112848
-0.0367756
0.0501231
0.142956
0.240372
0.341569
0.445256
0.549553
0.639417
0.705048
0.751782
0.783284
0.799764
0.805244
0.806214
0.806272
0.806305
0.806302
-0.220553
-0.192187
-0.135159
-0.0573397
0.0316715
0.126964
0.227255
0.331795
0.439368
0.54817
0.642353
0.711138
0.759803
0.792242
0.808961
0.814395
0.815284
0.815255
0.815242
0.815235
-0.243656
-0.214831
-0.156745
-0.077335
0.0135791
0.111093
0.214005
0.32164
0.432905
0.546154
0.644834
0.71703
0.76772
0.800944
0.817698
0.823009
0.82377
0.823663
0.823608
0.823596
-0.266103
-0.23679
-0.17769
-0.0968339
-0.00422713
0.0952881
0.200575
0.311056
0.425788
0.543379
0.64672
0.722654
0.775558
0.809453
0.825958
0.830926
0.831528
0.831354
0.831266
0.831247
-0.287981
-0.258128
-0.198037
-0.11587
-0.0217591
0.0795294
0.186956
0.300018
0.417969
0.539739
0.647867
0.727937
0.783411
0.817934
0.833824
0.838156
0.838497
0.838274
0.838174
0.838148
-0.309189
-0.278823
-0.217786
-0.134465
-0.0390216
0.0638409
0.173158
0.288546
0.409436
0.535169
0.648133
0.732773
0.791352
0.826708
0.841671
0.84486
0.844698
0.844436
0.84438
0.844356
-0.329726
-0.298866
-0.236954
-0.152607
-0.0559914
0.0482486
0.159234
0.276669
0.400213
0.52962
0.647387
0.737007
0.7994
0.836141
0.850118
0.851567
0.850325
0.849906
0.850064
0.850142
-0.349659
-0.318251
-0.255542
-0.170284
-0.0726299
0.0328086
0.145241
0.264453
0.390342
0.52309
0.645494
0.740447
0.807423
0.846457
0.860024
0.859467
0.856216
0.855059
0.855649
0.856335
-0.368868
-0.336961
-0.273514
-0.18745
-0.0888986
0.0175855
0.131255
0.251977
0.379899
0.515618
0.642349
0.742849
0.815141
0.857532
0.871979
0.870265
0.864656
0.861272
0.860671
0.860853
-0.387445
-0.355025
-0.290886
-0.204145
-0.104841
0.00253355
0.117218
0.239181
0.36881
0.507131
0.637786
0.743948
0.82232
0.869021
0.885904
0.88502
0.878106
0.870244
0.861509
0.86345
-0.405325
-0.372509
-0.307797
-0.220568
-0.120749
-0.0126666
0.102732
0.225607
0.35657
0.497059
0.631231
0.743099
0.828717
0.880697
0.900922
0.90276
0.894694
0.880758
0.859977
0.860826
-0.422386
-0.389393
-0.324097
-0.236538
-0.136368
-0.0277257
0.0879826
0.211548
0.343427
0.485566
0.622581
0.739369
0.833148
0.891107
0.913014
0.915493
0.906498
0.877025
0.820268
0.79634
-0.438529
-0.406647
-0.339395
-0.251624
-0.150905
-0.0421581
0.0732503
0.197278
0.329657
0.472804
0.61183
0.732024
0.834145
0.898712
0.916713
0.913803
0.891647
0.83551
0.77301
0.735185
-0.480522
-0.423613
-0.353389
-0.266765
-0.165122
-0.0569531
0.0586824
0.182667
0.315034
0.458378
0.598463
0.720226
0.827726
0.898722
0.908019
0.884225
0.826787
0.756009
0.685276
0.646284
-0.454843
-0.436321
-0.374653
-0.28734
-0.187196
-0.0792107
0.0358131
0.159305
0.291055
0.433548
0.573122
0.694339
0.79481
0.873404
0.848105
0.72817
0.630532
0.562722
0.495932
0.519287
-0.484878
-0.453243
-0.390707
-0.303871
-0.204095
-0.0962357
0.0190296
0.141953
0.272834
0.41384
0.551216
0.669273
0.758482
0.802662
0.740947
0.591951
0.476251
0.398227
0.313493
0.354957
-0.507971
-0.474008
-0.409785
-0.322909
-0.22318
-0.115316
-0.000129129
0.122062
0.25168
0.390457
0.524153
0.636233
0.713489
0.719399
0.602529
0.439767
0.305021
0.208126
0.110379
0.138065
-0.53034
-0.495388
-0.429854
-0.342353
-0.242559
-0.13481
-0.0201281
0.101129
0.2292
0.365232
0.494016
0.597071
0.657012
0.629113
0.461407
0.278332
0.114073
-0.023091
-0.14973
-0.14081
-0.552379
-0.517093
-0.450702
-0.36265
-0.262746
-0.155232
-0.0412216
0.0789138
0.205088
0.337849
0.46067
0.554438
0.59316
0.516548
0.322196
0.120171
-0.0698918
-0.226186
-0.432381
-0.512157
-0.574776
-0.539596
-0.472726
-0.384302
-0.28428
-0.176979
-0.0636017
0.0553362
0.179421
0.308523
0.424701
0.509021
0.519984
0.392156
0.194849
-0.0182553
-0.212867
-0.375731
-0.499772
-0.615729
-0.598598
-0.563376
-0.49628
-0.407694
-0.3077
-0.20073
-0.0881083
0.0294152
0.150999
0.275758
0.384612
0.455706
0.437861
0.273941
0.075509
-0.131382
-0.309332
-0.407684
-0.433801
-0.447116
-0.623977
-0.588729
-0.521493
-0.432915
-0.333151
-0.226711
-0.115122
0.000627926
0.119191
0.238742
0.339832
0.392037
0.354229
0.160156
-0.0359616
-0.222619
-0.357271
-0.395632
-0.404312
-0.404634
-0.651197
-0.615781
-0.548407
-0.459955
-0.360586
-0.254934
-0.144677
-0.031095
0.0839106
0.197464
0.289853
0.324645
0.253151
0.0558428
-0.133529
-0.295813
-0.371717
-0.385818
-0.386808
-0.386653
-0.680265
-0.644564
-0.577046
-0.488817
-0.390028
-0.285401
-0.176794
-0.0657842
0.0451636
0.152036
0.234359
0.253473
0.142781
-0.0391587
-0.217409
-0.345885
-0.375652
-0.376401
-0.377048
-0.376643
-0.71093
-0.674922
-0.607316
-0.519427
-0.421401
-0.318069
-0.211459
-0.103429
0.00299794
0.102584
0.174667
0.174216
0.0450518
-0.12628
-0.283192
-0.356497
-0.372148
-0.370927
-0.370917
-0.370614
-0.74264
-0.706505
-0.638958
-0.551559
-0.454522
-0.352786
-0.248529
-0.143916
-0.0423666
0.0495371
0.111177
0.0942362
-0.0446959
-0.203289
-0.32806
-0.365751
-0.365935
-0.36667
-0.366658
-0.366454
-0.77495
-0.738784
-0.671483
-0.584798
-0.489041
-0.389232
-0.287721
-0.186968
-0.0906365
-0.00615432
0.0426692
0.0187401
-0.125586
-0.265456
-0.357177
-0.364298
-0.364891
-0.364614
-0.36432
-0.364119
-0.806894
-0.770884
-0.704166
-0.618507
-0.524403
-0.426923
-0.328568
-0.232086
-0.141387
-0.0636048
-0.0258251
-0.0564838
-0.194155
-0.310957
-0.368054
-0.37533
-0.367124
-0.364346
-0.363422
-0.363009
-0.836712
-0.801523
-0.735968
-0.651795
-0.559823
-0.465145
-0.370389
-0.278526
-0.193831
-0.122356
-0.0892928
-0.133537
-0.248292
-0.344327
-0.369216
-0.369183
-0.367196
-0.365542
-0.364671
-0.364167
-0.863258
-0.829186
-0.765484
-0.683455
-0.594233
-0.50295
-0.412295
-0.325361
-0.246702
-0.181878
-0.150948
-0.199464
-0.286958
-0.356489
-0.380813
-0.370469
-0.367707
-0.36663
-0.366066
-0.365792
-0.883852
-0.851769
-0.79095
-0.711957
-0.626308
-0.539143
-0.453168
-0.371518
-0.298697
-0.240343
-0.212018
-0.250561
-0.31135
-0.352158
-0.359603
-0.363639
-0.364384
-0.364659
-0.364839
-0.364917
-0.896432
-0.867147
-0.810285
-0.735547
-0.654512
-0.572326
-0.491692
-0.415733
-0.34872
-0.295151
-0.267675
-0.29415
-0.328291
-0.353311
-0.354952
-0.360809
-0.363434
-0.364163
-0.364513
-0.364573
-0.898295
-0.87293
-0.821378
-0.752365
-0.6772
-0.601026
-0.526441
-0.456514
-0.395588
-0.345706
-0.314132
-0.334531
-0.346418
-0.360748
-0.364044
-0.36561
-0.367127
-0.367736
-0.367969
-0.367987
-0.887112
-0.86654
-0.822091
-0.760658
-0.692883
-0.623865
-0.556064
-0.492365
-0.437553
-0.393213
-0.349181
-0.373173
-0.364284
-0.371812
-0.374664
-0.373607
-0.373743
-0.37418
-0.374309
-0.374312
-0.860529
-0.845466
-0.810532
-0.759182
-0.700502
-0.639828
-0.579525
-0.522229
-0.472741
-0.435884
-0.388821
-0.39118
-0.390911
-0.395427
-0.386842
-0.384902
-0.383179
-0.382423
-0.382052
-0.381992
-0.821986
-0.812376
-0.787837
-0.748177
-0.700057
-0.648638
-0.596279
-0.545451
-0.500622
-0.469537
-0.43925
-0.418279
-0.403343
-0.423547
-0.424595
-0.404239
-0.389635
-0.385197
-0.384667
-0.384571
-0.778524
-0.773054
-0.75894
-0.730721
-0.693611
-0.651167
-0.606381
-0.561629
-0.520884
-0.490838
-0.462775
-0.435218
-0.402568
-0.381727
-0.363587
-0.363167
-0.37626
-0.385251
-0.387886
-0.387853
-0.740075
-0.73675
-0.730051
-0.712148
-0.684079
-0.649226
-0.610861
-0.570804
-0.531975
-0.499884
-0.473306
-0.445481
-0.412634
-0.382472
-0.379522
-0.411829
-0.432869
-0.431647
-0.4288
-0.433005
-0.71239
-0.710419
-0.706995
-0.696434
-0.675171
-0.645939
-0.611707
-0.573929
-0.534813
-0.499648
-0.472137
-0.454101
-0.474308
-0.53757
-0.621001
-0.69345
-0.717877
-0.691338
-0.641047
-0.626769
-0.692069
-0.691369
-0.690206
-0.684993
-0.669489
-0.643963
-0.611108
-0.573328
-0.531774
-0.489915
-0.459523
-0.441631
-0.468077
-0.553019
-0.679
-0.715539
-0.693029
-0.649849
-0.598851
-0.573382
-0.680242
-0.68001
-0.679393
-0.676947
-0.666399
-0.643078
-0.609917
-0.570327
-0.5242
-0.473238
-0.431083
-0.377256
-0.335582
-0.305071
-0.326133
-0.338424
-0.282449
-0.213159
-0.156731
-0.129304
-0.672107
-0.671955
-0.671541
-0.670811
-0.664403
-0.643351
-0.609516
-0.566512
-0.514925
-0.452958
-0.388703
-0.306495
-0.173102
0.00570845
0.189717
0.36056
0.480773
0.543358
0.574615
0.585455
-0.666841
-0.666802
-0.666691
-0.666561
-0.662696
-0.644993
-0.610138
-0.563007
-0.505903
-0.432884
-0.350261
-0.253573
-0.0660862
0.219656
0.525362
0.802178
0.986048
1.06632
1.0822
1.08232
-0.662475
-0.662531
-0.662576
-0.662611
-0.661222
-0.64702
-0.611784
-0.561433
-0.499216
-0.418626
-0.324024
-0.220472
-0.0236826
0.266317
0.574492
0.853211
1.05129
1.14854
1.18427
1.19465
-0.658549
-0.658627
-0.658568
-0.658315
-0.65792
-0.648055
-0.615156
-0.563793
-0.497238
-0.412411
-0.313172
-0.209265
-0.0299559
0.24227
0.531943
0.792904
0.986252
1.09562
1.14515
1.16199
-0.656429
-0.65631
-0.655696
-0.654378
-0.65363
-0.647563
-0.620913
-0.570978
-0.500949
-0.414335
-0.317427
-0.219837
-0.0655225
0.1807
0.440313
0.675893
0.866953
0.985298
1.03602
1.04948
-0.657492
-0.657433
-0.657248
-0.656565
-0.654974
-0.653229
-0.633323
-0.582124
-0.509222
-0.424943
-0.334959
-0.248201
-0.131616
0.0783779
0.304487
0.498486
0.657157
0.758251
0.799701
0.809249
-0.660565
-0.661543
-0.664427
-0.670365
-0.676543
-0.677145
-0.654543
-0.594056
-0.521495
-0.444397
-0.359635
-0.282477
-0.193872
-0.0277779
0.152842
0.30085
0.418972
0.492259
0.52013
0.525562
-0.664239
-0.666119
-0.671809
-0.685048
-0.704357
-0.709361
-0.671825
-0.603287
-0.539076
-0.469025
-0.387741
-0.320007
-0.254746
-0.129899
0.00852808
0.116745
0.198963
0.247633
0.265585
0.267968
-0.677084
-0.678483
-0.681983
-0.684699
-0.685735
-0.686319
-0.651758
-0.604598
-0.560121
-0.493132
-0.417424
-0.358264
-0.308509
-0.217762
-0.11659
-0.0400373
0.015871
0.046745
0.0573596
0.0586992
-0.700249
-0.700794
-0.700213
-0.676796
-0.622519
-0.58523
-0.595173
-0.603229
-0.57919
-0.514459
-0.445775
-0.394775
-0.354989
-0.285589
-0.211313
-0.159015
-0.123552
-0.105085
-0.0987294
-0.0978636
-0.725774
-0.72454
-0.719746
-0.687873
-0.619244
-0.567348
-0.590948
-0.630227
-0.603757
-0.535074
-0.471432
-0.428691
-0.393379
-0.340268
-0.284738
-0.245825
-0.220994
-0.207896
-0.203082
-0.202536
-0.77413
-0.771654
-0.782679
-0.798338
-0.802417
-0.772724
-0.754557
-0.725211
-0.651539
-0.55887
-0.496555
-0.454712
-0.422914
-0.377242
-0.331174
-0.299744
-0.279248
-0.268204
-0.264283
-0.264085
-0.896332
-0.908057
-0.952618
-1.01126
-1.03829
-1.02058
-0.959489
-0.849398
-0.706887
-0.584844
-0.518594
-0.469478
-0.44168
-0.403471
-0.360824
-0.330504
-0.310202
-0.298965
-0.295379
-0.295556
-1.02745
-1.04714
-1.09291
-1.13825
-1.16219
-1.1442
-1.0693
-0.911915
-0.727045
-0.601656
-0.522277
-0.470602
-0.447824
-0.410449
-0.370258
-0.342485
-0.323064
-0.312208
-0.308869
-0.309279
-1.0524
-1.06955
-1.09992
-1.13187
-1.15196
-1.13718
-1.05631
-0.871111
-0.699304
-0.58725
-0.49739
-0.457715
-0.437973
-0.39954
-0.362596
-0.338553
-0.321682
-0.312967
-0.310249
-0.310756
-0.940633
-0.953411
-0.977953
-1.00583
-1.02498
-1.01348
-0.934491
-0.771172
-0.637596
-0.527445
-0.456046
-0.425292
-0.404024
-0.372347
-0.342939
-0.322944
-0.308828
-0.301518
-0.299307
-0.299835
-0.708783
-0.722697
-0.749802
-0.783751
-0.810332
-0.805406
-0.736375
-0.631032
-0.533159
-0.44771
-0.405519
-0.372338
-0.355952
-0.331871
-0.308995
-0.293582
-0.282807
-0.277106
-0.275424
-0.276065
-0.406593
-0.418815
-0.444286
-0.480446
-0.513427
-0.524029
-0.495929
-0.452063
-0.401237
-0.367044
-0.337356
-0.312663
-0.302462
-0.283966
-0.267598
-0.256543
-0.247517
-0.242571
-0.241507
-0.242339
-0.126997
-0.134803
-0.15346
-0.184633
-0.224238
-0.256278
-0.277314
-0.285278
-0.285506
-0.277912
-0.26347
-0.255449
-0.248298
-0.236209
-0.225498
-0.216723
-0.208872
-0.204874
-0.20428
-0.205169
0.0506369
0.0459887
0.0327917
0.00645597
-0.0336213
-0.0847296
-0.133933
-0.169075
-0.188803
-0.197959
-0.202414
-0.198993
-0.198751
-0.191589
-0.184302
-0.177411
-0.171212
-0.16839
-0.168214
-0.169119
0.120141
0.116972
0.107032
0.0853268
0.049499
0.00380153
-0.044832
-0.0889749
-0.119922
-0.1375
-0.145983
-0.14862
-0.153424
-0.149285
-0.144601
-0.140776
-0.137906
-0.136896
-0.137109
-0.137884
0.118087
0.115938
0.108772
0.0929593
0.0659893
0.0297817
-0.0085274
-0.0426836
-0.0678619
-0.0850043
-0.0967069
-0.103799
-0.109112
-0.106366
-0.105359
-0.10558
-0.107019
-0.108394
-0.1087
-0.109106
0.0781182
0.0768726
0.072716
0.0634303
0.047836
0.0273192
0.00424097
-0.0172592
-0.0330866
-0.0444397
-0.0534171
-0.0581979
-0.0624314
-0.060533
-0.0617884
-0.0652943
-0.0698487
-0.0727017
-0.0728813
-0.0728032
0.0187387
0.0187231
0.0189143
0.01764
0.01438
0.0095138
0.00431522
-0.000712405
-0.0051043
-0.00805913
-0.00937099
-0.0116479
-0.0116663
-0.0116502
-0.0142975
-0.0164949
-0.0196421
-0.0209314
-0.019027
-0.0177295
-0.0126223
0.173866
0.344702
0.488861
0.603438
0.693016
0.766951
0.826897
0.841682
0.838475
0.27193
0.391248
0.502856
0.599237
0.679911
0.74616
0.798213
0.833387
0.85227
0.86907
0.464327
0.543646
0.621984
0.69057
0.748847
0.79708
0.835096
0.8642
0.886166
0.905433
0.606725
0.663077
0.719768
0.770559
0.814364
0.85164
0.882977
0.909326
0.929361
0.948261
0.721698
0.764097
0.806164
0.845557
0.880788
0.911976
0.939288
0.962475
0.980288
0.998358
0.817394
0.852556
0.887178
0.920387
0.95102
0.978797
1.00336
1.02402
1.03967
1.05715
0.904809
0.936447
0.968351
0.999221
1.02795
1.05408
1.07701
1.09582
1.10964
1.12665
0.991171
1.02355
1.05575
1.08676
1.11537
1.14102
1.16303
1.18047
1.19279
1.2093
1.0852
1.12155
1.1562
1.18855
1.21761
1.24287
1.2639
1.28012
1.29168
1.30781
1.19813
1.23881
1.27572
1.30853
1.33692
1.36084
1.3804
1.39563
1.40749
1.42355
1.33957
1.38051
1.41569
1.44518
1.47032
1.49189
1.51036
1.52582
1.53891
1.55485
1.51095
1.54306
1.56999
1.59232
1.61238
1.63109
1.64881
1.66556
1.68046
1.69618
1.6971
1.71432
1.73142
1.7481
1.76418
1.77891
1.7928
1.80728
1.82251
1.8398
1.88048
1.89041
1.90359
1.91457
1.92397
1.93363
1.94423
1.9544
1.96369
1.98935
2.09831
2.09261
2.07966
2.06541
2.0591
2.0648
2.08295
2.11147
2.14523
2.18155
2.40113
2.26519
2.18567
2.14313
2.1258
2.12979
2.15721
2.21508
2.32274
2.50114
0.758254
0.751952
0.744224
0.733112
0.719545
0.706904
0.696517
0.688521
0.682826
0.679528
0.67922
0.682095
0.687363
0.694747
0.704315
0.716158
0.72973
0.742666
0.75166
0.759203
0.667311
0.673231
0.681306
0.687443
0.690517
0.690013
0.686939
0.682961
0.679397
0.677148
0.67706
0.679361
0.683153
0.687628
0.691751
0.694011
0.692949
0.688321
0.681271
0.67344
0.660542
0.662915
0.666185
0.668963
0.671421
0.67362
0.674813
0.674686
0.673776
0.673009
0.673277
0.674746
0.676572
0.677834
0.677784
0.676336
0.674192
0.671841
0.668866
0.665851
0.655726
0.656815
0.658735
0.661079
0.66296
0.664371
0.665605
0.666621
0.667254
0.667679
0.668296
0.669103
0.669621
0.669543
0.668945
0.668045
0.666732
0.664775
0.662676
0.661202
0.650667
0.651301
0.652434
0.654199
0.656054
0.657662
0.658933
0.660025
0.661046
0.662
0.662861
0.663457
0.663656
0.663498
0.662998
0.662053
0.660647
0.659053
0.657726
0.656927
0.645698
0.646136
0.646929
0.648243
0.649778
0.65136
0.652862
0.654191
0.655393
0.656547
0.657589
0.658282
0.658536
0.65836
0.657742
0.656778
0.655652
0.654528
0.653637
0.653106
0.640806
0.641133
0.64175
0.642831
0.644144
0.645565
0.647073
0.648587
0.650035
0.651417
0.652671
0.653527
0.653846
0.653674
0.653134
0.652396
0.651584
0.650755
0.650108
0.649719
0.635966
0.636219
0.636718
0.637643
0.638836
0.640171
0.641628
0.643204
0.644849
0.646506
0.648031
0.649084
0.64954
0.649532
0.649222
0.648733
0.648143
0.647547
0.647083
0.646786
0.631104
0.631305
0.631721
0.632538
0.633657
0.634951
0.636402
0.638032
0.639833
0.641755
0.643601
0.644947
0.645666
0.645925
0.645874
0.645625
0.645254
0.644858
0.644536
0.644303
0.626131
0.626292
0.62665
0.627397
0.628475
0.629757
0.631247
0.632974
0.634951
0.637157
0.639384
0.641129
0.642208
0.642787
0.643014
0.643016
0.642872
0.642662
0.642458
0.642273
0.620957
0.621087
0.621404
0.622108
0.623175
0.624491
0.626061
0.627932
0.630142
0.632695
0.635388
0.637625
0.639136
0.640086
0.640632
0.640905
0.64099
0.640961
0.640861
0.640711
0.615486
0.615591
0.615881
0.616569
0.617661
0.619054
0.62075
0.622821
0.625337
0.628329
0.631594
0.634422
0.636443
0.637824
0.638732
0.639302
0.63964
0.639791
0.63978
0.639657
0.609619
0.609701
0.609975
0.610673
0.611825
0.613338
0.615215
0.617558
0.620464
0.624004
0.627968
0.631508
0.634134
0.636017
0.637341
0.638266
0.638874
0.639203
0.639273
0.639171
0.603236
0.603299
0.603568
0.604297
0.605546
0.607227
0.609351
0.612047
0.615447
0.619663
0.624477
0.628872
0.632221
0.634698
0.636501
0.637822
0.638738
0.639261
0.63941
0.639324
0.596201
0.596244
0.596516
0.597299
0.598686
0.60059
0.603037
0.606181
0.610198
0.615245
0.621089
0.626512
0.630719
0.633898
0.636271
0.638044
0.639315
0.64005
0.640276
0.640202
0.588358
0.588375
0.58865
0.589511
0.591077
0.59327
0.596127
0.599836
0.60462
0.610684
0.617775
0.624427
0.629652
0.633659
0.636707
0.639028
0.640699
0.641662
0.641965
0.641899
0.579442
0.579454
0.579754
0.580717
0.582516
0.585075
0.588449
0.592864
0.598597
0.605907
0.614502
0.622619
0.62905
0.634033
0.637875
0.640846
0.642981
0.644195
0.644574
0.644511
0.56919
0.569176
0.569519
0.570634
0.572736
0.575763
0.57979
0.58509
0.592
0.600835
0.611244
0.621097
0.628946
0.635079
0.639858
0.643583
0.646255
0.647739
0.648192
0.648128
0.557256
0.557222
0.557614
0.558917
0.561397
0.565025
0.569885
0.576304
0.584682
0.595387
0.607974
0.619876
0.629379
0.63685
0.642729
0.647324
0.650602
0.65237
0.652888
0.652817
0.543133
0.543075
0.543549
0.545105
0.548071
0.552475
0.558409
0.566257
0.576482
0.589484
0.60468
0.61898
0.630386
0.639392
0.646547
0.652132
0.656075
0.658126
0.658693
0.658609
0.526118
0.526039
0.526641
0.528552
0.532171
0.53761
0.544962
0.554667
0.56724
0.583074
0.601372
0.618442
0.632011
0.642754
0.65133
0.658028
0.66268
0.664987
0.665577
0.665471
0.505218
0.505123
0.505931
0.508359
0.512897
0.519772
0.529056
0.541235
0.556825
0.576146
0.598098
0.61831
0.634294
0.646958
0.657088
0.665001
0.670349
0.672847
0.67342
0.673285
0.478907
0.478812
0.479969
0.483203
0.48914
0.49811
0.510144
0.525696
0.545188
0.568773
0.594959
0.618667
0.63727
0.652004
0.663809
0.672969
0.678919
0.681494
0.682001
0.681832
0.444728
0.444686
0.446469
0.451091
0.459379
0.471656
0.487745
0.507942
0.532437
0.561137
0.592117
0.619619
0.640984
0.657882
0.671407
0.68176
0.688111
0.690597
0.690982
0.690779
0.398303
0.398483
0.401653
0.409197
0.421877
0.439598
0.461722
0.488202
0.51892
0.553558
0.5898
0.621295
0.645494
0.664552
0.679768
0.691122
0.697528
0.699711
0.699935
0.699708
0.331444
0.33288
0.340604
0.354897
0.375676
0.402074
0.432717
0.467183
0.505227
0.546456
0.588253
0.623803
0.650808
0.671939
0.688611
0.700572
0.706609
0.708284
0.708343
0.708121
0.251641
0.254449
0.269486
0.294173
0.326056
0.362699
0.402541
0.445403
0.491154
0.539488
0.587526
0.627875
0.658366
0.68208
0.700333
0.712466
0.717857
0.719101
0.719099
0.718966
0.169932
0.177259
0.199854
0.234919
0.277535
0.324191
0.373224
0.424513
0.477995
0.533407
0.587638
0.632686
0.666506
0.692732
0.712443
0.724263
0.728536
0.729214
0.729158
0.729079
0.103122
0.112484
0.139884
0.182288
0.233309
0.288434
0.345734
0.404903
0.465728
0.527838
0.58782
0.637092
0.673785
0.701936
0.722376
0.73367
0.737274
0.737786
0.73774
0.737685
0.0483588
0.0584637
0.0895205
0.13736
0.194709
0.256583
0.320808
0.386877
0.454346
0.52264
0.587929
0.641052
0.680253
0.709956
0.730901
0.741775
0.744962
0.745387
0.745362
0.745324
0.00252646
0.0129639
0.0465188
0.0985898
0.161109
0.228575
0.298636
0.370672
0.444055
0.517997
0.588206
0.644879
0.68634
0.717379
0.738661
0.749141
0.752062
0.75247
0.752478
0.75246
-0.0368422
-0.0262672
0.0091461
0.0645997
0.131434
0.203702
0.278853
0.35617
0.434899
0.514043
0.588879
0.648882
0.692435
0.72462
0.746077
0.756228
0.758993
0.759413
0.759475
0.759487
-0.07146
-0.060848
-0.0239871
0.0342662
0.104776
0.181221
0.260901
0.34301
0.426682
0.510727
0.589985
0.653216
0.698745
0.731995
0.753628
0.763528
0.766154
0.766618
0.766757
0.766813
-0.102606
-0.0919853
-0.0539716
0.00669033
0.0804038
0.160529
0.24427
0.330783
0.419086
0.507843
0.591421
0.657854
0.705367
0.739709
0.761599
0.771368
0.773976
0.774485
0.774663
0.774757
-0.1313
-0.12065
-0.0816198
-0.0188237
0.0577427
0.141141
0.228549
0.319125
0.411811
0.505128
0.593022
0.662707
0.71232
0.747875
0.770186
0.779978
0.782563
0.783049
0.783244
0.783368
-0.158126
-0.147432
-0.107484
-0.0427699
0.036332
0.122672
0.213419
0.30775
0.404588
0.502363
0.59461
0.667676
0.71949
0.756377
0.779241
0.789176
0.791754
0.792184
0.792353
0.792481
-0.183569
-0.172808
-0.131999
-0.0655414
0.0158387
0.104833
0.198629
0.29644
0.397212
0.499354
0.596021
0.672624
0.726757
0.76505
0.788521
0.798611
0.801191
0.801541
0.801653
0.80176
-0.208008
-0.19709
-0.155472
-0.0874091
-0.00397387
0.0874122
0.183996
0.285035
0.389519
0.495924
0.597096
0.67742
0.733994
0.773696
0.797786
0.807963
0.8105
0.810764
0.810802
0.810881
-0.231574
-0.220472
-0.178081
-0.108558
-0.02327
0.0702818
0.1694
0.273413
0.381386
0.491918
0.597675
0.681952
0.741131
0.782221
0.806768
0.816937
0.819371
0.819534
0.819497
0.819544
-0.254455
-0.243117
-0.199982
-0.129091
-0.0421418
0.0533535
0.154765
0.261501
0.372731
0.48723
0.597611
0.686112
0.748131
0.790591
0.81537
0.825335
0.827572
0.827632
0.827536
0.827554
-0.276651
-0.265097
-0.22124
-0.149068
-0.0606343
0.0365927
0.140068
0.249272
0.363504
0.481766
0.596767
0.689775
0.754996
0.79893
0.823683
0.83311
0.835021
0.834967
0.834829
0.834826
-0.298248
-0.286451
-0.241852
-0.168512
-0.0787659
0.0199919
0.125305
0.236731
0.353695
0.475473
0.595019
0.692815
0.761718
0.807413
0.831961
0.840436
0.841728
0.841515
0.841372
0.841365
-0.319131
-0.307149
-0.261825
-0.187436
-0.0965272
0.00358812
0.110504
0.223902
0.343322
0.468336
0.592263
0.695082
0.768238
0.816257
0.840672
0.847719
0.847864
0.847306
0.847232
0.847296
-0.339427
-0.327189
-0.281161
-0.205843
-0.113912
-0.0126075
0.0957258
0.21083
0.332427
0.460378
0.588425
0.696404
0.774417
0.825563
0.850383
0.855835
0.854084
0.852563
0.852589
0.853018
-0.359
-0.346528
-0.299867
-0.223706
-0.130861
-0.0285314
0.0810312
0.197609
0.32108
0.451618
0.583465
0.6966
0.780025
0.835217
0.861498
0.866012
0.862024
0.858499
0.858059
0.859206
-0.377964
-0.365222
-0.317901
-0.240982
-0.147353
-0.0441323
0.0664901
0.184299
0.309361
0.44215
0.577382
0.69547
0.784763
0.844842
0.873826
0.879024
0.873874
0.867658
0.862927
0.856178
-0.396215
-0.383273
-0.335355
-0.257839
-0.16361
-0.0596831
0.0517826
0.170521
0.296864
0.431536
0.569758
0.692587
0.788443
0.854479
0.887269
0.895071
0.890684
0.881526
0.869121
0.868804
-0.413718
-0.400762
-0.352242
-0.274231
-0.179627
-0.0751542
0.0369288
0.156243
0.283536
0.419616
0.560345
0.687338
0.790135
0.86328
0.900014
0.910691
0.906993
0.897316
0.861763
0.823915
-0.430285
-0.417548
-0.368523
-0.290039
-0.19541
-0.090559
0.0219165
0.141584
0.26942
0.406387
0.548984
0.679218
0.78839
0.869978
0.90983
0.918076
0.912631
0.885189
0.831284
0.777414
-0.448606
-0.43251
-0.383944
-0.304814
-0.210672
-0.105658
0.00637742
0.12658
0.254594
0.391939
0.535556
0.667843
0.781141
0.874062
0.915212
0.922468
0.888757
0.834191
0.765805
0.705746
-0.437635
-0.413394
-0.36017
-0.276889
-0.175679
-0.0675268
0.0502896
0.174153
0.306372
0.449563
0.589807
0.71184
0.818462
0.906454
0.918645
0.843142
0.785813
0.718166
0.649504
0.605868
-0.451143
-0.44335
-0.402436
-0.328474
-0.234272
-0.130154
-0.0177228
0.102315
0.230067
0.367003
0.510287
0.643171
0.755432
0.850541
0.905657
0.874326
0.758443
0.675509
0.613607
0.538711
-0.471842
-0.461232
-0.416823
-0.34142
-0.246676
-0.143048
-0.031622
0.0875175
0.214516
0.35042
0.492582
0.624713
0.733744
0.815828
0.833291
0.736607
0.602964
0.51549
0.447795
0.371048
-0.494378
-0.482632
-0.435136
-0.358867
-0.264177
-0.160317
-0.0487752
0.0702154
0.196477
0.331166
0.470859
0.599079
0.698553
0.761871
0.733394
0.592081
0.450141
0.348554
0.267611
0.158253
-0.516524
-0.504766
-0.455623
-0.378245
-0.283556
-0.179597
-0.0681571
0.0503213
0.175561
0.308492
0.444849
0.567244
0.656861
0.694063
0.622175
0.444032
0.280049
0.150907
0.0452028
-0.095947
-0.538491
-0.526803
-0.476636
-0.398254
-0.303274
-0.199347
-0.0883139
0.0293223
0.153216
0.283884
0.416203
0.531628
0.611918
0.610222
0.486703
0.294803
0.104183
-0.0638199
-0.206455
-0.452927
-0.560723
-0.549204
-0.49844
-0.419404
-0.324159
-0.22025
-0.109666
0.00705887
0.129408
0.25743
0.385123
0.491661
0.558456
0.524237
0.354109
0.152836
-0.0524525
-0.231851
-0.40123
-0.658747
-0.583801
-0.572433
-0.521412
-0.441987
-0.346578
-0.242712
-0.132568
-0.0167738
0.103897
0.228945
0.351549
0.4483
0.49728
0.436588
0.2326
0.0259647
-0.176278
-0.347461
-0.433916
-0.482662
-0.608412
-0.597131
-0.545912
-0.466308
-0.370947
-0.267321
-0.157806
-0.0432213
0.0753629
0.19678
0.313426
0.400284
0.426493
0.320885
0.118257
-0.0852484
-0.264949
-0.378529
-0.414156
-0.419975
-0.634741
-0.623482
-0.572055
-0.492375
-0.397213
-0.29404
-0.185413
-0.0723588
0.0436833
0.160796
0.270528
0.346846
0.340622
0.206358
0.0107403
-0.178342
-0.329191
-0.382559
-0.391859
-0.394223
-0.662931
-0.65161
-0.599905
-0.520205
-0.425378
-0.322881
-0.21541
-0.104248
0.0088045
0.121024
0.222865
0.287592
0.256257
0.0976749
-0.085118
-0.260208
-0.35817
-0.380884
-0.381186
-0.381369
-0.692862
-0.681448
-0.629431
-0.549778
-0.455417
-0.35381
-0.2478
-0.138896
-0.0292662
0.0774836
0.170821
0.221424
0.179229
-0.000958584
-0.169508
-0.31705
-0.369544
-0.372494
-0.373598
-0.373673
-0.724172
-0.712698
-0.660424
-0.580935
-0.487208
-0.386735
-0.282502
-0.176242
-0.0704712
0.0303893
0.114658
0.152574
0.0927401
-0.0869798
-0.243407
-0.34505
-0.368144
-0.368571
-0.368633
-0.368513
-0.756411
-0.744904
-0.692496
-0.613335
-0.520456
-0.421407
-0.319288
-0.216086
-0.114611
-0.0197889
0.054807
0.080776
-0.00148342
-0.163052
-0.302169
-0.352166
-0.363971
-0.36495
-0.365336
-0.365271
-0.78882
-0.77738
-0.725016
-0.646411
-0.554683
-0.457403
-0.357792
-0.258058
-0.161331
-0.0725875
-0.00694093
0.0026657
-0.0858272
-0.226178
-0.338683
-0.375544
-0.368105
-0.365266
-0.364031
-0.363649
-0.820327
-0.809051
-0.757054
-0.679347
-0.589177
-0.494098
-0.397425
-0.301565
-0.209978
-0.127588
-0.0681383
-0.0714558
-0.159844
-0.278047
-0.35787
-0.373545
-0.369231
-0.365666
-0.364244
-0.363634
-0.849042
-0.838225
-0.787255
-0.711019
-0.622962
-0.530623
-0.437396
-0.345817
-0.259609
-0.183843
-0.12905
-0.137115
-0.221819
-0.312972
-0.371229
-0.371574
-0.368806
-0.367106
-0.366068
-0.365479
-0.873454
-0.86335
-0.814009
-0.739944
-0.654756
-0.565845
-0.476671
-0.389826
-0.309107
-0.239807
-0.190841
-0.194834
-0.267712
-0.329974
-0.362621
-0.37047
-0.366756
-0.366116
-0.36591
-0.365781
-0.890972
-0.881793
-0.835152
-0.764319
-0.683023
-0.598404
-0.513994
-0.432388
-0.357364
-0.293903
-0.249717
-0.247754
-0.299953
-0.337646
-0.351192
-0.35784
-0.362494
-0.363668
-0.364157
-0.364393
-0.89942
-0.891122
-0.848315
-0.782183
-0.70603
-0.626779
-0.547955
-0.472116
-0.403104
-0.345025
-0.302054
-0.29765
-0.328004
-0.346924
-0.359594
-0.360802
-0.364248
-0.365438
-0.365894
-0.366017
-0.894891
-0.887933
-0.851644
-0.791583
-0.722015
-0.649455
-0.577133
-0.507572
-0.444669
-0.392494
-0.349018
-0.339358
-0.356757
-0.359077
-0.367703
-0.368611
-0.369754
-0.370494
-0.370842
-0.370911
-0.875611
-0.870822
-0.842623
-0.790976
-0.72965
-0.66514
-0.600329
-0.537516
-0.480439
-0.434595
-0.396294
-0.377828
-0.375291
-0.362831
-0.376508
-0.378138
-0.378308
-0.37856
-0.37853
-0.378416
-0.842308
-0.838947
-0.819986
-0.779557
-0.72836
-0.673199
-0.616779
-0.561094
-0.509663
-0.46889
-0.443157
-0.411602
-0.396957
-0.400422
-0.405322
-0.399397
-0.390756
-0.386005
-0.384744
-0.384486
-0.800098
-0.797996
-0.787416
-0.759619
-0.719446
-0.67422
-0.626404
-0.577927
-0.532009
-0.494757
-0.470359
-0.444373
-0.410798
-0.409245
-0.410367
-0.396189
-0.389381
-0.386197
-0.385309
-0.385199
-0.757878
-0.756645
-0.751636
-0.735707
-0.706631
-0.670108
-0.630185
-0.588125
-0.546617
-0.510579
-0.484524
-0.457845
-0.421588
-0.378571
-0.347149
-0.337838
-0.360912
-0.386057
-0.39605
-0.399625
-0.724541
-0.723861
-0.721319
-0.712492
-0.692775
-0.664086
-0.630057
-0.592587
-0.553483
-0.516623
-0.488632
-0.461424
-0.446246
-0.440697
-0.45973
-0.514527
-0.568613
-0.575964
-0.537867
-0.521956
-0.701263
-0.700582
-0.699224
-0.695629
-0.68246
-0.65924
-0.628644
-0.593233
-0.554222
-0.513776
-0.480818
-0.455007
-0.461431
-0.526012
-0.644075
-0.721361
-0.742969
-0.726935
-0.680159
-0.641404
-0.685596
-0.685364
-0.684831
-0.682978
-0.675753
-0.656717
-0.627712
-0.59191
-0.550459
-0.504981
-0.46394
-0.426021
-0.410473
-0.431154
-0.500618
-0.580388
-0.577963
-0.522881
-0.461036
-0.417041
-0.675761
-0.67572
-0.67539
-0.674779
-0.671277
-0.655813
-0.627316
-0.589437
-0.544677
-0.492221
-0.435448
-0.382013
-0.295541
-0.195305
-0.100657
-0.0329295
0.0471433
0.124816
0.182388
0.216449
-0.66923
-0.669207
-0.668977
-0.668754
-0.66715
-0.655974
-0.628028
-0.587707
-0.538482
-0.478101
-0.406083
-0.330692
-0.206458
0.00108856
0.263456
0.529798
0.735035
0.838887
0.878878
0.885318
-0.664549
-0.664569
-0.664555
-0.664476
-0.663938
-0.656915
-0.630341
-0.587546
-0.533662
-0.466575
-0.381214
-0.289987
-0.148451
0.106825
0.419394
0.719897
0.968828
1.11181
1.16221
1.17259
-0.660403
-0.6605
-0.660618
-0.660718
-0.660889
-0.656619
-0.633145
-0.590047
-0.532266
-0.459084
-0.366959
-0.266971
-0.130682
0.110513
0.410086
0.701338
0.937278
1.08202
1.15105
1.17871
-0.657062
-0.657151
-0.656984
-0.656396
-0.655731
-0.654116
-0.636371
-0.595345
-0.534889
-0.457574
-0.364365
-0.263374
-0.140983
0.0822751
0.356191
0.621873
0.850438
1.0067
1.08631
1.11662
-0.656553
-0.656515
-0.656158
-0.6551
-0.653298
-0.651496
-0.642108
-0.6047
-0.541859
-0.463047
-0.373078
-0.277681
-0.17795
0.0111029
0.258127
0.489467
0.687224
0.83626
0.913292
0.938452
-0.658852
-0.659099
-0.659677
-0.661208
-0.662811
-0.663283
-0.657224
-0.618025
-0.551848
-0.475591
-0.391302
-0.304191
-0.223842
-0.0762394
0.128947
0.318888
0.472975
0.588165
0.647063
0.664967
-0.661651
-0.662698
-0.665474
-0.673034
-0.686185
-0.697282
-0.684694
-0.63359
-0.563886
-0.494851
-0.415701
-0.334585
-0.268988
-0.157777
0.00313223
0.146586
0.259661
0.340797
0.379699
0.390772
-0.668257
-0.669458
-0.672337
-0.679711
-0.694658
-0.707575
-0.693727
-0.637088
-0.577142
-0.518308
-0.442237
-0.36813
-0.31456
-0.235349
-0.114396
-0.0087918
0.0710733
0.125802
0.150365
0.156565
-0.687881
-0.688445
-0.690195
-0.687748
-0.668611
-0.648068
-0.636282
-0.614022
-0.590409
-0.540392
-0.467137
-0.401538
-0.356266
-0.296941
-0.207554
-0.132926
-0.0794592
-0.0451632
-0.0301394
-0.0260247
-0.712957
-0.712976
-0.712587
-0.699455
-0.644252
-0.56868
-0.556686
-0.597773
-0.606661
-0.560395
-0.489802
-0.433658
-0.39422
-0.348596
-0.28058
-0.226619
-0.190211
-0.168277
-0.158994
-0.15638
-0.743948
-0.741734
-0.739333
-0.735052
-0.704783
-0.665517
-0.640595
-0.668088
-0.653074
-0.587298
-0.511673
-0.46186
-0.426348
-0.387025
-0.333696
-0.291818
-0.264323
-0.247613
-0.239793
-0.23775
-0.828973
-0.82521
-0.841911
-0.882688
-0.923388
-0.922009
-0.886634
-0.831046
-0.738886
-0.621778
-0.536502
-0.484839
-0.447586
-0.415672
-0.368839
-0.331098
-0.306176
-0.290749
-0.283893
-0.282394
-0.970507
-0.973469
-1.00875
-1.06653
-1.10857
-1.11563
-1.07203
-0.971198
-0.806914
-0.650488
-0.557231
-0.494431
-0.457662
-0.430289
-0.387666
-0.351712
-0.327712
-0.311962
-0.305012
-0.303772
-1.056
-1.06332
-1.09371
-1.13392
-1.166
-1.17241
-1.12646
-1.00181
-0.80116
-0.652975
-0.553829
-0.48414
-0.455817
-0.428119
-0.385633
-0.353181
-0.331893
-0.317743
-0.311917
-0.311019
-1.01209
-1.01848
-1.03926
-1.06784
-1.09316
-1.09917
-1.05934
-0.924188
-0.739122
-0.616294
-0.514586
-0.45656
-0.435102
-0.406922
-0.370093
-0.34293
-0.324031
-0.311992
-0.307075
-0.306417
-0.835124
-0.842408
-0.862284
-0.891559
-0.920048
-0.931128
-0.893661
-0.773439
-0.647088
-0.536461
-0.454024
-0.415712
-0.389892
-0.368072
-0.339085
-0.317497
-0.302523
-0.293273
-0.28952
-0.289095
-0.558296
-0.566381
-0.586794
-0.620196
-0.65625
-0.675766
-0.651839
-0.580665
-0.506586
-0.431927
-0.391548
-0.355955
-0.335333
-0.320036
-0.297937
-0.282224
-0.270627
-0.262727
-0.259479
-0.259488
-0.255222
-0.261223
-0.277222
-0.305953
-0.343184
-0.372476
-0.381488
-0.372268
-0.351545
-0.332059
-0.311358
-0.289919
-0.279208
-0.268023
-0.251928
-0.241008
-0.231881
-0.22546
-0.223093
-0.223446
-0.0218376
-0.0254156
-0.0356388
-0.0576215
-0.0924287
-0.137549
-0.179918
-0.211396
-0.229075
-0.236476
-0.233
-0.22953
-0.224833
-0.219307
-0.208858
-0.201298
-0.193128
-0.187305
-0.18547
-0.186081
0.0979944
0.0956613
0.0887302
0.0713664
0.039826
-0.00459418
-0.0569184
-0.106421
-0.139534
-0.159798
-0.17178
-0.173866
-0.174394
-0.174269
-0.166913
-0.161305
-0.15594
-0.152581
-0.151677
-0.152342
0.126255
0.124686
0.119667
0.106464
0.0811141
0.0433512
-0.000225367
-0.0427624
-0.0783895
-0.103035
-0.116028
-0.123498
-0.129278
-0.130744
-0.126184
-0.12444
-0.123067
-0.122682
-0.122773
-0.123174
0.101636
0.10066
0.0974581
0.0886183
0.0717134
0.0462987
0.0153541
-0.0152402
-0.0396101
-0.0559958
-0.0690269
-0.0781581
-0.0839996
-0.0853157
-0.0838528
-0.0850246
-0.0881249
-0.0913336
-0.092428
-0.0923255
0.0186278
0.0189175
0.0185201
0.0162552
0.0120942
0.00691051
0.00170397
-0.00282766
-0.00703856
-0.00901859
-0.010381
-0.0118456
-0.0116272
-0.0129535
-0.015119
-0.0180889
-0.020835
-0.0200964
-0.0181659
-0.0472894
-0.634958
-0.20918
0.123065
0.339466
0.497535
0.617307
0.709266
0.784256
0.865837
0.917588
0.0593464
0.22175
0.363542
0.490842
0.597135
0.683419
0.753135
0.807862
0.837557
0.844374
0.334046
0.423472
0.52045
0.607833
0.68241
0.744758
0.794902
0.832157
0.857789
0.877336
0.508499
0.572797
0.640248
0.703122
0.757604
0.803679
0.841583
0.872318
0.896954
0.916376
0.643017
0.690975
0.740119
0.786778
0.828411
0.864729
0.896098
0.923106
0.945197
0.962735
0.751895
0.791024
0.82849
0.865158
0.899344
0.930252
0.957758
0.981686
1.001
1.01704
0.846751
0.878101
0.911157
0.943422
0.97398
1.00213
1.02737
1.04917
1.06633
1.08085
0.933795
0.963429
0.995168
1.02643
1.05606
1.08331
1.10749
1.12791
1.14333
1.15659
1.02167
1.05369
1.08753
1.12003
1.15031
1.17757
1.20119
1.22053
1.23464
1.24702
1.12195
1.15821
1.19581
1.23023
1.26116
1.28804
1.31058
1.32863
1.34193
1.35439
1.247
1.28613
1.32576
1.35985
1.38921
1.41413
1.43494
1.45194
1.46533
1.47874
1.40607
1.44147
1.47669
1.50527
1.52941
1.55073
1.56992
1.58716
1.60208
1.61651
1.59388
1.61611
1.63973
1.6596
1.6779
1.69526
1.71178
1.72817
1.74436
1.75994
1.78629
1.79443
1.80822
1.82307
1.83752
1.85047
1.86211
1.87335
1.88506
1.90115
1.98179
1.98171
1.99174
1.99521
1.9962
2.0006
2.0111
2.026
2.04034
2.05475
2.27891
2.2234
2.16889
2.12925
2.107
2.10287
2.11639
2.15019
2.20805
2.28839
0.880347
0.827856
0.784975
0.751969
0.728234
0.711127
0.698706
0.689732
0.68355
0.680017
0.679666
0.682664
0.688257
0.696326
0.707305
0.722154
0.742491
0.770675
0.808713
0.858069
0.691434
0.700384
0.707146
0.707396
0.702702
0.695936
0.689223
0.68364
0.679745
0.678092
0.679354
0.683084
0.688531
0.695235
0.7025
0.708814
0.711576
0.708134
0.699054
0.692738
0.664089
0.666292
0.671156
0.675304
0.678856
0.680902
0.680744
0.678981
0.676796
0.675275
0.675356
0.677249
0.680046
0.682769
0.68429
0.683649
0.680922
0.677212
0.672822
0.668165
0.658866
0.659824
0.662326
0.664788
0.666682
0.668345
0.669745
0.67048
0.670533
0.670441
0.670893
0.671982
0.673017
0.673352
0.672753
0.67155
0.670079
0.668115
0.665639
0.663537
0.653505
0.653984
0.655437
0.657525
0.659455
0.660939
0.662113
0.663167
0.664073
0.664835
0.665587
0.666233
0.666499
0.666328
0.665827
0.664971
0.66358
0.661738
0.660052
0.658996
0.648393
0.648692
0.649619
0.651119
0.652816
0.654457
0.65587
0.657066
0.658166
0.65923
0.660182
0.660808
0.661025
0.66087
0.660305
0.659305
0.658008
0.656672
0.655603
0.654964
0.643403
0.643615
0.644309
0.645492
0.646899
0.648397
0.649925
0.651367
0.65269
0.653947
0.655088
0.655861
0.656145
0.655955
0.655347
0.654483
0.653528
0.652564
0.651806
0.651355
0.638506
0.638667
0.639219
0.640216
0.64146
0.642833
0.644315
0.645867
0.647422
0.64894
0.650323
0.651268
0.651639
0.651532
0.6511
0.650488
0.649791
0.649083
0.648533
0.648195
0.633638
0.633765
0.634217
0.635083
0.636235
0.637549
0.639
0.640598
0.642322
0.644112
0.645791
0.646977
0.647548
0.647666
0.647486
0.647115
0.646632
0.646138
0.645749
0.645487
0.62871
0.628813
0.629197
0.629974
0.631069
0.632356
0.633825
0.635497
0.63738
0.639437
0.641465
0.642998
0.643886
0.6443
0.644386
0.644259
0.644001
0.643697
0.643437
0.643229
0.623632
0.623715
0.62405
0.624772
0.62584
0.627138
0.628666
0.630459
0.632543
0.634911
0.637359
0.639339
0.640622
0.641382
0.641766
0.641897
0.64187
0.641746
0.641595
0.641429
0.618308
0.618377
0.618678
0.61937
0.620445
0.6218
0.62343
0.625393
0.627744
0.630503
0.633468
0.635987
0.63774
0.638899
0.639624
0.640037
0.640245
0.640305
0.64025
0.640115
0.61264
0.612698
0.612978
0.613665
0.614783
0.616237
0.61802
0.620217
0.622915
0.626165
0.629762
0.63293
0.635237
0.636861
0.637974
0.638714
0.639179
0.639417
0.639448
0.639336
0.606521
0.606568
0.606837
0.607544
0.60874
0.610339
0.612336
0.614842
0.61798
0.62184
0.626208
0.630156
0.633123
0.635294
0.636855
0.637973
0.638719
0.639142
0.639253
0.639159
0.599821
0.599859
0.600127
0.600874
0.602187
0.603983
0.606264
0.609169
0.612859
0.617468
0.622772
0.627658
0.631413
0.634231
0.636315
0.637849
0.638926
0.639554
0.639743
0.639663
0.59239
0.592419
0.592693
0.593502
0.594972
0.597027
0.599673
0.603081
0.607459
0.612987
0.619425
0.625436
0.630125
0.633707
0.636412
0.638439
0.639894
0.640741
0.641007
0.640938
0.584048
0.584074
0.584346
0.585237
0.586913
0.589297
0.592404
0.596443
0.601673
0.608328
0.616136
0.62349
0.629287
0.633767
0.637209
0.639827
0.641714
0.642801
0.643144
0.643081
0.574496
0.574515
0.574841
0.575832
0.577773
0.580579
0.584266
0.589094
0.595382
0.603414
0.612874
0.621824
0.628931
0.63447
0.638775
0.642089
0.644478
0.645829
0.646247
0.646185
0.563452
0.563461
0.563811
0.564968
0.567256
0.570599
0.575022
0.580843
0.588444
0.598164
0.609612
0.62045
0.629091
0.635874
0.641192
0.645313
0.648278
0.649908
0.650397
0.650332
0.550503
0.550506
0.5509
0.552254
0.554978
0.559011
0.564378
0.57146
0.580706
0.592497
0.60633
0.61939
0.629807
0.638026
0.644531
0.649578
0.653182
0.6551
0.655648
0.655572
0.535053
0.535048
0.53551
0.537137
0.54044
0.545378
0.551973
0.56068
0.572004
0.586346
0.603026
0.618668
0.63112
0.640974
0.648831
0.654923
0.659222
0.661415
0.662001
0.661907
0.516287
0.516275
0.516835
0.518852
0.522955
0.529124
0.537364
0.548207
0.562188
0.579674
0.599727
0.618326
0.63307
0.644758
0.654101
0.66136
0.666372
0.668795
0.669386
0.669267
0.492974
0.492955
0.493682
0.496305
0.501583
0.509498
0.520025
0.533748
0.551161
0.572509
0.596505
0.618426
0.635696
0.649388
0.660345
0.668841
0.674518
0.677084
0.677636
0.677484
0.463232
0.463208
0.464227
0.467863
0.475023
0.485569
0.499418
0.5171
0.538941
0.564973
0.593489
0.619066
0.639035
0.654856
0.667521
0.677246
0.683446
0.686014
0.686471
0.686284
0.423828
0.423816
0.425494
0.431095
0.441585
0.456386
0.475188
0.498298
0.525748
0.557318
0.590878
0.620363
0.643142
0.661139
0.675525
0.686356
0.692827
0.695205
0.695516
0.695297
0.368668
0.368882
0.372722
0.382906
0.39969
0.421487
0.44753
0.477799
0.512057
0.549923
0.588918
0.622448
0.648064
0.668192
0.684191
0.695872
0.702219
0.704204
0.704344
0.704103
0.290063
0.292512
0.303852
0.323745
0.350876
0.382505
0.417752
0.456421
0.498288
0.542995
0.587782
0.6256
0.65426
0.676704
0.694248
0.706402
0.7123
0.713809
0.713799
0.713568
0.206974
0.212765
0.232971
0.263365
0.301519
0.343317
0.387774
0.434859
0.48449
0.536391
0.587575
0.630343
0.662585
0.687698
0.706877
0.719007
0.723925
0.724836
0.72474
0.72458
0.134182
0.141024
0.167768
0.207204
0.254843
0.305959
0.359264
0.414589
0.471807
0.530619
0.587777
0.634992
0.670319
0.697647
0.71784
0.729423
0.733362
0.733939
0.733843
0.733725
0.0744964
0.0819099
0.112933
0.158701
0.213416
0.272081
0.332983
0.39572
0.459955
0.525219
0.587904
0.639144
0.677144
0.706171
0.726936
0.738055
0.741458
0.741897
0.741812
0.741713
0.0249587
0.0327168
0.0665474
0.117141
0.17744
0.242208
0.309446
0.378593
0.449094
0.52027
0.588058
0.642989
0.683355
0.713816
0.735009
0.745708
0.748762
0.74915
0.74909
0.749005
-0.017038
-0.00910299
0.0266314
0.0809763
0.145918
0.215858
0.288528
0.363269
0.439379
0.515963
0.588515
0.646872
0.689402
0.72109
0.742533
0.752857
0.755698
0.75609
0.756073
0.756005
-0.0535527
-0.045526
-0.0084013
0.048986
0.117842
0.192256
0.269724
0.349486
0.430724
0.512344
0.589407
0.65103
0.695585
0.728349
0.749953
0.759987
0.762673
0.763095
0.763138
0.763101
-0.0861261
-0.0780226
-0.039782
0.0201625
0.0924007
0.170732
0.252486
0.336837
0.422855
0.509273
0.590694
0.655527
0.702036
0.73586
0.757669
0.767499
0.770128
0.770591
0.770688
0.770684
-0.115768
-0.1076
-0.0684288
-0.00628978
0.0689388
0.150738
0.23635
0.324931
0.415452
0.506502
0.592233
0.660279
0.708831
0.74378
0.76594
0.775725
0.778336
0.778786
0.778921
0.778947
-0.14332
-0.135079
-0.0950603
-0.0309623
0.0469447
0.131847
0.220955
0.313442
0.40823
0.503785
0.593848
0.665206
0.715905
0.752126
0.774772
0.784646
0.787247
0.787664
0.787788
0.787822
-0.169284
-0.160962
-0.120132
-0.0542765
0.0260223
0.113719
0.206019
0.302122
0.40095
0.500919
0.595365
0.670177
0.723138
0.760734
0.783962
0.79399
0.796582
0.796942
0.797028
0.797059
-0.194085
-0.185635
-0.14406
-0.0765663
0.005888
0.0961053
0.191324
0.290778
0.393431
0.497719
0.596627
0.675065
0.730402
0.769406
0.793236
0.803411
0.805977
0.806259
0.806288
0.806312
-0.217915
-0.209342
-0.167051
-0.098056
-0.0136548
0.0788409
0.176717
0.279275
0.38553
0.494015
0.597471
0.679742
0.737594
0.778
0.802379
0.812593
0.815088
0.815284
0.815242
0.815243
-0.240962
-0.232248
-0.189261
-0.118889
-0.0327316
0.0618141
0.162105
0.267512
0.377145
0.489679
0.597747
0.684099
0.744663
0.786437
0.811144
0.821278
0.823629
0.823728
0.823625
0.823603
-0.26337
-0.254504
-0.210793
-0.139143
-0.0514139
0.0449709
0.147441
0.255444
0.3682
0.484606
0.597305
0.688024
0.751593
0.794772
0.81958
0.829345
0.831449
0.831446
0.831296
0.831255
-0.285172
-0.276122
-0.231706
-0.158852
-0.0697316
0.0282896
0.132702
0.243051
0.358679
0.478737
0.596023
0.691393
0.75839
0.803156
0.827822
0.836848
0.838508
0.83838
0.838209
0.838158
-0.306323
-0.29711
-0.251978
-0.178037
-0.0876834
0.0117745
0.117918
0.230355
0.348585
0.472021
0.593782
0.694068
0.765024
0.811795
0.836249
0.844067
0.844879
0.844535
0.844396
0.844369
-0.32682
-0.317449
-0.271617
-0.196709
-0.105259
-0.00453458
0.10312
0.217399
0.337944
0.464467
0.590489
0.695882
0.771399
0.82087
0.845389
0.851623
0.850923
0.849998
0.849969
0.850128
-0.346694
-0.337135
-0.290628
-0.214848
-0.122438
-0.0205909
0.0883712
0.204245
0.32681
0.456096
0.586096
0.696665
0.777326
0.83038
0.855779
0.860616
0.857722
0.855326
0.855269
0.856035
-0.365849
-0.356111
-0.309001
-0.232427
-0.139168
-0.0363616
0.0737365
0.19096
0.31526
0.446969
0.580563
0.696224
0.782542
0.840082
0.867575
0.872196
0.867403
0.862545
0.860707
0.860749
-0.38436
-0.374444
-0.326719
-0.249457
-0.155493
-0.051873
0.0591913
0.177512
0.303263
0.437045
0.573816
0.694313
0.786805
0.849691
0.880468
0.886761
0.881778
0.874213
0.866314
0.856004
-0.402212
-0.392189
-0.343896
-0.266123
-0.17166
-0.0674236
0.0443706
0.163452
0.290307
0.425741
0.565288
0.690305
0.789649
0.85908
0.893894
0.903268
0.899618
0.88837
0.875652
0.848011
-0.419478
-0.409388
-0.36049
-0.282247
-0.187529
-0.0828375
0.0294657
0.148982
0.276594
0.413185
0.554931
0.683686
0.789864
0.867002
0.905388
0.916011
0.911297
0.895895
0.848959
0.800158
-0.437762
-0.425145
-0.37639
-0.297717
-0.203266
-0.0982532
0.0142204
0.134108
0.262077
0.399284
0.542502
0.673942
0.785636
0.872312
0.912779
0.913652
0.905561
0.866251
0.803842
0.746732
-0.460345
-0.45734
-0.397042
-0.310496
-0.216079
-0.111271
-0.00107763
0.119452
0.247442
0.384817
0.528569
0.661374
0.775471
0.876441
0.893051
0.89617
0.856746
0.791154
0.720163
0.657351
-0.438147
-0.429857
-0.369563
-0.283476
-0.182905
-0.0748425
0.0406942
0.164427
0.296434
0.439297
0.579351
0.701181
0.805854
0.894911
0.887566
0.79103
0.709886
0.645234
0.577538
0.453135
-0.471965
-0.444129
-0.382083
-0.29492
-0.195018
-0.0871024
0.0280204
0.151246
0.282632
0.424495
0.563153
0.683169
0.777638
0.840119
0.798843
0.662631
0.554421
0.481793
0.40758
0.270752
-0.496823
-0.463513
-0.40008
-0.313326
-0.213576
-0.10573
0.00956436
0.132141
0.262427
0.402373
0.538082
0.65349
0.73706
0.763016
0.672699
0.517227
0.394055
0.30899
0.215052
0.0304159
-0.519488
-0.484786
-0.419786
-0.332595
-0.232835
-0.125007
-0.0100232
0.111725
0.240603
0.378067
0.509439
0.617176
0.686577
0.674984
0.532335
0.359398
0.210915
0.097368
-0.0151737
-0.292917
-0.541633
-0.506282
-0.440192
-0.352354
-0.252505
-0.144859
-0.0305114
0.0902032
0.217369
0.351825
0.477748
0.575977
0.625909
0.57718
0.39112
0.198207
0.0154937
-0.132312
-0.31416
-0.666866
-0.563723
-0.528363
-0.461609
-0.373313
-0.273336
-0.165935
-0.0522522
0.0672816
0.192429
0.323384
0.442924
0.531989
0.558278
0.452824
0.256635
0.0475639
-0.145927
-0.314317
-0.505462
-0.837726
-0.586872
-0.551466
-0.484367
-0.395785
-0.295737
-0.188577
-0.0755583
0.0427198
0.165615
0.292648
0.405238
0.483231
0.479696
0.332743
0.134209
-0.0781332
-0.268711
-0.402545
-0.458707
-0.497221
-0.611475
-0.576034
-0.508759
-0.420101
-0.320176
-0.213446
-0.101301
0.0153844
0.135515
0.257772
0.362764
0.42474
0.39621
0.216078
0.0181624
-0.178135
-0.335975
-0.399081
-0.417563
-0.420801
-0.637824
-0.602249
-0.534841
-0.44624
-0.346628
-0.240547
-0.129585
-0.0148744
0.101978
0.218608
0.315494
0.358395
0.306822
0.106779
-0.0862307
-0.261501
-0.370999
-0.388904
-0.393718
-0.393922
-0.666061
-0.6302
-0.562648
-0.474191
-0.375065
-0.269896
-0.160425
-0.0480773
0.0649586
0.175242
0.262628
0.290187
0.197006
0.00729389
-0.177056
-0.323593
-0.373997
-0.381169
-0.381417
-0.381098
-0.696061
-0.659836
-0.59215
-0.503954
-0.405487
-0.301477
-0.193824
-0.0842468
0.024483
0.127778
0.204755
0.214362
0.092388
-0.0837533
-0.251756
-0.357541
-0.372411
-0.373155
-0.373755
-0.373505
-0.727387
-0.690922
-0.623176
-0.535372
-0.437767
-0.335198
-0.22972
-0.12334
-0.0193141
0.0764339
0.143224
0.13424
-0.000845373
-0.165386
-0.307989
-0.357145
-0.368803
-0.368607
-0.3686
-0.3684
-0.759672
-0.723018
-0.655358
-0.568132
-0.471647
-0.370832
-0.267903
-0.165158
-0.0661724
0.0219247
0.0771623
0.0553923
-0.0865617
-0.235286
-0.343658
-0.364915
-0.364336
-0.36528
-0.365322
-0.365201
-0.791992
-0.755499
-0.68808
-0.601714
-0.506671
-0.407976
-0.307997
-0.209329
-0.115758
-0.0347264
0.00755414
-0.0181028
-0.161665
-0.287851
-0.365945
-0.370501
-0.366494
-0.364479
-0.363792
-0.36354
-0.823267
-0.78733
-0.72048
-0.635354
-0.542179
-0.446039
-0.34943
-0.255218
-0.16749
-0.0928789
-0.0584334
-0.0956293
-0.223092
-0.327907
-0.36509
-0.372286
-0.36695
-0.364792
-0.363896
-0.363416
-0.851989
-0.817016
-0.751327
-0.668013
-0.577246
-0.484189
-0.391423
-0.30199
-0.220328
-0.152136
-0.120296
-0.168705
-0.268918
-0.351956
-0.376816
-0.369733
-0.36791
-0.366509
-0.365734
-0.365298
-0.876179
-0.842929
-0.77905
-0.69831
-0.610673
-0.521353
-0.432965
-0.348637
-0.272922
-0.211468
-0.182199
-0.226693
-0.29985
-0.35352
-0.371928
-0.367946
-0.366299
-0.366004
-0.365829
-0.365762
-0.893499
-0.862653
-0.8017
-0.724578
-0.641016
-0.556227
-0.472837
-0.393999
-0.324073
-0.268335
-0.24118
-0.273028
-0.319044
-0.349916
-0.353626
-0.360867
-0.363277
-0.363942
-0.364309
-0.364422
-0.901574
-0.873663
-0.817126
-0.744983
-0.66667
-0.587356
-0.509648
-0.43669
-0.372703
-0.320908
-0.292576
-0.314652
-0.336029
-0.355598
-0.359003
-0.362789
-0.365011
-0.365721
-0.365989
-0.366002
-0.897402
-0.873624
-0.823481
-0.757616
-0.686014
-0.61329
-0.541989
-0.475163
-0.417371
-0.369835
-0.333481
-0.354255
-0.3546
-0.363405
-0.367921
-0.369243
-0.370159
-0.370718
-0.370902
-0.370893
-0.877593
-0.860191
-0.818812
-0.76108
-0.697727
-0.63279
-0.568641
-0.508106
-0.456098
-0.415408
-0.375772
-0.385477
-0.362955
-0.367697
-0.37764
-0.378279
-0.37843
-0.378584
-0.378464
-0.378395
-0.843983
-0.832173
-0.801868
-0.754805
-0.701106
-0.64516
-0.588807
-0.534719
-0.487552
-0.454514
-0.421133
-0.406348
-0.396006
-0.403757
-0.40312
-0.39495
-0.387675
-0.385138
-0.384559
-0.384482
-0.801462
-0.794319
-0.775675
-0.740506
-0.697261
-0.650636
-0.602215
-0.554469
-0.511803
-0.481922
-0.455404
-0.429964
-0.406088
-0.412083
-0.404261
-0.391053
-0.387605
-0.385486
-0.385278
-0.385071
-0.758865
-0.754979
-0.745323
-0.722502
-0.689045
-0.650656
-0.609355
-0.567174
-0.527652
-0.496706
-0.468484
-0.443438
-0.399023
-0.363276
-0.337122
-0.347636
-0.375031
-0.392245
-0.398517
-0.399919
-0.725128
-0.723017
-0.718099
-0.703952
-0.679398
-0.647385
-0.61175
-0.573195
-0.534392
-0.501318
-0.476256
-0.452344
-0.440928
-0.445287
-0.483798
-0.54424
-0.580941
-0.558049
-0.524985
-0.5241
-0.701005
-0.699984
-0.698064
-0.69043
-0.671908
-0.644722
-0.611631
-0.574025
-0.534079
-0.495703
-0.466184
-0.453334
-0.485598
-0.582831
-0.691041
-0.738509
-0.738596
-0.707333
-0.655998
-0.63708
-0.685528
-0.685115
-0.684333
-0.680537
-0.667668
-0.643265
-0.610532
-0.571868
-0.528274
-0.482128
-0.447821
-0.413723
-0.416508
-0.456219
-0.549719
-0.589528
-0.552801
-0.491989
-0.434244
-0.410341
-0.675764
-0.675593
-0.675099
-0.673721
-0.665358
-0.642965
-0.609284
-0.568085
-0.519317
-0.463251
-0.410488
-0.340146
-0.247789
-0.140856
-0.0656131
0.00212521
0.0907053
0.155509
0.202966
0.224022
-0.669236
-0.669118
-0.668818
-0.66862
-0.663437
-0.643912
-0.609215
-0.564223
-0.510081
-0.442637
-0.368268
-0.27735
-0.113824
0.129604
0.398296
0.645205
0.797222
0.865996
0.883937
0.886445
-0.664562
-0.664565
-0.66453
-0.664353
-0.662212
-0.646048
-0.610616
-0.56189
-0.502404
-0.424882
-0.335321
-0.234493
-0.0350474
0.261422
0.572283
0.854736
1.05461
1.14558
1.16984
1.174
-0.66045
-0.660551
-0.660677
-0.660784
-0.659787
-0.64779
-0.613632
-0.562791
-0.497899
-0.414501
-0.316629
-0.211959
-0.0242717
0.257114
0.559356
0.829496
1.0215
1.12382
1.16854
1.18391
-0.657123
-0.657106
-0.656755
-0.655957
-0.655877
-0.648067
-0.618339
-0.567547
-0.498304
-0.412197
-0.313428
-0.211991
-0.0422181
0.217716
0.49124
0.742875
0.939232
1.05464
1.1061
1.12166
-0.656558
-0.656394
-0.655739
-0.654235
-0.652598
-0.64946
-0.627076
-0.575852
-0.504259
-0.418496
-0.324864
-0.232492
-0.0976338
0.132895
0.377526
0.592344
0.770226
0.883592
0.930382
0.94184
-0.658963
-0.6593
-0.660333
-0.662139
-0.663021
-0.662771
-0.641944
-0.587081
-0.514734
-0.433785
-0.346801
-0.265156
-0.16347
0.0241007
0.228326
0.399731
0.537104
0.624607
0.65952
0.666932
-0.662088
-0.663697
-0.668471
-0.679127
-0.692792
-0.695021
-0.663471
-0.599228
-0.529805
-0.456438
-0.373356
-0.300821
-0.22441
-0.0792778
0.0791766
0.206221
0.30552
0.365044
0.387625
0.391407
-0.668824
-0.670469
-0.675376
-0.686177
-0.70275
-0.705194
-0.668967
-0.605645
-0.549657
-0.481454
-0.402556
-0.339389
-0.282965
-0.176853
-0.0577311
0.0337884
0.102376
0.141433
0.154948
0.156904
-0.688101
-0.689161
-0.690389
-0.680196
-0.656419
-0.644665
-0.625461
-0.603497
-0.570074
-0.503882
-0.431957
-0.37659
-0.332234
-0.253385
-0.167059
-0.103892
-0.0596284
-0.0356254
-0.0272656
-0.0260077
-0.712987
-0.712931
-0.70961
-0.677217
-0.604813
-0.549526
-0.576701
-0.609841
-0.58925
-0.524691
-0.458772
-0.412215
-0.375505
-0.315051
-0.250967
-0.206523
-0.177331
-0.162412
-0.157079
-0.156445
-0.743228
-0.740282
-0.738397
-0.723406
-0.686133
-0.64794
-0.653918
-0.668898
-0.624629
-0.546336
-0.483911
-0.442979
-0.409336
-0.360308
-0.310741
-0.276579
-0.254691
-0.242691
-0.238241
-0.237881
-0.82651
-0.829753
-0.860433
-0.906472
-0.928097
-0.906973
-0.863208
-0.789638
-0.68077
-0.572131
-0.508557
-0.463824
-0.434113
-0.39244
-0.348206
-0.317338
-0.297285
-0.286391
-0.282677
-0.28267
-0.969199
-0.987209
-1.03656
-1.09083
-1.11712
-1.10006
-1.03021
-0.89367
-0.723465
-0.59556
-0.524031
-0.471779
-0.446445
-0.409438
-0.368051
-0.338642
-0.318679
-0.307509
-0.303864
-0.304162
-1.05698
-1.07614
-1.11388
-1.15171
-1.1737
-1.1569
-1.07735
-0.901828
-0.718382
-0.599972
-0.513096
-0.466262
-0.445509
-0.406731
-0.367593
-0.341712
-0.323704
-0.313988
-0.310984
-0.311463
-1.01388
-1.02698
-1.05322
-1.08154
-1.09994
-1.08637
-1.00832
-0.826206
-0.672645
-0.562264
-0.477838
-0.444197
-0.423687
-0.387999
-0.355038
-0.332782
-0.316973
-0.308812
-0.306329
-0.306856
-0.837318
-0.850775
-0.876234
-0.906622
-0.928986
-0.920902
-0.841715
-0.707116
-0.591205
-0.487967
-0.432351
-0.40082
-0.380603
-0.353283
-0.327208
-0.309379
-0.297082
-0.290872
-0.288956
-0.289524
-0.561251
-0.57476
-0.60225
-0.638735
-0.669678
-0.670173
-0.619336
-0.543879
-0.467286
-0.407983
-0.373612
-0.34228
-0.329545
-0.308594
-0.289294
-0.276108
-0.26606
-0.26058
-0.259187
-0.259942
-0.257452
-0.267669
-0.290058
-0.324251
-0.359653
-0.380002
-0.377967
-0.363293
-0.340561
-0.323062
-0.299237
-0.283673
-0.274853
-0.259663
-0.245901
-0.236328
-0.228163
-0.223807
-0.223032
-0.223902
-0.0233122
-0.0293067
-0.0450584
-0.0733542
-0.114446
-0.159468
-0.19749
-0.221348
-0.234421
-0.23516
-0.231623
-0.226918
-0.222989
-0.213828
-0.205104
-0.197205
-0.18967
-0.185963
-0.18559
-0.186536
0.0969908
0.0931525
0.0816439
0.0573175
0.0191798
-0.030356
-0.0826414
-0.125106
-0.151236
-0.166295
-0.173829
-0.172806
-0.176138
-0.170375
-0.164059
-0.158528
-0.153913
-0.151845
-0.151895
-0.152773
0.125584
0.122922
0.114299
0.0955025
0.0634743
0.0218131
-0.0216139
-0.0619552
-0.0922032
-0.110227
-0.120445
-0.126103
-0.131782
-0.12803
-0.125327
-0.123619
-0.122762
-0.122699
-0.122903
-0.123523
0.101217
0.0995547
0.0939056
0.0812427
0.0599687
0.0313057
-0.000368769
-0.0284144
-0.0481762
-0.0630164
-0.0746178
-0.0810167
-0.0861748
-0.0839346
-0.0841599
-0.0863638
-0.089897
-0.0922085
-0.09234
-0.0924994
0.0497625
0.049348
0.0481972
0.0443559
0.0365927
0.0250676
0.0117834
-0.00238791
-0.0151288
-0.0231862
-0.0286773
-0.0341257
-0.0365478
-0.0371247
-0.0373862
-0.0399329
-0.0439871
-0.0475285
-0.0480228
-0.0472688
-0.400885
-0.0256329
0.240711
0.422388
0.560919
0.665358
0.748942
0.822138
0.903608
0.896399
0.144462
0.293531
0.42987
0.546712
0.642647
0.720073
0.782706
0.826832
0.840825
0.854399
0.376702
0.472345
0.565777
0.6467
0.715084
0.771398
0.815152
0.846197
0.867721
0.88683
0.540091
0.606498
0.672677
0.731445
0.781679
0.823619
0.857741
0.885443
0.906641
0.926213
0.66655
0.715557
0.764002
0.808276
0.847217
0.880993
0.910125
0.934918
0.953753
0.972466
0.77167
0.809796
0.84703
0.882646
0.91522
0.944431
0.970204
0.99203
1.00877
1.02668
0.861624
0.894676
0.927448
0.958974
0.988386
1.01514
1.03876
1.05843
1.07315
1.09053
0.947718
0.979314
1.01093
1.04151
1.07002
1.09582
1.11824
1.13631
1.14938
1.16622
1.03656
1.07078
1.10398
1.1355
1.16436
1.18987
1.21144
1.22827
1.24014
1.25651
1.13867
1.17744
1.2134
1.24617
1.27513
1.29987
1.32018
1.33584
1.34746
1.36361
1.26494
1.30667
1.34344
1.37509
1.4022
1.42502
1.4439
1.45903
1.47147
1.48756
1.42209
1.45997
1.49172
1.51776
1.54037
1.56058
1.57879
1.59493
1.60896
1.62484
1.6037
1.62845
1.65
1.66886
1.68671
1.7036
1.71994
1.7364
1.75203
1.76801
1.78925
1.80101
1.81562
1.83044
1.8442
1.8564
1.86772
1.87909
1.89197
1.91268
1.97727
1.98727
1.99422
1.9956
1.9977
2.00511
2.01825
2.03359
2.04667
2.07494
2.2537
2.19462
2.14699
2.11587
2.10274
2.1073
2.13054
2.17587
2.24641
2.32502
0.755642
0.748141
0.739228
0.726414
0.713022
0.701443
0.692257
0.685412
0.680877
0.678967
0.680297
0.684437
0.690764
0.699215
0.70992
0.72278
0.736495
0.747706
0.755496
0.761823
0.669588
0.677473
0.684625
0.689398
0.690663
0.68869
0.684976
0.681078
0.678073
0.67679
0.677954
0.681106
0.685348
0.689813
0.693231
0.693976
0.691072
0.685058
0.677064
0.671166
0.661504
0.664568
0.667664
0.670195
0.672585
0.674371
0.67489
0.674274
0.673321
0.672978
0.673902
0.675668
0.677332
0.678011
0.677216
0.675305
0.673057
0.67043
0.667249
0.664887
0.656152
0.657674
0.659916
0.66209
0.663698
0.665
0.66615
0.66698
0.667466
0.667952
0.668705
0.669426
0.669666
0.669295
0.668532
0.667465
0.665839
0.663676
0.661855
0.660771
0.650932
0.651775
0.65327
0.655132
0.656897
0.658329
0.659488
0.66054
0.661528
0.662456
0.663209
0.663608
0.66362
0.663298
0.662593
0.661402
0.65986
0.658315
0.65729
0.656655
0.645887
0.64646
0.647544
0.648993
0.650567
0.652125
0.653545
0.654799
0.655971
0.657103
0.657995
0.658463
0.658506
0.658107
0.657295
0.656228
0.655079
0.65403
0.653351
0.652906
0.640949
0.641379
0.642249
0.643475
0.644839
0.646309
0.647832
0.649317
0.650729
0.652084
0.653169
0.653753
0.653819
0.653442
0.652783
0.651994
0.651158
0.650393
0.649901
0.649563
0.636077
0.636415
0.637136
0.638218
0.639487
0.640881
0.6424
0.644018
0.645676
0.647316
0.648641
0.649382
0.649586
0.649408
0.648996
0.648445
0.647836
0.64729
0.646929
0.646659
0.631191
0.631466
0.632083
0.633069
0.634284
0.635653
0.637192
0.63891
0.64078
0.642727
0.644365
0.645376
0.645845
0.645932
0.64577
0.645452
0.64505
0.644684
0.644419
0.644196
0.6262
0.626429
0.626975
0.627903
0.62909
0.630472
0.632078
0.633929
0.636026
0.638314
0.640351
0.641742
0.642551
0.642937
0.643038
0.642964
0.642768
0.642558
0.64237
0.642179
0.621011
0.621205
0.621704
0.622605
0.623801
0.625239
0.626954
0.628991
0.631374
0.634077
0.636607
0.638461
0.639672
0.640402
0.640797
0.640972
0.640985
0.640921
0.640795
0.640627
0.615528
0.615697
0.616169
0.617074
0.618321
0.619858
0.621732
0.624018
0.62677
0.62999
0.633118
0.635523
0.637203
0.638328
0.639053
0.639494
0.639738
0.639806
0.639732
0.639579
0.609649
0.609799
0.610263
0.611201
0.612538
0.614224
0.61632
0.618932
0.622149
0.626008
0.62986
0.632924
0.635157
0.636738
0.637845
0.638604
0.639073
0.639269
0.639239
0.639096
0.603256
0.603392
0.603864
0.604865
0.606335
0.608225
0.610617
0.613648
0.617445
0.622083
0.626812
0.630666
0.633555
0.635671
0.63721
0.638326
0.639051
0.639379
0.639388
0.63925
0.59621
0.596335
0.59683
0.597925
0.599575
0.601735
0.604509
0.608067
0.612581
0.618173
0.623958
0.628754
0.632422
0.635171
0.637218
0.638742
0.639754
0.640219
0.640264
0.640126
0.588357
0.58846
0.588992
0.590214
0.592097
0.594604
0.597859
0.602076
0.607477
0.614227
0.621284
0.627203
0.63179
0.635287
0.637947
0.639945
0.641276
0.641884
0.641962
0.64182
0.579429
0.57955
0.580133
0.581518
0.583702
0.586646
0.590507
0.595545
0.602036
0.610196
0.618775
0.626028
0.631701
0.636076
0.639465
0.642019
0.643711
0.644471
0.644577
0.644427
0.569163
0.569281
0.569959
0.571566
0.574134
0.577635
0.582258
0.588318
0.596155
0.606027
0.616426
0.62525
0.632201
0.637611
0.641849
0.645056
0.647154
0.648069
0.648198
0.648037
0.557215
0.557338
0.558127
0.560011
0.563068
0.567282
0.572871
0.580218
0.589718
0.601668
0.614234
0.624899
0.633336
0.639958
0.645181
0.64914
0.651682
0.652749
0.652894
0.652719
0.543074
0.543215
0.544166
0.546409
0.550093
0.555228
0.562061
0.571038
0.582607
0.597078
0.612208
0.625008
0.635149
0.643162
0.649528
0.65433
0.657341
0.658547
0.658695
0.658501
0.526039
0.526219
0.527405
0.530139
0.534663
0.541021
0.549482
0.560558
0.57472
0.592244
0.610372
0.625613
0.637685
0.64727
0.654906
0.660643
0.664121
0.665433
0.665568
0.665355
0.505115
0.505371
0.506912
0.510347
0.516043
0.524083
0.534741
0.548565
0.565992
0.587192
0.608779
0.626759
0.640978
0.652299
0.661319
0.668041
0.671934
0.673293
0.673395
0.673162
0.478777
0.479183
0.481294
0.485806
0.493246
0.503713
0.517438
0.534915
0.556446
0.582017
0.607526
0.628507
0.64504
0.658232
0.668729
0.676398
0.680586
0.681908
0.681952
0.681704
0.444575
0.44529
0.44838
0.454745
0.465033
0.479197
0.497294
0.519625
0.546243
0.576902
0.606747
0.630935
0.649894
0.665014
0.677018
0.685487
0.689763
0.690938
0.690908
0.690653
0.398158
0.399614
0.404828
0.41488
0.430154
0.450093
0.47439
0.503006
0.535726
0.572123
0.606617
0.634134
0.655549
0.672581
0.686005
0.694978
0.699028
0.699947
0.699837
0.699589
0.331488
0.335956
0.346938
0.364485
0.388257
0.41686
0.449435
0.485719
0.525407
0.568009
0.607309
0.638158
0.661981
0.680766
0.6953
0.70433
0.707819
0.7084
0.708238
0.70802
0.251808
0.260577
0.280814
0.309289
0.343878
0.382169
0.423519
0.467843
0.514927
0.564355
0.609206
0.644098
0.670951
0.69184
0.70731
0.715923
0.718794
0.719151
0.719031
0.718912
0.171918
0.186673
0.216207
0.255425
0.30044
0.348332
0.398484
0.450883
0.505366
0.561572
0.611893
0.650699
0.68043
0.703436
0.719463
0.727159
0.729087
0.729205
0.729115
0.729051
0.105736
0.123989
0.159646
0.20695
0.260439
0.316726
0.374972
0.434999
0.496513
0.559082
0.614411
0.656671
0.688783
0.713198
0.729248
0.736169
0.737695
0.737775
0.73771
0.737664
0.0510709
0.0715015
0.111825
0.165108
0.225166
0.288312
0.353496
0.420323
0.488275
0.55673
0.616661
0.662015
0.696152
0.721615
0.737634
0.744012
0.745311
0.745383
0.745344
0.745305
0.00524251
0.0269654
0.070776
0.128847
0.194312
0.263187
0.334287
0.407081
0.480839
0.554723
0.618919
0.667101
0.703022
0.729348
0.745233
0.751197
0.752388
0.752482
0.752473
0.752441
-0.0341637
-0.011584
0.034937
0.096932
0.166982
0.24082
0.317115
0.395244
0.474302
0.55324
0.621456
0.672273
0.709813
0.736795
0.752496
0.758171
0.759313
0.759453
0.75949
0.75947
-0.0688362
-0.0456579
0.00306493
0.0683543
0.142357
0.220556
0.301524
0.384534
0.468544
0.552274
0.624372
0.677719
0.716771
0.744361
0.759932
0.765363
0.766485
0.766699
0.766799
0.766805
-0.100022
-0.0764141
-0.0258398
0.0423046
0.11977
0.201841
0.287048
0.374594
0.463296
0.551685
0.627588
0.683479
0.724046
0.752293
0.767846
0.773178
0.774329
0.774582
0.774725
0.774758
-0.128754
-0.104732
-0.0525371
0.0181543
0.0986889
0.184229
0.273306
0.365085
0.45828
0.551244
0.630993
0.689505
0.731707
0.760771
0.77645
0.781784
0.782898
0.783152
0.783321
0.78338
-0.155604
-0.131184
-0.0775542
-0.00458056
0.0786979
0.167372
0.259995
0.355733
0.453251
0.550751
0.634451
0.695697
0.73965
0.769639
0.785595
0.790994
0.792061
0.792268
0.79243
0.792499
-0.181069
-0.156234
-0.101299
-0.0262636
0.0594829
0.150999
0.246888
0.346326
0.448
0.550038
0.637806
0.701933
0.747728
0.77871
0.794975
0.800454
0.801457
0.801592
0.801716
0.80178
-0.205477
-0.180204
-0.124055
-0.0471538
0.0408211
0.134919
0.233805
0.336707
0.44236
0.548917
0.640919
0.708099
0.755784
0.787755
0.804332
0.809785
0.810725
0.810773
0.810844
0.810903
-0.229014
-0.203273
-0.146008
-0.0674182
0.0225632
0.118998
0.220632
0.326755
0.436203
0.547236
0.643645
0.714099
0.76376
0.796602
0.813329
0.818713
0.819546
0.819501
0.819517
0.819565
-0.251838
-0.225616
-0.167278
-0.0871556
0.00462226
0.103168
0.2073
0.316393
0.429422
0.544854
0.645848
0.719864
0.771627
0.805192
0.821846
0.826997
0.827688
0.827566
0.827536
0.827572
-0.27399
-0.247311
-0.187932
-0.106419
-0.0130421
0.0873876
0.193775
0.305584
0.421954
0.541662
0.647379
0.725327
0.779464
0.81366
0.829891
0.834572
0.835062
0.834877
0.834817
0.834841
-0.295515
-0.268377
-0.207981
-0.125228
-0.0304393
0.0716595
0.180063
0.294324
0.413782
0.537567
0.648107
0.730405
0.787353
0.822242
0.837697
0.841516
0.84165
0.841419
0.841359
0.841374
-0.316359
-0.288783
-0.227438
-0.1436
-0.04756
0.056017
0.166198
0.282642
0.404903
0.532508
0.647886
0.734963
0.795354
0.831304
0.845745
0.848131
0.847517
0.847223
0.847267
0.847307
-0.336593
-0.308516
-0.24632
-0.161508
-0.0643664
0.0404969
0.152234
0.270597
0.395345
0.526468
0.646582
0.738828
0.803415
0.841167
0.854814
0.85524
0.853097
0.852435
0.852819
0.853134
-0.356114
-0.327583
-0.264605
-0.178928
-0.0808265
0.0251568
0.138225
0.258232
0.385175
0.519464
0.644076
0.741779
0.811329
0.851909
0.865717
0.864382
0.859904
0.857929
0.858554
0.859872
-0.374994
-0.345984
-0.282253
-0.195818
-0.0968833
0.0100684
0.124278
0.24566
0.374484
0.511541
0.640275
0.743557
0.818752
0.863166
0.878627
0.877043
0.870608
0.865145
0.860525
0.849042
-0.393195
-0.363765
-0.299406
-0.212389
-0.112833
-0.00508269
0.109998
0.232452
0.362802
0.502263
0.63475
0.743801
0.825678
0.874929
0.893487
0.893847
0.886603
0.875831
0.865187
0.878429
-0.410733
-0.380935
-0.316041
-0.228604
-0.128636
-0.0202566
0.0953722
0.218612
0.350078
0.491465
0.627159
0.741618
0.831222
0.88612
0.90757
0.910405
0.901795
0.887737
0.837344
0.830244
-0.428098
-0.3977
-0.331911
-0.244194
-0.143861
-0.0350839
0.0805663
0.204401
0.336591
0.479313
0.61745
0.73614
0.834169
0.895409
0.916023
0.917574
0.902174
0.860819
0.801391
0.765899
-0.448483
-0.415981
-0.34655
-0.258792
-0.157648
-0.0491728
0.0660219
0.190104
0.32255
0.465899
0.605597
0.726786
0.83216
0.900137
0.928433
0.901412
0.864938
0.799011
0.732853
0.693413
-0.00742757
0.113129
0.241108
0.378449
0.521992
0.654699
0.768021
0.594978
-0.460905
-0.451563
-0.409277
-0.334637
-0.240164
-0.136442
-0.0246838
0.0947463
0.22211
0.358545
0.501439
0.634385
0.745554
0.835734
0.876019
0.810293
0.676895
0.594935
0.530657
-0.483013
-0.471519
-0.425438
-0.349645
-0.254883
-0.151145
-0.0397002
0.0793579
0.206016
0.341364
0.482426
0.612916
0.718151
0.791243
0.782522
0.664934
0.528404
0.434772
0.358577
-0.505339
-0.493588
-0.445206
-0.368465
-0.273823
-0.169901
-0.0583506
0.0604536
0.186247
0.320129
0.458243
0.583757
0.677743
0.729296
0.682693
0.518414
0.36721
0.253305
0.161525
-0.527353
-0.515637
-0.465982
-0.388127
-0.293317
-0.189372
-0.0781147
0.0399718
0.164563
0.296419
0.430852
0.549886
0.635523
0.654092
0.554872
0.369158
0.192173
0.0417767
-0.0833721
-0.549357
-0.537781
-0.487314
-0.408635
-0.313541
-0.209619
-0.0988238
0.0183524
0.141493
0.270869
0.400921
0.512243
0.586627
0.565791
0.419403
0.221719
0.0211209
-0.150326
-0.314673
-0.571852
-0.560471
-0.509631
-0.43045
-0.33512
-0.231208
-0.120834
-0.00454981
0.11701
0.243631
0.368897
0.470635
0.528839
0.484301
0.292508
0.088482
-0.118357
-0.300561
-0.438993
-0.562034
-0.595647
-0.584397
-0.533325
-0.453896
-0.35852
-0.254744
-0.144889
-0.029657
0.0900228
0.213344
0.333103
0.425074
0.463603
0.380709
0.174573
-0.032283
-0.225377
-0.370921
-0.422105
-0.442831
-0.621031
-0.609861
-0.558615
-0.479082
-0.383835
-0.280419
-0.171301
-0.0574416
0.059927
0.179276
0.292603
0.374433
0.384217
0.262671
0.063281
-0.133224
-0.302301
-0.3792
-0.402189
-0.404878
-0.648225
-0.637051
-0.585584
-0.506016
-0.411047
-0.308193
-0.200103
-0.0879569
0.026651
0.141398
0.247305
0.318336
0.297507
0.151296
-0.038642
-0.221681
-0.347415
-0.387747
-0.386064
-0.386981
-0.677211
-0.665987
-0.614261
-0.534707
-0.440159
-0.338077
-0.231303
-0.121219
-0.00982439
0.0997365
0.197402
0.255466
0.217216
0.0464375
-0.128875
-0.293486
-0.362633
-0.375653
-0.376886
-0.37691
-0.707768
-0.69646
-0.644533
-0.565084
-0.471091
-0.370027
-0.26486
-0.157225
-0.0494799
0.0543694
0.143282
0.187402
0.138138
-0.0446669
-0.209293
-0.332753
-0.375209
-0.371038
-0.370965
-0.37078
-0.739401
-0.728066
-0.67611
-0.596894
-0.503656
-0.403867
-0.30064
-0.195855
-0.0921757
0.00567275
0.0852053
0.11759
0.0456105
-0.126684
-0.276256
-0.351452
-0.365249
-0.366491
-0.366693
-0.366568
-0.771593
-0.760256
-0.708489
-0.62969
-0.537464
-0.439261
-0.338342
-0.236821
-0.137665
-0.0458614
0.0240934
0.042258
-0.0448849
-0.196709
-0.324423
-0.361181
-0.364783
-0.364768
-0.364447
-0.364214
-0.803395
-0.792119
-0.740874
-0.662792
-0.571924
-0.475699
-0.377492
-0.279643
-0.185446
-0.0998298
-0.0375295
-0.0354973
-0.123635
-0.254912
-0.34982
-0.382193
-0.37018
-0.365381
-0.363756
-0.363195
-0.833159
-0.82223
-0.772111
-0.695253
-0.606198
-0.512431
-0.417406
-0.323628
-0.234712
-0.155619
-0.098325
-0.105316
-0.192458
-0.299468
-0.366404
-0.368524
-0.36846
-0.366259
-0.36503
-0.364389
-0.859698
-0.849153
-0.800704
-0.725769
-0.639158
-0.54846
-0.45717
-0.367892
-0.284405
-0.21194
-0.159738
-0.167069
-0.246766
-0.324742
-0.372032
-0.374767
-0.368527
-0.367082
-0.366306
-0.365896
-0.880337
-0.870479
-0.824755
-0.752681
-0.66939
-0.582532
-0.495637
-0.41134
-0.333415
-0.267145
-0.220752
-0.22129
-0.285037
-0.335784
-0.354042
-0.362481
-0.364159
-0.364526
-0.364765
-0.36489
-0.89306
-0.884241
-0.842043
-0.774106
-0.695256
-0.61319
-0.531458
-0.452668
-0.380594
-0.319856
-0.276524
-0.273155
-0.314299
-0.343444
-0.35524
-0.35801
-0.362596
-0.363867
-0.364374
-0.364573
-0.895356
-0.887965
-0.850334
-0.788071
-0.714983
-0.638893
-0.563192
-0.490441
-0.424474
-0.369257
-0.325659
-0.319606
-0.342821
-0.354146
-0.365079
-0.364586
-0.366498
-0.367504
-0.367883
-0.367996
-0.884937
-0.878919
-0.847399
-0.792595
-0.726997
-0.658202
-0.589497
-0.523283
-0.463319
-0.414356
-0.371993
-0.355161
-0.369012
-0.370191
-0.376007
-0.373877
-0.373571
-0.373996
-0.374269
-0.374317
-0.858773
-0.854533
-0.830793
-0.786191
-0.730234
-0.670093
-0.609365
-0.550123
-0.495862
-0.452843
-0.417694
-0.386147
-0.386944
-0.399753
-0.389698
-0.385783
-0.383927
-0.382737
-0.382196
-0.381992
-0.820495
-0.817813
-0.802568
-0.76939
-0.724777
-0.674503
-0.622329
-0.570321
-0.521706
-0.482913
-0.457501
-0.428308
-0.404738
-0.412783
-0.427376
-0.414764
-0.395583
-0.386573
-0.38477
-0.384618
-0.777253
-0.775567
-0.768038
-0.746218
-0.713093
-0.672676
-0.628839
-0.583725
-0.54025
-0.503964
-0.47861
-0.450327
-0.416927
-0.391397
-0.370916
-0.361414
-0.368903
-0.381893
-0.387066
-0.388012
-0.73919
-0.738078
-0.734519
-0.722715
-0.699121
-0.667186
-0.630364
-0.590794
-0.550845
-0.514656
-0.487783
-0.458609
-0.43053
-0.395298
-0.376504
-0.394148
-0.426239
-0.432795
-0.429431
-0.43085
-0.711912
-0.711285
-0.709024
-0.703201
-0.686981
-0.661379
-0.629295
-0.593036
-0.554341
-0.516063
-0.485555
-0.460109
-0.459753
-0.501404
-0.579234
-0.660603
-0.712801
-0.70947
-0.6653
-0.628331
-0.692205
-0.691785
-0.690926
-0.688611
-0.678716
-0.657784
-0.628168
-0.592784
-0.55278
-0.509976
-0.474295
-0.442887
-0.448047
-0.502452
-0.618908
-0.707291
-0.708912
-0.672516
-0.624277
-0.580562
-0.680267
-0.680163
-0.679795
-0.678489
-0.673413
-0.656178
-0.627511
-0.590911
-0.54793
-0.49924
-0.450526
-0.405765
-0.353991
-0.317632
-0.312823
-0.339002
-0.31728
-0.246781
-0.182213
-0.138538
-0.672096
-0.67207
-0.671767
-0.671396
-0.669143
-0.655835
-0.62786
-0.588717
-0.542057
-0.485103
-0.420479
-0.356314
-0.246314
-0.0878573
0.0991333
0.278291
0.430695
0.515343
0.562724
0.581379
-0.666838
-0.666834
-0.666746
-0.66668
-0.665263
-0.656389
-0.629312
-0.587825
-0.535802
-0.471773
-0.392589
-0.308269
-0.17306
0.0689638
0.374007
0.671715
0.908727
1.03699
1.07846
1.08214
-0.662448
-0.662503
-0.662564
-0.662568
-0.662763
-0.656905
-0.631765
-0.588169
-0.531987
-0.461988
-0.372626
-0.276079
-0.135477
0.115953
0.422551
0.720304
0.965127
1.11053
1.17108
1.19116
-0.658484
-0.658604
-0.658619
-0.658457
-0.658253
-0.655639
-0.634434
-0.591387
-0.532444
-0.457552
-0.364223
-0.262836
-0.132473
0.100265
0.389159
0.668326
0.900249
1.05039
1.12563
1.15637
-0.656396
-0.656416
-0.65609
-0.655108
-0.653793
-0.652097
-0.637501
-0.598853
-0.537969
-0.459647
-0.367435
-0.268409
-0.156569
0.0518846
0.312677
0.562589
0.779006
0.935738
1.01721
1.04529
-0.657472
-0.657483
-0.65736
-0.657014
-0.655812
-0.654385
-0.64738
-0.611281
-0.547285
-0.468419
-0.38112
-0.29011
-0.201126
-0.0334831
0.194334
0.406225
0.58301
0.716134
0.784645
0.80656
-0.660295
-0.660941
-0.662609
-0.667092
-0.673843
-0.67827
-0.671155
-0.62769
-0.557583
-0.484357
-0.402942
-0.318891
-0.246086
-0.117055
0.0655682
0.231223
0.363927
0.46216
0.510314
0.524249
-0.663705
-0.66495
-0.668215
-0.677278
-0.694582
-0.711364
-0.696826
-0.638442
-0.569981
-0.506371
-0.429014
-0.35113
-0.292171
-0.198047
-0.0576406
0.0662697
0.161257
0.227826
0.259362
0.267788
-0.676664
-0.677591
-0.679997
-0.683858
-0.684734
-0.687612
-0.673407
-0.627177
-0.58369
-0.529896
-0.455033
-0.384933
-0.335889
-0.267874
-0.164458
-0.0755636
-0.0094047
0.0344666
0.0538379
0.0585345
-0.700179
-0.700387
-0.701361
-0.693455
-0.651605
-0.59725
-0.589296
-0.600756
-0.597564
-0.550093
-0.478724
-0.418048
-0.376069
-0.32404
-0.245784
-0.182835
-0.139323
-0.112305
-0.100944
-0.0978221
-0.725942
-0.725271
-0.723527
-0.709064
-0.65594
-0.586553
-0.568515
-0.617652
-0.623885
-0.572633
-0.500645
-0.448291
-0.411135
-0.369485
-0.310509
-0.263314
-0.231892
-0.213101
-0.204873
-0.202459
-0.775885
-0.772063
-0.774916
-0.790954
-0.805867
-0.788896
-0.758814
-0.744905
-0.693613
-0.604082
-0.523672
-0.474485
-0.438376
-0.402272
-0.352408
-0.313746
-0.288403
-0.272577
-0.265607
-0.263896
-0.898454
-0.897675
-0.927011
-0.983465
-1.0305
-1.03553
-0.995261
-0.910769
-0.779568
-0.638146
-0.548652
-0.491711
-0.453926
-0.42497
-0.380987
-0.343958
-0.319395
-0.303368
-0.296552
-0.295206
-1.02745
-1.03323
-1.06766
-1.11756
-1.15416
-1.16056
-1.11429
-1.00278
-0.813682
-0.656122
-0.559565
-0.491845
-0.458178
-0.431375
-0.389119
-0.354837
-0.331936
-0.316454
-0.309902
-0.308854
-1.0509
-1.05853
-1.0839
-1.11654
-1.14466
-1.15108
-1.10826
-0.97404
-0.774381
-0.639797
-0.538624
-0.471855
-0.448776
-0.420441
-0.379447
-0.349272
-0.329323
-0.316335
-0.311084
-0.310315
-0.939304
-0.945074
-0.964652
-0.992203
-1.01762
-1.02529
-0.98639
-0.854839
-0.698025
-0.581601
-0.484639
-0.438307
-0.414911
-0.389195
-0.356356
-0.332089
-0.315116
-0.304324
-0.299976
-0.299403
-0.705987
-0.714076
-0.734775
-0.766717
-0.799416
-0.81383
-0.780966
-0.682482
-0.582552
-0.484923
-0.424
-0.387957
-0.362937
-0.345079
-0.319344
-0.300598
-0.287635
-0.279348
-0.275869
-0.275633
-0.404099
-0.411128
-0.429818
-0.461685
-0.498552
-0.523277
-0.514551
-0.47412
-0.426764
-0.380955
-0.353795
-0.322713
-0.307522
-0.293928
-0.274904
-0.261764
-0.251652
-0.244495
-0.241666
-0.241875
-0.125194
-0.12982
-0.142537
-0.16749
-0.204354
-0.242027
-0.268177
-0.283175
-0.285751
-0.283685
-0.269771
-0.259087
-0.251962
-0.242891
-0.230154
-0.221162
-0.212455
-0.206358
-0.204264
-0.204725
0.0518335
0.0489891
0.0408617
0.021381
-0.0117887
-0.0586239
-0.110505
-0.154048
-0.180356
-0.194296
-0.201097
-0.201218
-0.198754
-0.196013
-0.187587
-0.180891
-0.173995
-0.169413
-0.168048
-0.168681
0.120963
0.119058
0.113194
0.0980059
0.0689763
0.0274559
-0.0206277
-0.0685993
-0.105769
-0.130487
-0.143187
-0.147392
-0.151365
-0.152388
-0.146594
-0.142719
-0.13911
-0.137202
-0.136906
-0.137485
0.118616
0.117368
0.11326
0.102159
0.0809357
0.0486464
0.0102048
-0.0264466
-0.0565339
-0.0775668
-0.0913025
-0.10051
-0.106574
-0.108252
-0.105465
-0.105308
-0.106216
-0.107816
-0.10864
-0.108838
0.0784267
0.0776995
0.0753148
0.0688585
0.0564001
0.0379873
0.015917
-0.00707832
-0.0263492
-0.0388541
-0.04888
-0.0564197
-0.0605428
-0.0620708
-0.0609581
-0.0633019
-0.067598
-0.0716128
-0.0730128
-0.0727436
0.0495338
0.0490001
0.0466878
0.0410009
0.0312011
0.0185883
0.00466328
-0.00892734
-0.0198048
-0.0264829
-0.0315911
-0.0355963
-0.0371349
-0.0368166
-0.0383847
-0.0418487
-0.0460681
-0.0481504
-0.0475908
-0.0177668
-0.176798
0.0875927
0.259478
0.420258
0.548952
0.650773
0.731482
0.799325
0.842534
0.831763
0.215202
0.331982
0.448636
0.553088
0.641477
0.714746
0.774069
0.818099
0.844327
0.860174
0.427612
0.503373
0.583756
0.657619
0.72096
0.774226
0.817348
0.85059
0.876116
0.895868
0.578914
0.634565
0.691886
0.746059
0.793304
0.833786
0.867993
0.896745
0.920521
0.938566
0.699251
0.743103
0.785234
0.826362
0.863691
0.896872
0.926109
0.951463
0.972068
0.988779
0.801113
0.835059
0.869933
0.904071
0.936044
0.965284
0.991509
1.01425
1.03243
1.04755
0.890707
0.920536
0.952411
0.984025
1.01388
1.04137
1.06599
1.08702
1.10326
1.11701
0.97698
1.00731
1.03968
1.07152
1.10141
1.12861
1.15253
1.17241
1.18713
1.19973
1.06945
1.10346
1.13909
1.17275
1.20354
1.23074
1.25394
1.27267
1.28628
1.29846
1.18058
1.21872
1.25777
1.29267
1.32329
1.34943
1.37115
1.38857
1.40174
1.41451
1.32207
1.36045
1.3989
1.43104
1.45824
1.48151
1.5015
1.51848
1.53247
1.54627
1.49764
1.52727
1.55727
1.58154
1.60256
1.62188
1.64005
1.65736
1.67322
1.68808
1.69106
1.70541
1.723
1.73977
1.75629
1.77172
1.78587
1.79991
1.81477
1.83093
1.88003
1.88432
1.8972
1.90937
1.91936
1.92867
1.93886
1.9495
1.95884
1.97105
2.10943
2.09584
2.08702
2.07199
2.06091
2.06036
2.07238
2.09618
2.12801
2.16378
2.48363
2.32513
2.21963
2.16076
2.13168
2.12513
2.1403
2.18152
2.26075
2.40587
-0.441132
-0.437726
-0.394828
-0.319485
-0.224553
-0.120087
0.867243
0.91465
0.892972
0.813725
0.737818
0.667153
0.468361
0.279743
0.0615917
-0.22447
-0.563354
)
;

boundaryField
{
    wall-4
    {
        type            zeroGradient;
    }
    pressure-outlet-7
    {
        type            fixedValue;
        value           uniform 0;
    }
    velocity-inlet-6
    {
        type            zeroGradient;
    }
    velocity-inlet-5
    {
        type            zeroGradient;
    }
    frontAndBackPlanes
    {
        type            empty;
    }
}


// ************************************************************************* //
