/*--------------------------------*- C++ -*----------------------------------*\
  =========                 |
  \\      /  F ield         | OpenFOAM: The Open Source CFD Toolbox
   \\    /   O peration     | Website:  https://openfoam.org
    \\  /    A nd           | Version:  6
     \\/     M anipulation  |
\*---------------------------------------------------------------------------*/
FoamFile
{
    version     2.0;
    format      ascii;
    class       volScalarField;
    location    "107.2";
    object      p;
}
// * * * * * * * * * * * * * * * * * * * * * * * * * * * * * * * * * * * * * //

dimensions      [0 2 -2 0 0 0 0];

internalField   nonuniform List<scalar> 
8800
(
0.990626
0.941313
0.90335
0.875285
0.85513
0.840552
0.829967
0.822444
0.817583
0.815545
0.816951
0.821322
0.828139
0.837582
0.850331
0.86766
0.891544
0.924645
0.967585
1.0201
0.825113
0.831459
0.840612
0.844164
0.841561
0.83548
0.82855
0.822324
0.817544
0.814704
0.814508
0.817171
0.821841
0.82799
0.835105
0.842151
0.847038
0.84692
0.84025
0.831356
0.798612
0.80485
0.809354
0.813231
0.816187
0.817147
0.816073
0.813972
0.812019
0.811216
0.812288
0.814777
0.817692
0.819983
0.82052
0.818744
0.815387
0.811382
0.806605
0.80289
0.794287
0.797055
0.799666
0.801831
0.803578
0.805159
0.806279
0.806656
0.806574
0.806714
0.807566
0.80875
0.809525
0.8094
0.808445
0.807107
0.805449
0.803156
0.800751
0.799185
0.789198
0.790625
0.79247
0.79456
0.796284
0.797593
0.798711
0.79972
0.800567
0.801353
0.80212
0.80263
0.802694
0.802363
0.80172
0.800625
0.798985
0.797103
0.795756
0.794953
0.784165
0.785069
0.786322
0.78796
0.789668
0.79122
0.792529
0.793686
0.794797
0.795875
0.796729
0.797179
0.797239
0.796912
0.796141
0.794978
0.793638
0.792387
0.791573
0.791049
0.779202
0.779859
0.780827
0.782158
0.783624
0.785164
0.786681
0.788087
0.789406
0.790686
0.79172
0.79229
0.792371
0.791986
0.791246
0.790337
0.789372
0.788486
0.787915
0.787529
0.774305
0.77481
0.775605
0.776761
0.778084
0.779531
0.781079
0.782671
0.784253
0.7858
0.787059
0.787762
0.787921
0.787665
0.787154
0.786508
0.785806
0.785166
0.784748
0.784447
0.769417
0.769819
0.770488
0.771529
0.772786
0.774188
0.77574
0.777444
0.779259
0.781117
0.782661
0.783586
0.783962
0.783956
0.783703
0.783291
0.782806
0.782366
0.782061
0.781816
0.764453
0.764781
0.765365
0.766331
0.76755
0.76895
0.770552
0.772375
0.774413
0.776603
0.778518
0.779785
0.780481
0.780768
0.780775
0.780611
0.780336
0.780065
0.779845
0.779639
0.759323
0.759594
0.76012
0.761045
0.762258
0.763698
0.765393
0.767383
0.769684
0.772264
0.774643
0.77635
0.777432
0.778052
0.778347
0.778436
0.778376
0.778257
0.778107
0.777927
0.75393
0.754158
0.754647
0.755563
0.75681
0.758333
0.760168
0.762383
0.765024
0.768086
0.77103
0.773264
0.774797
0.775802
0.776423
0.776771
0.776941
0.776967
0.776874
0.776713
0.748175
0.748369
0.748841
0.749777
0.7511
0.752753
0.754786
0.757297
0.760369
0.764028
0.767657
0.770518
0.772583
0.774031
0.775025
0.775684
0.776083
0.776243
0.776198
0.776048
0.741948
0.742114
0.742587
0.743571
0.74501
0.746848
0.749146
0.752041
0.755651
0.760042
0.764499
0.768112
0.770806
0.772772
0.774196
0.7752
0.775852
0.776147
0.776144
0.776001
0.735117
0.73526
0.735748
0.73681
0.738412
0.740494
0.743139
0.746518
0.750794
0.756078
0.761534
0.766046
0.769489
0.772066
0.773981
0.775384
0.776322
0.776758
0.776793
0.776651
0.727529
0.72765
0.728166
0.729336
0.731152
0.733549
0.736635
0.740619
0.745716
0.752085
0.758744
0.764327
0.768655
0.771956
0.774459
0.776325
0.777583
0.778165
0.778234
0.77809
0.718984
0.719087
0.719638
0.720952
0.723044
0.725841
0.729478
0.734215
0.740322
0.748009
0.75611
0.762967
0.768338
0.772491
0.775702
0.778109
0.779727
0.780462
0.780562
0.780411
0.709193
0.709296
0.709916
0.711406
0.713855
0.717157
0.721484
0.727158
0.734506
0.743791
0.753615
0.761978
0.76858
0.773736
0.777776
0.78082
0.782844
0.783738
0.783863
0.783701
0.697862
0.697941
0.698651
0.700396
0.703289
0.70723
0.712427
0.719269
0.728149
0.739372
0.751247
0.761377
0.76942
0.775754
0.780749
0.78454
0.787012
0.788063
0.788205
0.788029
0.684553
0.68462
0.68544
0.687501
0.690962
0.695724
0.702031
0.710345
0.72112
0.734693
0.748998
0.761186
0.77089
0.778588
0.784697
0.78933
0.792278
0.793474
0.793622
0.793428
0.668658
0.668716
0.66969
0.672176
0.676385
0.682219
0.689963
0.700156
0.713294
0.729713
0.746878
0.761433
0.773023
0.782276
0.789641
0.795206
0.798637
0.799948
0.800084
0.799871
0.649326
0.649381
0.650582
0.653665
0.658895
0.666176
0.675829
0.688461
0.704569
0.724423
0.744909
0.762143
0.775849
0.786832
0.795572
0.802138
0.806009
0.807379
0.807483
0.80725
0.625304
0.625365
0.626922
0.630908
0.63761
0.646922
0.659196
0.675051
0.694901
0.718871
0.743154
0.763357
0.779376
0.792244
0.802455
0.810011
0.814212
0.815557
0.815606
0.815357
0.594629
0.594721
0.5969
0.602354
0.611368
0.623685
0.639673
0.659824
0.684357
0.713181
0.741718
0.765133
0.783614
0.798446
0.810193
0.818613
0.822948
0.824159
0.824134
0.823877
0.553975
0.554208
0.557676
0.565849
0.578785
0.595788
0.617093
0.642905
0.673167
0.707567
0.740754
0.767552
0.788563
0.8054
0.818614
0.827632
0.831813
0.832773
0.832665
0.832412
0.496994
0.498191
0.505147
0.519013
0.538822
0.563099
0.591787
0.624757
0.661747
0.702324
0.740435
0.770708
0.794229
0.812982
0.827461
0.836654
0.84033
0.840961
0.840784
0.840547
0.414485
0.422601
0.438666
0.462999
0.493104
0.527123
0.564791
0.605934
0.650323
0.697558
0.740915
0.774916
0.801161
0.821933
0.83731
0.846201
0.849155
0.849464
0.849253
0.849062
0.326346
0.34422
0.370336
0.405922
0.446891
0.490759
0.537365
0.586723
0.638714
0.693049
0.742298
0.780652
0.810167
0.833119
0.849099
0.856913
0.858845
0.858885
0.858714
0.858599
0.250563
0.272445
0.306949
0.352156
0.402731
0.455878
0.511174
0.568572
0.627931
0.688976
0.74363
0.785857
0.818188
0.84283
0.858705
0.865187
0.866385
0.866339
0.866213
0.866134
0.188113
0.212445
0.252712
0.304818
0.362882
0.423743
0.486665
0.551385
0.617566
0.684829
0.744435
0.790153
0.824893
0.850732
0.866279
0.871832
0.872673
0.872603
0.872501
0.872437
0.136073
0.161904
0.206347
0.263796
0.32782
0.394979
0.464335
0.535444
0.607744
0.680676
0.744808
0.7937
0.830614
0.857473
0.87265
0.87748
0.878103
0.878019
0.877931
0.877871
0.0918598
0.118575
0.166105
0.227866
0.29687
0.369365
0.444243
0.520938
0.598696
0.676764
0.745022
0.796786
0.835652
0.863349
0.87811
0.882401
0.882888
0.88279
0.882706
0.882647
0.0533908
0.0806799
0.130608
0.195938
0.269185
0.346321
0.426079
0.507779
0.59049
0.673248
0.745262
0.7996
0.840136
0.868461
0.882813
0.886708
0.887101
0.886986
0.886897
0.886835
0.0191529
0.0468719
0.0987626
0.167129
0.244058
0.325277
0.409424
0.495704
0.583008
0.670138
0.745591
0.802196
0.844121
0.872857
0.886811
0.890413
0.890745
0.890616
0.890522
0.890452
-0.0119152
0.0161746
0.0697182
0.14074
0.220919
0.305776
0.393904
0.48442
0.576063
0.667354
0.746036
0.804657
0.847697
0.876627
0.890147
0.893521
0.893826
0.893704
0.893611
0.893531
-0.0406649
-0.012202
0.0428163
0.116236
0.199313
0.287445
0.379212
0.473684
0.569469
0.664813
0.746631
0.807103
0.85101
0.879902
0.892928
0.896109
0.896422
0.896341
0.896267
0.896181
-0.067532
-0.0387427
0.0176167
0.0931894
0.17888
0.269989
0.365107
0.463293
0.563074
0.662459
0.747434
0.80968
0.854262
0.8829
0.89536
0.898356
0.898708
0.898703
0.898671
0.898583
-0.0930486
-0.0638572
-0.00626167
0.0712812
0.159345
0.253169
0.351396
0.453084
0.556743
0.660218
0.748506
0.812563
0.857685
0.88589
0.897712
0.900517
0.900919
0.901016
0.901045
0.900964
-0.117395
-0.0878052
-0.0290531
0.0502855
0.140502
0.236813
0.337921
0.442921
0.550348
0.658008
0.749885
0.81593
0.861537
0.889146
0.900254
0.902846
0.903296
0.903496
0.903592
0.903525
-0.14077
-0.11077
-0.0509411
0.0300461
0.122219
0.2208
0.324569
0.432684
0.543773
0.655708
0.751552
0.819935
0.866064
0.892902
0.903188
0.905524
0.906011
0.906297
0.906451
0.906399
-0.16332
-0.132865
-0.0720331
0.0104662
0.104395
0.205044
0.311261
0.422293
0.536907
0.653178
0.753416
0.824691
0.871537
0.897416
0.906614
0.908606
0.909133
0.909482
0.90966
0.909616
-0.185162
-0.154214
-0.0923832
-0.00851565
0.0869881
0.189494
0.29795
0.411683
0.529658
0.650265
0.755322
0.830231
0.878262
0.902988
0.910611
0.911969
0.912541
0.913003
0.913204
0.913141
-0.206213
-0.1748
-0.112022
-0.0269459
0.0699645
0.17414
0.284609
0.400827
0.521962
0.646842
0.75706
0.836467
0.886514
0.910154
0.915503
0.9155
0.915916
0.916758
0.917241
0.917164
-0.226495
-0.194647
-0.130987
-0.0448359
0.053323
0.15898
0.271252
0.389707
0.513781
0.642781
0.758403
0.843187
0.896447
0.919651
0.922261
0.91975
0.919284
0.920834
0.922421
0.922685
-0.246102
-0.213756
-0.149302
-0.0621952
0.0370799
0.144041
0.257904
0.378345
0.505094
0.63799
0.759089
0.850071
0.907969
0.932103
0.932451
0.926741
0.924315
0.926531
0.930301
0.932078
-0.264923
-0.232135
-0.166945
-0.0789934
0.0212533
0.129365
0.244611
0.366782
0.495922
0.632418
0.758877
0.856684
0.920682
0.94756
0.947236
0.938929
0.933679
0.934197
0.93845
0.940911
-0.283063
-0.249823
-0.183944
-0.0952858
0.00578567
0.11489
0.231298
0.354936
0.48616
0.625944
0.757522
0.862636
0.934186
0.965665
0.966695
0.957353
0.948688
0.9418
0.934539
0.938661
-0.300479
-0.266888
-0.200449
-0.111274
-0.0096202
0.100296
0.217568
0.342354
0.475319
0.618022
0.754495
0.867351
0.948374
0.986454
0.990383
0.98147
0.967965
0.952445
0.92912
0.933461
-0.317066
-0.283337
-0.216322
-0.126785
-0.0247231
0.0858583
0.203585
0.329301
0.463594
0.608717
0.749478
0.86952
0.961462
1.00787
1.01398
1.0038
0.985767
0.952702
0.897762
0.87557
-0.332737
-0.30022
-0.231161
-0.141389
-0.038719
0.072063
0.189624
0.316041
0.451244
0.59814
0.74233
0.868135
0.971225
1.02741
1.03046
1.01418
0.982744
0.92258
0.860488
0.823264
-0.374511
-0.316919
-0.244675
-0.156073
-0.0523884
0.057892
0.17583
0.302427
0.43801
0.585832
0.732364
0.861989
0.97377
1.03829
1.03682
0.99775
0.930032
0.853959
0.782096
0.742371
-0.347412
-0.328342
-0.265168
-0.175928
-0.0736492
0.0365611
0.154053
0.280466
0.41596
0.563908
0.711451
0.842973
0.950301
1.02227
0.984635
0.851049
0.74598
0.673038
0.603595
0.622737
-0.37706
-0.344834
-0.280766
-0.191921
-0.0899789
0.0201784
0.138049
0.264087
0.399025
0.546047
0.692174
0.821154
0.916845
0.957975
0.881992
0.721141
0.598055
0.515042
0.427608
0.464445
-0.399614
-0.365104
-0.299331
-0.210417
-0.108496
0.00174099
0.11965
0.245122
0.379049
0.524237
0.667171
0.790268
0.873825
0.87597
0.745389
0.573672
0.432538
0.330608
0.230542
0.253546
-0.421331
-0.385872
-0.318809
-0.229268
-0.127252
-0.0170704
0.100422
0.225093
0.357671
0.500364
0.638602
0.751901
0.817246
0.784908
0.604834
0.414948
0.24599
0.10548
-0.0235401
-0.0201972
-0.442616
-0.406873
-0.338988
-0.248904
-0.14676
-0.0367695
0.0801142
0.203764
0.334582
0.474123
0.606243
0.708943
0.752368
0.667269
0.465751
0.258387
0.0655205
-0.0926287
-0.298599
-0.37953
-0.464162
-0.428588
-0.360275
-0.269842
-0.167578
-0.0577779
0.0585126
0.181025
0.309826
0.445694
0.570698
0.663543
0.677183
0.541209
0.337753
0.120782
-0.0758605
-0.238854
-0.361451
-0.473399
-0.487024
-0.45149
-0.383019
-0.292468
-0.190244
-0.08077
0.034783
0.155907
0.282216
0.413605
0.530713
0.609317
0.593333
0.421098
0.21733
0.00701029
-0.172713
-0.271256
-0.296998
-0.309933
-0.511354
-0.475876
-0.407348
-0.316865
-0.214903
-0.105973
0.00853856
0.127874
0.251104
0.377033
0.485222
0.544324
0.506141
0.305477
0.104265
-0.0854598
-0.221465
-0.259893
-0.268172
-0.268532
-0.537444
-0.501878
-0.433305
-0.343022
-0.241507
-0.133405
-0.0202637
0.0968449
0.216383
0.335956
0.434438
0.475307
0.399925
0.19905
0.00487397
-0.160009
-0.236209
-0.250248
-0.251215
-0.251087
-0.5653
-0.529532
-0.460918
-0.370948
-0.270086
-0.163074
-0.0516545
0.0627763
0.178048
0.290479
0.37821
0.401281
0.287093
0.101963
-0.080951
-0.211522
-0.240616
-0.241193
-0.241699
-0.241292
-0.594676
-0.558687
-0.490102
-0.400576
-0.300571
-0.194947
-0.0856313
0.02567
0.136148
0.240727
0.317566
0.319797
0.187708
0.0136592
-0.14783
-0.223331
-0.23799
-0.235895
-0.235567
-0.235162
-0.625027
-0.588998
-0.520602
-0.431688
-0.33279
-0.228882
-0.122061
-0.0143679
0.090916
0.187247
0.252743
0.238123
0.0971766
-0.0633404
-0.192533
-0.231724
-0.231044
-0.231434
-0.231162
-0.230837
-0.65591
-0.619944
-0.551941
-0.463878
-0.366402
-0.264568
-0.160666
-0.0570616
0.0426625
0.131043
0.182846
0.161414
0.0165981
-0.123669
-0.218305
-0.226734
-0.228205
-0.228524
-0.228435
-0.228243
-0.686346
-0.650667
-0.583407
-0.496526
-0.400862
-0.30153
-0.200982
-0.101909
-0.00817187
0.0730067
0.11343
0.0844686
-0.051469
-0.165643
-0.222875
-0.232984
-0.227632
-0.226597
-0.226229
-0.226058
-0.714731
-0.679907
-0.613976
-0.528755
-0.435401
-0.339062
-0.242331
-0.148152
-0.0607756
0.0136236
0.0491991
0.00613417
-0.106267
-0.19759
-0.220668
-0.224129
-0.224871
-0.224403
-0.224206
-0.224082
-0.739796
-0.706177
-0.642269
-0.559375
-0.468961
-0.376221
-0.283824
-0.19485
-0.113865
-0.04654
-0.0132942
-0.0610033
-0.147608
-0.21613
-0.237219
-0.22759
-0.224162
-0.223079
-0.222766
-0.222612
-0.758961
-0.7274
-0.666549
-0.586884
-0.500239
-0.411823
-0.324343
-0.240916
-0.166115
-0.105656
-0.0752532
-0.113462
-0.175017
-0.219642
-0.225131
-0.22464
-0.223093
-0.222496
-0.222277
-0.222103
-0.770246
-0.741524
-0.684779
-0.609562
-0.52772
-0.444488
-0.362565
-0.285081
-0.216407
-0.161099
-0.131853
-0.157225
-0.191442
-0.217861
-0.217677
-0.221193
-0.222657
-0.22278
-0.222725
-0.222632
-0.771001
-0.746217
-0.694904
-0.625591
-0.549791
-0.472757
-0.39707
-0.325852
-0.263505
-0.212199
-0.179112
-0.196574
-0.20511
-0.219988
-0.222431
-0.22283
-0.223491
-0.223741
-0.223828
-0.223833
-0.758851
-0.738827
-0.69481
-0.633259
-0.565005
-0.495268
-0.426533
-0.36172
-0.305622
-0.260129
-0.214741
-0.232905
-0.21938
-0.226957
-0.228588
-0.226732
-0.226149
-0.226397
-0.226659
-0.226692
-0.73181
-0.71722
-0.68273
-0.631386
-0.572334
-0.511049
-0.449931
-0.391606
-0.340977
-0.303056
-0.25502
-0.249223
-0.239912
-0.242068
-0.236249
-0.234569
-0.233127
-0.233253
-0.233587
-0.233631
-0.693359
-0.684075
-0.659958
-0.620304
-0.571844
-0.51986
-0.46671
-0.414916
-0.369065
-0.336662
-0.305093
-0.277495
-0.250945
-0.25583
-0.261625
-0.253412
-0.247828
-0.246533
-0.246851
-0.246847
-0.650515
-0.645217
-0.63139
-0.603123
-0.565643
-0.522567
-0.476999
-0.431287
-0.389316
-0.358207
-0.330131
-0.303078
-0.270475
-0.24737
-0.228478
-0.234413
-0.256006
-0.268841
-0.272536
-0.272747
-0.612947
-0.609702
-0.603081
-0.585105
-0.556563
-0.521
-0.481786
-0.440716
-0.400725
-0.367962
-0.342022
-0.324284
-0.312581
-0.319483
-0.34215
-0.375106
-0.380412
-0.35125
-0.335222
-0.337479
-0.585881
-0.583957
-0.58061
-0.569982
-0.548223
-0.518215
-0.483044
-0.444155
-0.403962
-0.36756
-0.339641
-0.332057
-0.365968
-0.431821
-0.505057
-0.549463
-0.557117
-0.522648
-0.475352
-0.459434
-0.566043
-0.565366
-0.564245
-0.558994
-0.543089
-0.516708
-0.482747
-0.443603
-0.400543
-0.357386
-0.326609
-0.301428
-0.295552
-0.323042
-0.378681
-0.392552
-0.384252
-0.361965
-0.331436
-0.315212
-0.554437
-0.554216
-0.553609
-0.551213
-0.540431
-0.516205
-0.481888
-0.440619
-0.392899
-0.340106
-0.295828
-0.234416
-0.16169
-0.103422
-0.0814663
-0.0690524
-0.0334631
0.00665282
0.0423071
0.0598869
-0.546397
-0.546253
-0.545851
-0.545182
-0.538618
-0.516838
-0.481507
-0.436752
-0.383269
-0.318772
-0.252453
-0.16747
-0.0298472
0.139379
0.298332
0.427113
0.519825
0.581877
0.620175
0.635974
-0.541139
-0.541095
-0.540976
-0.540814
-0.536931
-0.518641
-0.482345
-0.433282
-0.373864
-0.298711
-0.213699
-0.118011
0.0667154
0.329502
0.607889
0.854557
1.02811
1.12076
1.15569
1.16572
-0.536876
-0.536867
-0.536787
-0.53667
-0.535269
-0.520908
-0.484526
-0.431749
-0.366688
-0.284126
-0.187797
-0.0841665
0.1122
0.403362
0.721338
1.0125
1.23143
1.34713
1.3873
1.39745
-0.53332
-0.533318
-0.533196
-0.532929
-0.532713
-0.52277
-0.488048
-0.433179
-0.363968
-0.277544
-0.17655
-0.0719089
0.107537
0.383216
0.684601
0.961898
1.17546
1.29394
1.34034
1.35313
-0.530684
-0.530714
-0.530721
-0.530736
-0.531165
-0.524221
-0.492799
-0.437355
-0.366453
-0.279555
-0.180494
-0.0828513
0.066573
0.311819
0.57171
0.804359
0.990399
1.10159
1.14715
1.15904
-0.527934
-0.528078
-0.528422
-0.52905
-0.529576
-0.525855
-0.497813
-0.443888
-0.373807
-0.289309
-0.197277
-0.110828
0.0025129
0.20636
0.424283
0.608341
0.756345
0.847157
0.883912
0.892711
-0.524937
-0.525132
-0.525401
-0.525735
-0.52611
-0.524679
-0.501412
-0.451399
-0.38506
-0.305615
-0.221437
-0.147072
-0.0625449
0.0961139
0.268404
0.408494
0.518799
0.586594
0.612241
0.617305
-0.522902
-0.522986
-0.522809
-0.522101
-0.521248
-0.520232
-0.502805
-0.459478
-0.399168
-0.324856
-0.249839
-0.18634
-0.125061
-0.00480521
0.125722
0.22808
0.305153
0.351386
0.368509
0.370874
-0.523472
-0.523328
-0.522535
-0.520378
-0.517051
-0.5151
-0.504432
-0.469201
-0.414074
-0.345391
-0.279294
-0.225383
-0.178428
-0.0920542
0.00393519
0.0764676
0.12934
0.158652
0.168504
0.1697
-0.528186
-0.528021
-0.527364
-0.525656
-0.522525
-0.520131
-0.513632
-0.482852
-0.428604
-0.365182
-0.308244
-0.260964
-0.222275
-0.15808
-0.090505
-0.0424325
-0.00924622
0.00881374
0.0145301
0.0154259
-0.535293
-0.53568
-0.537098
-0.540949
-0.546537
-0.548585
-0.538971
-0.500797
-0.442334
-0.385327
-0.335955
-0.292191
-0.262111
-0.21445
-0.162948
-0.128557
-0.106969
-0.0956865
-0.0916985
-0.0912527
-0.538895
-0.54004
-0.544318
-0.556657
-0.575981
-0.584234
-0.567367
-0.514267
-0.454841
-0.405524
-0.358008
-0.31885
-0.293648
-0.256681
-0.216555
-0.189015
-0.170551
-0.160757
-0.157276
-0.157025
-0.537576
-0.538611
-0.542557
-0.553473
-0.57387
-0.587519
-0.561562
-0.510849
-0.464139
-0.420942
-0.374638
-0.339995
-0.321044
-0.287302
-0.250461
-0.225303
-0.207518
-0.197237
-0.193956
-0.194118
-0.539574
-0.540101
-0.540861
-0.534358
-0.514985
-0.501035
-0.501095
-0.486715
-0.465888
-0.427486
-0.384343
-0.356038
-0.34022
-0.30974
-0.274902
-0.249087
-0.229842
-0.218944
-0.215732
-0.216194
-0.548752
-0.548526
-0.545457
-0.52136
-0.467539
-0.426502
-0.439815
-0.465988
-0.464092
-0.428595
-0.389143
-0.366129
-0.351122
-0.320245
-0.28758
-0.263029
-0.244322
-0.233862
-0.230681
-0.231267
-0.567936
-0.565641
-0.561417
-0.54318
-0.504101
-0.468421
-0.474003
-0.497375
-0.481551
-0.432245
-0.391133
-0.369184
-0.352699
-0.321604
-0.290098
-0.267215
-0.250816
-0.242357
-0.239646
-0.240193
-0.626354
-0.626522
-0.643246
-0.667895
-0.674558
-0.651451
-0.621791
-0.578158
-0.511211
-0.435996
-0.390511
-0.363869
-0.341305
-0.312468
-0.28472
-0.263838
-0.249421
-0.24194
-0.239453
-0.239898
-0.734244
-0.745212
-0.779234
-0.817945
-0.831907
-0.811017
-0.756849
-0.659334
-0.535388
-0.436174
-0.383414
-0.34624
-0.320616
-0.292707
-0.266202
-0.247315
-0.235175
-0.228865
-0.226651
-0.22699
-0.811681
-0.825547
-0.854243
-0.881229
-0.892906
-0.872792
-0.806057
-0.67296
-0.526568
-0.42262
-0.358287
-0.315421
-0.291777
-0.263967
-0.237664
-0.21926
-0.206956
-0.200574
-0.198496
-0.198963
-0.795056
-0.804448
-0.823795
-0.844277
-0.855393
-0.838684
-0.768155
-0.617833
-0.477726
-0.380617
-0.310634
-0.274181
-0.253092
-0.224923
-0.199237
-0.18064
-0.16784
-0.160856
-0.158968
-0.159623
-0.680696
-0.689233
-0.705656
-0.724656
-0.737106
-0.722593
-0.651323
-0.517345
-0.401534
-0.308401
-0.247624
-0.222218
-0.203616
-0.177134
-0.153386
-0.135517
-0.122187
-0.115156
-0.113758
-0.114664
-0.493814
-0.504366
-0.523562
-0.546541
-0.562237
-0.546443
-0.474742
-0.376572
-0.290483
-0.216959
-0.178975
-0.159714
-0.14556
-0.125174
-0.105453
-0.0892067
-0.0768276
-0.070765
-0.0702584
-0.0713841
-0.249054
-0.260796
-0.285351
-0.315359
-0.331898
-0.31529
-0.263988
-0.205671
-0.15404
-0.119998
-0.102121
-0.0888538
-0.0846611
-0.0706426
-0.0575111
-0.0466295
-0.0376142
-0.0336741
-0.034123
-0.0352944
0.0111263
-0.007219
-0.0423044
-0.0632579
-0.0695762
-0.0676115
-0.0599828
-0.0477346
-0.0356182
-0.0279771
-0.0237435
-0.0183427
-0.0177218
-0.0162633
-0.0121614
-0.0124858
-0.0119166
-0.0117673
-0.00981345
-0.00893165
0.102361
0.284253
0.449984
0.589131
0.698246
0.782094
0.850536
0.90597
0.919024
0.916462
0.376501
0.492137
0.600075
0.692478
0.769186
0.831694
0.880631
0.913682
0.931489
0.948625
0.561705
0.638226
0.71375
0.7796
0.835302
0.88133
0.91769
0.945708
0.966859
0.986191
0.699071
0.753613
0.808322
0.857295
0.899495
0.935458
0.965791
0.991347
1.01108
1.02999
0.810915
0.852111
0.892843
0.931058
0.965283
0.99564
1.02227
1.04497
1.06266
1.08076
0.904566
0.938955
0.972745
1.0052
1.0352
1.06245
1.08661
1.107
1.12252
1.14001
0.990691
1.02185
1.05324
1.08364
1.11198
1.1378
1.16048
1.17912
1.19283
1.20983
1.07624
1.10835
1.14024
1.17099
1.19937
1.22482
1.24666
1.26398
1.2762
1.2927
1.1698
1.20604
1.24053
1.2727
1.3016
1.32671
1.34763
1.36377
1.37526
1.39137
1.28249
1.32319
1.35998
1.39262
1.42088
1.4447
1.46419
1.47936
1.49117
1.50721
1.42387
1.46467
1.49979
1.52918
1.55424
1.57575
1.59417
1.6096
1.62266
1.63858
1.59508
1.62698
1.65391
1.67624
1.69628
1.71494
1.73264
1.74938
1.76426
1.77996
1.78108
1.79825
1.81532
1.83198
1.84806
1.86277
1.87666
1.89111
1.90633
1.92363
1.96444
1.97433
1.98749
1.99846
2.00786
2.01751
2.0281
2.03825
2.04753
2.0732
2.18221
2.1765
2.16355
2.14929
2.14298
2.14867
2.16681
2.19533
2.22909
2.26542
2.48504
2.34909
2.26956
2.22699
2.20966
2.21366
2.24107
2.29893
2.40658
2.58499
0.894318
0.888016
0.88029
0.869181
0.855618
0.842981
0.832602
0.824617
0.818937
0.815659
0.815376
0.818275
0.82356
0.830957
0.840535
0.852386
0.865962
0.878901
0.887897
0.895441
0.803368
0.809289
0.817366
0.823506
0.826584
0.826086
0.823019
0.819053
0.815505
0.813278
0.813216
0.815542
0.819354
0.823842
0.827975
0.830244
0.829187
0.824562
0.817515
0.809685
0.796587
0.79896
0.802233
0.805015
0.807478
0.809683
0.810886
0.810772
0.80988
0.809137
0.809433
0.81093
0.812777
0.814056
0.814018
0.812579
0.810441
0.808095
0.805123
0.80211
0.791755
0.792844
0.794767
0.797116
0.799002
0.800421
0.801666
0.802697
0.80335
0.803802
0.804452
0.80529
0.805834
0.805775
0.805192
0.804303
0.802997
0.801047
0.798952
0.797479
0.786674
0.787308
0.788443
0.790215
0.792077
0.793694
0.794978
0.796087
0.797132
0.798118
0.799017
0.79965
0.79988
0.799744
0.799262
0.79833
0.796934
0.795348
0.794026
0.793228
0.781677
0.782115
0.782911
0.784231
0.785775
0.787369
0.788886
0.790237
0.791466
0.792658
0.793745
0.794483
0.794772
0.794624
0.794027
0.79308
0.791967
0.790853
0.789968
0.789438
0.776751
0.777078
0.777697
0.778786
0.780109
0.781545
0.783071
0.784611
0.786092
0.787518
0.788826
0.789736
0.790098
0.78996
0.789447
0.78873
0.787935
0.787117
0.786477
0.786089
0.771869
0.772121
0.772623
0.773556
0.774762
0.776114
0.777594
0.779199
0.780885
0.782595
0.784185
0.785303
0.785811
0.785846
0.785569
0.785106
0.784536
0.783956
0.7835
0.783204
0.766954
0.767155
0.767574
0.768401
0.769535
0.770849
0.772327
0.773993
0.775841
0.777828
0.779752
0.781177
0.781961
0.782271
0.782262
0.782046
0.7817
0.781323
0.781011
0.78078
0.761919
0.76208
0.762441
0.763199
0.764295
0.765601
0.767123
0.768892
0.770926
0.773207
0.775529
0.77737
0.778528
0.779172
0.779452
0.779495
0.779384
0.779196
0.779004
0.778819
0.75667
0.756799
0.757119
0.757837
0.758924
0.760268
0.761875
0.763797
0.766074
0.768718
0.771525
0.773878
0.775487
0.776516
0.777128
0.777453
0.777578
0.777578
0.777491
0.777342
0.75111
0.751213
0.751506
0.752209
0.753325
0.75475
0.756489
0.758621
0.761216
0.764316
0.767718
0.770687
0.772827
0.774306
0.775295
0.77593
0.776323
0.776509
0.776512
0.776389
0.745134
0.745214
0.745493
0.746206
0.747386
0.748936
0.750864
0.753276
0.756277
0.759945
0.764073
0.767782
0.770554
0.772558
0.773983
0.774992
0.775665
0.776036
0.776123
0.776022
0.738622
0.738682
0.738955
0.739702
0.740982
0.742706
0.744889
0.747665
0.751176
0.755544
0.760553
0.765153
0.768678
0.771305
0.773233
0.774657
0.775655
0.77623
0.776398
0.776312
0.731434
0.731471
0.731748
0.732552
0.733972
0.735924
0.738438
0.741675
0.745822
0.751047
0.757123
0.762791
0.767212
0.770575
0.773103
0.775006
0.776377
0.777174
0.777422
0.777347
0.723397
0.723415
0.723696
0.724578
0.726181
0.728428
0.731361
0.735177
0.740111
0.746384
0.753749
0.760694
0.766176
0.770407
0.773646
0.776128
0.777923
0.77896
0.779287
0.779219
0.714252
0.714259
0.714568
0.715555
0.717397
0.720017
0.723478
0.728016
0.733922
0.741476
0.750394
0.758858
0.765597
0.770849
0.774926
0.778097
0.780382
0.781682
0.782086
0.78202
0.703738
0.703719
0.704067
0.705205
0.707347
0.710441
0.714566
0.720006
0.727117
0.736236
0.747022
0.757285
0.765501
0.771958
0.777023
0.780989
0.78384
0.785422
0.785898
0.78583
0.691467
0.691428
0.691828
0.693156
0.695679
0.69938
0.70435
0.710927
0.719538
0.730573
0.743601
0.755981
0.76592
0.773775
0.779997
0.784878
0.788368
0.79024
0.790778
0.7907
0.676926
0.676864
0.677345
0.678927
0.681942
0.686429
0.692487
0.700517
0.711011
0.724398
0.740108
0.754964
0.766877
0.776332
0.783896
0.789815
0.793997
0.796152
0.796732
0.796637
0.659392
0.659308
0.659919
0.661859
0.665531
0.671063
0.678556
0.688473
0.70136
0.717645
0.736541
0.754254
0.768407
0.779671
0.788716
0.795799
0.800707
0.803106
0.803695
0.803576
0.63783
0.637729
0.638551
0.641014
0.645612
0.652593
0.662043
0.674475
0.690439
0.710291
0.732936
0.753889
0.770538
0.783793
0.79446
0.802794
0.808394
0.810954
0.811508
0.811357
0.610664
0.610565
0.611743
0.615017
0.621034
0.630133
0.642369
0.658232
0.678177
0.702392
0.729384
0.753937
0.773293
0.78869
0.801083
0.810687
0.816853
0.819436
0.819901
0.819714
0.575341
0.5753
0.577125
0.58181
0.590211
0.602664
0.619019
0.639611
0.664663
0.694117
0.726039
0.754496
0.776709
0.794338
0.808498
0.819278
0.825759
0.828178
0.8285
0.828282
0.527327
0.527525
0.530789
0.538458
0.551321
0.569313
0.591813
0.618809
0.650219
0.685765
0.723113
0.755702
0.780837
0.800685
0.816572
0.828285
0.834679
0.836713
0.836861
0.836627
0.458119
0.459636
0.467617
0.482198
0.503332
0.530175
0.56136
0.596511
0.635418
0.677738
0.720837
0.757649
0.785707
0.807659
0.825018
0.837205
0.843038
0.844506
0.844498
0.844279
0.375399
0.378324
0.393906
0.419181
0.451684
0.488942
0.529488
0.573186
0.619951
0.669539
0.719066
0.760869
0.792571
0.817201
0.836018
0.848056
0.853032
0.85401
0.853952
0.853823
0.290471
0.298085
0.321545
0.357492
0.400949
0.448412
0.498307
0.550572
0.605194
0.66199
0.717871
0.764568
0.79977
0.827025
0.847149
0.858496
0.862098
0.862524
0.862436
0.862362
0.220717
0.230544
0.258977
0.302472
0.354491
0.410557
0.468847
0.529105
0.591169
0.654763
0.716529
0.767652
0.80595
0.83525
0.855956
0.866402
0.869187
0.869435
0.869359
0.869312
0.163355
0.173953
0.206182
0.255253
0.313721
0.376623
0.441912
0.50913
0.577883
0.647704
0.714866
0.77003
0.811104
0.84215
0.863209
0.872901
0.875139
0.875288
0.875225
0.875194
0.115142
0.12612
0.160969
0.21437
0.27807
0.346607
0.417758
0.49095
0.565595
0.641019
0.713105
0.771944
0.81554
0.84815
0.869434
0.878449
0.880314
0.880403
0.880345
0.880322
0.0736603
0.0848061
0.1216
0.17846
0.246508
0.319857
0.39609
0.474523
0.554422
0.634909
0.711477
0.773654
0.819504
0.853437
0.874797
0.883259
0.88487
0.884913
0.884852
0.884828
0.0371927
0.0483938
0.0867028
0.146418
0.218161
0.295678
0.376408
0.459557
0.544254
0.629403
0.710092
0.775273
0.823077
0.858085
0.879409
0.887409
0.888846
0.888853
0.888781
0.888752
0.00447715
0.0156917
0.0551945
0.117366
0.192317
0.273502
0.358251
0.445707
0.534857
0.624399
0.708946
0.776851
0.826324
0.862135
0.883317
0.890914
0.892235
0.892224
0.892149
0.892113
-0.0255211
-0.0142772
0.0262764
0.0906202
0.168424
0.252872
0.341244
0.432661
0.526
0.619751
0.708014
0.77846
0.829362
0.865715
0.886601
0.893822
0.895066
0.895069
0.895013
0.894977
-0.053389
-0.0421073
-0.000621352
0.0656762
0.14603
0.233417
0.325093
0.420178
0.517483
0.615334
0.707282
0.780199
0.83235
0.869
0.889438
0.896273
0.897468
0.897522
0.897514
0.897491
-0.079624
-0.0682944
-0.0259416
0.0421348
0.124793
0.214845
0.309553
0.408056
0.509145
0.611037
0.706748
0.782186
0.835485
0.872227
0.892073
0.898498
0.899657
0.899792
0.899861
0.899865
-0.104631
-0.0931667
-0.0500074
0.0197116
0.104464
0.196935
0.294437
0.39614
0.500842
0.606751
0.706399
0.784537
0.838989
0.875665
0.894791
0.900774
0.90189
0.902118
0.902277
0.902319
-0.128562
-0.116944
-0.0730189
-0.00179918
0.0848573
0.179537
0.279605
0.384294
0.492453
0.602348
0.70617
0.787355
0.84308
0.879571
0.897837
0.90333
0.904387
0.9047
0.904943
0.905026
-0.151631
-0.139809
-0.0951525
-0.0225254
0.0658562
0.162537
0.264957
0.372421
0.483871
0.597712
0.705949
0.790677
0.847973
0.884208
0.901413
0.906297
0.907277
0.907661
0.90796
0.908071
-0.173856
-0.161849
-0.116493
-0.0425477
0.0473868
0.14587
0.250436
0.360458
0.475012
0.592712
0.705583
0.794461
0.853872
0.889886
0.905684
0.909681
0.910532
0.911008
0.911336
0.911446
-0.195365
-0.183126
-0.137058
-0.0619093
0.0294011
0.129498
0.236001
0.348371
0.465816
0.587241
0.704895
0.79857
0.860916
0.896995
0.910957
0.913439
0.913905
0.914553
0.915042
0.915177
-0.216036
-0.203651
-0.156884
-0.0806511
0.011885
0.113428
0.221648
0.336138
0.456251
0.581222
0.7037
0.80279
0.869111
0.906025
0.917924
0.917955
0.917253
0.918065
0.919269
0.919779
-0.23604
-0.223434
-0.175989
-0.0987985
-0.00517882
0.097646
0.207404
0.323768
0.446304
0.574604
0.701823
0.806833
0.878295
0.917325
0.92771
0.924652
0.921582
0.922083
0.924752
0.926564
-0.25527
-0.24244
-0.194399
-0.116341
-0.0217492
0.0821923
0.193303
0.311315
0.435996
0.567332
0.699116
0.810363
0.888114
0.930906
0.941213
0.935581
0.929493
0.928685
0.932765
0.937249
-0.273816
-0.260767
-0.212088
-0.133252
-0.0378235
0.0670975
0.17939
0.298811
0.425365
0.559434
0.695467
0.813001
0.898034
0.946261
0.958429
0.951893
0.943209
0.938894
0.937322
0.933106
-0.291604
-0.2784
-0.229152
-0.14971
-0.0536288
0.0520846
0.165344
0.285878
0.414015
0.550492
0.690498
0.814401
0.907962
0.963589
0.979588
0.974062
0.96364
0.952237
0.939838
0.94054
-0.308635
-0.295438
-0.245621
-0.165673
-0.0691716
0.0371709
0.151173
0.272467
0.401864
0.5403
0.683859
0.813763
0.916682
0.981803
1.00267
0.999011
0.985689
0.971169
0.934185
0.897425
-0.324735
-0.311753
-0.26149
-0.181021
-0.0844725
0.0223317
0.136848
0.258677
0.388925
0.528801
0.675269
0.810337
0.922267
0.998865
1.02491
1.0192
1.00125
0.967258
0.912777
0.860872
-0.342601
-0.326267
-0.276565
-0.195294
-0.0992516
0.00780349
0.121979
0.24453
0.375254
0.516044
0.664522
0.803501
0.922305
1.01307
1.04503
1.03396
0.99063
0.928863
0.85803
0.79831
-0.330831
-0.30583
-0.251285
-0.166054
-0.0627627
0.047546
0.167776
0.294354
0.429966
0.577962
0.725177
0.855879
0.967683
1.0494
1.04758
0.961075
0.894231
0.820833
0.750196
0.705449
-0.343966
-0.335974
-0.294089
-0.218355
-0.122137
-0.0158774
0.0988524
0.221483
0.352358
0.493483
0.642926
0.7847
0.906054
1.00162
1.04539
1.00003
0.874205
0.785025
0.719039
0.642937
-0.364201
-0.353427
-0.307974
-0.230785
-0.133943
-0.0281267
0.0856826
0.207563
0.337943
0.47849
0.627634
0.769642
0.888861
0.971131
0.980364
0.867702
0.724991
0.631353
0.559755
0.481377
-0.386307
-0.374397
-0.325828
-0.247699
-0.15088
-0.0447821
0.0692462
0.191132
0.321005
0.460712
0.607998
0.74661
0.85611
0.920829
0.884711
0.72849
0.578101
0.470587
0.385565
0.275079
-0.407849
-0.395947
-0.345768
-0.266517
-0.169687
-0.0634396
0.0505722
0.172071
0.301108
0.439328
0.583641
0.716547
0.815243
0.853541
0.770164
0.583155
0.412511
0.27836
0.169131
0.0261043
-0.429111
-0.4173
-0.366138
-0.285896
-0.188768
-0.0825149
0.0311522
0.151902
0.279735
0.415879
0.556286
0.682085
0.770611
0.767862
0.634074
0.435023
0.239686
0.0685572
-0.0764997
-0.321179
-0.450547
-0.438929
-0.387219
-0.306351
-0.208961
-0.102703
0.0105558
0.13046
0.256844
0.390439
0.526152
0.64235
0.716339
0.681188
0.500438
0.293405
0.0849455
-0.0959113
-0.264992
-0.516377
-0.472728
-0.461291
-0.409391
-0.328183
-0.230646
-0.124426
-0.0115864
0.107424
0.232176
0.362807
0.493203
0.598249
0.653993
0.588531
0.378065
0.165987
-0.0385473
-0.210635
-0.296998
-0.344668
-0.496348
-0.485027
-0.433007
-0.351688
-0.254234
-0.148265
-0.0360535
0.081755
0.204418
0.331346
0.455347
0.549664
0.580285
0.469339
0.262175
0.0539264
-0.128178
-0.242588
-0.277837
-0.283456
-0.521599
-0.510328
-0.458186
-0.376872
-0.279669
-0.174186
-0.0628877
0.0533652
0.173428
0.295889
0.412328
0.495972
0.49173
0.352585
0.152439
-0.0406817
-0.19322
-0.247156
-0.256106
-0.258427
-0.548623
-0.537326
-0.484995
-0.403755
-0.306956
-0.202206
-0.0921154
0.0221812
0.139138
0.256449
0.36429
0.435252
0.405353
0.241662
0.0544354
-0.124295
-0.222961
-0.245474
-0.245749
-0.245934
-0.577307
-0.565952
-0.513409
-0.432321
-0.336079
-0.232298
-0.12375
-0.0118139
0.101548
0.213036
0.31167
0.367194
0.325624
0.141591
-0.0317766
-0.182653
-0.235724
-0.237717
-0.238388
-0.23832
-0.607295
-0.595917
-0.543226
-0.462422
-0.366922
-0.264379
-0.157722
-0.0485722
0.0607113
0.165905
0.254769
0.296762
0.235899
0.0545456
-0.106094
-0.211467
-0.234434
-0.233859
-0.233341
-0.233015
-0.638149
-0.626771
-0.574064
-0.493722
-0.3992
-0.298211
-0.19381
-0.0878988
0.016831
0.115564
0.194038
0.223157
0.140535
-0.0213612
-0.163342
-0.216697
-0.228355
-0.229287
-0.22974
-0.229587
-0.669115
-0.657835
-0.605313
-0.525666
-0.432446
-0.33338
-0.231657
-0.129425
-0.0297305
0.0624885
0.131477
0.143425
0.0558997
-0.0829696
-0.19569
-0.234912
-0.229067
-0.228059
-0.227571
-0.227373
-0.699128
-0.688047
-0.636042
-0.557457
-0.465962
-0.36927
-0.27068
-0.172554
-0.0783097
0.00713055
0.0695306
0.0683149
-0.0188141
-0.133525
-0.209681
-0.227344
-0.226844
-0.225745
-0.225376
-0.225228
-0.726373
-0.715777
-0.66493
-0.587988
-0.498786
-0.405024
-0.310094
-0.216492
-0.127944
-0.0495291
0.00782565
0.00178789
-0.0819719
-0.170776
-0.223453
-0.225493
-0.224906
-0.224063
-0.223626
-0.223495
-0.749335
-0.739459
-0.690388
-0.615796
-0.529656
-0.439522
-0.348865
-0.260247
-0.177496
-0.105927
-0.0547632
-0.0570562
-0.129701
-0.193595
-0.226791
-0.231283
-0.225017
-0.223108
-0.222621
-0.222438
-0.765475
-0.756519
-0.710283
-0.639118
-0.557062
-0.47142
-0.385741
-0.302613
-0.225833
-0.160465
-0.114503
-0.110974
-0.163307
-0.203216
-0.21803
-0.220554
-0.222646
-0.222791
-0.222634
-0.222499
-0.772701
-0.764589
-0.722304
-0.656036
-0.579301
-0.499215
-0.419326
-0.342193
-0.271661
-0.212026
-0.16773
-0.161222
-0.189901
-0.208259
-0.220905
-0.220424
-0.22263
-0.223229
-0.223331
-0.223313
-0.767038
-0.760315
-0.724705
-0.664648
-0.594651
-0.521419
-0.448214
-0.377545
-0.31333
-0.259871
-0.215341
-0.202686
-0.215621
-0.215392
-0.224434
-0.224353
-0.224529
-0.224667
-0.224923
-0.225023
-0.747056
-0.742421
-0.714881
-0.663458
-0.601844
-0.536781
-0.47121
-0.407441
-0.349232
-0.302174
-0.263151
-0.24114
-0.230977
-0.214204
-0.228246
-0.229472
-0.229028
-0.229178
-0.22957
-0.229699
-0.713567
-0.710325
-0.691903
-0.651774
-0.600348
-0.544701
-0.48758
-0.431046
-0.37856
-0.336618
-0.309969
-0.273783
-0.249781
-0.241932
-0.246095
-0.246179
-0.241626
-0.239232
-0.239281
-0.239438
-0.671713
-0.669687
-0.659444
-0.631947
-0.591552
-0.545802
-0.497296
-0.447957
-0.400957
-0.362655
-0.337064
-0.309395
-0.272169
-0.253665
-0.248507
-0.242869
-0.249033
-0.255687
-0.258051
-0.258198
-0.630318
-0.629127
-0.624253
-0.608445
-0.57914
-0.542038
-0.501305
-0.458327
-0.415774
-0.378598
-0.352049
-0.32804
-0.300376
-0.275247
-0.252029
-0.25072
-0.271299
-0.287474
-0.291888
-0.293764
-0.597779
-0.597117
-0.594613
-0.585853
-0.565842
-0.5365
-0.501577
-0.463053
-0.422949
-0.384833
-0.356669
-0.332399
-0.342031
-0.366918
-0.428354
-0.477875
-0.503868
-0.493722
-0.447737
-0.421521
-0.574999
-0.574338
-0.57303
-0.569478
-0.556108
-0.53225
-0.500624
-0.464076
-0.423723
-0.382146
-0.34834
-0.321419
-0.331334
-0.36022
-0.432449
-0.481461
-0.491469
-0.47831
-0.443158
-0.413436
-0.559711
-0.559491
-0.558979
-0.557132
-0.54984
-0.530216
-0.500183
-0.463012
-0.420183
-0.372951
-0.330467
-0.292113
-0.249656
-0.219653
-0.231409
-0.253902
-0.248362
-0.223855
-0.192181
-0.166747
-0.550015
-0.549979
-0.549657
-0.549081
-0.545555
-0.529702
-0.500183
-0.460861
-0.41436
-0.359858
-0.300948
-0.244416
-0.148157
-0.0338596
0.0664972
0.136662
0.198459
0.253936
0.299469
0.327796
-0.543549
-0.543528
-0.543311
-0.54311
-0.541444
-0.529999
-0.501228
-0.459282
-0.407928
-0.345199
-0.270191
-0.193542
-0.0669705
0.129718
0.361913
0.578567
0.743995
0.845544
0.89991
0.921313
-0.538854
-0.538861
-0.538798
-0.538636
-0.538098
-0.530912
-0.503646
-0.459051
-0.40249
-0.332937
-0.245963
-0.153563
-0.0141882
0.232877
0.539597
0.834214
1.08121
1.23532
1.30179
1.32017
-0.535008
-0.535039
-0.535036
-0.53495
-0.534946
-0.530859
-0.506813
-0.46098
-0.400217
-0.325026
-0.231546
-0.129885
0.00675182
0.250818
0.559807
0.866582
1.12839
1.29804
1.37382
1.39767
-0.531901
-0.531922
-0.531855
-0.531625
-0.531533
-0.52996
-0.510376
-0.465023
-0.401442
-0.323615
-0.228767
-0.125847
-0.00591814
0.216018
0.495381
0.767302
1.00215
1.16189
1.23865
1.26478
-0.529385
-0.529433
-0.529561
-0.529866
-0.530407
-0.529452
-0.514469
-0.470542
-0.406558
-0.328702
-0.236779
-0.140006
-0.0421221
0.142206
0.384603
0.609097
0.798469
0.936772
1.0059
1.02832
-0.526325
-0.52648
-0.526729
-0.527215
-0.527763
-0.528226
-0.517307
-0.47611
-0.414964
-0.339704
-0.253266
-0.166751
-0.0882559
0.0526226
0.250847
0.430966
0.57573
0.680858
0.734001
0.75047
-0.523615
-0.523801
-0.523934
-0.523968
-0.523809
-0.52433
-0.516489
-0.48098
-0.425409
-0.354765
-0.275225
-0.198604
-0.135906
-0.0308493
0.123052
0.259316
0.366001
0.441943
0.478006
0.488322
-0.522671
-0.522767
-0.522552
-0.521602
-0.51964
-0.518006
-0.513059
-0.48599
-0.437368
-0.372128
-0.299187
-0.233526
-0.182784
-0.10768
0.00764925
0.10766
0.18285
0.235155
0.258745
0.264692
-0.525279
-0.525246
-0.524767
-0.523196
-0.519816
-0.51586
-0.51359
-0.495039
-0.450849
-0.388927
-0.323986
-0.266954
-0.223546
-0.167585
-0.0845498
-0.0139135
0.0356524
0.0681178
0.082526
0.0864159
-0.531744
-0.531784
-0.531831
-0.532117
-0.532505
-0.532376
-0.530488
-0.512195
-0.465148
-0.404959
-0.348495
-0.297993
-0.260906
-0.217828
-0.155661
-0.107031
-0.0743084
-0.0540188
-0.0457188
-0.0433392
-0.537708
-0.538171
-0.539664
-0.545
-0.556003
-0.566696
-0.564676
-0.535266
-0.478318
-0.421429
-0.371631
-0.325462
-0.291729
-0.26029
-0.213286
-0.175473
-0.151407
-0.136919
-0.130427
-0.128575
-0.538126
-0.538948
-0.541294
-0.550001
-0.569525
-0.591883
-0.588108
-0.545308
-0.486041
-0.437026
-0.390953
-0.346288
-0.318838
-0.292592
-0.252832
-0.221331
-0.199894
-0.185642
-0.179477
-0.178064
-0.537357
-0.53793
-0.539384
-0.542965
-0.546616
-0.550721
-0.547352
-0.52179
-0.482555
-0.447436
-0.402297
-0.362371
-0.339688
-0.318206
-0.280489
-0.249647
-0.228172
-0.213173
-0.206949
-0.205915
-0.543081
-0.543299
-0.543516
-0.537792
-0.507627
-0.465484
-0.459053
-0.467227
-0.473063
-0.448816
-0.406485
-0.372832
-0.353828
-0.333647
-0.29889
-0.269309
-0.247073
-0.231542
-0.224959
-0.223995
-0.556222
-0.555757
-0.554012
-0.541413
-0.498272
-0.441071
-0.42573
-0.459501
-0.479579
-0.452401
-0.408737
-0.377542
-0.361291
-0.339501
-0.304471
-0.276838
-0.256319
-0.242631
-0.236877
-0.236144
-0.590561
-0.587716
-0.587157
-0.59121
-0.588603
-0.565477
-0.540529
-0.540332
-0.518951
-0.465935
-0.409307
-0.378332
-0.358305
-0.334861
-0.302827
-0.277204
-0.258336
-0.246562
-0.241612
-0.240932
-0.679725
-0.677891
-0.695791
-0.731589
-0.761355
-0.756828
-0.723265
-0.665287
-0.575349
-0.476797
-0.409034
-0.371755
-0.343897
-0.318476
-0.289387
-0.266155
-0.249794
-0.23993
-0.235606
-0.234876
-0.783074
-0.786042
-0.81067
-0.847891
-0.872153
-0.870738
-0.829461
-0.742325
-0.604205
-0.477306
-0.400255
-0.350797
-0.319246
-0.294025
-0.265539
-0.243033
-0.227939
-0.218851
-0.214948
-0.214314
-0.815658
-0.820646
-0.839643
-0.863849
-0.882612
-0.881425
-0.840022
-0.733331
-0.572286
-0.451063
-0.368558
-0.313393
-0.28452
-0.260152
-0.231516
-0.209556
-0.194003
-0.184557
-0.180344
-0.179936
-0.746797
-0.751129
-0.764427
-0.783139
-0.80062
-0.801568
-0.764276
-0.65034
-0.501415
-0.392901
-0.309792
-0.26175
-0.239947
-0.216195
-0.188367
-0.16714
-0.151389
-0.141074
-0.136815
-0.136798
-0.593754
-0.598389
-0.611652
-0.631867
-0.651704
-0.655045
-0.615114
-0.509711
-0.398834
-0.305333
-0.233861
-0.201715
-0.184034
-0.16409
-0.139533
-0.120206
-0.10483
-0.0949155
-0.091272
-0.0917137
-0.368519
-0.375882
-0.395561
-0.422962
-0.446679
-0.450193
-0.409977
-0.331662
-0.256912
-0.192208
-0.153055
-0.132645
-0.119514
-0.107529
-0.0892408
-0.0739788
-0.0611132
-0.0530253
-0.0506957
-0.0515408
0.00509195
-0.0250331
-0.0549414
-0.0677828
-0.069293
-0.0650196
-0.0536088
-0.0419821
-0.0307706
-0.0258548
-0.0210719
-0.0167059
-0.019299
-0.0128653
-0.0123656
-0.0121725
-0.0119708
-0.0109624
-0.00894575
-0.0194023
-0.503288
-0.0911186
0.235482
0.447158
0.599494
0.712916
0.79828
0.866377
0.942444
0.993566
0.17162
0.328966
0.466601
0.589515
0.691154
0.772673
0.837848
0.888839
0.916291
0.922707
0.435831
0.522426
0.616242
0.700342
0.771612
0.830862
0.878404
0.913781
0.938182
0.957316
0.603797
0.666401
0.731391
0.791936
0.844261
0.888451
0.924881
0.954567
0.978502
0.997534
0.734169
0.780883
0.828409
0.873519
0.913781
0.948939
0.979385
1.00563
1.02718
1.04485
0.840324
0.878655
0.915074
0.950718
0.984038
1.01421
1.04112
1.0646
1.08368
1.09966
0.933422
0.964261
0.99666
1.0283
1.05831
1.086
1.11089
1.13242
1.14941
1.16386
1.01935
1.04869
1.08002
1.1109
1.14022
1.16718
1.19114
1.21139
1.22668
1.23989
1.10653
1.1384
1.17203
1.2043
1.23439
1.26148
1.28494
1.30415
1.31818
1.33051
1.2064
1.24266
1.28018
1.31443
1.34521
1.37196
1.39439
1.41236
1.4256
1.438
1.33127
1.37046
1.41003
1.44398
1.4732
1.49803
1.51878
1.53572
1.54907
1.56244
1.49034
1.52551
1.56068
1.58925
1.61335
1.63462
1.65376
1.67097
1.68587
1.70028
1.67795
1.70008
1.72363
1.7435
1.76179
1.77913
1.79563
1.812
1.82818
1.84374
1.87024
1.87837
1.89214
1.90697
1.92141
1.93435
1.94598
1.9572
1.9689
1.98499
2.06569
2.06561
2.07563
2.07911
2.0801
2.08449
2.09497
2.10987
2.1242
2.13861
2.36279
2.30728
2.25277
2.21314
2.19088
2.18673
2.20025
2.23405
2.29191
2.37226
1.01641
0.963921
0.921042
0.888038
0.864306
0.847204
0.834792
0.825828
0.819662
0.816149
0.815822
0.818843
0.824453
0.832537
0.843526
0.858382
0.878723
0.90691
0.944951
0.994307
0.827495
0.836447
0.843211
0.843464
0.838774
0.832015
0.825311
0.819742
0.815865
0.814235
0.815522
0.819275
0.824737
0.831453
0.838726
0.845046
0.847812
0.844373
0.835296
0.828981
0.80014
0.802344
0.80721
0.811362
0.814918
0.816971
0.816821
0.815071
0.812902
0.811404
0.811512
0.813431
0.816249
0.818987
0.820519
0.819886
0.817165
0.813459
0.809073
0.804418
0.794903
0.795862
0.798366
0.800832
0.802732
0.804402
0.805813
0.806562
0.806634
0.806566
0.807049
0.808168
0.809226
0.809579
0.808993
0.8078
0.806336
0.804378
0.801906
0.799805
0.789523
0.790002
0.791458
0.793551
0.795488
0.796981
0.798167
0.799237
0.800165
0.800956
0.801744
0.802423
0.802717
0.802567
0.802082
0.801238
0.799856
0.798021
0.796339
0.795285
0.784387
0.784685
0.785615
0.787121
0.788827
0.790478
0.791906
0.793121
0.794247
0.795345
0.796339
0.797004
0.797254
0.797125
0.796579
0.795594
0.794308
0.792982
0.791918
0.79128
0.779365
0.779578
0.780274
0.781464
0.782881
0.784392
0.785937
0.787402
0.788756
0.790054
0.791244
0.792066
0.792389
0.79223
0.791646
0.7908
0.78986
0.788907
0.788156
0.787705
0.77443
0.774591
0.775146
0.77615
0.777407
0.778795
0.780297
0.781877
0.783469
0.785036
0.786478
0.787482
0.7879
0.787832
0.78743
0.78684
0.786162
0.785468
0.784925
0.784588
0.769515
0.769641
0.770097
0.770971
0.772138
0.773471
0.774946
0.776577
0.778345
0.780193
0.781944
0.7832
0.78383
0.783996
0.783853
0.783511
0.783052
0.782574
0.782194
0.781933
0.76453
0.764632
0.765019
0.765807
0.766919
0.768229
0.769727
0.771438
0.773372
0.7755
0.777614
0.779233
0.780192
0.780665
0.780798
0.780707
0.78048
0.780196
0.779946
0.779739
0.759383
0.759466
0.759805
0.760537
0.761626
0.76295
0.764513
0.766352
0.768498
0.770949
0.773501
0.775585
0.776958
0.777789
0.778232
0.778408
0.778418
0.778321
0.778182
0.778016
0.753977
0.754045
0.75435
0.755054
0.756152
0.757539
0.759209
0.761227
0.763651
0.76651
0.769599
0.772246
0.774106
0.775355
0.776152
0.776623
0.776876
0.77697
0.776929
0.776795
0.74821
0.748267
0.748551
0.749252
0.750396
0.751887
0.753717
0.755978
0.758762
0.762131
0.765878
0.7692
0.771639
0.773373
0.774576
0.775391
0.775915
0.776191
0.776237
0.776126
0.741972
0.742019
0.742292
0.743014
0.74424
0.745881
0.747933
0.750513
0.753753
0.757753
0.7623
0.766433
0.769563
0.771869
0.773542
0.774751
0.77557
0.776042
0.77617
0.776077
0.73513
0.735168
0.73544
0.736203
0.737549
0.739394
0.741737
0.744728
0.748538
0.753312
0.75883
0.763938
0.76789
0.770874
0.773095
0.774745
0.775914
0.776599
0.776808
0.776729
0.727531
0.727559
0.727836
0.728662
0.730169
0.732278
0.734995
0.738503
0.74302
0.748742
0.755433
0.76171
0.766636
0.77042
0.773297
0.775468
0.777036
0.777952
0.778241
0.77817
0.718979
0.719005
0.719278
0.720189
0.721908
0.724353
0.727541
0.731695
0.737086
0.743966
0.752073
0.759744
0.765825
0.770551
0.774203
0.776999
0.779026
0.780194
0.780561
0.780496
0.709172
0.709189
0.709519
0.71053
0.712523
0.715397
0.719175
0.724135
0.730608
0.738904
0.748714
0.75804
0.765485
0.771321
0.775883
0.779415
0.781973
0.783415
0.783858
0.783792
0.697827
0.697835
0.69819
0.699371
0.70171
0.705126
0.709651
0.715621
0.723437
0.733465
0.745321
0.756602
0.765642
0.772781
0.778408
0.782793
0.785958
0.787689
0.7882
0.788128
0.684501
0.684501
0.684903
0.686288
0.689066
0.693178
0.69866
0.705912
0.715407
0.727556
0.741866
0.755439
0.766327
0.774964
0.781838
0.787201
0.791033
0.793056
0.79362
0.793535
0.668586
0.668579
0.669049
0.67071
0.674072
0.679097
0.685822
0.694726
0.706339
0.721098
0.738335
0.754574
0.767567
0.777911
0.7862
0.792657
0.797208
0.7995
0.800093
0.799987
0.649229
0.649215
0.649789
0.651848
0.656015
0.662281
0.670672
0.681745
0.696069
0.714043
0.734741
0.754031
0.769395
0.781646
0.791479
0.799153
0.804425
0.806927
0.807508
0.807374
0.625173
0.625152
0.625892
0.628567
0.633919
0.641946
0.652653
0.666656
0.684478
0.706404
0.731148
0.753863
0.771834
0.786163
0.797671
0.806612
0.812531
0.815134
0.815654
0.815485
0.594448
0.594423
0.595462
0.599167
0.606433
0.617115
0.631194
0.649225
0.671567
0.698288
0.727676
0.754152
0.774916
0.791444
0.804701
0.814883
0.821266
0.823805
0.824208
0.824004
0.553717
0.553704
0.555419
0.561131
0.571777
0.586788
0.605902
0.629462
0.657532
0.689929
0.724512
0.755019
0.778681
0.797453
0.812474
0.823719
0.830259
0.832526
0.832764
0.832533
0.496658
0.496882
0.500831
0.511243
0.528312
0.550437
0.576931
0.607795
0.642826
0.681688
0.721885
0.756591
0.783184
0.804143
0.820794
0.832795
0.839044
0.840836
0.8409
0.840657
0.415291
0.417836
0.429537
0.449927
0.477555
0.5097
0.545577
0.585014
0.627827
0.673713
0.719903
0.759087
0.788845
0.812194
0.83034
0.842617
0.848201
0.849449
0.849369
0.849145
0.329057
0.335106
0.355983
0.387177
0.426066
0.468565
0.513805
0.561798
0.612507
0.665731
0.718489
0.762813
0.796342
0.822432
0.84208
0.853964
0.85831
0.858939
0.858797
0.858647
0.25327
0.26045
0.288117
0.328593
0.377144
0.429134
0.483372
0.539734
0.598147
0.658398
0.717278
0.766246
0.803068
0.831478
0.851972
0.862921
0.866099
0.8664
0.866271
0.866167
0.190848
0.19863
0.230764
0.277734
0.333503
0.393156
0.455092
0.518955
0.58446
0.651238
0.715759
0.768952
0.808694
0.838959
0.859875
0.869996
0.872497
0.872661
0.872547
0.872465
0.138811
0.14697
0.182063
0.233964
0.295409
0.361231
0.429551
0.499856
0.57164
0.644332
0.714011
0.771058
0.813442
0.845358
0.86657
0.875954
0.87799
0.878075
0.87797
0.877898
0.0945778
0.102935
0.140048
0.195779
0.261913
0.332931
0.406692
0.482573
0.559907
0.637917
0.712292
0.772842
0.817614
0.850977
0.872337
0.881091
0.882813
0.882847
0.882743
0.882674
0.0560904
0.0645515
0.103136
0.161971
0.232046
0.307538
0.386073
0.466917
0.549256
0.632113
0.710777
0.774497
0.82137
0.855925
0.877309
0.885546
0.887055
0.887049
0.886936
0.886863
0.0218124
0.0303561
0.0701154
0.131552
0.205021
0.284418
0.367201
0.452546
0.539503
0.626872
0.709513
0.776085
0.824762
0.860246
0.88155
0.889353
0.890717
0.890684
0.890563
0.890484
-0.00925919
-0.0006516
0.0400753
0.103741
0.180205
0.263059
0.349657
0.439128
0.5304
0.622061
0.708475
0.777667
0.827884
0.864033
0.88512
0.892534
0.893803
0.893768
0.893653
0.893569
-0.0379784
-0.0293036
0.0122949
0.077956
0.157104
0.243053
0.333106
0.426388
0.521732
0.617541
0.707642
0.779326
0.830871
0.867428
0.888141
0.895175
0.896386
0.896385
0.896303
0.896224
-0.0648552
-0.0561107
-0.0136974
0.0537592
0.13532
0.224067
0.317284
0.414107
0.513321
0.613195
0.707007
0.78117
0.833904
0.870645
0.890833
0.897469
0.89864
0.89871
0.898692
0.898631
-0.0903374
-0.0814783
-0.0383203
0.0308093
0.114557
0.205844
0.301974
0.402102
0.505015
0.608917
0.70657
0.783326
0.837194
0.873938
0.893465
0.899677
0.900813
0.900974
0.901043
0.901013
-0.114634
-0.105669
-0.0618058
0.00886425
0.0946027
0.188204
0.287011
0.390233
0.496683
0.604587
0.70629
0.785901
0.840964
0.877572
0.896313
0.902062
0.90315
0.903403
0.903563
0.903572
-0.137959
-0.128871
-0.084334
-0.0122427
0.0753091
0.171012
0.272278
0.378381
0.48821
0.600081
0.706082
0.788968
0.845428
0.881805
0.899595
0.90481
0.905831
0.906162
0.906398
0.906443
-0.160479
-0.151253
-0.106023
-0.0326144
0.0565778
0.154183
0.257699
0.366471
0.479491
0.595272
0.705806
0.79253
0.850801
0.886916
0.903489
0.907985
0.908916
0.909322
0.909597
0.909658
-0.182251
-0.172865
-0.126951
-0.052302
0.0383482
0.137667
0.243217
0.354444
0.470466
0.590053
0.705302
0.796499
0.857262
0.893251
0.908193
0.911546
0.912264
0.9128
0.913135
0.913196
-0.203253
-0.193716
-0.147123
-0.0713531
0.0205952
0.121436
0.228826
0.342278
0.46109
0.584316
0.704383
0.800697
0.864892
0.901262
0.914198
0.91559
0.915608
0.916346
0.917063
0.917258
-0.223507
-0.213837
-0.16657
-0.089802
0.00330545
0.105504
0.214523
0.329976
0.451332
0.578001
0.702864
0.804867
0.873615
0.911401
0.922422
0.920947
0.919191
0.91993
0.921758
0.922701
-0.24306
-0.233225
-0.185315
-0.107649
-0.0135206
0.0898924
0.200341
0.31756
0.441198
0.571053
0.700592
0.808698
0.883174
0.923872
0.933994
0.9295
0.924937
0.924971
0.928515
0.931497
-0.261838
-0.251849
-0.203366
-0.124884
-0.0298508
0.0746121
0.186319
0.305066
0.430717
0.563462
0.697416
0.811831
0.893122
0.938437
0.949437
0.943111
0.935618
0.933345
0.936149
0.940002
-0.279936
-0.26979
-0.220715
-0.14153
-0.0457409
0.0596224
0.172418
0.292441
0.419833
0.555152
0.693201
0.813924
0.903061
0.954696
0.968549
0.96231
0.952682
0.945123
0.938665
0.929823
-0.297331
-0.287097
-0.237485
-0.157782
-0.0614436
0.0446212
0.158272
0.279241
0.408044
0.545559
0.687411
0.814407
0.912617
0.972726
0.991093
0.986506
0.974875
0.960674
0.946062
0.918829
-0.314123
-0.303835
-0.253659
-0.173462
-0.0768319
0.0297701
0.144054
0.265641
0.395513
0.534737
0.679839
0.812472
0.920071
0.990664
1.01399
1.01058
0.994715
0.971828
0.92529
0.878481
-0.331941
-0.319109
-0.269167
-0.188453
-0.0920893
0.0149203
0.12949
0.251631
0.382163
0.522549
0.670143
0.807377
0.923183
1.00643
1.03518
1.02051
1.00076
0.95481
0.890834
0.834831
-0.354201
-0.351523
-0.289523
-0.200673
-0.104372
0.00251001
0.114855
0.237828
0.368673
0.509758
0.65884
0.799192
0.920119
1.02009
1.03315
1.0169
0.964341
0.89107
0.81714
0.754225
-0.330923
-0.322142
-0.260365
-0.172375
-0.0697058
0.0405489
0.1585
0.285047
0.420612
0.568584
0.716079
0.847503
0.958384
1.04123
1.0186
0.911977
0.822375
0.752282
0.682129
0.559051
-0.364342
-0.335933
-0.272371
-0.183235
-0.0811793
0.028997
0.146657
0.272904
0.408199
0.555819
0.702875
0.833646
0.934719
0.992833
0.93935
0.788602
0.673059
0.595393
0.518556
0.382781
-0.388751
-0.354876
-0.289894
-0.201109
-0.0991807
0.0110016
0.128963
0.254742
0.389218
0.535396
0.680134
0.806566
0.896436
0.919282
0.814785
0.649089
0.518855
0.428702
0.332142
0.148831
-0.410815
-0.375589
-0.309048
-0.219815
-0.117847
-0.00761472
0.11014
0.23524
0.368532
0.512549
0.6533
0.771937
0.846948
0.831609
0.675511
0.494851
0.340796
0.22281
0.107738
-0.168293
-0.432258
-0.396427
-0.328824
-0.238947
-0.136865
-0.0267626
0.0904304
0.214614
0.346363
0.487555
0.62291
0.730559
0.785832
0.730372
0.534719
0.335744
0.149155
-0.00104897
-0.184514
-0.527
-0.453545
-0.417763
-0.349536
-0.259216
-0.156995
-0.0471044
0.0694751
0.192558
0.322394
0.460138
0.588753
0.686547
0.716311
0.60258
0.39992
0.186326
-0.00944429
-0.178552
-0.367767
-0.686561
-0.475785
-0.440033
-0.371522
-0.28095
-0.178663
-0.0689994
0.0469448
0.168815
0.296438
0.430186
0.551349
0.637464
0.636104
0.480898
0.276645
0.0606672
-0.131634
-0.265765
-0.321434
-0.358941
-0.499385
-0.463678
-0.395067
-0.304471
-0.202328
-0.0930992
0.0219766
0.142261
0.267096
0.395872
0.508553
0.577689
0.550392
0.362308
0.159219
-0.0402988
-0.19984
-0.263079
-0.281103
-0.28427
-0.524645
-0.488883
-0.420228
-0.329756
-0.227968
-0.119415
-0.00554493
0.112727
0.234189
0.357029
0.460488
0.509972
0.455879
0.251085
0.0531175
-0.125065
-0.235064
-0.253322
-0.257913
-0.258148
-0.551707
-0.515744
-0.447043
-0.356797
-0.255558
-0.147968
-0.0356446
0.0801814
0.197655
0.313751
0.406829
0.439563
0.342192
0.149406
-0.0396434
-0.188475
-0.238952
-0.245735
-0.245975
-0.24568
-0.580451
-0.544216
-0.475487
-0.385601
-0.285103
-0.178751
-0.0683355
0.0445919
0.157517
0.266093
0.348179
0.360925
0.235865
0.056618
-0.116072
-0.223663
-0.237911
-0.23812
-0.238445
-0.238139
-0.610446
-0.574072
-0.505396
-0.416016
-0.316488
-0.211682
-0.103566
0.00599197
0.113918
0.214374
0.285497
0.278938
0.14124
-0.0256421
-0.172841
-0.224062
-0.234588
-0.233544
-0.233177
-0.232851
-0.641329
-0.604872
-0.536409
-0.447741
-0.349461
-0.246545
-0.141134
-0.0354235
0.0671322
0.159393
0.217987
0.198631
0.055371
-0.0947362
-0.206738
-0.229515
-0.228613
-0.229691
-0.229685
-0.229478
-0.672186
-0.636006
-0.567928
-0.480266
-0.38358
-0.282944
-0.18067
-0.0792799
0.0175108
0.102191
0.147216
0.123731
-0.0191577
-0.144354
-0.22455
-0.230561
-0.228455
-0.227757
-0.227453
-0.227316
-0.702002
-0.666446
-0.599099
-0.512845
-0.418194
-0.320297
-0.2216
-0.124936
-0.0343446
0.0434326
0.0804396
0.0446185
-0.0804732
-0.181264
-0.216965
-0.227869
-0.226134
-0.225513
-0.22529
-0.22518
-0.729243
-0.694741
-0.628717
-0.544452
-0.452394
-0.357778
-0.263152
-0.171541
-0.0873719
-0.0164703
0.0177814
-0.0295854
-0.128067
-0.207172
-0.229217
-0.225058
-0.224498
-0.223774
-0.223548
-0.223452
-0.751979
-0.719268
-0.655232
-0.573727
-0.484995
-0.394322
-0.304314
-0.218072
-0.140201
-0.0764492
-0.0449909
-0.0889782
-0.16223
-0.218227
-0.234248
-0.227496
-0.22373
-0.222787
-0.22252
-0.222362
-0.767928
-0.737652
-0.676734
-0.599038
-0.514575
-0.42864
-0.343862
-0.263363
-0.191614
-0.133987
-0.104871
-0.136224
-0.183175
-0.216836
-0.21843
-0.222026
-0.22282
-0.22271
-0.222568
-0.222434
-0.774776
-0.747428
-0.691122
-0.618585
-0.539552
-0.459292
-0.380404
-0.306029
-0.240496
-0.187167
-0.157208
-0.177322
-0.197235
-0.217475
-0.21954
-0.221692
-0.223082
-0.223303
-0.22333
-0.223289
-0.769482
-0.746375
-0.696634
-0.630501
-0.558345
-0.48484
-0.412543
-0.344516
-0.28536
-0.236587
-0.198746
-0.215162
-0.211167
-0.220517
-0.224109
-0.224519
-0.224547
-0.224809
-0.224994
-0.225021
-0.748988
-0.732114
-0.691263
-0.633456
-0.569673
-0.504073
-0.439079
-0.377485
-0.32424
-0.282511
-0.242015
-0.244483
-0.216235
-0.218597
-0.229333
-0.229272
-0.228984
-0.229402
-0.229672
-0.22968
-0.715201
-0.70378
-0.67401
-0.62695
-0.572865
-0.516342
-0.459206
-0.404138
-0.355923
-0.321632
-0.286945
-0.263466
-0.243211
-0.243016
-0.246916
-0.243937
-0.23995
-0.239132
-0.239406
-0.2394
-0.673047
-0.666159
-0.647906
-0.612771
-0.569142
-0.521898
-0.47268
-0.424011
-0.380289
-0.349067
-0.321676
-0.2925
-0.259638
-0.250609
-0.245501
-0.244382
-0.253032
-0.257314
-0.258267
-0.258049
-0.631276
-0.627514
-0.618017
-0.595181
-0.561299
-0.522196
-0.480036
-0.436874
-0.396157
-0.364444
-0.337192
-0.316388
-0.286396
-0.264979
-0.246548
-0.260789
-0.280384
-0.290813
-0.292666
-0.294466
-0.598345
-0.596289
-0.591448
-0.577215
-0.552173
-0.519372
-0.482746
-0.443138
-0.403328
-0.369169
-0.343769
-0.334772
-0.347321
-0.395625
-0.455294
-0.494827
-0.504065
-0.472849
-0.428695
-0.422335
-0.574751
-0.573754
-0.571898
-0.564231
-0.545281
-0.51727
-0.48304
-0.4443
-0.402916
-0.363398
-0.334145
-0.31876
-0.342096
-0.394827
-0.463379
-0.490144
-0.487273
-0.463996
-0.423898
-0.410482
-0.559646
-0.559253
-0.558489
-0.554689
-0.541531
-0.51634
-0.482254
-0.442286
-0.397083
-0.349572
-0.313713
-0.270466
-0.231629
-0.219734
-0.246174
-0.254473
-0.237016
-0.209004
-0.176873
-0.163092
-0.55002
-0.549855
-0.549379
-0.548018
-0.539515
-0.516356
-0.481534
-0.43865
-0.388183
-0.329506
-0.274624
-0.199392
-0.0926951
0.0223145
0.104623
0.166613
0.228117
0.278125
0.316347
0.334113
-0.543555
-0.543444
-0.543163
-0.542984
-0.537667
-0.517562
-0.481698
-0.434788
-0.378343
-0.308307
-0.231643
-0.140309
0.0237791
0.244633
0.47368
0.669732
0.801472
0.87844
0.913471
0.925638
-0.538864
-0.538838
-0.538733
-0.538488
-0.536312
-0.519827
-0.483164
-0.432052
-0.369856
-0.290533
-0.199079
-0.0990973
0.0965837
0.382887
0.689495
0.967056
1.17095
1.27774
1.3145
1.32311
-0.535027
-0.53504
-0.535006
-0.534914
-0.533927
-0.521944
-0.486073
-0.4322
-0.364754
-0.279767
-0.180188
-0.074984
0.115138
0.400317
0.71619
1.0062
1.22674
1.34563
1.38977
1.40145
-0.531917
-0.531901
-0.531766
-0.531478
-0.53183
-0.523445
-0.49039
-0.435105
-0.364616
-0.277545
-0.176686
-0.0747745
0.09099
0.353525
0.633863
0.891305
1.09351
1.20913
1.25606
1.26885
-0.529402
-0.529482
-0.529687
-0.530112
-0.530599
-0.525228
-0.495641
-0.44053
-0.369591
-0.283468
-0.187605
-0.095209
0.0360173
0.261785
0.500867
0.708028
0.876193
0.979458
1.02105
1.03146
-0.526395
-0.526583
-0.526936
-0.527504
-0.528024
-0.525828
-0.500119
-0.447478
-0.378983
-0.296846
-0.208717
-0.128393
-0.0306329
0.14986
0.345312
0.507261
0.634628
0.713694
0.745373
0.752378
-0.52371
-0.523872
-0.523969
-0.5239
-0.523905
-0.522853
-0.502106
-0.455138
-0.391832
-0.314975
-0.235243
-0.1665
-0.0938972
0.0446108
0.195221
0.315774
0.408955
0.464521
0.485339
0.489034
-0.522739
-0.522713
-0.522203
-0.520728
-0.518603
-0.517082
-0.502612
-0.463904
-0.406626
-0.335043
-0.264652
-0.206219
-0.153611
-0.0513288
0.0612462
0.147729
0.212603
0.250212
0.263132
0.264929
-0.525294
-0.525086
-0.52417
-0.521744
-0.517646
-0.514873
-0.507528
-0.475715
-0.421462
-0.355455
-0.293721
-0.243694
-0.200868
-0.127179
-0.0462115
0.0130692
0.0542475
0.0772672
0.0852692
0.0864585
-0.531764
-0.531799
-0.531931
-0.532318
-0.532559
-0.532024
-0.524885
-0.491484
-0.435698
-0.375094
-0.322604
-0.277035
-0.243473
-0.187026
-0.128795
-0.0891281
-0.0623775
-0.0487913
-0.0439242
-0.0434233
-0.537878
-0.538681
-0.541632
-0.549899
-0.562404
-0.567486
-0.554314
-0.50865
-0.448941
-0.395643
-0.347738
-0.306054
-0.278609
-0.237264
-0.192421
-0.162015
-0.143045
-0.132799
-0.129095
-0.128647
-0.538481
-0.539724
-0.544485
-0.558496
-0.581784
-0.594762
-0.571115
-0.515556
-0.460139
-0.414154
-0.367062
-0.330295
-0.307979
-0.272995
-0.235478
-0.209735
-0.191716
-0.181762
-0.178307
-0.178289
-0.537639
-0.53842
-0.540943
-0.545115
-0.547809
-0.552224
-0.538215
-0.50144
-0.465766
-0.425243
-0.380353
-0.348735
-0.33157
-0.299838
-0.263585
-0.238157
-0.2196
-0.209115
-0.20598
-0.206308
-0.543201
-0.543404
-0.542521
-0.526026
-0.485716
-0.455593
-0.46289
-0.471615
-0.464221
-0.428113
-0.387166
-0.361977
-0.346163
-0.316699
-0.282985
-0.25756
-0.238146
-0.227298
-0.223933
-0.22445
-0.556142
-0.555074
-0.550462
-0.523886
-0.468412
-0.425379
-0.440274
-0.474723
-0.470251
-0.430001
-0.390522
-0.368358
-0.353417
-0.321879
-0.289484
-0.265944
-0.248372
-0.23894
-0.236025
-0.236608
-0.589364
-0.586672
-0.589584
-0.58976
-0.580708
-0.550519
-0.540692
-0.533603
-0.495664
-0.434359
-0.391174
-0.367588
-0.348664
-0.318667
-0.289046
-0.267015
-0.251413
-0.243415
-0.240838
-0.241354
-0.677916
-0.683669
-0.712412
-0.749662
-0.763277
-0.742312
-0.698439
-0.623517
-0.525263
-0.436909
-0.388334
-0.356765
-0.332207
-0.303602
-0.276894
-0.25714
-0.244054
-0.237199
-0.23486
-0.235243
-0.782493
-0.795772
-0.829521
-0.862259
-0.875386
-0.855129
-0.792702
-0.676508
-0.536577
-0.432163
-0.373639
-0.332499
-0.307529
-0.279493
-0.253245
-0.234739
-0.222605
-0.216409
-0.214281
-0.214672
-0.816487
-0.828672
-0.85175
-0.874524
-0.885491
-0.866621
-0.797327
-0.65212
-0.506087
-0.405604
-0.337183
-0.296292
-0.273608
-0.245544
-0.219615
-0.201009
-0.188555
-0.18184
-0.179788
-0.18034
-0.74779
-0.756848
-0.773374
-0.792655
-0.804288
-0.789105
-0.7195
-0.572603
-0.443062
-0.34781
-0.280285
-0.249482
-0.229545
-0.201827
-0.177015
-0.15863
-0.145468
-0.138208
-0.136467
-0.13726
-0.595177
-0.603907
-0.621154
-0.642519
-0.65676
-0.642195
-0.568338
-0.451916
-0.350948
-0.26425
-0.213997
-0.192122
-0.175394
-0.151429
-0.129323
-0.111977
-0.0990772
-0.0923309
-0.0912039
-0.0922289
-0.370996
-0.384177
-0.408954
-0.435972
-0.452202
-0.436507
-0.372542
-0.293253
-0.223005
-0.168507
-0.141967
-0.12471
-0.115109
-0.0981768
-0.081258
-0.0672002
-0.0562639
-0.0512292
-0.0509346
-0.0520695
-0.122424
-0.13594
-0.159485
-0.184296
-0.201326
-0.199725
-0.173425
-0.137311
-0.103376
-0.0786461
-0.0668793
-0.0550811
-0.0532808
-0.0486391
-0.0374895
-0.0312677
-0.0244829
-0.0199714
-0.0188387
-0.0198366
-0.277511
0.0892348
0.350884
0.527363
0.659836
0.757708
0.834538
0.901119
0.979291
0.974134
0.25403
0.39867
0.530767
0.643082
0.73428
0.806997
0.865406
0.906471
0.919113
0.933217
0.477158
0.569742
0.659933
0.737544
0.802693
0.856123
0.897615
0.927154
0.947735
0.967023
0.634801
0.698861
0.762637
0.819154
0.867349
0.9076
0.940465
0.967306
0.987873
1.00748
0.757181
0.80466
0.851495
0.894308
0.931977
0.964715
0.993015
1.01711
1.03592
1.05457
0.859743
0.896916
0.933084
0.967753
0.99953
1.02808
1.05332
1.0748
1.0914
1.10933
0.948072
0.980511
1.01263
1.04356
1.07248
1.09882
1.12213
1.14158
1.15619
1.17356
1.03314
1.06437
1.09559
1.12581
1.15403
1.17957
1.20179
1.21972
1.2327
1.24952
1.12135
1.1554
1.18836
1.21968
1.24835
1.27369
1.29512
1.31185
1.32365
1.34
1.22312
1.26187
1.29769
1.33029
1.35911
1.38373
1.40395
1.41954
1.43109
1.44722
1.34924
1.39099
1.42764
1.45914
1.48614
1.50889
1.52771
1.54279
1.55519
1.57126
1.50633
1.54396
1.57571
1.60172
1.62428
1.64444
1.66262
1.67873
1.69274
1.70859
1.68773
1.71237
1.7339
1.75276
1.77059
1.78746
1.80378
1.82022
1.83584
1.85181
1.8732
1.88494
1.89953
1.91433
1.92809
1.94028
1.95158
1.96293
1.97581
1.99653
2.06117
2.07117
2.07812
2.0795
2.0816
2.08899
2.10212
2.11745
2.13053
2.1588
2.33757
2.2785
2.23088
2.19976
2.1866
2.19116
2.21441
2.25973
2.33027
2.40888
0.891706
0.884207
0.875296
0.862484
0.849097
0.837524
0.828346
0.821515
0.816997
0.815111
0.816465
0.820626
0.826968
0.835431
0.846144
0.85901
0.872728
0.883942
0.891734
0.898062
0.805646
0.813532
0.820686
0.825462
0.826732
0.824766
0.821062
0.817177
0.814191
0.812933
0.814123
0.817298
0.821556
0.826033
0.829459
0.830211
0.827312
0.821301
0.813308
0.807411
0.797549
0.800614
0.803714
0.806249
0.808645
0.810439
0.810969
0.810368
0.809436
0.80912
0.810073
0.811863
0.813546
0.814239
0.813454
0.811551
0.809309
0.806686
0.803507
0.801146
0.792181
0.793704
0.79595
0.798129
0.799744
0.801055
0.802218
0.803066
0.803575
0.804091
0.804877
0.805628
0.805889
0.805535
0.804785
0.803727
0.802108
0.79995
0.798132
0.797048
0.786939
0.787783
0.789283
0.79115
0.792925
0.794367
0.795542
0.796614
0.797629
0.798592
0.799385
0.799817
0.799855
0.799553
0.798864
0.797685
0.796151
0.794613
0.793591
0.792955
0.781866
0.78244
0.783529
0.784986
0.786569
0.788141
0.789579
0.790857
0.792062
0.793237
0.794174
0.794683
0.794757
0.794383
0.79359
0.792537
0.791399
0.790358
0.789683
0.789238
0.776894
0.777325
0.7782
0.779435
0.780811
0.782298
0.783842
0.785356
0.786807
0.788212
0.789353
0.789985
0.790089
0.789743
0.789107
0.788337
0.787515
0.78676
0.786271
0.785933
0.771979
0.772318
0.773045
0.774138
0.775421
0.776835
0.77838
0.780033
0.781736
0.783437
0.784828
0.785628
0.78588
0.785739
0.785357
0.784829
0.784238
0.783704
0.783346
0.783076
0.767041
0.767317
0.76794
0.76894
0.770172
0.771563
0.773133
0.774893
0.776818
0.778838
0.780556
0.78164
0.782166
0.7823
0.782176
0.781887
0.781507
0.781156
0.780896
0.780672
0.761988
0.762217
0.76277
0.763714
0.764921
0.766331
0.767973
0.769873
0.772036
0.774411
0.776546
0.778025
0.778905
0.77935
0.779497
0.77946
0.779293
0.7791
0.778917
0.778725
0.756723
0.756918
0.757425
0.758343
0.759564
0.761034
0.762791
0.764887
0.767348
0.770156
0.772804
0.774766
0.776064
0.776866
0.77732
0.777541
0.77759
0.777546
0.777426
0.777257
0.75115
0.75132
0.7518
0.752725
0.753999
0.755574
0.757499
0.759854
0.762699
0.766045
0.769315
0.771851
0.773638
0.774853
0.77565
0.776151
0.77644
0.776533
0.776464
0.77631
0.745163
0.745313
0.745787
0.746747
0.748116
0.749845
0.752001
0.754694
0.758021
0.762029
0.766052
0.769275
0.771639
0.773332
0.774531
0.775366
0.775888
0.776114
0.776091
0.775945
0.73864
0.738776
0.739259
0.740284
0.74179
0.743731
0.746192
0.749317
0.753244
0.758059
0.762993
0.767038
0.77009
0.772344
0.773995
0.775206
0.775998
0.776361
0.776378
0.776236
0.731439
0.731563
0.732071
0.733193
0.734883
0.7371
0.739953
0.74362
0.748287
0.754087
0.760118
0.765145
0.76901
0.771929
0.774118
0.775758
0.776852
0.777359
0.777411
0.777269
0.723395
0.723502
0.724046
0.725297
0.727225
0.729796
0.733142
0.737486
0.743064
0.75006
0.757407
0.763604
0.768429
0.772134
0.774971
0.777112
0.778544
0.7792
0.779284
0.779137
0.714237
0.714358
0.714956
0.716376
0.718611
0.721628
0.725592
0.730775
0.737473
0.745921
0.754844
0.762427
0.768386
0.773014
0.776622
0.779352
0.781165
0.781976
0.782088
0.781933
0.703709
0.703825
0.704516
0.706154
0.708776
0.712358
0.717097
0.723326
0.731402
0.74161
0.752413
0.761628
0.768922
0.774638
0.779141
0.78256
0.7848
0.78577
0.785903
0.785735
0.691423
0.691546
0.692352
0.694268
0.697382
0.701686
0.707408
0.714947
0.724724
0.737067
0.750104
0.761229
0.770073
0.777059
0.7826
0.786812
0.789514
0.790636
0.790782
0.790597
0.676864
0.677006
0.677972
0.680252
0.684001
0.689238
0.69622
0.705419
0.717312
0.732241
0.747918
0.761253
0.771868
0.780311
0.787055
0.792148
0.795331
0.796586
0.796729
0.796526
0.659309
0.659491
0.660694
0.663468
0.668064
0.674537
0.683171
0.694506
0.709046
0.727104
0.745868
0.761726
0.774346
0.78443
0.792495
0.798563
0.802213
0.803557
0.803679
0.803456
0.637722
0.637982
0.639548
0.643027
0.648805
0.656978
0.667841
0.681975
0.699849
0.721672
0.743995
0.762681
0.77752
0.789413
0.798917
0.805987
0.81003
0.811394
0.811472
0.811231
0.610529
0.610944
0.613085
0.617655
0.625198
0.635826
0.649803
0.667658
0.689725
0.71603
0.742383
0.764166
0.7814
0.795224
0.806249
0.814258
0.818541
0.819827
0.81984
0.819586
0.575184
0.575921
0.579064
0.58551
0.595947
0.610323
0.628748
0.651549
0.678817
0.710346
0.741161
0.766247
0.785997
0.801802
0.814358
0.823108
0.827388
0.82848
0.828413
0.828158
0.527182
0.528696
0.534025
0.544218
0.559725
0.57998
0.604719
0.633934
0.667449
0.704877
0.740499
0.769025
0.791302
0.80907
0.823042
0.832173
0.836104
0.836898
0.836755
0.836514
0.458176
0.462827
0.474096
0.491944
0.516128
0.545217
0.578399
0.615452
0.656111
0.699937
0.740552
0.772551
0.797315
0.816855
0.831901
0.84089
0.844127
0.844573
0.84439
0.844185
0.375544
0.384702
0.40553
0.434605
0.469807
0.508748
0.550864
0.596107
0.644315
0.695145
0.741504
0.777727
0.805644
0.827323
0.843018
0.851314
0.8538
0.854016
0.853884
0.853775
0.292528
0.307891
0.338349
0.378428
0.424254
0.472971
0.524036
0.577485
0.633219
0.690969
0.74298
0.783307
0.814263
0.838048
0.854025
0.861023
0.862472
0.862488
0.862394
0.862338
0.223475
0.242518
0.27929
0.327647
0.382088
0.439332
0.498612
0.559795
0.622656
0.686882
0.744067
0.78807
0.821605
0.846807
0.862491
0.868417
0.869421
0.869397
0.869332
0.869297
0.166211
0.187525
0.229107
0.283579
0.344691
0.408873
0.475159
0.543196
0.612533
0.682705
0.744628
0.791963
0.827776
0.854088
0.869429
0.87456
0.875292
0.875254
0.875207
0.875184
0.118012
0.140715
0.185903
0.245238
0.311809
0.381755
0.453975
0.52797
0.603079
0.678647
0.744892
0.79525
0.833134
0.860396
0.875337
0.879855
0.88042
0.880369
0.880331
0.880313
0.0764998
0.100126
0.148111
0.211423
0.2826
0.357509
0.434903
0.514169
0.59446
0.674926
0.745107
0.798194
0.837905
0.865883
0.880422
0.88449
0.884943
0.884876
0.884838
0.88482
0.0399808
0.0642526
0.114508
0.181149
0.256284
0.335535
0.41755
0.501592
0.586642
0.671622
0.74539
0.800896
0.842145
0.87064
0.884785
0.888519
0.888894
0.888809
0.888764
0.888742
0.00722555
0.0319495
0.0841053
0.153628
0.232222
0.315321
0.401508
0.489952
0.579455
0.668688
0.745776
0.803415
0.845917
0.874725
0.888457
0.891939
0.89227
0.892178
0.892129
0.892099
-0.0228129
0.00234128
0.0561637
0.128246
0.209906
0.296451
0.38644
0.478972
0.572709
0.666037
0.746293
0.805854
0.849345
0.878237
0.891508
0.894786
0.895104
0.895035
0.894996
0.894957
-0.0507073
-0.0251565
0.0301312
0.104523
0.188934
0.278594
0.372072
0.468433
0.566236
0.663597
0.746985
0.808346
0.852604
0.881354
0.894096
0.897187
0.897527
0.897516
0.897508
0.897467
-0.0769717
-0.0510209
0.00559804
0.0820848
0.168983
0.261484
0.358192
0.458155
0.559889
0.661313
0.747916
0.811055
0.855914
0.884322
0.896462
0.899366
0.899751
0.89983
0.899875
0.89984
-0.101956
-0.0755881
-0.0177353
0.0606601
0.14982
0.24492
0.344617
0.447987
0.553543
0.659102
0.749142
0.814161
0.859523
0.887422
0.898888
0.901588
0.902024
0.902206
0.902317
0.902295
-0.125868
-0.0990635
-0.0400761
0.0400615
0.131275
0.22875
0.331216
0.437803
0.547078
0.656864
0.750672
0.81783
0.863682
0.890906
0.901613
0.90408
0.904558
0.904835
0.905009
0.905007
-0.148892
-0.121636
-0.0615685
0.0201654
0.113234
0.212877
0.317898
0.4275
0.540371
0.654466
0.752454
0.822198
0.868646
0.895012
0.904792
0.906969
0.90748
0.907827
0.908044
0.908058
-0.171085
-0.143406
-0.0822948
0.000892011
0.0956264
0.19723
0.304594
0.417007
0.533321
0.651766
0.754359
0.827348
0.874709
0.900018
0.908494
0.910224
0.910782
0.911197
0.911422
0.911426
-0.192526
-0.164414
-0.102286
-0.0178046
0.0784141
0.181777
0.29127
0.406275
0.525859
0.648618
0.756213
0.833257
0.882167
0.906303
0.912875
0.913655
0.914216
0.914844
0.915159
0.915129
-0.213171
-0.184669
-0.121584
-0.035965
0.06158
0.166522
0.277921
0.395286
0.517928
0.644887
0.757787
0.839768
0.891254
0.914539
0.918522
0.91739
0.917513
0.918703
0.919648
0.919716
-0.233127
-0.204164
-0.140226
-0.0535863
0.0451383
0.151471
0.264567
0.384052
0.50949
0.640472
0.758833
0.846618
0.902009
0.925463
0.926793
0.922706
0.921385
0.923322
0.92591
0.926762
-0.252287
-0.222925
-0.158208
-0.0706612
0.0290991
0.136658
0.25123
0.372576
0.500555
0.635298
0.7591
0.853424
0.914197
0.939459
0.939223
0.932047
0.928293
0.930324
0.935306
0.938508
-0.27078
-0.240974
-0.175503
-0.0871654
0.0135014
0.122132
0.237991
0.360932
0.491159
0.629324
0.758355
0.859711
0.927258
0.95618
0.956269
0.947237
0.940404
0.938075
0.93623
0.92696
-0.288543
-0.258356
-0.192265
-0.103317
-0.0019576
0.107575
0.224454
0.3487
0.480847
0.622142
0.756226
0.865209
0.941295
0.975858
0.978248
0.968994
0.95788
0.946747
0.93671
0.951253
-0.305614
-0.275094
-0.208482
-0.119085
-0.0172515
0.0930149
0.210591
0.335862
0.469534
0.61352
0.752232
0.868788
0.955142
0.997193
1.00248
0.993444
0.977142
0.960325
0.910056
0.90511
-0.322506
-0.291439
-0.223913
-0.134204
-0.0319512
0.078816
0.196554
0.322659
0.457469
0.603559
0.746157
0.86927
0.9669
1.01815
1.02355
1.01161
0.986977
0.941808
0.883888
0.849945
-0.342472
-0.309424
-0.238071
-0.148319
-0.0451803
0.0653703
0.182784
0.30937
0.44484
0.59231
0.737834
0.865765
0.973355
1.03451
1.04896
1.00836
0.962576
0.891851
0.825094
0.785528
0.108879
0.231963
0.362944
0.504263
0.6536
0.794658
0.916057
0.696552
-0.353453
-0.343944
-0.300662
-0.224274
-0.127735
-0.0218488
0.0922475
0.214341
0.344958
0.485813
0.63529
0.777671
0.898619
0.988944
1.0198
0.93784
0.795823
0.707612
0.639351
-0.375184
-0.363518
-0.316363
-0.238742
-0.141863
-0.0359125
0.077968
0.199846
0.330006
0.470198
0.618579
0.759261
0.874795
0.9488
0.932741
0.799028
0.653525
0.553816
0.473806
-0.396981
-0.385076
-0.335635
-0.257023
-0.160246
-0.054061
0.0600222
0.181788
0.311292
0.45034
0.596256
0.732272
0.835876
0.888964
0.832557
0.656469
0.497635
0.378124
0.282337
-0.418336
-0.406485
-0.355814
-0.276093
-0.179137
-0.0728841
0.0409791
0.162136
0.290601
0.42785
0.570333
0.699857
0.794095
0.812326
0.702524
0.50893
0.326302
0.171794
0.0438452
-0.439591
-0.427903
-0.376461
-0.295936
-0.198694
-0.0924316
0.0210202
0.141346
0.268481
0.403393
0.541521
0.662976
0.744945
0.723278
0.56619
0.362238
0.157776
-0.0158791
-0.181662
-0.461239
-0.449773
-0.398018
-0.317029
-0.219561
-0.113295
-0.000233827
0.11925
0.244874
0.377082
0.510273
0.621018
0.686194
0.639043
0.438457
0.228824
0.0193876
-0.163735
-0.301799
-0.421961
-0.484088
-0.472784
-0.42087
-0.339691
-0.242203
-0.136076
-0.0235228
0.0949329
0.2187
0.347578
0.474938
0.574632
0.619129
0.530433
0.31937
0.107416
-0.0880861
-0.23449
-0.285674
-0.305726
-0.508434
-0.49724
-0.445236
-0.364027
-0.266711
-0.160967
-0.0491623
0.0679129
0.189339
0.314129
0.434495
0.523834
0.536446
0.410077
0.206133
0.00520733
-0.166007
-0.243581
-0.266121
-0.268756
-0.534501
-0.523334
-0.471204
-0.390045
-0.29307
-0.187932
-0.077191
0.0381258
0.156704
0.276682
0.388963
0.46688
0.447564
0.296308
0.101964
-0.0848706
-0.211977
-0.251999
-0.250488
-0.251396
-0.562281
-0.551091
-0.498806
-0.417758
-0.321283
-0.216985
-0.107628
0.0055442
0.120765
0.23525
0.338548
0.402133
0.365347
0.189644
0.00968823
-0.158445
-0.2281
-0.240551
-0.241583
-0.241552
-0.591555
-0.580308
-0.527934
-0.447103
-0.351282
-0.248093
-0.140441
-0.0298395
0.0815342
0.189919
0.283789
0.332376
0.282722
0.0971982
-0.0718537
-0.198961
-0.241594
-0.236387
-0.235737
-0.235363
-0.621837
-0.61059
-0.558305
-0.477833
-0.382886
-0.28109
-0.175506
-0.0679154
0.0391519
0.141118
0.224877
0.260897
0.188005
0.0147775
-0.138398
-0.217711
-0.230699
-0.231378
-0.231302
-0.231002
-0.652607
-0.641391
-0.589427
-0.509512
-0.415716
-0.315648
-0.21253
-0.1084
-0.00612968
0.0893615
0.162903
0.183734
0.0970204
-0.0543841
-0.183905
-0.222864
-0.227681
-0.22845
-0.228504
-0.228337
-0.682926
-0.671819
-0.620514
-0.541475
-0.449195
-0.351269
-0.251046
-0.15081
-0.0538003
0.0350677
0.100515
0.104727
0.0177928
-0.110868
-0.203842
-0.238698
-0.229229
-0.226973
-0.226369
-0.226132
-0.711252
-0.700492
-0.650428
-0.572793
-0.482498
-0.387213
-0.290375
-0.19445
-0.103039
-0.0211086
0.0389475
0.034051
-0.0519288
-0.155429
-0.217554
-0.221802
-0.224964
-0.224596
-0.224284
-0.22414
-0.736318
-0.725966
-0.677707
-0.602176
-0.514513
-0.422492
-0.329608
-0.238431
-0.152766
-0.0778461
-0.023267
-0.0286842
-0.107762
-0.185407
-0.228973
-0.231637
-0.225376
-0.223472
-0.222876
-0.222685
-0.755526
-0.745881
-0.700475
-0.628001
-0.54385
-0.455869
-0.367596
-0.281654
-0.201849
-0.133489
-0.0851026
-0.0840713
-0.147933
-0.20126
-0.222103
-0.225523
-0.223693
-0.222715
-0.222367
-0.222188
-0.766953
-0.758359
-0.716567
-0.64842
-0.568897
-0.485905
-0.403002
-0.32281
-0.249113
-0.186632
-0.141774
-0.136628
-0.177204
-0.207278
-0.219186
-0.219393
-0.222271
-0.222759
-0.222758
-0.222679
-0.768146
-0.760969
-0.723821
-0.661508
-0.587918
-0.511081
-0.434402
-0.36045
-0.293085
-0.236449
-0.191687
-0.183083
-0.204042
-0.212732
-0.224037
-0.222362
-0.223231
-0.223651
-0.223791
-0.22384
-0.756737
-0.75091
-0.719967
-0.66532
-0.59939
-0.52999
-0.460466
-0.393203
-0.332041
-0.281841
-0.238563
-0.217838
-0.226088
-0.224359
-0.23084
-0.22733
-0.226326
-0.226231
-0.226551
-0.226697
-0.730098
-0.72601
-0.702817
-0.658451
-0.602292
-0.541652
-0.4802
-0.420028
-0.364715
-0.320453
-0.284788
-0.248532
-0.240675
-0.245802
-0.238087
-0.235556
-0.233671
-0.233078
-0.233447
-0.233639
-0.691896
-0.689305
-0.674523
-0.641568
-0.596776
-0.54603
-0.493184
-0.440295
-0.390651
-0.350732
-0.32417
-0.291659
-0.260084
-0.250888
-0.260384
-0.257679
-0.250172
-0.24677
-0.246682
-0.246894
-0.649272
-0.647639
-0.640347
-0.618709
-0.585336
-0.54442
-0.499869
-0.453863
-0.409323
-0.371926
-0.345758
-0.317908
-0.285141
-0.258516
-0.235919
-0.229038
-0.244757
-0.263825
-0.271483
-0.272768
-0.612087
-0.611007
-0.607495
-0.59576
-0.571882
-0.539345
-0.501719
-0.461241
-0.420197
-0.382827
-0.355843
-0.331139
-0.317696
-0.313551
-0.329088
-0.358408
-0.383661
-0.365612
-0.340904
-0.335309
-0.58542
-0.584808
-0.5826
-0.57683
-0.560329
-0.534067
-0.501093
-0.463861
-0.423941
-0.384609
-0.353471
-0.327968
-0.349513
-0.393248
-0.471646
-0.531069
-0.558718
-0.544273
-0.497065
-0.462257
-0.566174
-0.565768
-0.564942
-0.562636
-0.552594
-0.531002
-0.500399
-0.463727
-0.422415
-0.378104
-0.341166
-0.309283
-0.298709
-0.301366
-0.351304
-0.389743
-0.390691
-0.374225
-0.347107
-0.319367
-0.554459
-0.554363
-0.554003
-0.552757
-0.547626
-0.529823
-0.500116
-0.462047
-0.417455
-0.366793
-0.316712
-0.270047
-0.197554
-0.128159
-0.0894719
-0.0778334
-0.0531822
-0.0136119
0.0260927
0.0538814
-0.546385
-0.546363
-0.546071
-0.545715
-0.543492
-0.529781
-0.500606
-0.459956
-0.411246
-0.352515
-0.285085
-0.218277
-0.104018
0.0535091
0.221896
0.367513
0.47868
0.553181
0.604198
0.630344
-0.541135
-0.54113
-0.541036
-0.540952
-0.53955
-0.530467
-0.502308
-0.459125
-0.404945
-0.338647
-0.257033
-0.171772
-0.0370819
0.1918
0.471833
0.738049
0.952086
1.08333
1.14292
1.16234
-0.536864
-0.53688
-0.536844
-0.536698
-0.53678
-0.53101
-0.505181
-0.459791
-0.400914
-0.328241
-0.237327
-0.139402
0.000681978
0.250722
0.565022
0.872418
1.13433
1.30129
1.37323
1.39402
-0.533296
-0.533332
-0.533274
-0.533075
-0.532899
-0.530528
-0.508541
-0.46265
-0.400225
-0.323414
-0.228726
-0.125352
0.00412653
0.238768
0.535354
0.828417
1.07968
1.24598
1.32322
1.34901
-0.530676
-0.530697
-0.530726
-0.530709
-0.530905
-0.529557
-0.512298
-0.467438
-0.403438
-0.325336
-0.23155
-0.130872
-0.0217997
0.182876
0.444324
0.692692
0.905394
1.05562
1.13043
1.15533
-0.527892
-0.527993
-0.528213
-0.52871
-0.529375
-0.529076
-0.516035
-0.473229
-0.410461
-0.333589
-0.244119
-0.152362
-0.0648315
0.0973506
0.318797
0.520952
0.687864
0.809635
0.870515
0.890176
-0.524847
-0.525034
-0.525253
-0.525582
-0.525863
-0.526589
-0.517177
-0.478861
-0.419969
-0.346864
-0.263853
-0.18227
-0.11175
0.0100864
0.185542
0.342651
0.467684
0.558768
0.603217
0.616067
-0.522816
-0.522968
-0.52295
-0.522527
-0.521592
-0.521307
-0.515202
-0.483725
-0.431198
-0.363437
-0.287057
-0.215894
-0.160077
-0.0705795
0.0633645
0.180519
0.269703
0.332533
0.362594
0.370637
-0.523431
-0.523456
-0.523058
-0.521656
-0.518742
-0.515889
-0.512755
-0.489699
-0.443922
-0.380721
-0.311564
-0.250651
-0.203768
-0.139588
-0.0417767
0.043084
0.105303
0.147063
0.165294
0.16953
-0.528184
-0.528145
-0.527783
-0.526696
-0.524231
-0.520974
-0.519167
-0.50178
-0.457969
-0.396871
-0.336286
-0.282618
-0.242902
-0.192891
-0.122107
-0.0643105
-0.024138
0.00164513
0.0125963
0.0154375
-0.535215
-0.535435
-0.536151
-0.538695
-0.543751
-0.548328
-0.546023
-0.524076
-0.472233
-0.41311
-0.360362
-0.312539
-0.277015
-0.240901
-0.186804
-0.143805
-0.1165
-0.100075
-0.0931158
-0.0912016
-0.538622
-0.539317
-0.541456
-0.549255
-0.566001
-0.583008
-0.580162
-0.544326
-0.483064
-0.429396
-0.382039
-0.336604
-0.305473
-0.277469
-0.235115
-0.201375
-0.178839
-0.16458
-0.15855
-0.156878
-0.537229
-0.53797
-0.539924
-0.546901
-0.562607
-0.583774
-0.579918
-0.537185
-0.485577
-0.443431
-0.397825
-0.354888
-0.330139
-0.306653
-0.267444
-0.236631
-0.215671
-0.201309
-0.19497
-0.193809
-0.539374
-0.539771
-0.540664
-0.539391
-0.525543
-0.506317
-0.501205
-0.495511
-0.477763
-0.449279
-0.404917
-0.368314
-0.347556
-0.327403
-0.291312
-0.2609
-0.238705
-0.223194
-0.216704
-0.215755
-0.548685
-0.548716
-0.547956
-0.537788
-0.496961
-0.440379
-0.429426
-0.453254
-0.471795
-0.448869
-0.407732
-0.375773
-0.359011
-0.337452
-0.302923
-0.274381
-0.252881
-0.237984
-0.231599
-0.230798
-0.568399
-0.566931
-0.564066
-0.555603
-0.524178
-0.48356
-0.463055
-0.48882
-0.495623
-0.458878
-0.409167
-0.378506
-0.361428
-0.33871
-0.304723
-0.277742
-0.25818
-0.245632
-0.240452
-0.239752
-0.628292
-0.624852
-0.632733
-0.65549
-0.676063
-0.665388
-0.636679
-0.603008
-0.547292
-0.472227
-0.409406
-0.3766
-0.352353
-0.327682
-0.297704
-0.273467
-0.255737
-0.244931
-0.240222
-0.239505
-0.735632
-0.736356
-0.759916
-0.800651
-0.828951
-0.826591
-0.787798
-0.714368
-0.597001
-0.479205
-0.406771
-0.363363
-0.332613
-0.30716
-0.278586
-0.255804
-0.240519
-0.231377
-0.227373
-0.226645
-0.81143
-0.81599
-0.838882
-0.868931
-0.890016
-0.888356
-0.846263
-0.748274
-0.594873
-0.468465
-0.387829
-0.334002
-0.302846
-0.278461
-0.24985
-0.227665
-0.212318
-0.203125
-0.199105
-0.198582
-0.794062
-0.798176
-0.813476
-0.834474
-0.852092
-0.852207
-0.812699
-0.700308
-0.540323
-0.425661
-0.342294
-0.288799
-0.263758
-0.239657
-0.21099
-0.189215
-0.173518
-0.16364
-0.159423
-0.159197
-0.679757
-0.683672
-0.696775
-0.715295
-0.732806
-0.734934
-0.697374
-0.585644
-0.454991
-0.352836
-0.272884
-0.232551
-0.213492
-0.190794
-0.164377
-0.143909
-0.12817
-0.117862
-0.113957
-0.114179
-0.491728
-0.497827
-0.513141
-0.535007
-0.556648
-0.560399
-0.518412
-0.424422
-0.332062
-0.250825
-0.193779
-0.168606
-0.152541
-0.136014
-0.114805
-0.09695
-0.0823698
-0.0729602
-0.0700878
-0.0708539
-0.246474
-0.253507
-0.271594
-0.300763
-0.326878
-0.328829
-0.292503
-0.23402
-0.178551
-0.133729
-0.110757
-0.0942921
-0.0866317
-0.0786152
-0.0635041
-0.0519602
-0.0416679
-0.0349485
-0.0335967
-0.0347847
-0.127368
-0.147225
-0.172194
-0.194253
-0.203417
-0.189245
-0.155199
-0.120186
-0.0889777
-0.0721443
-0.0605919
-0.0523942
-0.053729
-0.0421714
-0.034259
-0.0278927
-0.0217455
-0.0190801
-0.0189983
-0.0087412
-0.0569321
0.200422
0.36735
0.523095
0.646519
0.74276
0.817752
0.880418
0.920397
0.909081
0.321599
0.434645
0.547747
0.648318
0.732723
0.802105
0.857937
0.899325
0.923923
0.93942
0.525833
0.599372
0.676928
0.748005
0.808668
0.859522
0.900693
0.93258
0.957225
0.976473
0.672116
0.726048
0.781416
0.833682
0.879204
0.918223
0.951272
0.979148
1.00216
1.02026
0.788818
0.831761
0.87257
0.912429
0.948666
0.980932
1.00941
1.03417
1.05445
1.07116
0.888606
0.921853
0.955916
0.989243
1.02052
1.04918
1.07494
1.09736
1.11533
1.13038
0.97677
1.00619
1.03755
1.06867
1.0981
1.12524
1.14958
1.1704
1.18649
1.20018
1.06215
1.09225
1.12433
1.15587
1.18552
1.2125
1.23623
1.25597
1.27059
1.28313
1.15409
1.18801
1.2235
1.25698
1.2876
1.31465
1.33772
1.35635
1.36989
1.38201
1.26492
1.3031
1.34211
1.37684
1.40731
1.43334
1.45498
1.47233
1.48544
1.49817
1.40636
1.44466
1.48303
1.51509
1.5422
1.5654
1.58534
1.60227
1.61623
1.63001
1.58184
1.61126
1.64118
1.66547
1.68647
1.70575
1.7239
1.74118
1.75702
1.77186
1.77507
1.78937
1.80691
1.82366
1.84017
1.85559
1.86973
1.88376
1.8986
1.91475
1.96398
1.96826
1.9811
1.99326
2.00325
2.01256
2.02273
2.03336
2.04269
2.0549
2.19332
2.17973
2.17091
2.15588
2.14479
2.14424
2.15624
2.18004
2.21187
2.24764
2.56754
2.40904
2.30353
2.24464
2.21554
2.209
2.22417
2.26538
2.3446
2.48972
-0.33433
-0.330748
-0.286758
-0.209496
-0.112612
-0.0060349
1.01504
1.05126
1.01576
0.926369
0.84344
0.769329
0.575308
0.392887
0.181597
-0.0988894
-0.426691
)
;

boundaryField
{
    wall-4
    {
        type            zeroGradient;
    }
    pressure-outlet-7
    {
        type            fixedValue;
        value           uniform 0;
    }
    velocity-inlet-6
    {
        type            zeroGradient;
    }
    velocity-inlet-5
    {
        type            zeroGradient;
    }
    frontAndBackPlanes
    {
        type            empty;
    }
}


// ************************************************************************* //
