/*--------------------------------*- C++ -*----------------------------------*\
  =========                 |
  \\      /  F ield         | OpenFOAM: The Open Source CFD Toolbox
   \\    /   O peration     | Website:  https://openfoam.org
    \\  /    A nd           | Version:  6
     \\/     M anipulation  |
\*---------------------------------------------------------------------------*/
FoamFile
{
    version     2.0;
    format      ascii;
    class       volScalarField;
    location    "57.1";
    object      p;
}
// * * * * * * * * * * * * * * * * * * * * * * * * * * * * * * * * * * * * * //

dimensions      [0 2 -2 0 0 0 0];

internalField   nonuniform List<scalar> 
8800
(
0.913118
0.8638
0.825831
0.797756
0.777585
0.762984
0.752365
0.744797
0.739873
0.737752
0.739066
0.743363
0.750122
0.759519
0.772238
0.789547
0.813416
0.846509
0.889443
0.941956
0.74762
0.753964
0.76311
0.766653
0.764036
0.757935
0.750976
0.744709
0.739872
0.736956
0.736667
0.739242
0.743842
0.74994
0.757019
0.764039
0.768908
0.768777
0.762097
0.753195
0.721154
0.727387
0.731881
0.735743
0.73868
0.739613
0.738501
0.736347
0.734323
0.733427
0.734398
0.7368
0.739648
0.741891
0.742392
0.74059
0.737215
0.733195
0.728409
0.724693
0.71688
0.719643
0.722242
0.72439
0.726113
0.727663
0.72874
0.729056
0.728895
0.728931
0.729668
0.730754
0.731454
0.731272
0.730275
0.728904
0.727223
0.724913
0.722497
0.72093
0.711859
0.713283
0.715114
0.717183
0.718879
0.72015
0.721218
0.722157
0.722911
0.723577
0.724211
0.724609
0.724584
0.724185
0.723491
0.722357
0.720686
0.718782
0.717424
0.716621
0.706916
0.707817
0.709055
0.710667
0.712342
0.713849
0.715098
0.716173
0.717174
0.718109
0.718807
0.719124
0.719078
0.718668
0.717834
0.716622
0.715243
0.713965
0.713139
0.712615
0.702066
0.702721
0.703672
0.704973
0.706398
0.707885
0.70933
0.710639
0.711828
0.712936
0.713785
0.714194
0.714146
0.713658
0.71284
0.711869
0.710856
0.709937
0.709351
0.708968
0.697309
0.697813
0.698588
0.69971
0.700984
0.702367
0.703829
0.705307
0.706734
0.708079
0.709113
0.709619
0.709617
0.709234
0.708625
0.707902
0.707138
0.706457
0.706025
0.705726
0.692592
0.692993
0.693641
0.694641
0.695841
0.697166
0.698618
0.700186
0.701819
0.703433
0.704705
0.705388
0.705566
0.705402
0.705024
0.704516
0.703951
0.703462
0.70314
0.702898
0.687836
0.688163
0.688724
0.689644
0.690795
0.692106
0.693588
0.695251
0.697071
0.69897
0.700556
0.701526
0.701976
0.702065
0.701916
0.701626
0.701252
0.700922
0.700684
0.700482
0.682956
0.683227
0.683728
0.6846
0.685733
0.687068
0.688623
0.690421
0.692463
0.694694
0.696674
0.698019
0.698798
0.699172
0.699271
0.6992
0.699017
0.698826
0.698655
0.698481
0.677865
0.678094
0.678556
0.679411
0.680566
0.681967
0.683636
0.685623
0.687953
0.690594
0.693058
0.694854
0.696017
0.696717
0.697092
0.69725
0.697256
0.697191
0.697075
0.696921
0.672474
0.672669
0.673112
0.67398
0.675196
0.676707
0.678545
0.68079
0.683493
0.686651
0.689701
0.692028
0.693638
0.694709
0.695393
0.695793
0.696004
0.696057
0.695987
0.695847
0.666682
0.66685
0.667292
0.6682
0.669519
0.671193
0.673267
0.675851
0.679027
0.682822
0.686585
0.689548
0.691684
0.693182
0.694216
0.694904
0.695316
0.695483
0.695453
0.695322
0.660375
0.660521
0.660976
0.661955
0.663422
0.665318
0.667708
0.67073
0.674503
0.679085
0.68371
0.687433
0.690187
0.692184
0.693614
0.694615
0.695256
0.695543
0.695549
0.695423
0.653414
0.653538
0.654021
0.655102
0.656767
0.658957
0.661751
0.665323
0.669835
0.675378
0.68105
0.685685
0.689176
0.691762
0.693663
0.695025
0.695917
0.696326
0.696366
0.696241
0.645624
0.645725
0.646252
0.647469
0.649394
0.65196
0.655268
0.659531
0.664957
0.671676
0.67861
0.684337
0.688701
0.691979
0.694438
0.696221
0.697398
0.697935
0.698008
0.69788
0.63677
0.636875
0.637452
0.63884
0.6411
0.644145
0.648101
0.653232
0.659794
0.667952
0.676404
0.683429
0.688824
0.692918
0.696037
0.698312
0.699808
0.700483
0.700585
0.700452
0.626549
0.626639
0.627307
0.62893
0.631626
0.635284
0.640068
0.646298
0.654279
0.664199
0.674472
0.683024
0.689622
0.694674
0.698554
0.701403
0.703262
0.704083
0.704212
0.704071
0.614598
0.614673
0.615444
0.61738
0.620635
0.625088
0.630931
0.638552
0.648303
0.660381
0.672828
0.683165
0.691168
0.697339
0.7021
0.705619
0.707875
0.708844
0.708996
0.708841
0.600371
0.600439
0.601356
0.603703
0.60769
0.613185
0.62041
0.629811
0.641773
0.656473
0.671506
0.683929
0.693547
0.700997
0.706781
0.71105
0.713735
0.714849
0.715016
0.714845
0.583102
0.583163
0.584291
0.587221
0.592212
0.599112
0.608176
0.619902
0.634661
0.652555
0.670614
0.685413
0.696848
0.70575
0.712669
0.717773
0.720903
0.722146
0.722316
0.722127
0.561649
0.561713
0.563184
0.566984
0.573419
0.582303
0.59389
0.608692
0.626994
0.648731
0.67027
0.687724
0.701171
0.711668
0.719818
0.725822
0.729377
0.730714
0.730871
0.73066
0.534263
0.534357
0.536416
0.541619
0.550276
0.562076
0.577225
0.596125
0.618863
0.645151
0.670606
0.690955
0.706572
0.718776
0.728259
0.735155
0.739066
0.740438
0.74056
0.740327
0.497907
0.498121
0.501382
0.509175
0.521584
0.537863
0.558097
0.58239
0.610545
0.642059
0.671828
0.695252
0.713128
0.727101
0.737944
0.745643
0.749771
0.751091
0.751153
0.750901
0.446808
0.447874
0.454348
0.467483
0.486439
0.509647
0.536911
0.56802
0.602573
0.639905
0.674213
0.700772
0.720904
0.736593
0.748726
0.757054
0.761175
0.762335
0.76232
0.762053
0.372591
0.379889
0.394736
0.417652
0.446402
0.478887
0.514712
0.553614
0.595214
0.638868
0.678115
0.708102
0.730725
0.748329
0.76172
0.770494
0.774498
0.775479
0.775411
0.775175
0.29359
0.309562
0.333683
0.367162
0.406199
0.448118
0.492569
0.539476
0.588573
0.63929
0.684404
0.718682
0.744454
0.7644
0.77928
0.788385
0.792048
0.792785
0.792733
0.792592
0.225926
0.245448
0.277328
0.319919
0.368143
0.41896
0.471831
0.526625
0.583054
0.640571
0.691248
0.729518
0.758205
0.780237
0.796213
0.805344
0.808674
0.809292
0.809278
0.809194
0.17054
0.192274
0.229506
0.278638
0.334062
0.392352
0.452665
0.514704
0.578038
0.64204
0.69802
0.740042
0.771366
0.795232
0.812252
0.821652
0.825017
0.825669
0.825679
0.825628
0.124604
0.147663
0.18878
0.243029
0.304221
0.368684
0.435378
0.503872
0.573546
0.643602
0.70459
0.750183
0.784013
0.809646
0.827766
0.83779
0.841406
0.842046
0.84209
0.842068
0.0855127
0.109382
0.153377
0.211796
0.277858
0.3476
0.419822
0.494016
0.569437
0.645141
0.71087
0.759907
0.796178
0.823559
0.842843
0.853585
0.857504
0.858216
0.85829
0.858289
0.0512499
0.0756782
0.121938
0.183813
0.254033
0.328371
0.405502
0.484855
0.565583
0.646586
0.716821
0.769089
0.807705
0.836755
0.857144
0.868545
0.87283
0.873683
0.873789
0.873796
0.0203352
0.0452334
0.0933693
0.158187
0.232011
0.310391
0.391948
0.47604
0.561702
0.647709
0.722232
0.777589
0.818383
0.848959
0.870363
0.882362
0.886993
0.888023
0.888137
0.888142
-0.00823057
0.0171076
0.0668498
0.134246
0.211234
0.293198
0.378745
0.467194
0.5575
0.648289
0.726963
0.785292
0.828105
0.860081
0.882348
0.894862
0.899784
0.90095
0.901063
0.901056
-0.0352352
-0.009411
0.041791
0.111492
0.191272
0.276435
0.365596
0.45807
0.552767
0.648168
0.730914
0.792151
0.836911
0.870162
0.893153
0.906021
0.911133
0.912378
0.912482
0.912455
-0.0610442
-0.0347576
0.0177954
0.0895541
0.171826
0.259861
0.352311
0.448502
0.547337
0.647228
0.734028
0.798177
0.844855
0.87928
0.902868
0.91595
0.921127
0.922404
0.92248
0.922427
-0.0860735
-0.0592377
-0.00543492
0.068186
0.152694
0.243312
0.338757
0.438376
0.541103
0.645374
0.736261
0.803397
0.852031
0.887568
0.911608
0.92477
0.929952
0.93122
0.931281
0.931202
-0.110444
-0.0830482
-0.028064
0.0472412
0.13375
0.226692
0.324853
0.427632
0.534018
0.642539
0.737572
0.807852
0.858546
0.895198
0.919613
0.932739
0.937829
0.939034
0.939075
0.938979
-0.134267
-0.106297
-0.0501965
0.026643
0.114944
0.209968
0.310581
0.416245
0.526048
0.63867
0.737914
0.811568
0.864512
0.902338
0.927054
0.940006
0.944913
0.946017
0.946002
0.945879
-0.157633
-0.129059
-0.0718725
0.00637071
0.0962569
0.193143
0.295958
0.404235
0.517193
0.633737
0.737241
0.814536
0.870021
0.909148
0.934068
0.946684
0.951264
0.952198
0.952123
0.95198
-0.180585
-0.151326
-0.0930913
-0.0135744
0.0777208
0.176247
0.281026
0.391645
0.507479
0.627714
0.735489
0.816704
0.87513
0.915816
0.940854
0.952886
0.956951
0.957644
0.95751
0.957357
-0.202965
-0.17306
-0.113823
-0.0331755
0.0593698
0.159348
0.265847
0.378548
0.496964
0.620618
0.732591
0.817979
0.879829
0.92252
0.947725
0.958879
0.962106
0.962423
0.962223
0.962074
-0.224738
-0.194218
-0.134049
-0.0523819
0.0412636
0.142507
0.250512
0.365019
0.485723
0.612473
0.728495
0.81824
0.884021
0.929356
0.955106
0.9652
0.967045
0.96663
0.966315
0.966214
-0.24596
-0.214763
-0.153737
-0.0711572
0.023468
0.12581
0.235112
0.351162
0.473846
0.603335
0.723141
0.817357
0.887508
0.936207
0.963371
0.972772
0.972685
0.970673
0.969872
0.969996
-0.266466
-0.234667
-0.172828
-0.0894333
0.00604365
0.109343
0.219744
0.337087
0.461447
0.5933
0.716499
0.815176
0.890019
0.942668
0.97247
0.982614
0.981099
0.976483
0.973279
0.971798
-0.286352
-0.253929
-0.191326
-0.107238
-0.0110426
0.0930662
0.204357
0.322736
0.448454
0.5823
0.708413
0.811441
0.89128
0.94818
0.981692
0.994877
0.994421
0.987762
0.977796
0.9777
-0.305527
-0.272618
-0.209366
-0.124766
-0.0280873
0.0766427
0.188531
0.307616
0.434313
0.569694
0.698207
0.805367
0.890777
0.952024
0.989295
1.0071
1.00869
0.998368
0.980275
0.977508
-0.32385
-0.290694
-0.226774
-0.141822
-0.044827
0.0603778
0.172478
0.292053
0.419322
0.55573
0.685946
0.796321
0.887739
0.953029
0.991087
1.00905
1.0135
0.989555
0.931469
0.906193
-0.341195
-0.308983
-0.24314
-0.157931
-0.0605168
0.0447554
0.156476
0.276322
0.403762
0.540579
0.671709
0.783735
0.88119
0.950408
0.98239
0.995033
0.984619
0.93475
0.873097
0.835432
-0.384961
-0.326705
-0.258269
-0.173867
-0.0759192
0.028835
0.140662
0.260301
0.387434
0.523897
0.655116
0.76702
0.867368
0.941681
0.961437
0.951795
0.907468
0.84417
0.775956
0.738508
-0.360023
-0.341731
-0.281312
-0.19647
-0.0995791
0.00493935
0.11604
0.234984
0.361121
0.496024
0.625621
0.735201
0.826688
0.908018
0.894464
0.789617
0.701437
0.640085
0.576988
0.604805
-0.391556
-0.359747
-0.29848
-0.214133
-0.117513
-0.0132128
0.098035
0.216297
0.341365
0.474425
0.601313
0.707289
0.788331
0.834095
0.785686
0.649412
0.54268
0.470693
0.389459
0.435857
-0.416126
-0.381823
-0.318719
-0.234249
-0.137699
-0.033433
0.0776934
0.195146
0.318817
0.449436
0.572469
0.672424
0.742228
0.750437
0.647334
0.494867
0.367891
0.276972
0.182358
0.214511
-0.440115
-0.404679
-0.34012
-0.254949
-0.158288
-0.0541314
0.0564933
0.172976
0.295028
0.422806
0.541016
0.632957
0.686342
0.662179
0.507462
0.332877
0.174874
0.04253
-0.0807853
-0.0674236
-0.463865
-0.427972
-0.36244
-0.276633
-0.179783
-0.0758161
0.0341694
0.149536
0.269691
0.39422
0.506778
0.590933
0.623941
0.555755
0.370041
0.175234
-0.0100687
-0.162467
-0.366936
-0.445845
-0.488062
-0.452167
-0.386031
-0.299745
-0.202682
-0.0988566
0.0105579
0.124779
0.242914
0.363932
0.470419
0.545606
0.553574
0.434116
0.244874
0.0379719
-0.152332
-0.312913
-0.435969
-0.554308
-0.513796
-0.477759
-0.41126
-0.324682
-0.227536
-0.123947
-0.0151972
0.0977026
0.213474
0.33043
0.430461
0.49335
0.474362
0.318623
0.12786
-0.0730514
-0.246652
-0.3429
-0.368916
-0.382417
-0.541203
-0.505041
-0.438265
-0.35155
-0.254502
-0.151318
-0.0434772
0.067791
0.180748
0.292911
0.386042
0.431618
0.394058
0.207829
0.0189295
-0.161646
-0.292506
-0.330006
-0.338897
-0.339224
-0.570569
-0.534144
-0.467089
-0.380338
-0.283531
-0.180982
-0.0743109
0.0349835
0.144658
0.251337
0.33656
0.366492
0.298025
0.106667
-0.0762387
-0.232992
-0.305937
-0.319937
-0.321078
-0.320944
-0.60191
-0.565108
-0.497751
-0.411046
-0.314645
-0.212934
-0.107714
-0.000745357
0.10521
0.205803
0.281835
0.297573
0.19129
0.0151028
-0.158156
-0.282226
-0.309989
-0.310623
-0.311167
-0.310766
-0.634973
-0.59776
-0.530148
-0.443594
-0.347758
-0.247127
-0.143665
-0.0393825
0.0624614
0.156407
0.223068
0.220025
0.0963952
-0.0694239
-0.222802
-0.293085
-0.307446
-0.305032
-0.304583
-0.30415
-0.669189
-0.631754
-0.564016
-0.47775
-0.382682
-0.283402
-0.182016
-0.0808146
0.0166284
0.103526
0.160552
0.141601
0.00857
-0.143708
-0.26452
-0.301285
-0.300299
-0.300491
-0.300036
-0.299592
-0.704114
-0.666554
-0.598866
-0.513087
-0.419054
-0.321431
-0.222482
-0.124768
-0.032028
0.0480713
0.0928577
0.0677238
-0.0716551
-0.201094
-0.286467
-0.294833
-0.297146
-0.297973
-0.297798
-0.297488
-0.738785
-0.701258
-0.633935
-0.548951
-0.45631
-0.360729
-0.264598
-0.170759
-0.0831062
-0.00912496
0.0252009
-0.00767421
-0.141587
-0.245644
-0.289846
-0.300979
-0.297163
-0.295687
-0.294985
-0.294773
-0.771267
-0.734538
-0.668174
-0.58443
-0.493646
-0.400573
-0.307694
-0.218066
-0.135829
-0.0677465
-0.0377006
-0.0860584
-0.20301
-0.2907
-0.307659
-0.304568
-0.297547
-0.291702
-0.290044
-0.289624
-0.800508
-0.764867
-0.700144
-0.618292
-0.529978
-0.439991
-0.350892
-0.265773
-0.189021
-0.127084
-0.0994281
-0.153315
-0.252997
-0.329022
-0.345441
-0.323116
-0.302201
-0.2911
-0.287852
-0.286657
-0.823725
-0.790078
-0.728047
-0.648976
-0.563958
-0.477765
-0.393076
-0.312799
-0.241601
-0.184819
-0.161596
-0.20217
-0.285266
-0.348836
-0.344841
-0.337834
-0.329481
-0.322131
-0.31632
-0.31332
-0.838751
-0.807959
-0.74974
-0.674674
-0.594018
-0.512483
-0.432872
-0.35794
-0.292501
-0.238508
-0.217225
-0.239187
-0.282855
-0.353248
-0.34767
-0.361505
-0.37778
-0.374686
-0.366842
-0.364657
-0.842829
-0.816036
-0.76304
-0.693473
-0.618448
-0.542688
-0.468745
-0.399878
-0.339967
-0.28899
-0.259448
-0.275724
-0.24271
-0.288443
-0.306899
-0.336461
-0.356619
-0.362501
-0.363727
-0.365077
-0.833608
-0.81178
-0.765754
-0.703533
-0.635677
-0.566956
-0.499404
-0.436919
-0.382214
-0.338711
-0.289287
-0.305306
-0.230767
-0.128292
-0.237455
-0.306972
-0.340862
-0.360412
-0.370003
-0.372803
-0.808308
-0.79224
-0.75585
-0.703556
-0.644606
-0.584062
-0.524035
-0.467327
-0.419432
-0.384134
-0.33685
-0.366449
-0.37672
-0.331164
-0.371502
-0.427229
-0.453326
-0.461485
-0.463817
-0.46509
-0.77037
-0.760108
-0.734303
-0.693685
-0.645116
-0.593542
-0.541737
-0.491062
-0.449022
-0.421048
-0.410338
-0.480129
-0.655931
-0.751106
-0.684759
-0.633781
-0.615224
-0.59621
-0.5848
-0.58186
-0.726902
-0.721131
-0.706092
-0.676931
-0.639052
-0.596283
-0.551516
-0.50801
-0.468676
-0.448133
-0.440552
-0.56877
-0.723033
-0.9319
-0.826126
-0.69825
-0.636355
-0.587956
-0.564622
-0.563984
-0.688156
-0.684757
-0.677631
-0.658656
-0.629442
-0.593744
-0.555058
-0.514965
-0.478406
-0.452948
-0.441352
-0.479761
-0.481393
-0.521868
-0.649242
-0.723094
-0.730391
-0.65352
-0.559163
-0.539298
-0.660324
-0.65838
-0.654796
-0.643183
-0.620386
-0.589228
-0.553403
-0.514518
-0.476023
-0.441572
-0.442764
-0.402027
-0.338829
-0.319685
-0.269389
-0.304794
-0.34044
-0.334632
-0.293672
-0.274403
-0.639556
-0.638828
-0.637646
-0.631846
-0.614462
-0.585926
-0.54971
-0.508954
-0.463037
-0.42385
-0.401441
-0.362085
-0.198278
-0.0353849
0.0979384
0.131411
0.133505
0.0913669
0.0707649
0.0662026
-0.627618
-0.627285
-0.626666
-0.624125
-0.611745
-0.584077
-0.544751
-0.497379
-0.447288
-0.388035
-0.324947
-0.261356
-0.0930898
0.0498108
0.142292
0.18783
0.186662
0.204805
0.236674
0.251452
-0.620275
-0.620092
-0.619781
-0.61951
-0.611733
-0.583982
-0.539801
-0.486928
-0.422539
-0.341763
-0.258857
-0.112359
0.0295441
0.155177
0.246589
0.288937
0.360334
0.510741
0.636043
0.689172
-0.615148
-0.615624
-0.616711
-0.618237
-0.612407
-0.584375
-0.536641
-0.476506
-0.398593
-0.306054
-0.197613
-0.0468787
0.192856
0.441468
0.670568
0.892775
1.10823
1.29461
1.40839
1.44875
-0.606287
-0.60728
-0.609092
-0.610251
-0.605222
-0.580774
-0.53684
-0.474185
-0.389895
-0.27722
-0.161049
-0.041019
0.20384
0.477911
0.861758
1.2227
1.50039
1.69326
1.78063
1.80467
-0.607601
-0.606371
-0.598043
-0.583369
-0.5763
-0.572976
-0.547401
-0.482683
-0.386516
-0.267673
-0.14162
-0.0205495
0.174095
0.484375
0.830786
1.15562
1.41054
1.56397
1.62789
1.64369
-0.647202
-0.64235
-0.626213
-0.60228
-0.592012
-0.60262
-0.583284
-0.499856
-0.387944
-0.267741
-0.141727
-0.0245744
0.105903
0.347819
0.658826
0.923297
1.12247
1.23062
1.27312
1.28183
-0.736432
-0.737011
-0.74747
-0.76388
-0.759746
-0.740934
-0.65898
-0.52413
-0.390591
-0.268981
-0.146516
-0.0461805
0.0527588
0.217618
0.452904
0.647972
0.793368
0.867856
0.89637
0.89925
-0.858545
-0.875005
-0.91348
-0.942599
-0.937586
-0.8829
-0.730212
-0.543308
-0.39298
-0.263844
-0.157688
-0.074249
-0.00795171
0.118927
0.276445
0.403297
0.49791
0.544104
0.557655
0.560366
-0.892632
-0.91424
-0.948144
-0.972898
-0.966228
-0.893812
-0.707651
-0.52268
-0.376772
-0.255176
-0.164574
-0.0982547
-0.0534564
0.0246452
0.129488
0.209586
0.259243
0.276821
0.284562
0.285021
-0.738445
-0.75835
-0.792092
-0.821756
-0.817584
-0.735315
-0.581035
-0.444926
-0.321442
-0.22894
-0.16311
-0.117412
-0.0836853
-0.0341023
0.0223456
0.0606867
0.0763676
0.0842485
0.0886154
0.0900169
-0.416085
-0.432287
-0.461141
-0.491483
-0.499058
-0.458462
-0.389252
-0.312576
-0.240092
-0.187025
-0.152083
-0.123279
-0.11625
-0.0680935
-0.0253092
-0.00785555
-0.00814308
-0.00851041
-0.00665173
-0.00519676
-0.0848342
-0.0930398
-0.11173
-0.13962
-0.166613
-0.180189
-0.183143
-0.173807
-0.158027
-0.134741
-0.125273
-0.127436
-0.135977
-0.103999
-0.0674478
-0.0433321
-0.030007
-0.0226703
-0.0200797
-0.0197639
0.12077
0.117129
0.104882
0.078421
0.0385197
-0.0063591
-0.0428527
-0.0694282
-0.0829828
-0.0834854
-0.0937136
-0.11442
-0.129644
-0.0833801
-0.0451318
-0.0283342
-0.0163967
-0.0113977
-0.00985369
-0.0100475
0.197423
0.195241
0.186188
0.16398
0.127096
0.0813442
0.036962
0.00115801
-0.0238391
-0.0378966
-0.0503392
-0.0651512
-0.0706279
-0.0420405
-0.0130068
-0.000595045
0.00749023
0.0103767
0.01104
0.0103176
0.205036
0.203554
0.197272
0.181394
0.153954
0.118661
0.0808689
0.0466298
0.0205892
0.00609296
0.000319857
0.00122881
0.0122996
0.0249022
0.0304788
0.0314054
0.0324921
0.0333079
0.033414
0.0329829
0.186845
0.185951
0.181938
0.171533
0.152971
0.12775
0.0994232
0.0726909
0.0518734
0.04321
0.0484512
0.0672233
0.0880523
0.0914481
0.0844066
0.0758841
0.0704699
0.0677461
0.0667081
0.0659791
0.161446
0.160975
0.15857
0.152086
0.140117
0.123237
0.103486
0.0843307
0.0699997
0.0685065
0.0847217
0.11548
0.143157
0.136988
0.120419
0.109089
0.103914
0.102283
0.101206
0.100308
0.135245
0.135112
0.133775
0.129925
0.122499
0.111725
0.0986726
0.0861309
0.0777346
0.081183
0.10403
0.14087
0.171135
0.160932
0.140982
0.130466
0.12741
0.126833
0.125718
0.124379
0.110538
0.110467
0.109746
0.107534
0.103039
0.0962952
0.0878893
0.0797607
0.0749722
0.0799131
0.102394
0.137806
0.164804
0.151816
0.135457
0.129333
0.127817
0.128021
0.126822
0.125538
0.0875485
0.08758
0.0872086
0.0859792
0.0833251
0.0791192
0.0736475
0.0680118
0.0641436
0.0664328
0.0801789
0.103768
0.119415
0.107982
0.0986663
0.100486
0.104613
0.106418
0.105726
0.10458
0.0664289
0.0664755
0.0663009
0.0656725
0.0641501
0.0615388
0.0577911
0.0532538
0.0483909
0.0442594
0.0413234
0.0400405
0.0355767
0.0313237
0.0382026
0.0518189
0.0616103
0.0653831
0.0650162
0.0639783
0.0473601
0.0473962
0.0473143
0.0469936
0.04619
0.0445601
0.0418763
0.0377429
0.0315256
0.0199311
-0.00300298
-0.0376129
-0.0733283
-0.066239
-0.0355872
-0.00915742
0.00541599
0.00909846
0.00951725
0.00923756
0.0303795
0.0303926
0.0303509
0.0302656
0.0299301
0.0290641
0.0273243
0.0238491
0.0169435
0.00158912
-0.0341208
-0.097183
-0.1386
-0.118321
-0.0769151
-0.050192
-0.0409843
-0.0387372
-0.0371911
-0.0364858
0.0155695
0.0155582
0.0155378
0.0155859
0.0155766
0.0151918
0.0140582
0.0119167
0.00735159
-0.00515882
-0.0354691
-0.0905686
-0.116664
-0.0922201
-0.0628044
-0.050768
-0.0498405
-0.0505109
-0.0486038
-0.0474478
0.00278897
0.00279169
0.00277115
0.00281211
0.00299532
0.00312889
0.0030845
0.00278445
0.00207554
0.000632493
-0.00479422
-0.01631
-0.0295062
-0.0241055
-0.02221
-0.0215667
-0.0219339
-0.0193504
-0.0163351
-0.0145077
0.0658064
0.255495
0.430134
0.57845
0.698017
0.793172
0.872714
0.93735
0.953935
0.950134
0.358667
0.481109
0.596071
0.696139
0.780572
0.85045
0.905573
0.942823
0.962714
0.979216
0.558083
0.640068
0.721
0.791986
0.852559
0.902848
0.942445
0.972575
0.995195
1.01441
0.706242
0.763982
0.821893
0.874132
0.919315
0.957788
0.990055
1.0171
1.03745
1.05633
0.823006
0.866511
0.909615
0.950048
0.986239
1.01819
1.04612
1.06976
1.08775
1.10578
0.920046
0.955884
0.991512
1.02546
1.05671
1.08499
1.10994
1.13085
1.14666
1.16414
1.00884
1.04089
1.07332
1.10466
1.13377
1.16021
1.18338
1.20235
1.2163
1.23332
1.096
1.12864
1.16113
1.19241
1.22124
1.24708
1.26925
1.2868
1.29921
1.31574
1.19051
1.22696
1.26177
1.29427
1.32348
1.34887
1.37001
1.38632
1.39795
1.4141
1.30365
1.34425
1.3813
1.41429
1.44281
1.46682
1.48646
1.50175
1.51366
1.52974
1.44507
1.48616
1.52143
1.55104
1.57626
1.59788
1.6164
1.63189
1.64501
1.66097
1.61664
1.64905
1.67594
1.69826
1.71836
1.73709
1.75483
1.77161
1.78652
1.80225
1.80298
1.82026
1.83739
1.85407
1.87017
1.88491
1.89882
1.9133
1.92854
1.94584
1.98637
1.99635
2.00956
2.02054
2.02995
2.03961
2.05022
2.06041
2.0697
2.09536
2.20428
2.19858
2.18564
2.17138
2.16508
2.1708
2.18894
2.21747
2.25123
2.28756
2.5071
2.37114
2.29164
2.24913
2.23181
2.23578
2.26322
2.32108
2.42875
2.60715
0.816814
0.810511
0.802779
0.791661
0.778085
0.765429
0.755022
0.746997
0.741262
0.73791
0.737535
0.740348
0.745566
0.752913
0.762456
0.774281
0.78784
0.800767
0.809755
0.817295
0.72589
0.731809
0.739879
0.746008
0.749071
0.748552
0.745455
0.741446
0.737839
0.735533
0.735376
0.73761
0.741349
0.745784
0.749879
0.75212
0.751043
0.746404
0.739348
0.731514
0.719151
0.721524
0.724788
0.727557
0.730001
0.732182
0.73335
0.733189
0.732232
0.731402
0.731593
0.732987
0.734754
0.735972
0.73589
0.734417
0.732255
0.72989
0.726906
0.723887
0.714379
0.715467
0.717381
0.719714
0.721579
0.722968
0.724173
0.725149
0.725728
0.726082
0.72661
0.727332
0.727783
0.727653
0.727016
0.726087
0.724751
0.722778
0.720668
0.719189
0.709377
0.710011
0.711137
0.712889
0.714725
0.716307
0.717544
0.718588
0.719546
0.720415
0.721173
0.72167
0.72179
0.72157
0.721023
0.720041
0.718607
0.716993
0.715652
0.714849
0.704481
0.70492
0.705706
0.707003
0.708516
0.710067
0.711528
0.712802
0.713928
0.714982
0.715901
0.716477
0.716635
0.716383
0.715707
0.714698
0.713536
0.712386
0.711479
0.710945
0.699681
0.700009
0.700618
0.701681
0.702966
0.704351
0.70581
0.707259
0.708617
0.70988
0.710988
0.711701
0.711902
0.711638
0.711025
0.710229
0.709373
0.708511
0.707845
0.707453
0.694953
0.695208
0.695699
0.696602
0.697763
0.699055
0.700454
0.701952
0.703493
0.705009
0.706358
0.707237
0.707547
0.707424
0.707021
0.706459
0.705814
0.705177
0.70469
0.70439
0.690228
0.69043
0.690839
0.691632
0.692713
0.693956
0.695339
0.696878
0.698555
0.700311
0.701946
0.703078
0.703616
0.703731
0.703564
0.703223
0.70278
0.702332
0.701984
0.701748
0.685421
0.685584
0.685934
0.686654
0.687688
0.68891
0.69032
0.691938
0.693768
0.695773
0.697746
0.699231
0.700089
0.700489
0.700572
0.700456
0.700224
0.699947
0.699713
0.699524
0.680446
0.680579
0.680887
0.681562
0.682578
0.683824
0.6853
0.687044
0.689078
0.691391
0.693778
0.6957
0.696941
0.69767
0.698034
0.698158
0.698132
0.698019
0.697882
0.69773
0.675217
0.675325
0.675606
0.676261
0.677294
0.678607
0.680193
0.682113
0.684418
0.687123
0.690019
0.692467
0.694159
0.695269
0.695954
0.69634
0.696524
0.696579
0.696526
0.696402
0.669639
0.669725
0.66999
0.670651
0.671737
0.673158
0.674908
0.677074
0.679735
0.682935
0.686457
0.689537
0.691761
0.693309
0.694351
0.695041
0.695463
0.69567
0.695692
0.695589
0.663605
0.663672
0.66393
0.664619
0.665796
0.667372
0.669352
0.671845
0.674961
0.678779
0.683069
0.686907
0.689762
0.691823
0.693275
0.694304
0.694984
0.695358
0.695452
0.695366
0.656988
0.657037
0.657298
0.658037
0.659343
0.661132
0.663416
0.66633
0.670019
0.6746
0.679823
0.684578
0.688186
0.690854
0.692785
0.69419
0.69517
0.695723
0.695886
0.695814
0.649635
0.649665
0.649934
0.650748
0.652227
0.654293
0.656967
0.660412
0.664817
0.670339
0.6767
0.682554
0.687056
0.69044
0.692941
0.694798
0.696114
0.69686
0.697093
0.697032
0.641351
0.64137
0.641642
0.642555
0.644261
0.646683
0.649852
0.653967
0.659261
0.665937
0.673676
0.680855
0.686424
0.690651
0.693826
0.696221
0.697921
0.698877
0.699182
0.699128
0.63183
0.631824
0.632151
0.633207
0.635209
0.638084
0.641884
0.646848
0.653262
0.66137
0.670781
0.679532
0.686353
0.691569
0.695532
0.698556
0.700696
0.701887
0.702264
0.702214
0.620788
0.62076
0.621134
0.622381
0.624757
0.628221
0.63283
0.638872
0.646691
0.656566
0.668001
0.678614
0.686903
0.693282
0.698168
0.701915
0.704562
0.706006
0.706454
0.706404
0.607749
0.607699
0.608149
0.609645
0.612506
0.616735
0.622393
0.629819
0.639411
0.651472
0.665349
0.678153
0.688143
0.695864
0.701829
0.70641
0.709624
0.711333
0.711846
0.711792
0.592065
0.591992
0.592565
0.594411
0.597918
0.603164
0.610211
0.619441
0.631289
0.646048
0.662851
0.67822
0.690165
0.699406
0.706603
0.712124
0.715961
0.717939
0.718508
0.718443
0.5728
0.572709
0.573481
0.575833
0.580252
0.586913
0.595857
0.607499
0.622274
0.640384
0.660648
0.678942
0.693071
0.704013
0.712561
0.719127
0.723621
0.725848
0.726451
0.726368
0.548545
0.548452
0.549555
0.552691
0.558479
0.567211
0.578844
0.593768
0.612327
0.634552
0.658849
0.680413
0.696943
0.70974
0.719745
0.72744
0.732576
0.735002
0.735606
0.735497
0.516988
0.516939
0.518643
0.523132
0.531202
0.543146
0.558736
0.578187
0.601597
0.628754
0.657643
0.682786
0.701874
0.716636
0.728185
0.737014
0.742704
0.745233
0.745793
0.745651
0.473994
0.474142
0.477146
0.484439
0.496775
0.514005
0.535454
0.561006
0.590462
0.623374
0.65733
0.686259
0.707972
0.724729
0.73782
0.74772
0.753772
0.756241
0.756704
0.756527
0.411879
0.413179
0.420464
0.434201
0.454334
0.47996
0.509674
0.542984
0.579564
0.618885
0.658206
0.690994
0.715325
0.733992
0.748488
0.759228
0.765371
0.767553
0.767854
0.76766
0.337631
0.340183
0.354335
0.377979
0.408778
0.444369
0.48306
0.524593
0.568774
0.615161
0.660757
0.698375
0.726157
0.747387
0.763678
0.775228
0.781396
0.78344
0.78371
0.783615
0.26157
0.268391
0.289641
0.323215
0.364409
0.409721
0.457398
0.507261
0.559187
0.612778
0.664774
0.707326
0.738638
0.762505
0.780678
0.792985
0.798846
0.800468
0.800663
0.800636
0.199565
0.208224
0.234077
0.274697
0.324091
0.377683
0.43348
0.491149
0.550447
0.610922
0.669041
0.716265
0.750833
0.777065
0.796682
0.8095
0.815309
0.816805
0.817053
0.817084
0.148763
0.158132
0.187493
0.233369
0.288938
0.349158
0.4118
0.476366
0.542435
0.609387
0.673302
0.724952
0.762565
0.790961
0.812099
0.825535
0.831424
0.833142
0.833485
0.833556
0.10619
0.11587
0.147635
0.197626
0.258265
0.324009
0.392464
0.46304
0.535172
0.608074
0.677422
0.733293
0.77384
0.804337
0.8269
0.84122
0.847607
0.84958
0.849962
0.850049
0.0693964
0.0792219
0.112802
0.166095
0.230977
0.30146
0.374978
0.450861
0.528467
0.60688
0.681372
0.741239
0.784625
0.817157
0.841159
0.85643
0.863363
0.865519
0.865942
0.866023
0.0367208
0.0466116
0.0816304
0.137662
0.206148
0.280734
0.358741
0.439436
0.522089
0.605649
0.684996
0.748665
0.794705
0.829157
0.854509
0.870638
0.878145
0.880514
0.880958
0.881021
0.00692531
0.0168692
0.0530604
0.11146
0.183074
0.261261
0.343272
0.428351
0.515678
0.604091
0.688083
0.755408
0.803953
0.840171
0.866704
0.883594
0.89162
0.894182
0.894644
0.894687
-0.0209183
-0.0109046
0.0263475
0.0868522
0.161225
0.242591
0.328185
0.417261
0.508955
0.601994
0.690486
0.761366
0.812324
0.850168
0.877782
0.89525
0.903655
0.906364
0.906838
0.906856
-0.0473615
-0.0372569
0.00098317
0.0633824
0.140193
0.224391
0.313221
0.405957
0.501723
0.599192
0.692087
0.766501
0.819827
0.859219
0.887768
0.905713
0.914276
0.917079
0.917561
0.917549
-0.0728395
-0.0625743
-0.0234067
0.0407172
0.119705
0.206442
0.2982
0.394289
0.493847
0.595551
0.692813
0.770797
0.82652
0.867425
0.896781
0.915046
0.923667
0.926459
0.926935
0.926907
-0.0976229
-0.0871203
-0.0470645
0.0186449
0.0995895
0.188598
0.283004
0.382163
0.485246
0.591
0.692602
0.774247
0.832472
0.87491
0.904991
0.923441
0.932035
0.934778
0.935213
0.935148
-0.121801
-0.111038
-0.0701267
-0.00296074
0.0797416
0.170792
0.26758
0.369535
0.475885
0.585483
0.691385
0.776848
0.83776
0.88182
0.912609
0.931137
0.939581
0.942207
0.942586
0.942499
-0.145469
-0.134438
-0.0926941
-0.0241505
0.0601248
0.152993
0.251921
0.356403
0.465755
0.578981
0.689114
0.778576
0.842442
0.888296
0.919786
0.93825
0.946432
0.948864
0.949148
0.949025
-0.168646
-0.15734
-0.114769
-0.0449455
0.0407417
0.13522
0.236057
0.342805
0.454881
0.571482
0.685744
0.779376
0.846535
0.894473
0.926703
0.944918
0.952631
0.954766
0.95493
0.954778
-0.191391
-0.179739
-0.136321
-0.0653285
0.021608
0.11751
0.220035
0.328801
0.443318
0.563008
0.681238
0.779167
0.85
0.900466
0.933596
0.951366
0.958321
0.959983
0.960001
0.959829
-0.213471
-0.201584
-0.157331
-0.085277
0.00277393
0.0999357
0.203924
0.314462
0.431139
0.553614
0.675571
0.777861
0.852742
0.90631
0.940743
0.958011
0.963801
0.964645
0.964417
0.964242
-0.235042
-0.222815
-0.177767
-0.104761
-0.0157234
0.0825423
0.18782
0.299872
0.418431
0.543379
0.668742
0.775358
0.854613
0.911896
0.948347
0.96548
0.969751
0.969097
0.96826
0.968102
-0.255917
-0.243392
-0.197604
-0.123726
-0.0338004
0.0654178
0.171808
0.285153
0.405302
0.532371
0.660779
0.771556
0.855428
0.916942
0.956319
0.974415
0.977539
0.974628
0.97208
0.971518
-0.276193
-0.263335
-0.216783
-0.142113
-0.0514163
0.0486333
0.155978
0.270391
0.391862
0.520725
0.651745
0.766348
0.854983
0.921032
0.964072
0.984807
0.988686
0.984279
0.97807
0.968981
-0.295752
-0.282637
-0.235395
-0.160085
-0.0687939
0.0319022
0.139988
0.255174
0.377655
0.507933
0.641115
0.759149
0.852844
0.923835
0.970881
0.995816
1.00326
0.998909
0.988222
0.986467
-0.31455
-0.301373
-0.253431
-0.177581
-0.0859129
0.0152591
0.123872
0.239485
0.36265
0.493872
0.628714
0.749477
0.848285
0.924547
0.974751
1.00301
1.01306
1.01212
0.978392
0.93961
-0.332345
-0.319405
-0.270821
-0.194478
-0.102757
-0.0013053
0.107637
0.223459
0.346917
0.478583
0.614475
0.737001
0.840206
0.922358
0.973741
0.997405
1.00741
0.989333
0.93749
0.882418
-0.35186
-0.33548
-0.287227
-0.210278
-0.119073
-0.0175441
0.0909363
0.207143
0.330552
0.462175
0.598336
0.721499
0.826801
0.91761
0.966321
0.990863
0.969219
0.924504
0.860348
0.800985
-0.341698
-0.317742
-0.265803
-0.184385
-0.0869083
0.0178435
0.131723
0.251174
0.378032
0.514101
0.645094
0.756673
0.855525
0.94522
0.97188
0.907574
0.861685
0.801691
0.73634
0.694672
-0.355978
-0.348276
-0.307708
-0.235583
-0.144384
-0.0435733
0.0651825
0.181061
0.303908
0.434581
0.569453
0.69158
0.793236
0.884333
0.94674
0.930775
0.827076
0.752131
0.695622
0.623095
-0.37782
-0.367147
-0.323169
-0.249744
-0.157986
-0.0576065
0.050058
0.164957
0.286882
0.41622
0.549387
0.670012
0.767822
0.846262
0.871038
0.790108
0.667387
0.587567
0.524734
0.450688
-0.401655
-0.389768
-0.342644
-0.268259
-0.176561
-0.076006
0.0317128
0.146379
0.267434
0.395323
0.525667
0.642078
0.730979
0.790377
0.768936
0.642862
0.510759
0.416313
0.340245
0.233045
-0.425352
-0.413395
-0.364447
-0.288852
-0.197072
-0.0964543
0.0111569
0.12527
0.245223
0.371218
0.498087
0.608924
0.688658
0.723159
0.662169
0.494233
0.338449
0.215592
0.114313
-0.024115
-0.448978
-0.437034
-0.386928
-0.310238
-0.218069
-0.117455
-0.0102196
0.103052
0.221633
0.345324
0.468178
0.572543
0.643544
0.642036
0.529108
0.345908
0.161701
-0.00133795
-0.140144
-0.386294
-0.472955
-0.461133
-0.41031
-0.332866
-0.240327
-0.13967
-0.0328277
0.0795697
0.196634
0.317728
0.436132
0.532723
0.59119
0.557796
0.399104
0.205494
0.00549224
-0.170293
-0.337387
-0.597756
-0.497879
-0.486171
-0.434965
-0.357008
-0.264183
-0.163487
-0.0570017
0.0545365
0.170003
0.288262
0.40194
0.490193
0.531729
0.47494
0.279648
0.0806348
-0.11662
-0.284661
-0.36953
-0.418418
-0.524448
-0.512793
-0.46127
-0.382993
-0.290078
-0.189515
-0.0835502
0.0268867
0.140401
0.255266
0.363545
0.442564
0.463911
0.36404
0.167837
-0.0283956
-0.202851
-0.313603
-0.348862
-0.354855
-0.552855
-0.541191
-0.489338
-0.410836
-0.317963
-0.21772
-0.112503
-0.00344496
0.10772
0.218612
0.320624
0.389947
0.38164
0.252569
0.0633828
-0.119074
-0.265058
-0.316761
-0.326192
-0.328624
-0.583252
-0.571486
-0.519234
-0.440549
-0.34784
-0.24811
-0.143875
-0.0365155
0.0719152
0.178317
0.273144
0.332065
0.299609
0.147245
-0.0295609
-0.199199
-0.292831
-0.314988
-0.315359
-0.31559
-0.615518
-0.603621
-0.550925
-0.472106
-0.379677
-0.280649
-0.177664
-0.0723251
0.0329998
0.134388
0.221509
0.267228
0.225378
0.0515037
-0.11132
-0.255116
-0.305193
-0.307067
-0.307655
-0.30757
-0.649283
-0.637284
-0.584188
-0.505345
-0.413344
-0.315233
-0.213783
-0.110809
-0.00897059
0.0870409
0.165908
0.199629
0.141812
-0.0318287
-0.182826
-0.282394
-0.304048
-0.303139
-0.302254
-0.30182
-0.684085
-0.672021
-0.618637
-0.539916
-0.448538
-0.351609
-0.251999
-0.151763
-0.0538077
0.0367389
0.106655
0.129027
0.0490758
-0.105521
-0.237068
-0.285147
-0.297186
-0.298416
-0.29892
-0.298612
-0.719154
-0.707124
-0.653621
-0.575244
-0.484767
-0.389345
-0.291943
-0.194822
-0.101168
-0.0161097
0.0454681
0.0516451
-0.0351039
-0.167142
-0.266029
-0.30164
-0.297514
-0.297347
-0.296926
-0.296612
-0.753401
-0.741492
-0.688171
-0.61048
-0.521304
-0.427803
-0.33303
-0.239401
-0.150422
-0.0711204
-0.0152729
-0.022037
-0.111464
-0.223664
-0.288728
-0.300298
-0.298937
-0.295087
-0.293229
-0.29275
-0.784822
-0.77337
-0.720932
-0.644481
-0.557149
-0.466098
-0.374468
-0.284726
-0.200684
-0.127283
-0.0761681
-0.0871628
-0.178823
-0.274652
-0.322665
-0.320408
-0.306103
-0.29352
-0.288311
-0.287277
-0.811923
-0.801198
-0.750243
-0.675734
-0.591004
-0.503078
-0.415202
-0.329831
-0.250894
-0.183057
-0.138224
-0.14409
-0.228209
-0.311915
-0.347586
-0.341124
-0.319406
-0.304827
-0.298078
-0.295233
-0.832017
-0.822257
-0.773899
-0.702387
-0.621293
-0.537365
-0.453929
-0.373554
-0.299876
-0.237316
-0.196401
-0.197093
-0.253333
-0.327531
-0.350271
-0.345924
-0.355364
-0.355923
-0.347693
-0.341193
-0.842834
-0.834038
-0.789461
-0.722424
-0.646238
-0.567414
-0.489212
-0.414485
-0.346257
-0.289387
-0.246237
-0.245896
-0.259686
-0.29888
-0.342329
-0.345475
-0.371514
-0.378252
-0.374299
-0.37075
-0.840507
-0.83304
-0.794926
-0.733819
-0.664
-0.591655
-0.51969
-0.450962
-0.388761
-0.337983
-0.291025
-0.280243
-0.269354
-0.192209
-0.224089
-0.285889
-0.324961
-0.345055
-0.355276
-0.359808
-0.822828
-0.817723
-0.787903
-0.734914
-0.673138
-0.608687
-0.544171
-0.48163
-0.426165
-0.380415
-0.339688
-0.318226
-0.311695
-0.218817
-0.226018
-0.317569
-0.366791
-0.391154
-0.402874
-0.40679
-0.790474
-0.786883
-0.766674
-0.724869
-0.67309
-0.617764
-0.561594
-0.506154
-0.456183
-0.417439
-0.39455
-0.394453
-0.47725
-0.500073
-0.50211
-0.518402
-0.536739
-0.535386
-0.530969
-0.528955
-0.748569
-0.746338
-0.734996
-0.705905
-0.664948
-0.619404
-0.571454
-0.523881
-0.478415
-0.446036
-0.426307
-0.479215
-0.62759
-0.895776
-0.909453
-0.742578
-0.668223
-0.637425
-0.611332
-0.601741
-0.706116
-0.704833
-0.699519
-0.682603
-0.652513
-0.615046
-0.574952
-0.532941
-0.493373
-0.460451
-0.447925
-0.48348
-0.578278
-0.665846
-0.711945
-0.693755
-0.700058
-0.631629
-0.553239
-0.531908
-0.672523
-0.67184
-0.66932
-0.659759
-0.638735
-0.60867
-0.573483
-0.535396
-0.495989
-0.461274
-0.449382
-0.427285
-0.412134
-0.415003
-0.508118
-0.564128
-0.625575
-0.617049
-0.547878
-0.503095
-0.649028
-0.648334
-0.646996
-0.643058
-0.6285
-0.603271
-0.570148
-0.532184
-0.490913
-0.452658
-0.422435
-0.422304
-0.331092
-0.211156
-0.0782368
-0.0365256
-0.0464692
-0.060923
-0.0734919
-0.0638703
-0.632896
-0.632618
-0.632018
-0.630216
-0.621917
-0.60022
-0.567075
-0.526089
-0.481236
-0.429041
-0.384929
-0.364306
-0.224708
-0.0556967
0.0952987
0.198772
0.227939
0.190529
0.171232
0.167095
-0.62348
-0.623371
-0.622949
-0.622445
-0.618712
-0.599742
-0.564328
-0.518439
-0.463272
-0.402972
-0.332426
-0.235477
-0.128303
0.021011
0.122143
0.138165
0.163356
0.221549
0.323558
0.391925
-0.617773
-0.617805
-0.617862
-0.61826
-0.617352
-0.601257
-0.562645
-0.510101
-0.447565
-0.369718
-0.273531
-0.165797
0.0390502
0.215134
0.387636
0.526085
0.642318
0.81032
0.969155
1.05786
-0.611032
-0.611637
-0.61316
-0.615635
-0.615724
-0.600354
-0.560872
-0.50713
-0.437014
-0.342266
-0.233858
-0.121751
0.0663294
0.346297
0.636037
0.964327
1.26195
1.4894
1.63645
1.6968
-0.603009
-0.603821
-0.603248
-0.599575
-0.595328
-0.586383
-0.561131
-0.51335
-0.434831
-0.332153
-0.211188
-0.0889679
0.076298
0.332988
0.681074
1.05356
1.36633
1.59832
1.71935
1.76199
-0.621966
-0.62139
-0.613237
-0.591833
-0.570125
-0.573414
-0.576682
-0.531576
-0.440522
-0.330823
-0.203188
-0.0771224
0.0426465
0.277612
0.591081
0.910581
1.17623
1.35606
1.44167
1.46953
-0.685963
-0.682489
-0.677157
-0.667569
-0.662678
-0.661284
-0.647768
-0.568973
-0.449785
-0.329621
-0.205022
-0.0880665
0.0182951
0.158347
0.420698
0.675849
0.880242
1.01087
1.06907
1.08674
-0.801104
-0.800853
-0.821521
-0.855385
-0.867374
-0.847757
-0.772178
-0.618524
-0.460976
-0.327285
-0.209167
-0.102012
-0.0201333
0.0813725
0.265947
0.442418
0.58604
0.675728
0.714754
0.722193
-0.894152
-0.901477
-0.934105
-0.969616
-0.982209
-0.954401
-0.835198
-0.630439
-0.459191
-0.322556
-0.209348
-0.122149
-0.0591821
0.0065646
0.141071
0.256337
0.342063
0.390685
0.407922
0.414232
-0.838531
-0.84944
-0.878067
-0.910362
-0.924069
-0.88829
-0.749228
-0.566055
-0.421436
-0.293712
-0.204261
-0.134407
-0.0845931
-0.0454045
0.0269883
0.0981615
0.144737
0.164261
0.173374
0.176279
-0.586237
-0.597777
-0.624964
-0.660145
-0.681283
-0.651015
-0.548907
-0.437786
-0.32913
-0.242933
-0.183777
-0.134734
-0.113344
-0.0789921
-0.0227405
0.0112484
0.0226706
0.0239714
0.0262119
0.02899
-0.237672
-0.244926
-0.262791
-0.290404
-0.315533
-0.318173
-0.297157
-0.261877
-0.219108
-0.179385
-0.146561
-0.133253
-0.124828
-0.11638
-0.0665975
-0.0371014
-0.0253594
-0.0230389
-0.0208162
-0.0189041
0.0381307
0.0348789
0.0255087
0.00430573
-0.0281742
-0.0645862
-0.0930012
-0.111606
-0.11981
-0.113083
-0.108275
-0.11724
-0.135403
-0.119884
-0.0840669
-0.0505326
-0.0346066
-0.0222459
-0.0168214
-0.0156073
0.17237
0.170728
0.165128
0.148096
0.115284
0.0697399
0.022527
-0.0155129
-0.0422199
-0.0569141
-0.0655332
-0.0826207
-0.104634
-0.0858462
-0.0438978
-0.0178911
-0.00612454
-0.00120363
-3.04505e-05
-0.000221672
0.206897
0.205885
0.201957
0.189191
0.163202
0.125729
0.0833741
0.0436716
0.0115351
-0.00896366
-0.0204267
-0.0293819
-0.0336842
-0.0200372
-0.00121567
0.00853669
0.0153862
0.0197023
0.0211822
0.0211101
0.197816
0.197245
0.194654
0.186112
0.168219
0.141202
0.109054
0.0765488
0.0484453
0.0306224
0.0247421
0.0293787
0.0427513
0.0548864
0.0624356
0.0570731
0.0520876
0.0500818
0.0491545
0.0485487
0.174539
0.174298
0.172731
0.167371
0.155762
0.137632
0.114853
0.0909099
0.0699394
0.0578493
0.0608237
0.0787606
0.107864
0.116224
0.109847
0.0989181
0.0908005
0.086641
0.0853206
0.084162
0.148243
0.148241
0.147369
0.144175
0.13697
0.125352
0.110145
0.0938617
0.0798294
0.07349
0.0841645
0.112507
0.149348
0.160037
0.142371
0.1253
0.118582
0.116835
0.116238
0.115008
0.122613
0.122649
0.122264
0.120453
0.11615
0.108917
0.0992044
0.0885713
0.0798511
0.0775182
0.0917697
0.123967
0.162088
0.171005
0.150707
0.136915
0.132042
0.130779
0.130054
0.128442
0.0987409
0.0988618
0.0986412
0.0976457
0.0951243
0.090696
0.0845524
0.0775831
0.0717995
0.070662
0.0823709
0.109305
0.140054
0.144229
0.126354
0.118019
0.117723
0.119536
0.119413
0.118063
0.076665
0.0767893
0.0767063
0.0761954
0.0747801
0.0721285
0.0681967
0.0633391
0.0585985
0.0555341
0.0584974
0.0680722
0.0810511
0.080958
0.0709624
0.0742028
0.0817961
0.0874911
0.0884851
0.0872532
0.0565672
0.056672
0.0566397
0.0563883
0.0556528
0.0540908
0.0514906
0.0477175
0.0429768
0.0361585
0.0262033
0.00906327
-0.0126139
-0.0217132
-0.00987315
0.0121666
0.0284586
0.0366075
0.0381459
0.0376673
0.038549
0.0386279
0.0386098
0.0385328
0.0382019
0.0373742
0.0356686
0.0328249
0.0275795
0.0180564
-0.00305603
-0.0474559
-0.100142
-0.113835
-0.0827451
-0.046083
-0.0257905
-0.0190369
-0.017328
-0.0164585
0.0226565
0.0227004
0.0226755
0.022683
0.0226434
0.0222916
0.0212848
0.0191231
0.0151923
0.00584806
-0.0173457
-0.0686479
-0.128845
-0.131646
-0.0938165
-0.064055
-0.0525689
-0.0498459
-0.049172
-0.0474329
0.00279725
0.00277695
0.00278059
0.00288267
0.00308672
0.00313715
0.00295404
0.0025184
0.00155338
-0.00152144
-0.00907339
-0.0254712
-0.0276724
-0.0230761
-0.0209768
-0.0222406
-0.0210157
-0.0176826
-0.0153958
-0.0365961
-0.568365
-0.13344
0.202476
0.422354
0.585021
0.710575
0.809009
0.891342
0.978688
1.03115
0.140007
0.306158
0.451274
0.58234
0.69292
0.783781
0.858008
0.9165
0.948465
0.955699
0.42325
0.515325
0.615341
0.705802
0.78341
0.848677
0.901323
0.9404
0.967146
0.987044
0.604145
0.67076
0.740165
0.804933
0.861216
0.908973
0.948252
0.979969
1.00523
1.02496
0.743352
0.792654
0.84252
0.890264
0.933112
0.970476
1.00269
1.03038
1.05303
1.07047
0.854687
0.892988
0.931881
0.969538
1.00456
1.03617
1.06423
1.08858
1.10814
1.12426
0.950103
0.981782
1.01547
1.04841
1.07951
1.1081
1.1337
1.15575
1.17307
1.18767
1.03816
1.06806
1.10018
1.13182
1.16178
1.18928
1.21369
1.23427
1.24981
1.26314
1.12672
1.15888
1.19293
1.22562
1.25609
1.28352
1.30728
1.32674
1.34094
1.35337
1.2274
1.26365
1.30131
1.33588
1.36696
1.39397
1.41662
1.43476
1.44811
1.46062
1.3526
1.39161
1.4313
1.46558
1.49507
1.52008
1.54096
1.55802
1.57144
1.58488
1.51161
1.54732
1.58256
1.61115
1.63534
1.65671
1.67593
1.69321
1.70815
1.7226
1.69965
1.72202
1.74571
1.76556
1.78386
1.80125
1.81779
1.83419
1.8504
1.86599
1.89219
1.90035
1.91418
1.92905
1.9435
1.95646
1.96811
1.97935
1.99108
2.00717
2.08775
2.08768
2.09771
2.10119
2.10217
2.10657
2.11708
2.132
2.14634
2.16075
2.3849
2.32938
2.27487
2.23523
2.21298
2.20887
2.22239
2.25619
2.31405
2.3944
0.938904
0.886411
0.843527
0.810515
0.786769
0.769649
0.757208
0.748206
0.741986
0.7384
0.737983
0.740918
0.746463
0.754495
0.765447
0.780278
0.800601
0.828777
0.866811
0.916163
0.750002
0.758949
0.765705
0.765947
0.761241
0.754458
0.747719
0.742101
0.738158
0.736441
0.737635
0.741309
0.746711
0.753383
0.760626
0.766923
0.769675
0.766224
0.757138
0.750819
0.722682
0.724885
0.729743
0.733882
0.737421
0.739451
0.73927
0.737475
0.735244
0.733664
0.733673
0.735495
0.738236
0.740917
0.742407
0.741745
0.739001
0.735279
0.730881
0.726221
0.717496
0.718453
0.720949
0.723401
0.72528
0.726923
0.728296
0.728995
0.728998
0.728838
0.729209
0.730218
0.73119
0.731477
0.730842
0.729613
0.728121
0.726142
0.723656
0.72155
0.712185
0.712664
0.71411
0.716186
0.718098
0.719559
0.720701
0.721712
0.722559
0.723244
0.723901
0.724455
0.724648
0.72442
0.723876
0.722988
0.721571
0.719709
0.718011
0.716952
0.707138
0.707436
0.708357
0.709842
0.711518
0.713131
0.714507
0.715652
0.716682
0.717654
0.718495
0.719012
0.719142
0.718919
0.718301
0.71726
0.715932
0.714572
0.713488
0.712846
0.702231
0.702443
0.70313
0.704295
0.705677
0.707142
0.708625
0.710006
0.711248
0.712395
0.713402
0.714046
0.714224
0.713949
0.713276
0.712361
0.711366
0.710372
0.709596
0.709142
0.697435
0.697597
0.698141
0.699118
0.700332
0.701666
0.703094
0.704574
0.706033
0.707422
0.708645
0.709432
0.709673
0.709461
0.708947
0.708271
0.707524
0.706777
0.706206
0.705865
0.692691
0.692818
0.693263
0.694106
0.695224
0.696491
0.697878
0.699392
0.701002
0.702639
0.704126
0.705117
0.705527
0.705515
0.705232
0.704781
0.704234
0.703691
0.703278
0.703013
0.687915
0.688018
0.688394
0.689146
0.6902
0.691432
0.692827
0.6944
0.696147
0.698022
0.699818
0.701116
0.701804
0.702055
0.702012
0.701782
0.701441
0.701077
0.700789
0.700579
0.683019
0.683103
0.68343
0.684122
0.685144
0.686377
0.687818
0.689493
0.691416
0.693566
0.695735
0.697427
0.698468
0.699025
0.699248
0.699249
0.699114
0.698919
0.698735
0.698566
0.677915
0.677985
0.678277
0.678937
0.679958
0.681238
0.682766
0.68459
0.686749
0.689244
0.691871
0.694045
0.695503
0.696414
0.696938
0.697188
0.697265
0.69723
0.697136
0.696999
0.672512
0.67257
0.672841
0.673494
0.67455
0.675917
0.677582
0.679614
0.682086
0.685024
0.688217
0.690966
0.692912
0.69423
0.695092
0.695622
0.695922
0.696047
0.696032
0.695919
0.66671
0.666758
0.667018
0.667686
0.668814
0.670314
0.672175
0.674491
0.677364
0.680854
0.684741
0.688182
0.690708
0.692501
0.693748
0.694602
0.695143
0.695427
0.695485
0.695391
0.660393
0.660433
0.66069
0.661396
0.662632
0.664318
0.666444
0.669134
0.67252
0.676699
0.681432
0.685706
0.688919
0.691267
0.69296
0.694167
0.69498
0.69544
0.695569
0.695491
0.65342
0.65345
0.653714
0.654481
0.655867
0.657797
0.66027
0.663431
0.667457
0.672482
0.678247
0.683527
0.68756
0.690568
0.692788
0.694406
0.695531
0.696176
0.696376
0.69631
0.645622
0.64564
0.645914
0.646765
0.648349
0.650598
0.65351
0.657269
0.662092
0.668159
0.675175
0.681662
0.686675
0.690459
0.6933
0.695407
0.696889
0.697738
0.698009
0.697952
0.636756
0.636779
0.637078
0.638029
0.63987
0.642524
0.645995
0.650505
0.656325
0.663678
0.672211
0.680143
0.686314
0.691013
0.694585
0.697271
0.699163
0.700236
0.700579
0.700528
0.626521
0.626533
0.626876
0.627976
0.630155
0.633334
0.637518
0.642986
0.65006
0.659003
0.669376
0.679019
0.686547
0.692318
0.696747
0.700098
0.702464
0.703784
0.7042
0.704152
0.614555
0.614559
0.61494
0.616238
0.618854
0.622712
0.627815
0.634499
0.643151
0.654061
0.666661
0.678323
0.687433
0.694453
0.699887
0.704007
0.706915
0.708494
0.70898
0.70893
0.600309
0.600307
0.600753
0.602316
0.605502
0.61025
0.616557
0.624817
0.635463
0.648797
0.66407
0.678114
0.689055
0.697508
0.704097
0.709098
0.712602
0.714452
0.715
0.714943
0.583016
0.583007
0.583546
0.585489
0.589468
0.595427
0.603346
0.613686
0.6269
0.643244
0.661707
0.678492
0.691506
0.701574
0.709461
0.715444
0.719595
0.72171
0.722305
0.722234
0.561529
0.561512
0.562211
0.564744
0.569879
0.577565
0.587729
0.600876
0.617418
0.637481
0.659688
0.679578
0.694886
0.706738
0.716034
0.723097
0.727912
0.730255
0.730871
0.730777
0.534097
0.534074
0.535056
0.538568
0.545527
0.555803
0.56921
0.58621
0.607048
0.631635
0.65816
0.681476
0.699275
0.713045
0.723844
0.732053
0.737479
0.739982
0.740578
0.740453
0.497665
0.497651
0.499254
0.504659
0.51486
0.529262
0.54749
0.56977
0.596047
0.625976
0.657348
0.684371
0.704776
0.720539
0.732904
0.742218
0.748132
0.750671
0.751195
0.751032
0.446485
0.446677
0.450313
0.460095
0.476366
0.49756
0.522815
0.552049
0.584953
0.621009
0.657619
0.688469
0.711505
0.729234
0.743103
0.75341
0.759586
0.76199
0.76239
0.762187
0.373282
0.375556
0.386264
0.405298
0.431524
0.462265
0.49646
0.533869
0.574191
0.61693
0.659213
0.694234
0.720164
0.740078
0.755568
0.766721
0.773003
0.775211
0.775495
0.775288
0.295908
0.301292
0.320371
0.349451
0.38631
0.426916
0.470114
0.515817
0.563879
0.613891
0.662722
0.702844
0.732436
0.755071
0.77251
0.784579
0.790749
0.792603
0.792789
0.792659
0.228265
0.234598
0.259844
0.297615
0.343704
0.393384
0.445253
0.499113
0.554783
0.611852
0.666939
0.711858
0.744835
0.769972
0.789029
0.801627
0.80753
0.809141
0.809307
0.809236
0.172919
0.1798
0.2091
0.252982
0.305971
0.363047
0.422398
0.483621
0.546382
0.610151
0.671213
0.720675
0.756791
0.784144
0.804646
0.817858
0.82386
0.825507
0.825692
0.825656
0.126989
0.134199
0.166169
0.214736
0.273187
0.336272
0.401915
0.46958
0.538761
0.608747
0.675413
0.729198
0.768288
0.797756
0.819692
0.833727
0.840181
0.841882
0.842087
0.842081
0.0878925
0.0952858
0.129089
0.181316
0.244328
0.312523
0.383578
0.456872
0.531796
0.607497
0.67945
0.737346
0.779333
0.810878
0.834246
0.849217
0.856177
0.858019
0.858276
0.858292
0.0536218
0.0611258
0.096301
0.151505
0.21836
0.29096
0.366776
0.445116
0.52529
0.606316
0.683265
0.745051
0.789789
0.823303
0.848069
0.863897
0.871342
0.873441
0.87377
0.873792
0.022689
0.0302972
0.0666068
0.124312
0.194477
0.270917
0.350973
0.433907
0.518937
0.604951
0.686638
0.752152
0.799459
0.834827
0.86082
0.877472
0.885345
0.887727
0.88812
0.888137
-0.00586498
0.0018417
0.0391231
0.0989911
0.172066
0.251887
0.335731
0.422849
0.512394
0.603142
0.689399
0.758508
0.808269
0.845314
0.872437
0.889737
0.898009
0.900608
0.901052
0.901057
-0.0328144
-0.0249922
0.013219
0.0750045
0.150662
0.233481
0.320726
0.411669
0.505435
0.60071
0.691411
0.764057
0.816199
0.85483
0.882941
0.900744
0.909281
0.912012
0.912479
0.912465
-0.0586037
-0.0506478
-0.01157
0.0519734
0.129925
0.215425
0.305749
0.400198
0.497891
0.597499
0.692579
0.768769
0.823287
0.86344
0.89242
0.9106
0.919242
0.922033
0.922492
0.922449
-0.0835719
-0.0754401
-0.0355322
0.0296255
0.109635
0.197537
0.290649
0.388306
0.489656
0.593408
0.692845
0.772644
0.829599
0.871268
0.900997
0.919401
0.92807
0.930852
0.931303
0.931236
-0.107868
-0.0995664
-0.0588456
0.00779716
0.089659
0.179716
0.275338
0.375929
0.480677
0.588378
0.692135
0.775669
0.835209
0.878444
0.908888
0.927411
0.935993
0.938693
0.939102
0.939024
-0.13163
-0.123149
-0.0816127
-0.0135986
0.0699276
0.161909
0.259793
0.363045
0.470932
0.582368
0.690397
0.777836
0.840188
0.885119
0.916264
0.93479
0.943153
0.945718
0.946053
0.945934
-0.154935
-0.146246
-0.103893
-0.0345938
0.0504226
0.144118
0.244027
0.349676
0.460418
0.575361
0.687578
0.779106
0.844576
0.891428
0.923281
0.941657
0.949649
0.951967
0.952195
0.952043
-0.177775
-0.168864
-0.125688
-0.0551857
0.0311539
0.126371
0.22807
0.335861
0.449188
0.567375
0.683643
0.779412
0.848361
0.897503
0.930153
0.948173
0.955563
0.957501
0.9576
0.957423
-0.200081
-0.190957
-0.146954
-0.0753574
0.0121598
0.108712
0.211997
0.321673
0.437308
0.558432
0.678558
0.778668
0.85148
0.903423
0.937138
0.954651
0.96109
0.962412
0.962327
0.962138
-0.2218
-0.212467
-0.167665
-0.095084
-0.00651141
0.0912154
0.195878
0.307198
0.424852
0.548605
0.672305
0.776774
0.853809
0.909162
0.9445
0.961618
0.966677
0.966887
0.966433
0.966253
-0.242934
-0.233368
-0.187796
-0.114315
-0.024812
0.073957
0.179804
0.292532
0.411916
0.537966
0.664908
0.773633
0.855177
0.914524
0.952326
0.969758
0.973332
0.971605
0.97011
0.969879
-0.263378
-0.253593
-0.207311
-0.133003
-0.0426705
0.0569921
0.163864
0.277771
0.398612
0.526621
0.65639
0.769141
0.85539
0.91915
0.960296
0.979497
0.982681
0.978749
0.974649
0.972327
-0.283179
-0.273176
-0.226181
-0.151146
-0.0601161
0.0403019
0.148038
0.262883
0.384908
0.514533
0.646685
0.763063
0.854196
0.922654
0.967699
0.990389
0.995756
0.991465
0.983336
0.971489
-0.30231
-0.292171
-0.244518
-0.168923
-0.0773977
0.0235742
0.131941
0.247394
0.370252
0.50106
0.635142
0.75465
0.850947
0.924531
0.973334
1.00022
1.00956
1.00474
0.994761
0.966556
-0.320839
-0.310616
-0.262247
-0.186143
-0.0943509
0.0069938
0.115792
0.231533
0.354891
0.486399
0.621843
0.743618
0.84482
0.923892
0.974948
1.00218
1.01209
1.00759
0.961098
0.910684
-0.340407
-0.327598
-0.279231
-0.202688
-0.111127
-0.00957064
0.0993524
0.215318
0.338795
0.470488
0.606618
0.729609
0.834322
0.920197
0.970367
0.986991
0.993029
0.963002
0.903895
0.846617
-0.364204
-0.360066
-0.300386
-0.216373
-0.125116
-0.0237637
0.0829167
0.199376
0.32265
0.4541
0.590046
0.71308
0.818203
0.915847
0.941173
0.956112
0.931679
0.876378
0.810076
0.748438
-0.342625
-0.334743
-0.275594
-0.191793
-0.0946848
0.00996337
0.121614
0.240872
0.367401
0.502927
0.633401
0.744104
0.840178
0.93059
0.938117
0.853411
0.782712
0.725021
0.660981
0.536722
-0.377968
-0.350061
-0.289309
-0.204659
-0.10792
-0.00352447
0.107624
0.226241
0.351903
0.485977
0.614358
0.722446
0.808106
0.872992
0.842867
0.722106
0.623064
0.556648
0.485989
0.349741
-0.404222
-0.370643
-0.308411
-0.224108
-0.127532
-0.0232694
0.0879788
0.205851
0.330249
0.462129
0.587222
0.690426
0.766507
0.793978
0.717396
0.573228
0.458515
0.379501
0.288994
0.104788
-0.428446
-0.393323
-0.329362
-0.244541
-0.147944
-0.0437177
0.0672027
0.18419
0.307076
0.436319
0.557044
0.653048
0.715376
0.706557
0.577697
0.41405
0.272603
0.16454
0.0553718
-0.221821
-0.45226
-0.416351
-0.351176
-0.265631
-0.168878
-0.064806
0.0454982
0.161436
0.282573
0.408772
0.524242
0.612119
0.655826
0.613456
0.437985
0.252888
0.0756714
-0.0677865
-0.24685
-0.604752
-0.476103
-0.440073
-0.374115
-0.288017
-0.19105
-0.0871635
0.0225219
0.137308
0.256461
0.379243
0.488761
0.568624
0.590375
0.493687
0.30556
0.103137
-0.0859785
-0.251416
-0.441776
-0.782468
-0.501111
-0.464927
-0.39849
-0.311987
-0.214847
-0.111118
-0.00202009
0.111583
0.228587
0.347658
0.450953
0.520165
0.51461
0.375984
0.185354
-0.0209736
-0.207196
-0.338736
-0.394141
-0.433188
-0.527683
-0.491368
-0.424615
-0.337898
-0.240759
-0.137352
-0.0290218
0.0831047
0.197518
0.312164
0.408803
0.463436
0.434306
0.262281
0.0717447
-0.118474
-0.272105
-0.333719
-0.352409
-0.355678
-0.55612
-0.519577
-0.452547
-0.365734
-0.268765
-0.165868
-0.0585782
0.0517405
0.163118
0.272606
0.361926
0.399052
0.349162
0.15599
-0.030093
-0.199333
-0.305583
-0.323125
-0.328105
-0.328319
-0.586571
-0.549643
-0.482322
-0.395483
-0.298837
-0.19668
-0.0907018
0.0174734
0.125341
0.229039
0.309706
0.333051
0.243967
0.0598154
-0.118763
-0.260125
-0.308218
-0.315304
-0.315618
-0.315329
-0.618914
-0.581517
-0.513901
-0.427139
-0.330965
-0.229768
-0.125388
-0.0197138
0.0842215
0.181556
0.252675
0.259325
0.142385
-0.0280672
-0.191701
-0.293676
-0.307329
-0.307418
-0.307696
-0.307392
-0.652702
-0.614946
-0.547109
-0.460537
-0.365018
-0.265031
-0.162567
-0.059777
0.0398986
0.13033
0.192069
0.180847
0.0516243
-0.107225
-0.246286
-0.293981
-0.304075
-0.302586
-0.302022
-0.301625
-0.687564
-0.649503
-0.581568
-0.495358
-0.400727
-0.302236
-0.202026
-0.102517
-0.00738505
0.0760278
0.12692
0.103655
-0.0327917
-0.173684
-0.276882
-0.297905
-0.297655
-0.29888
-0.298792
-0.298438
-0.722556
-0.684536
-0.616657
-0.53107
-0.437627
-0.340977
-0.243392
-0.14757
-0.0573292
0.0196303
0.0581338
0.0311994
-0.107994
-0.222013
-0.290232
-0.298216
-0.297439
-0.297162
-0.296744
-0.296539
-0.756526
-0.718982
-0.651469
-0.566885
-0.475041
-0.380657
-0.286096
-0.194322
-0.109357
-0.0383101
-0.00714112
-0.0474807
-0.173041
-0.266496
-0.292413
-0.300702
-0.296875
-0.293879
-0.2929
-0.292688
-0.787956
-0.751322
-0.684767
-0.601742
-0.512028
-0.420428
-0.329373
-0.241962
-0.16246
-0.0974637
-0.0686094
-0.121965
-0.229262
-0.309967
-0.328075
-0.313534
-0.299059
-0.289991
-0.287627
-0.286945
-0.814825
-0.779893
-0.714939
-0.634234
-0.547371
-0.459193
-0.372222
-0.289482
-0.215463
-0.156385
-0.131209
-0.17975
-0.271145
-0.340711
-0.349256
-0.330552
-0.310553
-0.30079
-0.296371
-0.294291
-0.834707
-0.802221
-0.739983
-0.662654
-0.5796
-0.495624
-0.413398
-0.335725
-0.267379
-0.212272
-0.191108
-0.221324
-0.288628
-0.351198
-0.344424
-0.350294
-0.357889
-0.352074
-0.343825
-0.339895
-0.845153
-0.815707
-0.757694
-0.685117
-0.607057
-0.52827
-0.451421
-0.379429
-0.316829
-0.264025
-0.24026
-0.258633
-0.264768
-0.336016
-0.338926
-0.358768
-0.377502
-0.376753
-0.372033
-0.370594
-0.843165
-0.817844
-0.766101
-0.699651
-0.628051
-0.555682
-0.484821
-0.419148
-0.36178
-0.313963
-0.276585
-0.289331
-0.226328
-0.192454
-0.256029
-0.308992
-0.33671
-0.351021
-0.358107
-0.360611
-0.82491
-0.806375
-0.763295
-0.704726
-0.641195
-0.57648
-0.512575
-0.453018
-0.401483
-0.362484
-0.314311
-0.328014
-0.268379
-0.188722
-0.276802
-0.346528
-0.381071
-0.39825
-0.405588
-0.40719
-0.792223
-0.779623
-0.74778
-0.699752
-0.645765
-0.58975
-0.533839
-0.480078
-0.435625
-0.404217
-0.381665
-0.422187
-0.512987
-0.497582
-0.507416
-0.531925
-0.537137
-0.532931
-0.52964
-0.528862
-0.74998
-0.742369
-0.722588
-0.68634
-0.642543
-0.595721
-0.54758
-0.500505
-0.460233
-0.437299
-0.431331
-0.540237
-0.75664
-0.949307
-0.823168
-0.69048
-0.654575
-0.622023
-0.60483
-0.600486
-0.707147
-0.70309
-0.692792
-0.668855
-0.634408
-0.595538
-0.553997
-0.513014
-0.474704
-0.453497
-0.441514
-0.544339
-0.60689
-0.713422
-0.697103
-0.701241
-0.676299
-0.586501
-0.535665
-0.53428
-0.673141
-0.671028
-0.665842
-0.650586
-0.624695
-0.59135
-0.554868
-0.515293
-0.479105
-0.448602
-0.446087
-0.427371
-0.400847
-0.45318
-0.545782
-0.594568
-0.635518
-0.582341
-0.520523
-0.499124
-0.648755
-0.647761
-0.645773
-0.637257
-0.617046
-0.587458
-0.551732
-0.512664
-0.470124
-0.433755
-0.428887
-0.393023
-0.266038
-0.150086
-0.038483
-0.0477192
-0.0478247
-0.0713036
-0.0682637
-0.0661091
-0.632814
-0.632325
-0.631546
-0.627443
-0.612686
-0.584895
-0.547665
-0.503367
-0.455392
-0.408643
-0.362714
-0.317384
-0.136938
0.0214944
0.159086
0.224038
0.211324
0.177694
0.168339
0.166867
-0.623456
-0.623195
-0.622671
-0.621558
-0.611472
-0.583852
-0.542018
-0.491919
-0.436601
-0.364035
-0.29161
-0.18093
-0.0520399
0.0798577
0.13673
0.150448
0.181375
0.273407
0.364338
0.405824
-0.61778
-0.61783
-0.617962
-0.618541
-0.612187
-0.584099
-0.537659
-0.481439
-0.408597
-0.323185
-0.226975
-0.0679992
0.133513
0.305626
0.458856
0.582303
0.71915
0.896667
1.02368
1.07427
-0.611262
-0.612244
-0.614318
-0.616636
-0.611041
-0.582866
-0.536006
-0.473914
-0.393091
-0.289813
-0.175657
-0.0461582
0.205656
0.480052
0.798675
1.12204
1.38349
1.57547
1.67571
1.7063
-0.603478
-0.603836
-0.601786
-0.597257
-0.592502
-0.576043
-0.540662
-0.477434
-0.387517
-0.270227
-0.149625
-0.0276988
0.193902
0.491634
0.87165
1.21914
1.49464
1.67229
1.74796
1.76768
-0.622062
-0.618783
-0.603939
-0.579131
-0.567925
-0.578748
-0.561062
-0.490066
-0.387049
-0.267194
-0.139515
-0.0206556
0.142378
0.42701
0.754712
1.05216
1.2792
1.40878
1.4609
1.47286
-0.684581
-0.680172
-0.672726
-0.665078
-0.660897
-0.660392
-0.616494
-0.51117
-0.388958
-0.268837
-0.144212
-0.0329443
0.0771703
0.276916
0.555554
0.784176
0.956809
1.04683
1.08185
1.08657
-0.799248
-0.808742
-0.838561
-0.865257
-0.860982
-0.820542
-0.701187
-0.536771
-0.392583
-0.267002
-0.150907
-0.0611785
0.0239349
0.16645
0.358098
0.519177
0.639042
0.699872
0.720976
0.723011
-0.894996
-0.915142
-0.953423
-0.979819
-0.974376
-0.910335
-0.734869
-0.539323
-0.388742
-0.260571
-0.163336
-0.0860388
-0.0351769
0.0707674
0.202451
0.30277
0.372136
0.40176
0.412469
0.413699
-0.841596
-0.861923
-0.894883
-0.920998
-0.914672
-0.834145
-0.65364
-0.491584
-0.35437
-0.244659
-0.163616
-0.109537
-0.0672926
-0.0120532
0.0650952
0.124861
0.156273
0.170015
0.175335
0.176255
-0.590106
-0.609537
-0.642474
-0.674383
-0.674774
-0.605829
-0.492136
-0.383517
-0.281808
-0.209523
-0.160408
-0.121247
-0.101545
-0.0489133
-0.00312907
0.0193586
0.0241388
0.0245265
0.0277566
0.0294415
-0.240369
-0.252358
-0.275889
-0.304193
-0.32077
-0.30953
-0.281643
-0.240273
-0.198621
-0.161723
-0.139319
-0.125468
-0.128196
-0.0908087
-0.0483599
-0.0295005
-0.0243262
-0.021899
-0.0196163
-0.0187474
0.0367271
0.0313828
0.0165431
-0.0109282
-0.0462814
-0.0799854
-0.103347
-0.116809
-0.119041
-0.108164
-0.110631
-0.126731
-0.136613
-0.0992146
-0.0654402
-0.0420451
-0.0272859
-0.0191114
-0.0156779
-0.0158415
0.171588
0.168895
0.158382
0.133648
0.0936882
0.0454585
0.00250042
-0.0304746
-0.0511524
-0.0604069
-0.0735331
-0.0924864
-0.106156
-0.0653735
-0.0264151
-0.0119033
-0.00270497
-0.000315617
-2.94012e-05
-0.000565339
0.206443
0.20463
0.196994
0.177905
0.145533
0.104866
0.0627793
0.0265589
-0.000154544
-0.0154159
-0.0251053
-0.0333073
-0.0308675
-0.0114825
0.0044835
0.0126412
0.0177641
0.0206704
0.0213249
0.0208017
0.19759
0.196419
0.191356
0.178408
0.155678
0.125547
0.0925286
0.0618629
0.0380767
0.0259106
0.0252812
0.035042
0.0532943
0.061039
0.0594805
0.0540817
0.0510518
0.0494138
0.0488305
0.0482865
0.174466
0.17381
0.17068
0.162424
0.147436
0.126667
0.102809
0.079912
0.0622718
0.0571356
0.0682999
0.0934269
0.118543
0.116196
0.104268
0.0942807
0.0880557
0.0861726
0.0846806
0.0838141
0.148273
0.14798
0.146164
0.141137
0.131673
0.118116
0.10198
0.0863704
0.0752642
0.0766019
0.0966995
0.1315
0.161238
0.152667
0.132801
0.120905
0.117286
0.116329
0.115694
0.114586
0.122662
0.122558
0.121597
0.118665
0.112873
0.104347
0.0938631
0.0837999
0.0775339
0.0822193
0.105903
0.144075
0.172866
0.161205
0.142601
0.133808
0.131188
0.13057
0.129283
0.127941
0.0988169
0.0988025
0.0982878
0.0966083
0.0931452
0.0878227
0.0810691
0.0743841
0.070331
0.0747059
0.0941955
0.125393
0.147078
0.134375
0.120382
0.117399
0.11879
0.119881
0.118817
0.117591
0.0767386
0.0767814
0.0765317
0.0756262
0.0736127
0.0703206
0.0658291
0.0608721
0.0566714
0.056087
0.0625977
0.0748527
0.0827823
0.0739435
0.0712626
0.0780172
0.0851765
0.0882755
0.0879061
0.086757
0.0566304
0.0566726
0.0565495
0.0561075
0.054994
0.052918
0.0497659
0.0454527
0.0399025
0.0317529
0.018609
0.000540242
-0.0201745
-0.0183434
0.00128739
0.0214002
0.0338692
0.0378537
0.0379703
0.0372698
0.038599
0.0386255
0.0385837
0.0384127
0.0378695
0.036654
0.0344142
0.0305155
0.0237203
0.00950271
-0.0222335
-0.0772226
-0.11273
-0.101983
-0.0629846
-0.0336157
-0.0217072
-0.0178066
-0.0167472
-0.0165367
0.0226896
0.0226878
0.0226738
0.0226886
0.0225172
0.0218982
0.0203467
0.0175609
0.011614
-0.00338158
-0.0393032
-0.10161
-0.138299
-0.114393
-0.0763441
-0.0567973
-0.0504332
-0.0498926
-0.0481633
-0.047211
0.00894625
0.00897206
0.00895637
0.00901921
0.00907114
0.00902606
0.00866243
0.00766273
0.00572302
0.00112498
-0.0124701
-0.0438961
-0.0787245
-0.0704691
-0.0511452
-0.0391155
-0.0357286
-0.0381569
-0.0381404
-0.036268
-0.328661
0.0521372
0.321753
0.50737
0.651091
0.761766
0.852248
0.932529
1.01743
1.00836
0.227109
0.379567
0.51942
0.640304
0.740703
0.822734
0.889605
0.936832
0.952187
0.965262
0.467167
0.56568
0.662226
0.746189
0.817575
0.876636
0.92258
0.955072
0.977386
0.996351
0.636908
0.705454
0.773551
0.83417
0.886156
0.929648
0.96495
0.993447
1.01516
1.03471
0.767547
0.817608
0.866891
0.912385
0.952465
0.987189
1.01708
1.04249
1.06147
1.08019
0.873272
0.912515
0.950952
0.987452
1.02081
1.05064
1.0769
1.09907
1.11597
1.13386
0.965118
0.99864
1.03212
1.06425
1.09415
1.12131
1.14522
1.1651
1.17995
1.19734
1.05219
1.08413
1.11614
1.14707
1.17587
1.20191
1.22452
1.24274
1.25591
1.27276
1.14167
1.17607
1.20948
1.24119
1.27023
1.29589
1.31759
1.33453
1.34647
1.36287
1.24412
1.28289
1.31898
1.3519
1.381
1.40585
1.42626
1.442
1.45367
1.46984
1.37049
1.41214
1.44907
1.48089
1.50811
1.53101
1.54995
1.56513
1.5776
1.59371
1.52766
1.56586
1.59758
1.62366
1.64633
1.66657
1.68482
1.70099
1.71504
1.73093
1.70953
1.73441
1.75597
1.77482
1.79269
1.8096
1.82596
1.84243
1.85807
1.87406
1.89516
1.90695
1.92159
1.93642
1.95019
1.9624
1.97372
1.9851
1.99799
2.0187
2.08322
2.09324
2.1002
2.10158
2.10367
2.11108
2.12424
2.1396
2.15267
2.18095
2.35968
2.30061
2.25297
2.22185
2.20873
2.2133
2.23654
2.28187
2.35241
2.43102
0.814202
0.806699
0.797781
0.784959
0.771556
0.759959
0.750748
0.74387
0.739288
0.737314
0.73858
0.742663
0.748947
0.757368
0.768051
0.780896
0.7946
0.805804
0.81359
0.819915
0.728167
0.736048
0.743194
0.747957
0.74921
0.747218
0.743478
0.739543
0.736489
0.735142
0.736235
0.739327
0.743522
0.747954
0.751348
0.752076
0.74916
0.743137
0.735139
0.72924
0.720113
0.723174
0.726263
0.728783
0.731157
0.732922
0.733412
0.732755
0.731747
0.731333
0.732179
0.733878
0.73549
0.736131
0.735308
0.733376
0.731113
0.728475
0.725286
0.722924
0.714805
0.716324
0.718557
0.720718
0.722307
0.723584
0.7247
0.725484
0.725907
0.726311
0.726975
0.72762
0.7278
0.727385
0.726588
0.725495
0.723849
0.721672
0.719843
0.718759
0.709643
0.710483
0.711968
0.713813
0.715556
0.716958
0.718077
0.719075
0.719989
0.72082
0.72147
0.721779
0.721721
0.721345
0.720598
0.719375
0.717809
0.716247
0.715212
0.714578
0.704671
0.705242
0.706314
0.707744
0.70929
0.710813
0.712185
0.713375
0.71446
0.715478
0.716246
0.716608
0.716565
0.7161
0.715236
0.714129
0.712949
0.711878
0.71119
0.710746
0.699825
0.700253
0.701109
0.702312
0.703644
0.705073
0.706539
0.707947
0.709256
0.710475
0.711412
0.711866
0.711826
0.711368
0.710643
0.709804
0.708929
0.708137
0.707635
0.707298
0.695065
0.695401
0.696108
0.697163
0.698393
0.699738
0.701191
0.702718
0.704254
0.705732
0.706877
0.707458
0.707532
0.70725
0.706758
0.706142
0.705484
0.704905
0.704532
0.704264
0.690316
0.690589
0.691191
0.692146
0.693317
0.694626
0.696087
0.697699
0.699425
0.70118
0.702598
0.703412
0.703718
0.703676
0.703412
0.70301
0.702549
0.702141
0.701863
0.701643
0.685491
0.685719
0.686248
0.68714
0.688275
0.689588
0.6911
0.692825
0.69475
0.696806
0.69858
0.699729
0.700338
0.700563
0.700534
0.700356
0.700082
0.699823
0.69962
0.699433
0.680502
0.680695
0.681176
0.682036
0.683172
0.68453
0.686135
0.688022
0.6902
0.692624
0.694835
0.696396
0.69736
0.69789
0.69812
0.698165
0.69808
0.697954
0.697812
0.697649
0.675261
0.675429
0.675881
0.676739
0.677917
0.679361
0.681105
0.683213
0.685719
0.688604
0.691348
0.693397
0.694777
0.695656
0.69618
0.696447
0.696566
0.696566
0.696474
0.696327
0.669672
0.669821
0.670263
0.671149
0.672407
0.673985
0.675932
0.678336
0.681264
0.684723
0.688113
0.690745
0.692609
0.693883
0.694733
0.69528
0.695592
0.695704
0.695654
0.695519
0.663628
0.663763
0.664211
0.665154
0.666536
0.668304
0.670525
0.673316
0.676777
0.680947
0.68512
0.688445
0.69088
0.692613
0.693833
0.694681
0.69521
0.695438
0.695426
0.695298
0.657
0.657125
0.657595
0.658627
0.660179
0.662203
0.664782
0.668066
0.67219
0.677228
0.682352
0.686512
0.689624
0.691898
0.693541
0.69473
0.695502
0.695848
0.695871
0.695746
0.649637
0.649754
0.650258
0.651411
0.653189
0.655543
0.658579
0.66248
0.667427
0.673532
0.679804
0.684958
0.688871
0.691785
0.693937
0.695524
0.696561
0.697032
0.697087
0.696962
0.641345
0.641453
0.642001
0.643315
0.645385
0.648161
0.651774
0.656448
0.662412
0.669814
0.677474
0.683823
0.688685
0.692351
0.69511
0.697159
0.698495
0.699098
0.699184
0.699054
0.631808
0.631927
0.632565
0.634095
0.63654
0.639853
0.6442
0.649852
0.657087
0.666083
0.675406
0.683162
0.689137
0.693683
0.697156
0.699738
0.701415
0.702158
0.702273
0.702136
0.620752
0.620871
0.621625
0.62343
0.626355
0.630365
0.635647
0.642534
0.651352
0.662297
0.67361
0.683019
0.690301
0.69588
0.700177
0.703382
0.705438
0.706328
0.706467
0.706319
0.607696
0.607831
0.60874
0.610903
0.614451
0.619365
0.625855
0.634314
0.645112
0.658439
0.672123
0.683461
0.692249
0.699032
0.704282
0.7082
0.710668
0.711703
0.711861
0.7117
0.591992
0.592162
0.593301
0.595949
0.600326
0.606439
0.614519
0.625005
0.638284
0.654505
0.670997
0.68457
0.695073
0.703218
0.70956
0.714273
0.717179
0.718353
0.71852
0.718341
0.572703
0.572945
0.574429
0.577769
0.583304
0.591074
0.601302
0.614463
0.630894
0.650625
0.670368
0.686457
0.698877
0.708541
0.716078
0.721661
0.725007
0.726294
0.726456
0.726257
0.548421
0.548803
0.550834
0.55523
0.562482
0.572638
0.585857
0.602565
0.622969
0.646896
0.670341
0.689212
0.703728
0.715051
0.723869
0.730365
0.734104
0.735459
0.735597
0.735377
0.516839
0.517511
0.520495
0.526692
0.536702
0.550464
0.567948
0.589376
0.614698
0.643518
0.67109
0.692958
0.709697
0.72276
0.732944
0.74029
0.744321
0.745672
0.745764
0.745524
0.473848
0.475205
0.480203
0.489968
0.504823
0.52419
0.547694
0.575227
0.606475
0.640841
0.672862
0.697847
0.716849
0.731671
0.743198
0.751264
0.755383
0.756624
0.75665
0.756398
0.411898
0.416062
0.426529
0.443486
0.466542
0.494308
0.525847
0.560833
0.598859
0.639245
0.675876
0.704004
0.725222
0.741701
0.754374
0.762906
0.766848
0.767831
0.76778
0.767541
0.33777
0.345912
0.365146
0.392554
0.42608
0.463283
0.5034
0.546287
0.591634
0.638846
0.681072
0.713244
0.737438
0.756104
0.770106
0.778983
0.782799
0.783679
0.783675
0.783557
0.263412
0.277202
0.305245
0.342995
0.386641
0.433191
0.481959
0.532878
0.585696
0.639856
0.687786
0.72409
0.751333
0.772262
0.787662
0.796672
0.799994
0.800636
0.800654
0.800616
0.201956
0.219032
0.25295
0.298523
0.350451
0.405225
0.461971
0.520492
0.580439
0.64125
0.694617
0.734791
0.76481
0.787682
0.804023
0.813206
0.816369
0.816988
0.817076
0.817084
0.151252
0.170403
0.20882
0.260201
0.31856
0.380091
0.443727
0.509104
0.575695
0.642787
0.701311
0.745134
0.777711
0.802427
0.819858
0.829294
0.832585
0.833392
0.833529
0.833573
0.108681
0.129061
0.170857
0.226914
0.290593
0.357808
0.427367
0.4988
0.571416
0.644345
0.707736
0.755074
0.790126
0.816592
0.83516
0.845259
0.848929
0.849859
0.850011
0.850078
0.071856
0.0930773
0.137519
0.197424
0.265617
0.337746
0.412497
0.489332
0.567459
0.645859
0.713874
0.764552
0.802007
0.830213
0.849946
0.860794
0.864802
0.865834
0.865987
0.866058
0.0391383
0.0609757
0.107582
0.170713
0.242781
0.319212
0.398621
0.480398
0.56364
0.647178
0.719582
0.773408
0.813136
0.842943
0.863771
0.875334
0.879734
0.880856
0.880992
0.881056
0.00931976
0.0316331
0.0800758
0.146003
0.22145
0.301685
0.385292
0.471612
0.55963
0.648055
0.724668
0.781527
0.823338
0.854619
0.876387
0.888589
0.893342
0.894543
0.894668
0.894713
-0.018551
0.00424129
0.0543067
0.122715
0.201133
0.284748
0.372148
0.462654
0.555188
0.648305
0.729023
0.788808
0.832601
0.865221
0.887811
0.900442
0.905482
0.906738
0.906852
0.90687
-0.0450117
-0.0217273
0.0297844
0.100413
0.181466
0.268107
0.358954
0.453329
0.550129
0.647788
0.732562
0.79525
0.840966
0.874808
0.898084
0.911005
0.916164
0.917464
0.917563
0.917548
-0.070473
-0.0466783
0.00616913
0.0787894
0.162201
0.251565
0.345554
0.443496
0.544306
0.646406
0.735241
0.800868
0.848516
0.883496
0.907306
0.920381
0.925553
0.926839
0.926933
0.92689
-0.0951988
-0.0708634
-0.0167679
0.0576497
0.143178
0.234995
0.331832
0.433067
0.537653
0.64407
0.737021
0.805705
0.855348
0.891435
0.915656
0.928771
0.933896
0.935138
0.93519
0.935119
-0.119323
-0.094421
-0.0391601
0.0368864
0.12431
0.218325
0.317746
0.422005
0.530134
0.640724
0.737854
0.80979
0.861576
0.898802
0.923372
0.936401
0.941374
0.942532
0.942552
0.942458
-0.142957
-0.117473
-0.0610756
0.0164548
0.105565
0.201551
0.303298
0.410305
0.521721
0.636326
0.737697
0.813134
0.867305
0.905756
0.93058
0.943378
0.948114
0.94913
0.949092
0.948974
-0.166062
-0.14004
-0.0825353
-0.00365374
0.0869537
0.184687
0.288513
0.398
0.512428
0.630852
0.73649
0.815711
0.872611
0.912471
0.937451
0.9498
0.954139
0.954954
0.954854
0.954721
-0.188686
-0.162088
-0.103515
-0.0234257
0.0685051
0.16778
0.273449
0.385145
0.502309
0.624294
0.734177
0.817448
0.877522
0.91914
0.944235
0.955855
0.959543
0.960068
0.95991
0.959771
-0.210728
-0.183576
-0.123996
-0.0428364
0.0502681
0.150903
0.258184
0.371819
0.491424
0.616665
0.73069
0.818234
0.881987
0.925907
0.951305
0.961925
0.964533
0.964549
0.964313
0.964192
-0.232197
-0.204448
-0.143962
-0.061829
0.0323116
0.134127
0.242808
0.358123
0.479849
0.608016
0.725971
0.817941
0.885857
0.932784
0.959097
0.968734
0.969648
0.968578
0.968123
0.968115
-0.253
-0.224696
-0.163358
-0.0803556
0.0146926
0.117534
0.227402
0.344135
0.467694
0.59842
0.719975
0.816427
0.888893
0.939511
0.967832
0.977341
0.97635
0.973105
0.971559
0.971832
-0.273168
-0.244291
-0.182128
-0.0983553
-0.00251248
0.101215
0.212094
0.329993
0.455083
0.587973
0.71269
0.813534
0.890802
0.945537
0.977071
0.988399
0.987028
0.981229
0.97453
0.960963
-0.292656
-0.263275
-0.200412
-0.116036
-0.0196048
0.0848366
0.196463
0.315229
0.44149
0.576158
0.703553
0.808709
0.891282
0.950385
0.985915
1.00137
1.00218
0.994398
0.983278
0.994982
-0.311461
-0.281649
-0.218167
-0.133348
-0.0365353
0.0684481
0.180514
0.299863
0.426889
0.562855
0.692321
0.801237
0.889595
0.952914
0.991145
1.00995
1.01408
1.00401
0.953799
0.944657
-0.330093
-0.299561
-0.235128
-0.150003
-0.0528875
0.0524232
0.164423
0.28417
0.411582
0.548271
0.679053
0.790463
0.884972
0.952212
0.987922
1.00546
1.00224
0.966985
0.90697
0.870878
-0.351756
-0.318705
-0.250828
-0.165541
-0.0678653
0.0371574
0.14862
0.268433
0.395786
0.532521
0.663818
0.775991
0.875688
0.947041
0.987579
0.975623
0.95106
0.892174
0.827987
0.789511
0.0759354
0.192364
0.315516
0.446728
0.582112
0.704455
0.807895
0.681625
-0.366303
-0.357006
-0.315082
-0.242405
-0.15088
-0.050421
0.0576208
0.172856
0.295229
0.425246
0.55942
0.68119
0.781292
0.86784
0.915013
0.865994
0.743483
0.669325
0.610162
-0.389601
-0.377997
-0.332353
-0.258496
-0.166739
-0.0662713
0.0413745
0.156147
0.277658
0.406311
0.538169
0.656945
0.750845
0.820574
0.81852
0.716794
0.590755
0.504554
0.433038
-0.41337
-0.401451
-0.353354
-0.278441
-0.186755
-0.0861647
0.0215542
0.136008
0.256547
0.38355
0.512224
0.625984
0.710039
0.757676
0.720122
0.568659
0.426509
0.319404
0.232394
-0.437
-0.425055
-0.375529
-0.299407
-0.207457
-0.106845
0.000595585
0.114312
0.233597
0.358486
0.483423
0.591153
0.667055
0.684795
0.596097
0.419695
0.250003
0.105221
-0.0158762
-0.460702
-0.448847
-0.398387
-0.321351
-0.229015
-0.128378
-0.0213561
0.091469
0.209304
0.331716
0.452372
0.552967
0.618728
0.598387
0.463206
0.273527
0.078652
-0.0884313
-0.249565
-0.48499
-0.473289
-0.422332
-0.344682
-0.251997
-0.151297
-0.0446254
0.0673623
0.183672
0.303424
0.419551
0.512149
0.562325
0.519666
0.338534
0.142121
-0.0596888
-0.23879
-0.37523
-0.499208
-0.510686
-0.49908
-0.447769
-0.369738
-0.276877
-0.17622
-0.0699736
0.0410515
0.155587
0.272227
0.383313
0.467187
0.499354
0.421766
0.222801
0.0233823
-0.164545
-0.306931
-0.357068
-0.378093
-0.538087
-0.526529
-0.474921
-0.396644
-0.303764
-0.203348
-0.0977146
0.0120685
0.124455
0.237408
0.342685
0.416983
0.423764
0.307354
0.114341
-0.0750411
-0.239069
-0.313712
-0.336698
-0.339477
-0.567426
-0.555829
-0.503876
-0.425409
-0.332643
-0.23264
-0.127877
-0.0196344
0.0902155
0.198935
0.297457
0.362055
0.339831
0.199257
0.015438
-0.161374
-0.282665
-0.321774
-0.320276
-0.321271
-0.598682
-0.587006
-0.534656
-0.456036
-0.363511
-0.264105
-0.160466
-0.0540691
0.052856
0.156818
0.247856
0.300635
0.261784
0.0975754
-0.0719445
-0.231873
-0.297514
-0.309964
-0.311032
-0.311027
-0.63163
-0.619841
-0.567141
-0.488449
-0.396281
-0.297689
-0.195431
-0.0912255
0.0123987
0.11113
0.194241
0.23385
0.185905
0.00925335
-0.150265
-0.270753
-0.311052
-0.305676
-0.304796
-0.30436
-0.665763
-0.65392
-0.601043
-0.522387
-0.430758
-0.333212
-0.232634
-0.130979
-0.0310251
0.0622485
0.136765
0.165332
0.095612
-0.0704189
-0.214189
-0.287104
-0.300107
-0.300541
-0.300257
-0.299813
-0.700565
-0.688693
-0.635848
-0.557399
-0.466543
-0.370328
-0.27177
-0.173044
-0.0771813
0.0106378
0.076243
0.0908439
0.00595244
-0.138196
-0.255124
-0.291099
-0.296184
-0.297757
-0.297935
-0.297627
-0.735073
-0.723217
-0.670732
-0.592774
-0.503029
-0.40852
-0.312366
-0.216946
-0.125584
-0.0433588
0.015173
0.0138412
-0.0736944
-0.197123
-0.27671
-0.304681
-0.298483
-0.296304
-0.29525
-0.294841
-0.767499
-0.755997
-0.704525
-0.627547
-0.539359
-0.447021
-0.35374
-0.262002
-0.175469
-0.0991285
-0.0453579
-0.0557449
-0.146745
-0.251791
-0.305878
-0.305524
-0.301507
-0.294019
-0.290551
-0.2898
-0.796736
-0.785622
-0.735698
-0.66039
-0.574384
-0.484816
-0.394969
-0.307345
-0.225839
-0.155292
-0.107014
-0.116798
-0.206151
-0.296363
-0.33982
-0.335022
-0.311746
-0.295418
-0.288867
-0.287248
-0.820009
-0.809597
-0.762308
-0.689613
-0.606664
-0.520634
-0.434872
-0.351913
-0.275591
-0.210415
-0.16801
-0.1704
-0.244642
-0.324672
-0.34871
-0.341752
-0.332644
-0.325891
-0.318853
-0.314519
-0.835193
-0.825849
-0.782058
-0.713272
-0.634517
-0.553001
-0.472058
-0.394426
-0.32345
-0.263653
-0.222146
-0.222579
-0.256807
-0.324472
-0.353673
-0.351422
-0.372408
-0.377699
-0.370387
-0.365097
-0.83971
-0.831843
-0.792622
-0.729332
-0.656109
-0.580337
-0.505107
-0.433335
-0.368043
-0.31422
-0.268509
-0.263958
-0.265853
-0.251993
-0.303204
-0.320703
-0.348863
-0.360659
-0.363215
-0.364388
-0.831305
-0.824876
-0.791784
-0.735748
-0.669767
-0.601115
-0.532744
-0.467019
-0.408178
-0.360107
-0.313576
-0.296216
-0.2823
-0.164497
-0.18065
-0.278771
-0.326651
-0.351912
-0.366258
-0.372015
-0.806467
-0.80192
-0.776822
-0.730941
-0.674394
-0.614192
-0.553789
-0.494696
-0.442129
-0.399423
-0.36562
-0.342645
-0.384391
-0.354431
-0.3414
-0.401845
-0.44388
-0.458525
-0.462922
-0.464578
-0.768833
-0.765976
-0.749664
-0.71531
-0.66998
-0.61947
-0.567356
-0.515976
-0.468208
-0.433064
-0.41081
-0.436676
-0.55669
-0.727756
-0.728818
-0.649269
-0.624963
-0.605616
-0.589126
-0.582604
-0.725588
-0.723824
-0.715734
-0.692858
-0.658889
-0.617917
-0.573888
-0.529416
-0.486787
-0.454985
-0.438671
-0.495309
-0.638906
-0.845006
-0.908124
-0.747411
-0.665205
-0.611441
-0.571355
-0.563812
-0.687231
-0.686093
-0.682442
-0.66977
-0.645076
-0.612
-0.574694
-0.534748
-0.496416
-0.461973
-0.451259
-0.449104
-0.48375
-0.49297
-0.581941
-0.692876
-0.73825
-0.698879
-0.602089
-0.540473
-0.659824
-0.659203
-0.656979
-0.650588
-0.632989
-0.605631
-0.571805
-0.534338
-0.493613
-0.458932
-0.439402
-0.425441
-0.3671
-0.331451
-0.290627
-0.274483
-0.328789
-0.343743
-0.313694
-0.280423
-0.639704
-0.639257
-0.638384
-0.635948
-0.624741
-0.60147
-0.568319
-0.529179
-0.487376
-0.44225
-0.40365
-0.40692
-0.279786
-0.116378
0.04424
0.118392
0.14219
0.110369
0.0791379
0.0669217
-0.627665
-0.627494
-0.627035
-0.625753
-0.620005
-0.599675
-0.565387
-0.522599
-0.472684
-0.416049
-0.362514
-0.298497
-0.183209
-0.0148765
0.101574
0.16963
0.191487
0.190504
0.221992
0.246537
-0.62029
-0.620219
-0.619914
-0.619889
-0.617807
-0.600373
-0.563614
-0.514297
-0.454729
-0.387446
-0.300613
-0.192649
-0.0418241
0.0941006
0.208344
0.267469
0.315749
0.432374
0.581001
0.671646
-0.615062
-0.615323
-0.616083
-0.617503
-0.617153
-0.601758
-0.562261
-0.507559
-0.441544
-0.353534
-0.251683
-0.141325
0.0687965
0.321325
0.556481
0.78587
1.00095
1.20861
1.36149
1.43575
-0.605909
-0.606729
-0.60809
-0.609916
-0.609309
-0.596106
-0.560502
-0.508781
-0.434675
-0.33567
-0.220327
-0.105086
0.0719385
0.329447
0.668762
1.04983
1.37137
1.61017
1.7474
1.79748
-0.607212
-0.607542
-0.603375
-0.590925
-0.578066
-0.576261
-0.564556
-0.520375
-0.436836
-0.330931
-0.205701
-0.0787849
0.0618384
0.326234
0.655286
1.00115
1.29353
1.50089
1.60397
1.63929
-0.647735
-0.645782
-0.636031
-0.613896
-0.594431
-0.595499
-0.601759
-0.547882
-0.444888
-0.330537
-0.203378
-0.0815032
0.0290823
0.211891
0.506809
0.798145
1.03295
1.18731
1.25763
1.27971
-0.738345
-0.735198
-0.741383
-0.757073
-0.763992
-0.754264
-0.710199
-0.594033
-0.455717
-0.328268
-0.207
-0.0946429
0.00252341
0.117632
0.339306
0.555193
0.729179
0.837824
0.886143
0.899042
-0.859343
-0.863081
-0.892536
-0.931599
-0.945057
-0.919938
-0.818596
-0.633395
-0.462842
-0.326395
-0.210264
-0.111515
-0.0425529
0.0439543
0.20184
0.343257
0.456295
0.526197
0.553415
0.560468
-0.890446
-0.900523
-0.93123
-0.963147
-0.975127
-0.943153
-0.811679
-0.606898
-0.446887
-0.31198
-0.207405
-0.130683
-0.0714489
-0.0239237
0.0798505
0.173017
0.238756
0.270143
0.281646
0.285326
-0.735723
-0.745609
-0.774457
-0.809135
-0.82649
-0.789974
-0.658961
-0.509896
-0.380887
-0.269966
-0.197099
-0.134621
-0.100344
-0.0619001
-0.00514002
0.0445044
0.0711863
0.080266
0.0866228
0.0897614
-0.412625
-0.42235
-0.445539
-0.47739
-0.500434
-0.485669
-0.424301
-0.352019
-0.273514
-0.21273
-0.165719
-0.135163
-0.120142
-0.0984258
-0.0419677
-0.0131527
-0.00696936
-0.00858839
-0.00779512
-0.00558094
-0.0828569
-0.0878458
-0.1009
-0.125074
-0.154142
-0.175318
-0.183477
-0.179478
-0.1675
-0.145227
-0.127763
-0.127156
-0.131223
-0.124456
-0.0854994
-0.0538157
-0.0359143
-0.0255501
-0.0209528
-0.0197015
0.121788
0.119544
0.112559
0.093638
0.0597416
0.0155663
-0.0259976
-0.0578958
-0.0777263
-0.0838265
-0.0873949
-0.102426
-0.128388
-0.107217
-0.0640488
-0.0342055
-0.0217691
-0.0133701
-0.0103484
-0.00981737
0.198022
0.196743
0.192055
0.177051
0.147134
0.104707
0.0581037
0.0178266
-0.0128737
-0.0320032
-0.0433346
-0.0582034
-0.0707196
-0.0555782
-0.0250099
-0.00666887
0.00440394
0.00938815
0.0108832
0.0107214
0.205367
0.204587
0.201358
0.19081
0.169024
0.136845
0.0996663
0.0629617
0.0319309
0.0121199
0.00268928
0.000427742
0.00508956
0.0186033
0.0303091
0.0310978
0.0316003
0.0331347
0.0334335
0.0332345
0.186985
0.186594
0.184558
0.177746
0.163246
0.14097
0.113666
0.0855067
0.0609704
0.0458657
0.0443738
0.0560542
0.0779341
0.0871072
0.0885793
0.0802634
0.0727773
0.0685608
0.0672756
0.0662887
0.161464
0.161336
0.160155
0.155984
0.146792
0.132201
0.113476
0.0935419
0.0761178
0.0670244
0.0742954
0.0987167
0.131749
0.141338
0.128185
0.113733
0.105909
0.103036
0.101697
0.100658
0.135215
0.135259
0.134667
0.132266
0.126674
0.117492
0.105296
0.0921084
0.0810158
0.0770038
0.09012
0.121309
0.159195
0.170041
0.150164
0.134207
0.128593
0.127033
0.126463
0.12488
0.110466
0.11056
0.110237
0.108895
0.105595
0.0999198
0.0921912
0.0836239
0.0766562
0.0753189
0.0888818
0.119168
0.155195
0.162279
0.142136
0.131408
0.128086
0.128007
0.127511
0.126023
0.087472
0.0876007
0.0874646
0.0867429
0.0848517
0.0814081
0.0764882
0.0707526
0.0656976
0.0639202
0.0718709
0.0910843
0.115372
0.117351
0.102118
0.0991014
0.102464
0.106011
0.106254
0.105043
0.0663599
0.0664761
0.0664257
0.0660787
0.0650427
0.0629881
0.0598031
0.0555804
0.0509055
0.046008
0.0428258
0.0399396
0.0375748
0.0333711
0.0324382
0.0451332
0.0573118
0.0644771
0.0655285
0.0644653
0.0473029
0.0473961
0.047373
0.0471898
0.0466784
0.0455033
0.0433583
0.0400085
0.035055
0.0266852
0.010571
-0.0197591
-0.0589752
-0.0736896
-0.0514904
-0.0207808
-0.000500093
0.00766714
0.00932787
0.00949494
0.0303376
0.0303999
0.0303747
0.0303209
0.0301467
0.029588
0.0283096
0.025985
0.0209061
0.0109243
-0.0123996
-0.0630833
-0.126606
-0.134763
-0.0969433
-0.0612102
-0.0439954
-0.039214
-0.038081
-0.0365938
0.0155438
0.0155746
0.0155407
0.0155518
0.0156129
0.0154525
0.0147552
0.0131055
0.0101377
0.00266212
-0.0168219
-0.0616375
-0.112305
-0.107324
-0.0758756
-0.0547394
-0.0493492
-0.050668
-0.0497079
-0.047767
0.008968
0.00896159
0.00897218
0.00906323
0.00906366
0.00891159
0.00825324
0.00684076
0.00408979
-0.00442491
-0.0251385
-0.06506
-0.078734
-0.060826
-0.0431992
-0.0366941
-0.0363374
-0.0385352
-0.0373181
-0.0147912
-0.101887
0.16751
0.342952
0.507644
0.640984
0.748051
0.83448
0.907674
0.954254
0.944048
0.300511
0.420283
0.540118
0.648138
0.740258
0.817256
0.879997
0.926631
0.954414
0.970607
0.520104
0.598481
0.681487
0.757856
0.823538
0.879011
0.923979
0.958513
0.984849
1.00497
0.677094
0.734942
0.793352
0.848904
0.897586
0.939363
0.974641
1.00419
1.02863
1.04668
0.801507
0.8449
0.888185
0.930327
0.968688
1.00272
1.03265
1.05855
1.07949
1.09624
0.903862
0.937926
0.973792
1.0088
1.04143
1.07124
1.09791
1.12097
1.13936
1.15455
0.994582
1.02476
1.05711
1.08924
1.11952
1.14735
1.17225
1.19348
1.20986
1.22369
1.08171
1.11227
1.14492
1.17704
1.20717
1.23457
1.25867
1.27869
1.29351
1.30617
1.17471
1.20882
1.24457
1.27839
1.30933
1.33667
1.36
1.37883
1.39252
1.40475
1.28613
1.32418
1.36326
1.39834
1.42911
1.45536
1.47718
1.49467
1.50788
1.5207
1.42762
1.46605
1.50458
1.53684
1.56414
1.58748
1.60752
1.62453
1.63856
1.65238
1.60326
1.63318
1.66324
1.68747
1.70851
1.72786
1.74607
1.7634
1.77927
1.79415
1.79692
1.81133
1.82895
1.84574
1.86227
1.87771
1.89187
1.90593
1.9208
1.93697
1.98594
1.99024
2.00315
2.01534
2.02534
2.03465
2.04484
2.0555
2.06485
2.07706
2.21541
2.20181
2.193
2.17796
2.16688
2.16635
2.17838
2.20218
2.23401
2.26978
2.5896
2.4311
2.32559
2.26675
2.23769
2.23113
2.2463
2.28752
2.36676
2.51188
-0.345389
-0.341889
-0.299556
-0.225736
-0.13421
-0.0330893
0.90311
0.959138
0.951967
0.884626
0.817716
0.752039
0.550563
0.357121
0.134194
-0.154501
-0.499248
)
;

boundaryField
{
    wall-4
    {
        type            zeroGradient;
    }
    pressure-outlet-7
    {
        type            fixedValue;
        value           uniform 0;
    }
    velocity-inlet-6
    {
        type            zeroGradient;
    }
    velocity-inlet-5
    {
        type            zeroGradient;
    }
    frontAndBackPlanes
    {
        type            empty;
    }
}


// ************************************************************************* //
