/*--------------------------------*- C++ -*----------------------------------*\
  =========                 |
  \\      /  F ield         | OpenFOAM: The Open Source CFD Toolbox
   \\    /   O peration     | Website:  https://openfoam.org
    \\  /    A nd           | Version:  6
     \\/     M anipulation  |
\*---------------------------------------------------------------------------*/
FoamFile
{
    version     2.0;
    format      ascii;
    class       volScalarField;
    location    "90.1";
    object      p;
}
// * * * * * * * * * * * * * * * * * * * * * * * * * * * * * * * * * * * * * //

dimensions      [0 2 -2 0 0 0 0];

internalField   nonuniform List<scalar> 
8800
(
0.844316
0.795002
0.757037
0.72897
0.708811
0.694228
0.683635
0.676102
0.671227
0.669172
0.670558
0.674914
0.681718
0.69115
0.703893
0.721218
0.745099
0.778198
0.821137
0.873652
0.678805
0.685151
0.694302
0.697852
0.695246
0.689161
0.682225
0.67599
0.671197
0.66834
0.668125
0.670768
0.675423
0.681562
0.68867
0.69571
0.700593
0.700472
0.6938
0.684904
0.652312
0.658549
0.663051
0.666925
0.669876
0.67083
0.669748
0.667635
0.665667
0.664844
0.665894
0.668364
0.671265
0.673546
0.674075
0.672293
0.668933
0.664924
0.660146
0.65643
0.647998
0.650765
0.653373
0.655535
0.657276
0.658851
0.659961
0.660325
0.660225
0.660343
0.66117
0.662333
0.663092
0.662955
0.661991
0.660645
0.658983
0.656686
0.654279
0.652713
0.642924
0.64435
0.646193
0.648278
0.649996
0.651296
0.652404
0.653397
0.654224
0.654984
0.655723
0.656208
0.656253
0.655907
0.655253
0.65415
0.652503
0.650616
0.649267
0.648464
0.637911
0.638814
0.640064
0.641696
0.643397
0.644938
0.646235
0.647374
0.648461
0.649508
0.650328
0.65075
0.650787
0.650442
0.649657
0.648484
0.647135
0.645879
0.645062
0.644538
0.632973
0.633629
0.634594
0.635918
0.637374
0.638903
0.640403
0.641789
0.64308
0.644322
0.645317
0.645852
0.645905
0.645498
0.644741
0.643819
0.642843
0.641951
0.641376
0.640991
0.628107
0.628612
0.629402
0.63055
0.631862
0.633294
0.634823
0.636391
0.637938
0.639441
0.640651
0.641312
0.641437
0.641154
0.640622
0.639959
0.639244
0.638596
0.638175
0.637874
0.623256
0.623658
0.624323
0.625354
0.626598
0.627982
0.629512
0.631185
0.63296
0.634765
0.63625
0.637123
0.637457
0.637418
0.637138
0.636706
0.636204
0.635754
0.635445
0.635201
0.618338
0.618665
0.619244
0.6202
0.621403
0.622782
0.624357
0.626144
0.628133
0.63026
0.632104
0.633308
0.633952
0.634197
0.634171
0.633981
0.633685
0.633401
0.633178
0.632972
0.613262
0.613533
0.614053
0.614966
0.61616
0.617576
0.619239
0.621186
0.62343
0.625933
0.628226
0.629857
0.630874
0.631442
0.631696
0.631751
0.631666
0.631532
0.631377
0.631199
0.607935
0.608163
0.608646
0.609547
0.610772
0.612268
0.614065
0.616229
0.618801
0.621772
0.624613
0.626753
0.628207
0.629147
0.629716
0.630024
0.630161
0.630168
0.63007
0.62991
0.602259
0.602453
0.602919
0.603838
0.605135
0.606756
0.608744
0.611196
0.614187
0.617737
0.621241
0.623988
0.625955
0.627325
0.628253
0.628858
0.629218
0.629356
0.629306
0.629158
0.596126
0.596293
0.596758
0.597725
0.599135
0.600933
0.603181
0.606006
0.60952
0.613781
0.618089
0.621563
0.624139
0.626007
0.627349
0.628288
0.628889
0.629158
0.62915
0.629009
0.589408
0.589552
0.590032
0.591074
0.592643
0.594681
0.597268
0.600565
0.604729
0.609859
0.615137
0.619481
0.622779
0.625235
0.627049
0.628369
0.629246
0.629651
0.629681
0.629542
0.581955
0.582076
0.582585
0.583734
0.585513
0.587861
0.590879
0.594769
0.599735
0.605922
0.612369
0.617751
0.621902
0.625056
0.627433
0.629195
0.630378
0.630925
0.630989
0.630849
0.573578
0.573682
0.574225
0.575513
0.577563
0.580304
0.583864
0.588493
0.594447
0.601921
0.60977
0.616388
0.621546
0.625519
0.628574
0.630853
0.632381
0.633077
0.633171
0.633025
0.563989
0.564094
0.564706
0.566167
0.568566
0.571806
0.576046
0.581594
0.588766
0.597803
0.607329
0.615408
0.621756
0.626693
0.630543
0.633429
0.635348
0.636199
0.63632
0.636164
0.552896
0.552978
0.553675
0.55539
0.558234
0.562107
0.567206
0.573905
0.582578
0.593512
0.605039
0.614834
0.622575
0.628647
0.633412
0.637014
0.639365
0.640372
0.640513
0.640343
0.539886
0.539956
0.540762
0.542788
0.546197
0.550883
0.557079
0.565228
0.575764
0.588999
0.602901
0.614697
0.624045
0.631433
0.637267
0.641679
0.644493
0.645648
0.645798
0.645612
0.524363
0.524424
0.525382
0.527829
0.531981
0.537729
0.545346
0.555347
0.568208
0.584232
0.600927
0.615031
0.626209
0.635098
0.642145
0.647456
0.650748
0.652028
0.652172
0.651967
0.5055
0.505556
0.506736
0.509777
0.514945
0.522129
0.531632
0.544037
0.559818
0.579212
0.599154
0.61587
0.629104
0.63967
0.64805
0.654338
0.65808
0.659436
0.659556
0.65933
0.482077
0.482139
0.483672
0.487604
0.494233
0.503432
0.515524
0.531105
0.550564
0.573995
0.59765
0.617261
0.632754
0.645148
0.654963
0.662236
0.666339
0.667699
0.667771
0.667528
0.452188
0.452281
0.454425
0.459808
0.468725
0.480898
0.496655
0.516468
0.540527
0.568715
0.596532
0.619278
0.637166
0.651489
0.66281
0.670971
0.675268
0.676529
0.676532
0.676278
0.412599
0.41283
0.416239
0.424299
0.437089
0.453887
0.474885
0.500269
0.529953
0.563596
0.595952
0.622002
0.642359
0.658637
0.671428
0.680257
0.684492
0.685539
0.685461
0.685205
0.357148
0.358312
0.365129
0.378776
0.398345
0.422306
0.450572
0.482991
0.519272
0.558949
0.596089
0.625517
0.648335
0.666497
0.680579
0.689709
0.693546
0.694289
0.694135
0.693889
0.27691
0.28479
0.300491
0.324408
0.354115
0.387668
0.424768
0.465219
0.508751
0.554924
0.59715
0.630182
0.655653
0.675827
0.690901
0.699926
0.703156
0.703589
0.703392
0.703187
0.191436
0.208699
0.234205
0.269149
0.309544
0.352808
0.398725
0.447275
0.498296
0.551431
0.599398
0.636626
0.665263
0.687625
0.703546
0.711784
0.714086
0.714228
0.71406
0.713933
0.118073
0.139196
0.172884
0.217275
0.267134
0.31954
0.374028
0.430512
0.488798
0.548528
0.60175
0.642683
0.674005
0.698082
0.714162
0.721341
0.722948
0.722989
0.72286
0.722767
0.0578603
0.0813324
0.120634
0.1718
0.229037
0.289067
0.351096
0.414827
0.479862
0.545724
0.603748
0.647972
0.681515
0.706806
0.722834
0.729315
0.730593
0.730599
0.730491
0.730408
0.00788211
0.0327608
0.0761206
0.13255
0.19568
0.261958
0.330379
0.40047
0.471607
0.543094
0.605536
0.65272
0.688196
0.714464
0.730381
0.736335
0.737432
0.737433
0.737341
0.737258
-0.0344798
-0.00877903
0.0375734
0.0982644
0.166342
0.23794
0.311882
0.387579
0.464223
0.540889
0.607412
0.657295
0.69445
0.721463
0.73718
0.742744
0.743758
0.743784
0.743715
0.743631
-0.0713013
-0.04507
0.00361187
0.0678333
0.140143
0.216388
0.295238
0.376005
0.457713
0.539227
0.609593
0.661972
0.700609
0.728153
0.743621
0.748899
0.749884
0.749959
0.749928
0.749844
-0.104107
-0.0774703
-0.0268802
0.0403545
0.116345
0.196693
0.279978
0.365424
0.451897
0.538042
0.612126
0.666896
0.706899
0.734897
0.75014
0.755186
0.756166
0.756305
0.756331
0.756256
-0.133962
-0.106965
-0.0547603
0.01511
0.0943553
0.178366
0.265691
0.355487
0.446512
0.537174
0.614952
0.67212
0.713502
0.741983
0.757088
0.761996
0.762984
0.763171
0.763248
0.763187
-0.161711
-0.134343
-0.0806984
-0.0084395
0.0737045
0.16101
0.252032
0.345905
0.441295
0.536439
0.617964
0.677645
0.720501
0.749594
0.764692
0.769528
0.770487
0.77069
0.7708
0.770757
-0.187787
-0.160077
-0.105117
-0.0307246
0.054026
0.144318
0.238739
0.336434
0.436033
0.535655
0.621075
0.683407
0.727878
0.757696
0.772892
0.777701
0.778599
0.778778
0.778892
0.778861
-0.212701
-0.18457
-0.128393
-0.0520593
0.0350454
0.128053
0.225608
0.326883
0.430544
0.534653
0.624147
0.689314
0.735503
0.766125
0.781473
0.786255
0.787074
0.787193
0.787283
0.787269
-0.236621
-0.208065
-0.150746
-0.072655
0.016572
0.11205
0.212488
0.317114
0.424668
0.533272
0.627042
0.695275
0.743273
0.774684
0.790175
0.794857
0.795578
0.795616
0.795668
0.795669
-0.259726
-0.230721
-0.172342
-0.09265
-0.00150808
0.0962046
0.199279
0.307017
0.418282
0.531349
0.629609
0.701203
0.751129
0.783242
0.798696
0.803218
0.803803
0.803754
0.803762
0.803762
-0.282146
-0.252661
-0.193274
-0.112122
-0.0192739
0.0804544
0.185924
0.29653
0.411293
0.528745
0.631697
0.707019
0.759083
0.791744
0.806896
0.811088
0.811507
0.811386
0.811358
0.811352
-0.303975
-0.27396
-0.213583
-0.131111
-0.0367443
0.0647738
0.172404
0.285622
0.403644
0.525336
0.633146
0.712629
0.767197
0.800373
0.814838
0.818385
0.818565
0.818395
0.818348
0.818334
-0.325115
-0.294598
-0.233276
-0.149643
-0.0539301
0.0491803
0.158725
0.274302
0.395314
0.521045
0.633789
0.717913
0.775553
0.809408
0.822815
0.825204
0.824913
0.824734
0.824739
0.824724
-0.345569
-0.31457
-0.252374
-0.167709
-0.0708117
0.0336947
0.144932
0.262592
0.386313
0.515808
0.633479
0.722698
0.784152
0.819239
0.831476
0.832034
0.830698
0.830436
0.830723
0.830824
-0.36541
-0.333874
-0.270883
-0.185301
-0.0873537
0.0183688
0.131079
0.250551
0.376674
0.509608
0.632061
0.726767
0.792868
0.83013
0.841741
0.840131
0.836749
0.835902
0.836813
0.837619
-0.38452
-0.352495
-0.288769
-0.202377
-0.103521
0.00326348
0.117234
0.238252
0.366466
0.502471
0.629412
0.729857
0.801407
0.841979
0.854278
0.851291
0.845435
0.84242
0.842374
0.842856
-0.402992
-0.370465
-0.30605
-0.218978
-0.119359
-0.0116689
0.103339
0.225634
0.355613
0.494322
0.625358
0.73169
0.809519
0.854456
0.869077
0.866665
0.859184
0.851317
0.842729
0.844913
-0.420763
-0.38785
-0.322866
-0.235304
-0.135161
-0.0267471
0.0889973
0.212239
0.343611
0.484597
0.619338
0.731639
0.816996
0.86739
0.885345
0.88542
0.876315
0.861901
0.84064
0.841976
-0.437717
-0.404634
-0.33907
-0.251174
-0.150673
-0.0416843
0.0743906
0.198357
0.330704
0.473444
0.61122
0.728723
0.822579
0.879256
0.899019
0.899648
0.889113
0.858914
0.802307
0.778557
-0.453755
-0.421801
-0.35427
-0.26616
-0.1651
-0.0559943
0.0597992
0.184262
0.317164
0.461013
0.600981
0.722177
0.824714
0.888388
0.904527
0.89964
0.876031
0.819132
0.756553
0.718732
-0.495658
-0.438704
-0.368165
-0.281206
-0.179208
-0.0706708
0.0453706
0.16982
0.302762
0.446902
0.588086
0.711125
0.819416
0.889729
0.897638
0.871894
0.812809
0.74113
0.670132
0.630963
-0.469767
-0.451165
-0.389264
-0.301633
-0.201122
-0.092754
0.0226957
0.146692
0.279085
0.422493
0.563344
0.686128
0.787682
0.865533
0.838658
0.716818
0.618039
0.549434
0.482208
0.504957
-0.499701
-0.467992
-0.405221
-0.318054
-0.21791
-0.109659
0.00604931
0.129501
0.261062
0.403048
0.541785
0.661474
0.751777
0.79541
0.731874
0.581294
0.46451
0.38574
0.300581
0.341385
-0.522674
-0.488649
-0.42419
-0.336981
-0.236884
-0.12862
-0.0129764
0.109761
0.240087
0.379885
0.51498
0.628706
0.706938
0.712355
0.593648
0.429622
0.293948
0.196313
0.0982018
0.125239
-0.544903
-0.509899
-0.444136
-0.356306
-0.256142
-0.147988
-0.0328408
0.0889757
0.217772
0.354848
0.485036
0.589633
0.650384
0.621958
0.45254
0.26846
0.103494
-0.0341984
-0.161213
-0.153022
-0.566786
-0.531458
-0.464848
-0.376471
-0.276199
-0.168277
-0.0537971
0.0669051
0.193813
0.327622
0.451812
0.546899
0.586398
0.508653
0.313249
0.110418
-0.0800951
-0.236738
-0.442988
-0.522912
-0.589012
-0.553801
-0.486723
-0.397982
-0.297596
-0.189888
-0.0760411
0.0434648
0.168281
0.298413
0.415881
0.501496
0.512915
0.383951
0.185726
-0.0279956
-0.222946
-0.385902
-0.50987
-0.625334
-0.612646
-0.577406
-0.510115
-0.421223
-0.320871
-0.2135
-0.100411
0.0176758
0.139981
0.265729
0.375735
0.448103
0.430409
0.265382
0.0661465
-0.141284
-0.319557
-0.418003
-0.444082
-0.45736
-0.637821
-0.602569
-0.535153
-0.446282
-0.34617
-0.239336
-0.127289
-0.0109857
0.108276
0.228759
0.330857
0.384028
0.346294
0.151241
-0.0456545
-0.232773
-0.367635
-0.406046
-0.414692
-0.415024
-0.664823
-0.629415
-0.561879
-0.473149
-0.373445
-0.267411
-0.156708
-0.0425899
0.0730811
0.187497
0.280763
0.316289
0.24446
0.0465381
-0.143625
-0.306259
-0.382138
-0.396271
-0.3973
-0.39716
-0.693659
-0.657979
-0.590316
-0.501828
-0.40272
-0.297726
-0.188691
-0.0771692
0.0344031
0.142062
0.225111
0.244768
0.133644
-0.0488665
-0.228001
-0.356779
-0.386328
-0.387038
-0.387672
-0.387273
-0.724077
-0.688104
-0.620374
-0.532245
-0.43392
-0.33024
-0.223226
-0.114714
-0.00770788
0.0925684
0.165238
0.165202
0.0357403
-0.136185
-0.294164
-0.368025
-0.383228
-0.381721
-0.381588
-0.381255
-0.755527
-0.719441
-0.651791
-0.564175
-0.466862
-0.364803
-0.26017
-0.155109
-0.0530346
0.0394633
0.101562
0.0850372
-0.0538202
-0.212993
-0.339111
-0.377314
-0.376979
-0.377329
-0.377168
-0.376915
-0.787564
-0.75146
-0.684081
-0.597205
-0.501199
-0.401094
-0.299241
-0.198079
-0.101283
-0.0162748
0.0328748
0.00948171
-0.134115
-0.274244
-0.367263
-0.374768
-0.37525
-0.374921
-0.374598
-0.374356
-0.819219
-0.783292
-0.716523
-0.630699
-0.536375
-0.438632
-0.33997
-0.243129
-0.152019
-0.0737872
-0.0356731
-0.065885
-0.201909
-0.317593
-0.375978
-0.384194
-0.376625
-0.374418
-0.373656
-0.373262
-0.848757
-0.813655
-0.748076
-0.663768
-0.571608
-0.476703
-0.381676
-0.289513
-0.204454
-0.132607
-0.0991197
-0.143275
-0.255815
-0.34844
-0.373665
-0.375791
-0.375695
-0.374912
-0.374405
-0.374065
-0.875012
-0.841038
-0.777339
-0.695208
-0.60583
-0.514357
-0.423472
-0.336292
-0.257337
-0.192196
-0.160904
-0.209852
-0.296267
-0.359362
-0.383713
-0.376595
-0.37533
-0.375068
-0.374964
-0.374895
-0.895317
-0.863341
-0.802553
-0.723489
-0.637719
-0.550398
-0.464241
-0.382386
-0.309359
-0.250793
-0.222269
-0.262614
-0.325341
-0.362043
-0.368688
-0.373638
-0.37451
-0.374914
-0.375194
-0.375278
-0.907623
-0.87845
-0.821642
-0.746862
-0.66574
-0.583432
-0.502653
-0.426533
-0.359407
-0.305813
-0.278275
-0.308723
-0.351364
-0.377767
-0.375038
-0.377434
-0.378093
-0.377866
-0.377746
-0.377657
-0.909234
-0.883981
-0.832501
-0.763475
-0.688248
-0.611988
-0.537275
-0.467232
-0.406268
-0.35646
-0.325278
-0.349329
-0.373846
-0.401453
-0.393572
-0.385714
-0.382673
-0.381281
-0.380662
-0.380419
-0.897813
-0.877345
-0.832995
-0.771579
-0.703764
-0.634685
-0.566768
-0.502971
-0.448096
-0.403745
-0.360598
-0.38282
-0.375648
-0.399384
-0.394253
-0.384769
-0.38131
-0.380308
-0.379859
-0.379639
-0.871066
-0.85609
-0.821254
-0.769939
-0.711238
-0.650509
-0.59012
-0.532663
-0.483011
-0.44614
-0.398603
-0.389165
-0.368498
-0.36112
-0.362966
-0.370137
-0.373881
-0.375699
-0.376444
-0.376639
-0.832439
-0.822888
-0.798442
-0.75882
-0.710683
-0.659217
-0.606785
-0.555735
-0.510688
-0.479214
-0.446749
-0.410217
-0.367435
-0.358061
-0.374168
-0.37807
-0.377787
-0.379398
-0.381289
-0.381863
-0.788978
-0.783538
-0.769493
-0.741307
-0.704186
-0.661699
-0.616844
-0.571986
-0.530804
-0.500032
-0.471628
-0.441297
-0.407738
-0.386017
-0.374745
-0.381507
-0.39957
-0.411243
-0.415003
-0.415445
-0.750585
-0.747271
-0.740601
-0.72273
-0.694645
-0.659767
-0.621401
-0.581294
-0.542291
-0.510707
-0.484054
-0.470791
-0.470173
-0.482819
-0.49501
-0.520701
-0.522309
-0.504245
-0.492882
-0.495556
-0.722928
-0.720962
-0.717559
-0.707029
-0.685751
-0.65652
-0.622317
-0.584567
-0.545773
-0.510467
-0.484138
-0.479236
-0.529039
-0.627191
-0.723417
-0.764454
-0.76035
-0.716895
-0.658919
-0.639319
-0.702632
-0.701934
-0.700781
-0.695598
-0.680081
-0.654473
-0.621571
-0.583607
-0.54179
-0.499888
-0.470998
-0.447583
-0.449017
-0.485672
-0.549023
-0.574775
-0.544014
-0.507765
-0.466048
-0.44616
-0.690802
-0.690571
-0.689957
-0.687536
-0.67703
-0.653568
-0.620245
-0.580326
-0.534179
-0.483776
-0.440244
-0.384279
-0.309103
-0.226489
-0.162127
-0.0978925
-0.05856
-0.0385325
-0.0244449
-0.0162769
-0.682639
-0.68249
-0.682082
-0.681379
-0.674962
-0.653819
-0.619599
-0.576344
-0.525006
-0.462761
-0.399348
-0.31869
-0.177863
0.0132818
0.19015
0.32271
0.388819
0.420358
0.43216
0.437434
-0.677318
-0.677273
-0.677146
-0.676992
-0.67317
-0.655485
-0.620127
-0.573023
-0.515701
-0.442894
-0.360989
-0.26469
-0.087934
0.147531
0.379317
0.567875
0.69733
0.777477
0.82416
0.843709
-0.672989
-0.673021
-0.67303
-0.673029
-0.671728
-0.657655
-0.622239
-0.571616
-0.50882
-0.428139
-0.333384
-0.230874
-0.0366842
0.241081
0.542475
0.813278
1.01671
1.13896
1.2007
1.22179
-0.669063
-0.669167
-0.669228
-0.669193
-0.66901
-0.658947
-0.625666
-0.573542
-0.506494
-0.421042
-0.320496
-0.215697
-0.028214
0.255209
0.574271
0.873299
1.11729
1.26485
1.32509
1.34003
-0.666195
-0.666188
-0.665913
-0.665271
-0.665168
-0.65848
-0.630308
-0.579032
-0.509708
-0.42273
-0.324175
-0.224589
-0.0710808
0.188811
0.471067
0.728967
0.94238
1.07123
1.12027
1.13068
-0.665456
-0.665339
-0.664847
-0.663644
-0.661853
-0.659462
-0.638058
-0.588723
-0.51834
-0.433208
-0.341478
-0.252372
-0.132834
0.0778523
0.306205
0.500466
0.654361
0.744102
0.777229
0.783581
-0.668247
-0.668538
-0.669116
-0.669974
-0.670115
-0.670094
-0.65258
-0.602272
-0.530967
-0.451134
-0.36777
-0.288999
-0.200551
-0.0406717
0.128559
0.262872
0.36307
0.41848
0.438575
0.442889
-0.672452
-0.673718
-0.677561
-0.686542
-0.698577
-0.701511
-0.675798
-0.615847
-0.546476
-0.475729
-0.398979
-0.330855
-0.266781
-0.152643
-0.0281478
0.0651655
0.128942
0.163083
0.176353
0.179676
-0.677427
-0.678857
-0.683712
-0.696199
-0.71539
-0.720736
-0.687901
-0.622862
-0.565333
-0.502857
-0.429957
-0.371879
-0.323461
-0.237227
-0.145532
-0.0784069
-0.0326115
-0.00647034
0.00453439
0.0065703
-0.692859
-0.693796
-0.695571
-0.691541
-0.678167
-0.672712
-0.649094
-0.617926
-0.585655
-0.526723
-0.459668
-0.411396
-0.375692
-0.307457
-0.231617
-0.175861
-0.136862
-0.113742
-0.105664
-0.104238
-0.71604
-0.716098
-0.714319
-0.686903
-0.621314
-0.567961
-0.5872
-0.615569
-0.603712
-0.545388
-0.48602
-0.445978
-0.416307
-0.36009
-0.296936
-0.249298
-0.213136
-0.191536
-0.183964
-0.18365
-0.742612
-0.74048
-0.736494
-0.713794
-0.660962
-0.615084
-0.626421
-0.65901
-0.631612
-0.56475
-0.50871
-0.473929
-0.448043
-0.397251
-0.342446
-0.302087
-0.271456
-0.253894
-0.248437
-0.24853
-0.806332
-0.806166
-0.827359
-0.860285
-0.87495
-0.852641
-0.820289
-0.770676
-0.683282
-0.587997
-0.529059
-0.49212
-0.464498
-0.421942
-0.376285
-0.342166
-0.317156
-0.303347
-0.29884
-0.29926
-0.938377
-0.952948
-0.999352
-1.05622
-1.08323
-1.06788
-1.00555
-0.888012
-0.734018
-0.611071
-0.544171
-0.495266
-0.467221
-0.430028
-0.391888
-0.365285
-0.346925
-0.337215
-0.334036
-0.334426
-1.04818
-1.06725
-1.10792
-1.14817
-1.17087
-1.15488
-1.08229
-0.922689
-0.741124
-0.618397
-0.538188
-0.484983
-0.459298
-0.426141
-0.393497
-0.372356
-0.358984
-0.352301
-0.349889
-0.350289
-1.04162
-1.05542
-1.08265
-1.11203
-1.13145
-1.11916
-1.04375
-0.865503
-0.70269
-0.592154
-0.504449
-0.463075
-0.439052
-0.406926
-0.380293
-0.363962
-0.353505
-0.347878
-0.345966
-0.34636
-0.905219
-0.916917
-0.939751
-0.966522
-0.986517
-0.97764
-0.904732
-0.757206
-0.632645
-0.526792
-0.45789
-0.426933
-0.403735
-0.377218
-0.355033
-0.340397
-0.33093
-0.326033
-0.32445
-0.32498
-0.666614
-0.679236
-0.703932
-0.735361
-0.761184
-0.759119
-0.699747
-0.608732
-0.521239
-0.443155
-0.404885
-0.37417
-0.358777
-0.339502
-0.320011
-0.306527
-0.297418
-0.292382
-0.290938
-0.291606
-0.375873
-0.386738
-0.409577
-0.442546
-0.474164
-0.486936
-0.466993
-0.432138
-0.389456
-0.360425
-0.33421
-0.315775
-0.31159
-0.29252
-0.274845
-0.263971
-0.256111
-0.252022
-0.251083
-0.251823
-0.117254
-0.124461
-0.141981
-0.171557
-0.209524
-0.243915
-0.266707
-0.277192
-0.276282
-0.269381
-0.258645
-0.257673
-0.255711
-0.24014
-0.227158
-0.218007
-0.211085
-0.207962
-0.207554
-0.208273
0.0411854
0.0365586
0.0235439
-0.0020997
-0.0406845
-0.0884179
-0.13429
-0.165507
-0.181232
-0.188544
-0.192908
-0.193768
-0.195462
-0.184201
-0.17445
-0.167522
-0.162708
-0.161007
-0.160956
-0.161571
0.0965856
0.0932938
0.0833759
0.0625424
0.0290993
-0.0113465
-0.0527883
-0.0870036
-0.109904
-0.121743
-0.127653
-0.129268
-0.131896
-0.1257
-0.119432
-0.114675
-0.111401
-0.110412
-0.110659
-0.111262
0.0806561
0.0784229
0.0718827
0.0583607
0.0367407
0.00902098
-0.0179221
-0.0389026
-0.0528698
-0.0605866
-0.066981
-0.067628
-0.0690163
-0.0658237
-0.0634897
-0.0612528
-0.0590278
-0.0582716
-0.0588606
-0.059586
0.0230734
0.0227864
0.0223257
0.0195004
0.0141543
0.00737867
0.000743141
-0.00535847
-0.0093076
-0.0113392
-0.0128413
-0.0133477
-0.0108701
-0.0116685
-0.0130422
-0.0141723
-0.0149273
-0.0150135
-0.0136212
-0.0130701
-0.0256074
0.160305
0.330507
0.474017
0.58785
0.676611
0.749727
0.80897
0.823447
0.820319
0.25759
0.376438
0.487549
0.583371
0.663475
0.729172
0.780751
0.815599
0.834308
0.851146
0.44902
0.527951
0.605872
0.674056
0.731955
0.779863
0.817628
0.846564
0.868416
0.887686
0.590649
0.646743
0.703147
0.75368
0.797254
0.834338
0.865527
0.891755
0.911753
0.930657
0.705123
0.747357
0.789255
0.828489
0.863575
0.894644
0.921858
0.944976
0.962774
0.980854
0.800553
0.835602
0.87011
0.903213
0.93376
0.961464
0.985971
1.00659
1.02223
1.03972
0.887788
0.919363
0.95119
0.981997
1.01067
1.03676
1.05966
1.07844
1.09225
1.10926
0.974032
1.00637
1.03854
1.06952
1.0981
1.12372
1.14571
1.16313
1.17543
1.19194
1.06801
1.10436
1.13899
1.17131
1.20035
1.22558
1.24659
1.26279
1.27435
1.29047
1.18091
1.22161
1.25851
1.29128
1.31965
1.34355
1.3631
1.37832
1.39017
1.40623
1.32235
1.36326
1.39844
1.42791
1.45304
1.4746
1.49306
1.50851
1.5216
1.53754
1.49371
1.52576
1.55269
1.57503
1.59509
1.61379
1.63151
1.64826
1.66316
1.67887
1.67982
1.69703
1.71412
1.7308
1.74689
1.76161
1.77551
1.78998
1.80521
1.8225
1.8632
1.87312
1.8863
1.89727
1.90668
1.91633
1.92693
1.9371
1.94639
1.97205
2.08102
2.07532
2.06237
2.04811
2.04181
2.04751
2.06565
2.09417
2.12793
2.16426
2.38384
2.24789
2.16838
2.12583
2.1085
2.11249
2.13992
2.19778
2.30544
2.48384
0.748008
0.741706
0.733978
0.722867
0.709301
0.696661
0.686276
0.678282
0.67259
0.669295
0.668993
0.671873
0.677144
0.684531
0.694101
0.705946
0.719518
0.732455
0.741449
0.748992
0.657063
0.662984
0.671059
0.677196
0.680272
0.679769
0.676696
0.67272
0.66916
0.666915
0.666833
0.669139
0.672935
0.677413
0.681537
0.6838
0.682738
0.678111
0.671061
0.663231
0.650292
0.652665
0.655936
0.658715
0.661173
0.663374
0.664569
0.664444
0.663538
0.662776
0.66305
0.664525
0.666355
0.667621
0.667573
0.666127
0.663984
0.661633
0.658659
0.655645
0.645473
0.646561
0.648482
0.650828
0.652709
0.654122
0.655359
0.656377
0.657014
0.657445
0.658068
0.658882
0.659405
0.659331
0.658736
0.657839
0.656527
0.654571
0.652474
0.650999
0.640409
0.641043
0.642176
0.643943
0.645799
0.64741
0.648683
0.649778
0.650804
0.651765
0.652633
0.653237
0.653443
0.653289
0.652793
0.65185
0.650446
0.648854
0.647528
0.646729
0.635434
0.635873
0.636666
0.637981
0.639518
0.641102
0.642608
0.643941
0.645149
0.64631
0.647361
0.648064
0.648325
0.648154
0.647541
0.64658
0.645457
0.644335
0.643445
0.642914
0.630536
0.630863
0.63148
0.632563
0.633878
0.635302
0.636814
0.638333
0.639787
0.641178
0.642443
0.64331
0.643637
0.643473
0.642938
0.642204
0.641396
0.640569
0.639923
0.639535
0.625688
0.625941
0.62644
0.627366
0.628562
0.6299
0.631362
0.632944
0.634597
0.636265
0.637803
0.638869
0.639335
0.639336
0.639033
0.638549
0.637963
0.63737
0.636907
0.636611
0.620815
0.621016
0.621432
0.622251
0.623374
0.624671
0.626128
0.627765
0.629575
0.631511
0.633372
0.634734
0.635466
0.635735
0.635692
0.635451
0.635084
0.634692
0.634372
0.63414
0.61583
0.615991
0.616349
0.617098
0.618179
0.619466
0.620963
0.622699
0.624687
0.626907
0.629154
0.630918
0.632013
0.632604
0.632843
0.632852
0.632716
0.632509
0.632308
0.632123
0.61064
0.61077
0.611087
0.611795
0.612865
0.614187
0.615764
0.617645
0.619869
0.62244
0.625155
0.627416
0.628947
0.629913
0.630472
0.630755
0.630848
0.630825
0.630727
0.630578
0.605151
0.605255
0.605546
0.606237
0.607334
0.608734
0.610438
0.612521
0.615052
0.618067
0.621359
0.624216
0.626261
0.627661
0.628585
0.629168
0.629518
0.629676
0.629667
0.629544
0.599261
0.599343
0.599619
0.600319
0.601477
0.602997
0.604885
0.607241
0.610166
0.613732
0.617729
0.621303
0.623959
0.625866
0.62721
0.628152
0.628773
0.62911
0.629184
0.629082
0.592853
0.592915
0.593185
0.593917
0.595173
0.596862
0.598998
0.601709
0.605132
0.609379
0.614232
0.618668
0.622053
0.62456
0.626389
0.62773
0.628662
0.629196
0.629349
0.629263
0.585785
0.585829
0.586101
0.586889
0.588282
0.590196
0.592656
0.595819
0.599862
0.604944
0.610836
0.616308
0.620559
0.623775
0.626178
0.627978
0.629269
0.630016
0.630247
0.630172
0.577905
0.577922
0.578198
0.579063
0.580636
0.58284
0.585712
0.589442
0.594256
0.600362
0.607509
0.61422
0.619498
0.623551
0.626637
0.628989
0.630686
0.631664
0.631972
0.631905
0.568942
0.568953
0.569255
0.570223
0.57203
0.574601
0.577992
0.582432
0.5882
0.595559
0.60422
0.612407
0.618901
0.623938
0.627828
0.63084
0.633005
0.634236
0.63462
0.634557
0.558635
0.55862
0.558964
0.560085
0.562194
0.565235
0.569281
0.57461
0.581561
0.590453
0.600939
0.610875
0.6188
0.624998
0.629835
0.633609
0.636318
0.637822
0.638279
0.638215
0.546632
0.546596
0.546991
0.548299
0.550788
0.554431
0.559313
0.565763
0.574189
0.584961
0.597638
0.609638
0.61923
0.62678
0.632729
0.637382
0.640704
0.642493
0.643015
0.642943
0.532425
0.532366
0.532842
0.534403
0.537378
0.541799
0.547758
0.555643
0.565922
0.579003
0.594304
0.608718
0.620229
0.629328
0.636566
0.642219
0.646211
0.648284
0.648855
0.648768
0.515305
0.515225
0.515829
0.517746
0.521376
0.526834
0.534213
0.543961
0.556597
0.572522
0.590942
0.608145
0.621836
0.632686
0.641359
0.648137
0.652842
0.655169
0.65576
0.655651
0.494273
0.494177
0.494987
0.497422
0.501972
0.508868
0.518185
0.530413
0.546078
0.565507
0.5876
0.607966
0.624089
0.636876
0.647118
0.655119
0.660521
0.663034
0.663604
0.663466
0.467794
0.467698
0.468859
0.472101
0.478052
0.487046
0.499119
0.514732
0.534313
0.558025
0.584376
0.608258
0.62702
0.641894
0.653824
0.663077
0.669076
0.671656
0.672154
0.671982
0.433388
0.433346
0.435137
0.439769
0.44808
0.46039
0.47653
0.496803
0.521407
0.550256
0.581429
0.609129
0.630674
0.647726
0.661387
0.671834
0.678219
0.680694
0.681067
0.680861
0.386653
0.386836
0.390024
0.397592
0.410305
0.428076
0.450271
0.476848
0.507699
0.542515
0.578981
0.610705
0.635105
0.654332
0.669694
0.681131
0.687543
0.6897
0.689909
0.68968
0.319342
0.320792
0.328564
0.342911
0.363756
0.390235
0.420978
0.455572
0.493779
0.535218
0.577277
0.613092
0.640325
0.661635
0.67846
0.69048
0.696485
0.698122
0.698167
0.697945
0.238983
0.241815
0.256952
0.281748
0.313744
0.350498
0.390468
0.433482
0.479421
0.52799
0.576323
0.616972
0.647724
0.671653
0.69004
0.702174
0.707489
0.70868
0.708666
0.708533
0.156675
0.164055
0.186808
0.222034
0.264801
0.311602
0.360788
0.41225
0.465935
0.5216
0.576145
0.62153
0.655662
0.682117
0.70195
0.713709
0.717852
0.718473
0.718409
0.718331
0.0893259
0.0987723
0.126359
0.168961
0.220157
0.275447
0.332919
0.392275
0.453312
0.515683
0.575987
0.625625
0.662657
0.691097
0.711659
0.722818
0.726261
0.726713
0.726657
0.726604
0.0340955
0.0442892
0.0755544
0.123616
0.181161
0.243211
0.307616
0.373874
0.441552
0.510094
0.575704
0.629199
0.668788
0.698823
0.71988
0.730584
0.733585
0.733941
0.733899
0.733859
-0.0121523
-0.0016191
0.0321634
0.0844708
0.147195
0.214842
0.285081
0.3573
0.430877
0.505037
0.575531
0.632563
0.674422
0.705819
0.727204
0.737478
0.740198
0.740524
0.740503
0.740474
-0.0518773
-0.0412028
-0.00554949
0.0501511
0.117193
0.189641
0.264967
0.342454
0.421346
0.500667
0.575714
0.63602
0.679925
0.712439
0.733968
0.743861
0.746412
0.746749
0.746768
0.746759
-0.0867948
-0.076082
-0.0389717
0.0195367
0.090256
0.166878
0.246724
0.328987
0.412788
0.496947
0.576332
0.639742
0.685536
0.719
0.740569
0.750146
0.752575
0.75294
0.753026
0.753051
-0.118183
-0.107463
-0.0691941
-0.00827064
0.0656495
0.145953
0.229854
0.3165
0.404903
0.493705
0.577306
0.643775
0.691399
0.725779
0.747415
0.756733
0.759073
0.759483
0.759644
0.759713
-0.147067
-0.13632
-0.0970318
-0.0339655
0.0428066
0.126385
0.213948
0.304643
0.397395
0.490709
0.578504
0.648079
0.697596
0.732956
0.754753
0.763937
0.766241
0.766668
0.766872
0.76698
-0.174034
-0.163244
-0.123041
-0.0580477
0.0212686
0.107789
0.198687
0.293132
0.390012
0.487734
0.57979
0.652591
0.704138
0.740612
0.762715
0.771849
0.774094
0.774512
0.774718
0.774852
-0.19957
-0.188719
-0.147656
-0.0809132
0.000689707
0.08987
0.183821
0.281744
0.382549
0.484598
0.581011
0.657224
0.710935
0.748615
0.771121
0.780279
0.782479
0.782825
0.783007
0.783143
-0.224062
-0.21306
-0.17119
-0.102836
-0.0191688
0.0724132
0.16916
0.270315
0.374834
0.481137
0.582012
0.66186
0.717893
0.756842
0.779772
0.788946
0.791069
0.791323
0.791447
0.791561
-0.247645
-0.236466
-0.193826
-0.124005
-0.0384747
0.0552848
0.154578
0.258719
0.366741
0.477183
0.582633
0.666389
0.724929
0.765149
0.788458
0.79754
0.799539
0.799685
0.799735
0.799824
-0.270514
-0.259105
-0.215726
-0.144531
-0.0573257
0.0383902
0.139993
0.246875
0.358175
0.472613
0.582712
0.670685
0.73201
0.773504
0.796948
0.805796
0.807601
0.807634
0.807616
0.807676
-0.292671
-0.281052
-0.236959
-0.164479
-0.0757727
0.0216884
0.125373
0.234747
0.34908
0.467324
0.582098
0.674616
0.739109
0.781968
0.8053
0.813596
0.81507
0.814997
0.814929
0.814964
-0.31421
-0.302351
-0.257523
-0.183871
-0.0938425
0.00516565
0.110707
0.22233
0.339433
0.461249
0.580649
0.67803
0.746208
0.79073
0.813721
0.821007
0.821893
0.82168
0.821609
0.821635
-0.335018
-0.322981
-0.277434
-0.202728
-0.111528
-0.0111466
0.0960192
0.209643
0.329245
0.454363
0.578245
0.68076
0.753241
0.799986
0.82267
0.828426
0.828154
0.82765
0.827693
0.827806
-0.355226
-0.342942
-0.296696
-0.221059
-0.128828
-0.0272411
0.0813636
0.196723
0.318546
0.446675
0.574791
0.682613
0.760047
0.809863
0.832757
0.836739
0.834509
0.83311
0.83338
0.833946
-0.374706
-0.362189
-0.315319
-0.238837
-0.145684
-0.0430578
0.0667963
0.183659
0.307401
0.438191
0.570235
0.683386
0.766383
0.820255
0.844445
0.847268
0.842663
0.839296
0.839337
0.840855
-0.393568
-0.380788
-0.333265
-0.256023
-0.162079
-0.0585488
0.0523839
0.170506
0.295884
0.429
0.56456
0.682857
0.771923
0.830775
0.857581
0.860878
0.854877
0.848687
0.844276
0.83785
-0.411709
-0.398739
-0.350625
-0.272787
-0.178236
-0.0739868
0.0378079
0.156887
0.283592
0.418668
0.55736
0.680619
0.776504
0.841504
0.872143
0.87788
0.872272
0.862642
0.85
0.849805
-0.429103
-0.416124
-0.367414
-0.289083
-0.194151
-0.0893443
0.023086
0.142768
0.270467
0.407031
0.548372
0.676036
0.779163
0.851569
0.886302
0.894875
0.889622
0.878919
0.843036
0.80527
-0.445565
-0.432803
-0.383601
-0.304791
-0.209833
-0.104636
0.00820387
0.128265
0.256551
0.394077
0.537423
0.668572
0.778392
0.859616
0.897765
0.904102
0.896739
0.868164
0.814002
0.760319
-0.463784
-0.447667
-0.398942
-0.319463
-0.224995
-0.119623
-0.00721016
0.113412
0.241917
0.379891
0.524383
0.657816
0.772081
0.865011
0.905053
0.909968
0.87474
0.81896
0.750079
0.689974
-0.45268
-0.42833
-0.374901
-0.291297
-0.189727
-0.0812005
0.0370384
0.16138
0.294197
0.438223
0.579629
0.703034
0.810537
0.897987
0.908306
0.831299
0.772511
0.703925
0.634893
0.591034
-0.466113
-0.458291
-0.417238
-0.342992
-0.248449
-0.143961
-0.0311312
0.0893576
0.217654
0.355314
0.49963
0.633917
0.747577
0.842944
0.896843
0.863507
0.74613
0.662217
0.599659
0.524517
-0.486713
-0.476082
-0.431522
-0.355831
-0.260736
-0.156732
-0.0448978
0.0747116
0.202285
0.33897
0.48226
0.615906
0.726466
0.808762
0.825049
0.726313
0.591358
0.502951
0.434656
0.357617
-0.509146
-0.497384
-0.449736
-0.373168
-0.278124
-0.173885
-0.0619215
0.0575576
0.184422
0.319934
0.46082
0.590604
0.691594
0.75514
0.725657
0.582351
0.439217
0.33676
0.255208
0.145633
-0.531161
-0.519391
-0.470105
-0.392432
-0.297389
-0.193046
-0.081176
0.0378042
0.163667
0.297447
0.43503
0.558977
0.65001
0.687382
0.613988
0.434579
0.269626
0.139741
0.0335065
-0.10795
-0.552981
-0.541285
-0.490985
-0.412313
-0.316981
-0.212669
-0.1012
0.0169456
0.141474
0.273005
0.406555
0.523479
0.605058
0.603284
0.478354
0.285412
0.0940843
-0.0744337
-0.217466
-0.463781
-0.575051
-0.563527
-0.512641
-0.433323
-0.337731
-0.233438
-0.122417
-0.00517883
0.11781
0.246695
0.375599
0.483505
0.551497
0.517163
0.345531
0.143394
-0.0623941
-0.242068
-0.411538
-0.668327
-0.59795
-0.586584
-0.535452
-0.455757
-0.360007
-0.255761
-0.145182
-0.0288763
0.0924306
0.218327
0.342092
0.439964
0.490157
0.428764
0.223817
0.0163656
-0.186275
-0.357654
-0.444157
-0.492811
-0.622368
-0.611091
-0.559776
-0.479916
-0.384225
-0.280224
-0.17028
-0.0551907
0.0640191
0.186258
0.303975
0.39188
0.41891
0.312475
0.109161
-0.0950544
-0.275144
-0.388903
-0.424505
-0.430301
-0.648488
-0.637238
-0.58573
-0.505809
-0.410329
-0.306792
-0.197747
-0.0841987
0.0324499
0.150346
0.261042
0.338286
0.332427
0.197599
0.00122142
-0.188471
-0.339541
-0.392988
-0.402287
-0.404666
-0.676453
-0.665147
-0.613376
-0.533453
-0.438323
-0.335476
-0.2276
-0.115963
-0.00233103
0.11062
0.213325
0.278799
0.247729
0.0884991
-0.0950712
-0.270784
-0.368723
-0.391393
-0.391732
-0.391935
-0.706145
-0.694751
-0.642685
-0.562828
-0.468183
-0.366244
-0.259847
-0.15049
-0.0403169
0.0671025
0.161197
0.212345
0.170354
-0.0103851
-0.179881
-0.328161
-0.380626
-0.383308
-0.384294
-0.384334
-0.737201
-0.725753
-0.673448
-0.593777
-0.499787
-0.399004
-0.294407
-0.187721
-0.0814506
0.0200182
0.10492
0.143245
0.0835829
-0.0964413
-0.253874
-0.356677
-0.379575
-0.379515
-0.379297
-0.379096
-0.769175
-0.757699
-0.705279
-0.625959
-0.532843
-0.433508
-0.331054
-0.227457
-0.125529
-0.0301636
0.0449479
0.0712251
-0.0105085
-0.172077
-0.312102
-0.363347
-0.374921
-0.375545
-0.375771
-0.375631
-0.801306
-0.789902
-0.737548
-0.658809
-0.566871
-0.469336
-0.36942
-0.26933
-0.172193
-0.0829867
-0.016883
-0.00710743
-0.0945561
-0.233949
-0.347135
-0.385173
-0.377932
-0.375331
-0.374245
-0.373869
-0.832525
-0.82129
-0.769328
-0.691514
-0.601163
-0.505861
-0.40892
-0.312744
-0.220794
-0.138018
-0.0781325
-0.0812752
-0.168599
-0.284123
-0.363415
-0.380362
-0.377568
-0.375241
-0.374285
-0.373807
-0.860951
-0.85018
-0.799264
-0.722951
-0.634743
-0.542215
-0.448766
-0.356909
-0.270394
-0.194304
-0.139125
-0.146988
-0.231458
-0.318291
-0.373991
-0.376324
-0.375931
-0.375548
-0.375119
-0.374838
-0.885074
-0.875015
-0.825751
-0.751638
-0.666332
-0.577267
-0.487917
-0.40084
-0.319871
-0.250329
-0.201015
-0.205219
-0.279352
-0.338589
-0.365184
-0.37664
-0.374756
-0.374742
-0.374967
-0.375077
-0.902307
-0.893172
-0.846629
-0.775778
-0.694396
-0.609656
-0.52511
-0.443338
-0.368108
-0.304492
-0.260091
-0.2593
-0.315695
-0.355956
-0.367113
-0.371849
-0.375295
-0.375926
-0.376152
-0.376254
-0.910489
-0.902228
-0.859535
-0.793417
-0.717205
-0.637864
-0.558931
-0.482996
-0.41382
-0.355648
-0.312937
-0.310152
-0.348027
-0.379967
-0.389141
-0.382621
-0.381434
-0.380427
-0.379816
-0.379525
-0.9057
-0.898786
-0.862632
-0.802605
-0.733004
-0.660374
-0.587966
-0.518348
-0.455323
-0.403113
-0.360226
-0.351389
-0.373065
-0.392608
-0.4042
-0.3913
-0.384712
-0.382231
-0.381232
-0.380792
-0.88622
-0.88146
-0.853389
-0.801812
-0.740475
-0.675904
-0.611013
-0.548136
-0.490976
-0.44505
-0.407097
-0.387045
-0.375232
-0.356246
-0.377367
-0.377731
-0.377948
-0.378239
-0.378328
-0.37827
-0.852791
-0.849452
-0.830596
-0.790249
-0.73905
-0.683841
-0.627313
-0.571545
-0.519989
-0.478912
-0.452611
-0.413746
-0.378243
-0.349913
-0.351056
-0.365025
-0.371643
-0.374333
-0.376248
-0.37712
-0.810539
-0.80845
-0.797937
-0.770223
-0.730059
-0.684786
-0.636843
-0.588246
-0.542024
-0.504325
-0.479693
-0.447566
-0.401403
-0.372182
-0.369548
-0.375413
-0.383754
-0.389599
-0.392722
-0.393903
-0.768357
-0.767131
-0.762151
-0.746282
-0.717221
-0.680662
-0.640627
-0.598358
-0.556685
-0.520503
-0.493497
-0.470015
-0.445169
-0.429939
-0.406732
-0.400274
-0.419265
-0.438441
-0.444372
-0.446977
-0.735071
-0.734392
-0.731857
-0.723068
-0.703375
-0.674671
-0.640553
-0.602925
-0.563793
-0.526879
-0.499771
-0.477561
-0.495224
-0.537008
-0.610878
-0.659432
-0.679204
-0.660859
-0.607981
-0.584202
-0.711811
-0.711131
-0.709781
-0.706212
-0.693076
-0.669898
-0.639198
-0.60375
-0.564668
-0.52441
-0.492383
-0.46722
-0.481851
-0.53255
-0.627492
-0.688275
-0.695644
-0.666901
-0.615143
-0.577235
-0.696161
-0.695931
-0.6954
-0.693555
-0.686375
-0.667367
-0.638319
-0.602253
-0.561083
-0.515578
-0.473653
-0.437251
-0.398724
-0.363269
-0.366371
-0.376815
-0.347594
-0.314465
-0.28131
-0.25653
-0.686312
-0.686272
-0.685944
-0.685341
-0.681851
-0.666445
-0.637942
-0.600161
-0.555361
-0.502326
-0.446096
-0.392642
-0.300093
-0.169704
-0.0271525
0.104303
0.182291
0.207101
0.216407
0.220116
-0.679738
-0.679715
-0.679487
-0.679269
-0.677652
-0.666496
-0.63879
-0.598435
-0.548449
-0.488105
-0.416091
-0.340775
-0.217762
-0.0194882
0.193771
0.374301
0.497674
0.573428
0.613265
0.634804
-0.675024
-0.675031
-0.674989
-0.674853
-0.67428
-0.667314
-0.640788
-0.59774
-0.54312
-0.475642
-0.390929
-0.301042
-0.161362
0.0659405
0.33914
0.592706
0.792192
0.924347
1.00098
1.0395
-0.670969
-0.67105
-0.671166
-0.671292
-0.671507
-0.667294
-0.643634
-0.599036
-0.540799
-0.468207
-0.37584
-0.275643
-0.136752
0.109465
0.419789
0.731361
1.00197
1.18856
1.28617
1.32159
-0.667357
-0.667472
-0.667454
-0.667207
-0.667028
-0.665302
-0.6462
-0.603379
-0.543479
-0.467156
-0.372299
-0.268815
-0.145682
0.0867658
0.384241
0.681049
0.945625
1.13778
1.2332
1.26208
-0.665435
-0.665462
-0.66523
-0.664523
-0.663415
-0.661722
-0.649278
-0.611384
-0.551267
-0.472257
-0.380151
-0.283656
-0.182277
0.00848335
0.265867
0.510466
0.719452
0.868671
0.939833
0.960299
-0.666331
-0.666415
-0.6663
-0.665872
-0.664531
-0.663524
-0.65759
-0.624248
-0.561769
-0.483825
-0.398402
-0.310382
-0.226467
-0.0795074
0.122834
0.302542
0.447713
0.547293
0.592638
0.605162
-0.670269
-0.670805
-0.672037
-0.675209
-0.680175
-0.683792
-0.679081
-0.640985
-0.573819
-0.501282
-0.423878
-0.344454
-0.277645
-0.173655
-0.023136
0.105668
0.201398
0.263236
0.291213
0.299994
-0.673823
-0.674857
-0.677593
-0.686054
-0.702932
-0.719036
-0.708065
-0.654718
-0.586236
-0.524141
-0.452769
-0.380291
-0.326277
-0.251274
-0.141816
-0.0490598
0.0152602
0.0553835
0.0743112
0.0807796
-0.683183
-0.68406
-0.686246
-0.691499
-0.698835
-0.708963
-0.696061
-0.646754
-0.598572
-0.548736
-0.48
-0.415605
-0.373216
-0.316347
-0.230189
-0.158179
-0.107949
-0.0747432
-0.0588063
-0.0539753
-0.703931
-0.704249
-0.705444
-0.700291
-0.667561
-0.624267
-0.614324
-0.615538
-0.609755
-0.569151
-0.503614
-0.449027
-0.413812
-0.370541
-0.300247
-0.239091
-0.195171
-0.16429
-0.149612
-0.146908
-0.728174
-0.727919
-0.726909
-0.713731
-0.659495
-0.584215
-0.563591
-0.611532
-0.630445
-0.587945
-0.523936
-0.477181
-0.447794
-0.409903
-0.349413
-0.29773
-0.259617
-0.23215
-0.220155
-0.217414
-0.766862
-0.763868
-0.763074
-0.769254
-0.763043
-0.739111
-0.710507
-0.715752
-0.687103
-0.615524
-0.543637
-0.500608
-0.471245
-0.437547
-0.384792
-0.340719
-0.308492
-0.286336
-0.276988
-0.275148
-0.869437
-0.866947
-0.889975
-0.938396
-0.98414
-0.9881
-0.95225
-0.885299
-0.775413
-0.650583
-0.565044
-0.515061
-0.480598
-0.44918
-0.406023
-0.370335
-0.344156
-0.327033
-0.319682
-0.318476
-1.00464
-1.00883
-1.04267
-1.09608
-1.13474
-1.14243
-1.10062
-0.999542
-0.828898
-0.671868
-0.578914
-0.514988
-0.476693
-0.448996
-0.410332
-0.381012
-0.361837
-0.350257
-0.345468
-0.344543
-1.06079
-1.06784
-1.09434
-1.12954
-1.15908
-1.16617
-1.12415
-1.00137
-0.805271
-0.662907
-0.564635
-0.494894
-0.462975
-0.435892
-0.402062
-0.378662
-0.363782
-0.354929
-0.350998
-0.350324
-0.985708
-0.992192
-1.01136
-1.03771
-1.0623
-1.06948
-1.03376
-0.907031
-0.735338
-0.616767
-0.517304
-0.46086
-0.435901
-0.408512
-0.379266
-0.360436
-0.348237
-0.340805
-0.337616
-0.337164
-0.794357
-0.801043
-0.81913
-0.846396
-0.874066
-0.886685
-0.853452
-0.747529
-0.633738
-0.530826
-0.453911
-0.416808
-0.390929
-0.371057
-0.348107
-0.331139
-0.319504
-0.312477
-0.309321
-0.309055
-0.519592
-0.526941
-0.545291
-0.575696
-0.609275
-0.629194
-0.610932
-0.552311
-0.488849
-0.423922
-0.387206
-0.355995
-0.339571
-0.327521
-0.306666
-0.29154
-0.281367
-0.274557
-0.271715
-0.271743
-0.234599
-0.240159
-0.254945
-0.281369
-0.316085
-0.346423
-0.359279
-0.355398
-0.339488
-0.322719
-0.305442
-0.289357
-0.287169
-0.277229
-0.258085
-0.245881
-0.237178
-0.231765
-0.229807
-0.230063
-0.02246
-0.0259922
-0.0359359
-0.0571
-0.0907388
-0.133891
-0.17611
-0.206845
-0.222827
-0.2278
-0.22499
-0.225848
-0.227181
-0.219578
-0.206017
-0.196899
-0.189898
-0.185763
-0.184576
-0.184927
0.0810847
0.0786297
0.0715355
0.0544122
0.024061
-0.0173864
-0.0647561
-0.107047
-0.134326
-0.149305
-0.158262
-0.160479
-0.163168
-0.160388
-0.150931
-0.144264
-0.139039
-0.136461
-0.135963
-0.136373
0.0960385
0.0943259
0.089312
0.0767856
0.0539437
0.0210313
-0.0144239
-0.0466461
-0.0710249
-0.0859997
-0.0935746
-0.0977228
-0.0993587
-0.0983027
-0.0931141
-0.0894564
-0.0860681
-0.0843524
-0.0842324
-0.0848341
0.02279
0.0227826
0.0212452
0.0171141
0.0108428
0.00400587
-0.00235528
-0.00766369
-0.0106141
-0.012091
-0.0135684
-0.0110625
-0.0119972
-0.0121358
-0.0135228
-0.014597
-0.0152306
-0.0143974
-0.0130388
-0.0340639
-0.645818
-0.221743
0.10981
0.325623
0.48296
0.601872
0.692895
0.766853
0.847555
0.899151
0.0459933
0.207766
0.349029
0.475753
0.581403
0.667006
0.736049
0.790205
0.819538
0.82627
0.319326
0.408399
0.504933
0.591844
0.66594
0.727834
0.777588
0.814552
0.840001
0.859478
0.492914
0.556945
0.624027
0.686559
0.740726
0.786526
0.824212
0.854787
0.879318
0.89869
0.626795
0.674504
0.723438
0.76989
0.811329
0.847479
0.878714
0.905611
0.927612
0.945187
0.735215
0.774227
0.811564
0.848091
0.882158
0.912961
0.940383
0.964248
0.983534
0.999567
0.829819
0.861129
0.894081
0.926258
0.956741
0.984827
1.01002
1.03179
1.04892
1.06343
0.916724
0.946321
0.978005
1.00921
1.03881
1.06601
1.09017
1.11056
1.12596
1.13922
1.00451
1.03651
1.07033
1.10279
1.13305
1.16029
1.18388
1.2032
1.2173
1.22967
1.10473
1.14101
1.17861
1.213
1.2439
1.27076
1.29328
1.31132
1.32461
1.33706
1.22976
1.26892
1.30855
1.34261
1.37194
1.39684
1.41764
1.43464
1.44801
1.46142
1.38886
1.42419
1.45941
1.48799
1.51213
1.53344
1.55262
1.56986
1.58477
1.5992
1.57662
1.59882
1.62243
1.6423
1.6606
1.67797
1.69448
1.71087
1.72706
1.74263
1.769
1.77714
1.79093
1.80578
1.82023
1.83317
1.84482
1.85605
1.86776
1.88385
1.96449
1.96442
1.97444
1.97792
1.97891
1.9833
1.9938
2.00871
2.02304
2.03745
2.26162
2.2061
2.1516
2.11196
2.0897
2.08557
2.09909
2.13289
2.19075
2.2711
0.870102
0.81761
0.77473
0.741725
0.717989
0.700884
0.688464
0.679492
0.673314
0.669785
0.669439
0.672442
0.678038
0.68611
0.697091
0.711941
0.732279
0.760464
0.798503
0.847859
0.681188
0.690138
0.6969
0.697151
0.692457
0.685693
0.678982
0.673402
0.669511
0.667862
0.669129
0.672864
0.678314
0.685021
0.692287
0.698602
0.701365
0.697923
0.688844
0.682529
0.65384
0.656044
0.660908
0.665057
0.668609
0.670657
0.6705
0.66874
0.666558
0.665042
0.665129
0.667027
0.669828
0.672554
0.674077
0.673438
0.670712
0.667003
0.662615
0.657958
0.648614
0.649572
0.652075
0.654538
0.656433
0.658097
0.6595
0.660238
0.660295
0.660207
0.660666
0.661761
0.662801
0.663139
0.662543
0.661342
0.659872
0.657909
0.655435
0.653332
0.64325
0.643728
0.645182
0.647271
0.649203
0.650689
0.651865
0.652922
0.653833
0.654601
0.65536
0.656013
0.656284
0.656117
0.65562
0.654766
0.653377
0.651536
0.649851
0.648796
0.638133
0.638431
0.639359
0.64086
0.642559
0.644202
0.645619
0.646818
0.647923
0.648995
0.649955
0.650589
0.650812
0.650663
0.650102
0.649104
0.64781
0.646476
0.645408
0.644769
0.633137
0.633349
0.634043
0.635227
0.636636
0.638137
0.639668
0.641115
0.642445
0.64371
0.64486
0.645644
0.645935
0.645751
0.645148
0.644288
0.643336
0.642374
0.641618
0.641167
0.628232
0.628393
0.628946
0.629943
0.631191
0.632566
0.634052
0.63561
0.637172
0.6387
0.640095
0.641052
0.641433
0.641333
0.640908
0.640299
0.639607
0.638902
0.638353
0.638015
0.623354
0.623481
0.623934
0.624801
0.625957
0.627275
0.62873
0.630335
0.632067
0.633869
0.635562
0.636762
0.637345
0.637473
0.6373
0.636935
0.636457
0.635966
0.635579
0.635317
0.618415
0.618518
0.618902
0.619681
0.62078
0.622072
0.623546
0.625226
0.627119
0.629191
0.631235
0.632786
0.633688
0.634114
0.63421
0.634089
0.633838
0.633538
0.633279
0.633072
0.613323
0.613407
0.613742
0.614466
0.615538
0.616841
0.618376
0.620178
0.622274
0.624659
0.627128
0.629129
0.63043
0.631204
0.6316
0.63174
0.63172
0.631602
0.631453
0.631287
0.607982
0.608051
0.608353
0.609047
0.610127
0.611488
0.613126
0.6151
0.617466
0.620245
0.623234
0.62578
0.627553
0.628731
0.629471
0.629895
0.630111
0.630178
0.630127
0.629991
0.602295
0.602352
0.602632
0.603323
0.604446
0.605907
0.6077
0.609909
0.612624
0.615899
0.619526
0.622724
0.625058
0.626704
0.627835
0.62859
0.629067
0.629313
0.629346
0.629235
0.596151
0.596198
0.596468
0.597177
0.598379
0.599987
0.601995
0.604516
0.607674
0.611562
0.615966
0.619952
0.622952
0.62515
0.626733
0.62787
0.62863
0.629063
0.629177
0.629084
0.589422
0.58946
0.589729
0.590479
0.591798
0.593604
0.595898
0.59882
0.602534
0.607176
0.612523
0.617455
0.621249
0.624101
0.626212
0.62777
0.628865
0.629504
0.629697
0.629618
0.581957
0.581985
0.58226
0.583073
0.584551
0.586616
0.589276
0.592704
0.59711
0.602677
0.609166
0.615231
0.619968
0.623591
0.62633
0.628386
0.629864
0.630725
0.630996
0.630926
0.573574
0.573601
0.573871
0.574766
0.57645
0.578846
0.581969
0.586031
0.591294
0.597994
0.605862
0.613281
0.619136
0.623666
0.62715
0.629803
0.631719
0.632823
0.633171
0.633107
0.563969
0.563988
0.564315
0.56531
0.567261
0.570079
0.573784
0.578639
0.584964
0.59305
0.602581
0.611607
0.618783
0.624383
0.628741
0.632099
0.634521
0.635891
0.636314
0.636252
0.552862
0.552872
0.553221
0.554383
0.556682
0.56004
0.564483
0.570335
0.577979
0.587761
0.599293
0.610222
0.618944
0.625799
0.631181
0.635355
0.638361
0.640012
0.640506
0.640439
0.539836
0.539838
0.540234
0.541594
0.54433
0.548379
0.553768
0.560885
0.570181
0.582045
0.595976
0.609141
0.619654
0.62796
0.634539
0.639651
0.643302
0.645242
0.645793
0.645716
0.524294
0.524289
0.524752
0.526385
0.5297
0.534655
0.541276
0.550022
0.561405
0.575831
0.592625
0.608391
0.620954
0.63091
0.638856
0.645022
0.649374
0.651588
0.652175
0.652079
0.505406
0.505393
0.505957
0.507983
0.512099
0.518288
0.526557
0.537446
0.551496
0.569081
0.589265
0.608008
0.622881
0.634686
0.64413
0.651476
0.656542
0.658983
0.659573
0.659451
0.481948
0.481929
0.482658
0.485291
0.490583
0.498519
0.509081
0.522859
0.540353
0.561818
0.585966
0.608052
0.625469
0.639295
0.650368
0.658957
0.664687
0.667263
0.667809
0.667654
0.452012
0.451987
0.45301
0.456659
0.463839
0.474411
0.488303
0.506053
0.527992
0.554162
0.582857
0.60862
0.628756
0.644727
0.657519
0.667341
0.673584
0.67615
0.676597
0.676406
0.412347
0.412335
0.41402
0.419641
0.43016
0.445
0.463861
0.487056
0.514627
0.54636
0.580129
0.609827
0.632794
0.650955
0.665479
0.676403
0.682895
0.685254
0.685551
0.685329
0.356817
0.357033
0.360895
0.371121
0.387958
0.409814
0.435941
0.466322
0.500728
0.538787
0.578025
0.611802
0.637628
0.657937
0.674078
0.685836
0.692172
0.694122
0.694247
0.694004
0.277684
0.280152
0.291559
0.311543
0.338766
0.37049
0.405851
0.444662
0.486706
0.531638
0.576705
0.614807
0.64371
0.666352
0.684037
0.69623
0.702075
0.703533
0.703508
0.703278
0.194004
0.199842
0.220173
0.250712
0.289001
0.330925
0.375522
0.42277
0.472597
0.524743
0.576233
0.619321
0.651845
0.677184
0.696486
0.708593
0.713401
0.714253
0.714146
0.713988
0.120657
0.12756
0.154474
0.194098
0.2419
0.293171
0.346639
0.402145
0.459572
0.518643
0.576121
0.62369
0.659346
0.686931
0.707236
0.718722
0.722512
0.723029
0.722923
0.722807
0.060474
0.0679535
0.0991779
0.145163
0.200064
0.258899
0.319978
0.382905
0.447352
0.512873
0.575882
0.627493
0.665858
0.695195
0.716074
0.72704
0.730267
0.730639
0.730543
0.730445
0.0104934
0.0183221
0.0523788
0.103205
0.163705
0.228652
0.29607
0.365403
0.436109
0.507518
0.575615
0.630916
0.671682
0.702496
0.72379
0.734302
0.737158
0.737468
0.737385
0.737297
-0.0318873
-0.0238791
0.012099
0.0666871
0.131835
0.201956
0.274803
0.349721
0.426011
0.502795
0.575596
0.634293
0.677205
0.709245
0.730774
0.740872
0.7435
0.743803
0.743751
0.743673
-0.0687283
-0.0606275
-0.0232481
0.0343911
0.103456
0.178049
0.255687
0.335611
0.416994
0.498762
0.575996
0.637868
0.682736
0.715784
0.737398
0.747133
0.749621
0.749952
0.749948
0.74989
-0.101572
-0.0933944
-0.0548911
0.00531099
0.0777577
0.156266
0.238183
0.322677
0.408811
0.495305
0.576805
0.641743
0.688454
0.72241
0.744069
0.75351
0.755886
0.756263
0.756328
0.756302
-0.131429
-0.123188
-0.0837504
-0.0213487
0.0540875
0.136065
0.221836
0.31054
0.401145
0.492214
0.577906
0.645918
0.694476
0.729362
0.751121
0.760361
0.762692
0.763104
0.763222
0.763231
-0.159145
-0.150834
-0.11055
-0.046179
0.0319404
0.117021
0.206282
0.298884
0.393724
0.489251
0.579165
0.650334
0.700848
0.736765
0.758774
0.76792
0.770203
0.770611
0.770758
0.770794
-0.185225
-0.176836
-0.135744
-0.0696076
0.0109121
0.0987903
0.191242
0.287458
0.386322
0.486214
0.580436
0.654916
0.70753
0.744606
0.766961
0.776113
0.778348
0.778703
0.778848
0.778892
-0.2101
-0.201587
-0.159751
-0.0919711
-0.00928808
0.0811192
0.176496
0.276063
0.378749
0.482936
0.581565
0.659566
0.714417
0.752737
0.775509
0.78469
0.786863
0.787144
0.787244
0.787289
-0.233966
-0.225333
-0.182786
-0.113497
-0.0288582
0.0638387
0.161883
0.264561
0.370858
0.479245
0.582394
0.664163
0.721422
0.761008
0.784182
0.793347
0.795415
0.795604
0.795641
0.795679
-0.257016
-0.248246
-0.205009
-0.134335
-0.0479294
0.0468304
0.147304
0.252847
0.362539
0.474995
0.582764
0.668588
0.72848
0.76934
0.792769
0.801787
0.803701
0.803781
0.803752
0.803769
-0.279398
-0.270481
-0.226527
-0.15457
-0.0665777
0.0300344
0.132704
0.240865
0.353706
0.470071
0.582511
0.672717
0.735572
0.777729
0.801158
0.809808
0.811469
0.811443
0.811362
0.811359
-0.301153
-0.292053
-0.247403
-0.174238
-0.0848411
0.0134224
0.118054
0.228586
0.344333
0.464399
0.581496
0.676409
0.742674
0.786317
0.809504
0.817372
0.818609
0.818467
0.818361
0.818342
-0.322237
-0.312979
-0.267621
-0.193364
-0.102724
-0.00300734
0.103376
0.216024
0.334414
0.457919
0.579582
0.679505
0.749755
0.795301
0.818114
0.824706
0.825106
0.824788
0.824731
0.824738
-0.342655
-0.333243
-0.28719
-0.211964
-0.120219
-0.0192196
0.0886963
0.203215
0.323963
0.450628
0.576659
0.681819
0.756701
0.804863
0.827555
0.832414
0.831281
0.830442
0.830575
0.83081
-0.362438
-0.352843
-0.306123
-0.230022
-0.137307
-0.0351713
0.0740723
0.190216
0.313029
0.442531
0.572663
0.683158
0.763309
0.815029
0.838413
0.841671
0.838236
0.835992
0.836291
0.837283
-0.381495
-0.371725
-0.32441
-0.247513
-0.153943
-0.0508332
0.059566
0.177089
0.301682
0.433681
0.567537
0.683309
0.769295
0.825551
0.850897
0.853718
0.848204
0.843457
0.842128
0.842652
-0.399904
-0.389961
-0.342036
-0.264452
-0.170169
-0.0662334
0.0451506
0.163798
0.289888
0.424036
0.561204
0.682017
0.774402
0.836142
0.864739
0.869044
0.863034
0.855253
0.847482
0.837291
-0.41765
-0.407604
-0.359117
-0.281023
-0.186235
-0.0816705
0.030462
0.149898
0.277137
0.413016
0.553104
0.678671
0.77819
0.84672
0.879443
0.886717
0.88168
0.869701
0.856533
0.828912
-0.434808
-0.424697
-0.375614
-0.29705
-0.202002
-0.096971
0.0156885
0.135585
0.263626
0.400739
0.543167
0.672715
0.779382
0.855963
0.892472
0.901086
0.894638
0.877901
0.83088
0.782282
-0.452986
-0.440347
-0.391424
-0.312418
-0.217639
-0.112275
0.000571165
0.120865
0.249305
0.387106
0.531139
0.663613
0.776115
0.862621
0.901659
0.900502
0.890612
0.850176
0.787372
0.730321
-0.475483
-0.472557
-0.412023
-0.325089
-0.230344
-0.125175
-0.0146041
0.106358
0.234859
0.372897
0.517582
0.651636
0.766856
0.867985
0.883406
0.884851
0.843485
0.776621
0.705089
0.642174
-0.453121
-0.444755
-0.384234
-0.29783
-0.196897
-0.0884562
0.0275
0.151723
0.284349
0.428084
0.569352
0.692666
0.798345
0.886848
0.877526
0.779497
0.697064
0.631551
0.563433
0.439116
-0.486838
-0.458927
-0.396645
-0.309157
-0.208887
-0.100585
0.014973
0.138716
0.270764
0.413578
0.553562
0.675191
0.770764
0.832582
0.789779
0.651616
0.542303
0.46891
0.394274
0.257497
-0.511588
-0.478211
-0.414541
-0.327454
-0.227337
-0.119094
-0.00334924
0.119766
0.250747
0.391696
0.528791
0.64584
0.730446
0.755903
0.663734
0.506863
0.382667
0.296852
0.202503
0.017956
-0.534122
-0.499364
-0.434132
-0.346609
-0.24648
-0.138249
-0.0228033
0.0994993
0.229094
0.367592
0.500371
0.609722
0.680003
0.66796
0.523472
0.349414
0.200108
0.0859019
-0.027033
-0.304649
-0.55612
-0.520721
-0.454408
-0.366242
-0.266025
-0.157972
-0.0431555
0.0781232
0.20602
0.341523
0.468839
0.56851
0.619235
0.569651
0.382228
0.188414
0.00510486
-0.143122
-0.325244
-0.676742
-0.578046
-0.54265
-0.475682
-0.387065
-0.286721
-0.178913
-0.0647591
0.0553429
0.181224
0.31322
0.434099
0.524397
0.551359
0.444757
0.247606
0.0378312
-0.156027
-0.324617
-0.515613
-0.84621
-0.601015
-0.565586
-0.498285
-0.409391
-0.308982
-0.201417
-0.0879294
0.0309153
0.154538
0.282583
0.396402
0.475708
0.472465
0.324365
0.12498
-0.0879429
-0.278834
-0.412777
-0.468934
-0.507333
-0.625422
-0.589971
-0.522509
-0.433551
-0.333272
-0.226144
-0.113536
0.00370836
0.124551
0.24777
0.353834
0.416957
0.388524
0.207337
0.0086479
-0.188154
-0.346289
-0.409465
-0.427893
-0.431128
-0.651561
-0.615988
-0.548409
-0.459522
-0.359568
-0.253098
-0.141683
-0.0264292
0.0911084
0.208637
0.306469
0.350183
0.298501
0.0976746
-0.0961129
-0.271806
-0.381357
-0.399335
-0.404153
-0.40437
-0.679572
-0.643727
-0.576021
-0.487295
-0.387841
-0.282297
-0.172388
-0.0595191
0.0541645
0.165277
0.253468
0.281666
0.188033
-0.00221795
-0.187397
-0.33423
-0.384536
-0.391695
-0.391975
-0.39167
-0.709331
-0.673136
-0.605316
-0.51687
-0.418093
-0.313725
-0.205654
-0.0955846
0.0137493
0.117788
0.195417
0.205487
0.0831334
-0.0936007
-0.262588
-0.368718
-0.383312
-0.3839
-0.384426
-0.384164
-0.740403
-0.703984
-0.636123
-0.54809
-0.450198
-0.347292
-0.241421
-0.134582
-0.0300028
0.0663934
0.133703
0.125118
-0.010125
-0.175262
-0.319124
-0.368834
-0.37997
-0.379368
-0.379211
-0.378969
-0.772419
-0.735828
-0.668074
-0.580645
-0.483897
-0.382772
-0.279479
-0.176312
-0.0768348
0.0118357
0.0674455
0.046158
-0.0954275
-0.244675
-0.354295
-0.376117
-0.375074
-0.375786
-0.375712
-0.375539
-0.80446
-0.768046
-0.700558
-0.614015
-0.518737
-0.419763
-0.319454
-0.220401
-0.126404
-0.044865
-0.00230459
-0.0273953
-0.169767
-0.295678
-0.375358
-0.380261
-0.376429
-0.374642
-0.37402
-0.373743
-0.835452
-0.799605
-0.732712
-0.647438
-0.554058
-0.457675
-0.360773
-0.266223
-0.178119
-0.103084
-0.0682873
-0.10516
-0.230549
-0.333285
-0.370958
-0.379865
-0.37601
-0.374674
-0.374021
-0.373627
-0.863884
-0.829014
-0.763308
-0.679876
-0.588937
-0.495676
-0.402659
-0.312936
-0.230946
-0.162418
-0.130181
-0.178718
-0.276952
-0.355
-0.380247
-0.375781
-0.375832
-0.375307
-0.374965
-0.374746
-0.887784
-0.854646
-0.790778
-0.709952
-0.622175
-0.53269
-0.444105
-0.359525
-0.283547
-0.221856
-0.192349
-0.237714
-0.310986
-0.358408
-0.376186
-0.375339
-0.374656
-0.374864
-0.375037
-0.375094
-0.904821
-0.874091
-0.813178
-0.736
-0.652333
-0.567411
-0.483883
-0.404835
-0.334714
-0.278941
-0.251608
-0.286408
-0.337152
-0.366327
-0.368392
-0.374196
-0.37574
-0.376048
-0.376225
-0.376251
-0.912629
-0.88483
-0.828364
-0.756193
-0.677803
-0.598387
-0.520584
-0.447482
-0.383361
-0.331697
-0.303461
-0.329936
-0.363144
-0.388597
-0.384375
-0.381894
-0.380922
-0.380068
-0.379642
-0.379455
-0.908199
-0.884546
-0.8345
-0.768627
-0.696971
-0.624169
-0.552788
-0.485895
-0.428005
-0.380538
-0.344698
-0.367517
-0.377094
-0.404496
-0.397202
-0.387241
-0.38315
-0.381633
-0.380964
-0.380694
-0.888193
-0.870889
-0.829625
-0.771916
-0.708528
-0.643514
-0.579289
-0.518714
-0.46656
-0.425747
-0.387045
-0.39062
-0.356893
-0.367092
-0.377629
-0.377934
-0.378069
-0.378322
-0.378304
-0.378235
-0.854459
-0.842721
-0.812529
-0.765502
-0.711778
-0.655751
-0.599303
-0.545095
-0.497784
-0.464441
-0.429335
-0.398177
-0.361564
-0.34555
-0.358281
-0.36928
-0.373104
-0.375408
-0.376818
-0.37723
-0.811898
-0.804801
-0.786244
-0.751122
-0.707859
-0.661155
-0.612576
-0.56467
-0.521758
-0.491349
-0.463259
-0.425926
-0.383785
-0.367385
-0.372859
-0.379161
-0.387156
-0.391403
-0.393554
-0.393944
-0.76934
-0.765474
-0.755866
-0.733093
-0.699627
-0.661159
-0.619688
-0.577365
-0.537456
-0.50653
-0.478891
-0.459122
-0.436305
-0.421068
-0.398449
-0.408672
-0.43044
-0.442182
-0.446024
-0.447377
-0.735654
-0.73355
-0.728655
-0.714543
-0.69
-0.657915
-0.622184
-0.583442
-0.544769
-0.511954
-0.486479
-0.482629
-0.508616
-0.573372
-0.639809
-0.672535
-0.676601
-0.634409
-0.590373
-0.585177
-0.711554
-0.710535
-0.70863
-0.701031
-0.682549
-0.655365
-0.622106
-0.584637
-0.544597
-0.506113
-0.47922
-0.466792
-0.502448
-0.578447
-0.665961
-0.699622
-0.683119
-0.644214
-0.590456
-0.573103
-0.696093
-0.695682
-0.694904
-0.69113
-0.678297
-0.653982
-0.62086
-0.582377
-0.538621
-0.492776
-0.457783
-0.417926
-0.379474
-0.360546
-0.372675
-0.367891
-0.329671
-0.298257
-0.266396
-0.253093
-0.686315
-0.686145
-0.685656
-0.684287
-0.675956
-0.653538
-0.620047
-0.578672
-0.53004
-0.473505
-0.420007
-0.351148
-0.240284
-0.0960346
0.0407897
0.154091
0.196841
0.21339
0.218576
0.221171
-0.679744
-0.679627
-0.67933
-0.679138
-0.673936
-0.654501
-0.619972
-0.574734
-0.519961
-0.452099
-0.379277
-0.288831
-0.126768
0.0896154
0.289793
0.442769
0.541159
0.59642
0.626276
0.639328
-0.675033
-0.675015
-0.674938
-0.6747
-0.672577
-0.656484
-0.621034
-0.571639
-0.511289
-0.434718
-0.345503
-0.245795
-0.0577476
0.200293
0.470007
0.701257
0.866439
0.968264
1.0247
1.04709
-0.671006
-0.671099
-0.671233
-0.67138
-0.670459
-0.658435
-0.623369
-0.571335
-0.506987
-0.42367
-0.324998
-0.220554
-0.0263333
0.259012
0.578363
0.874256
1.10762
1.24731
1.30965
1.32734
-0.667421
-0.667486
-0.667365
-0.66702
-0.667264
-0.65888
-0.627083
-0.575563
-0.507703
-0.420859
-0.320265
-0.216997
-0.0439956
0.23141
0.535319
0.818558
1.05374
1.19709
1.25316
1.2658
-0.665468
-0.665387
-0.664949
-0.663969
-0.663005
-0.658324
-0.633179
-0.584084
-0.513699
-0.426791
-0.331424
-0.237038
-0.102084
0.134307
0.391842
0.6199
0.803989
0.913206
0.954234
0.962545
-0.666391
-0.666379
-0.666149
-0.665356
-0.6637
-0.66254
-0.645042
-0.596004
-0.524078
-0.441218
-0.353683
-0.269598
-0.165325
0.0199079
0.217304
0.379279
0.504912
0.575939
0.601429
0.606343
-0.670495
-0.671266
-0.673313
-0.67758
-0.682282
-0.683116
-0.665299
-0.609089
-0.538056
-0.462776
-0.383156
-0.309749
-0.235462
-0.0997783
0.045748
0.157436
0.237095
0.280674
0.297196
0.30095
-0.674269
-0.675809
-0.680862
-0.693595
-0.712429
-0.718144
-0.685968
-0.620005
-0.555366
-0.489485
-0.414557
-0.351551
-0.295544
-0.197454
-0.0918338
-0.0137149
0.0384023
0.0670466
0.0785493
0.0816522
-0.683604
-0.68482
-0.688568
-0.694748
-0.704325
-0.708656
-0.673342
-0.621432
-0.57588
-0.515491
-0.445146
-0.392152
-0.350744
-0.273833
-0.191231
-0.130968
-0.088925
-0.0648901
-0.0553862
-0.0536981
-0.704047
-0.704728
-0.70494
-0.687643
-0.644378
-0.613339
-0.615139
-0.614823
-0.594842
-0.53648
-0.473375
-0.429398
-0.397074
-0.336334
-0.267388
-0.215519
-0.177828
-0.15483
-0.147368
-0.146951
-0.728139
-0.727553
-0.723667
-0.692126
-0.620385
-0.563385
-0.585089
-0.628748
-0.615068
-0.554552
-0.497852
-0.4609
-0.433407
-0.380127
-0.321517
-0.277622
-0.244041
-0.224386
-0.21807
-0.217724
-0.765691
-0.762616
-0.766012
-0.76707
-0.755213
-0.721663
-0.713337
-0.707925
-0.654799
-0.575946
-0.518948
-0.484534
-0.458211
-0.411662
-0.360789
-0.323622
-0.295785
-0.280344
-0.275301
-0.275662
-0.867182
-0.874212
-0.912218
-0.964749
-0.991498
-0.974043
-0.923044
-0.835378
-0.711722
-0.600291
-0.538027
-0.495544
-0.46726
-0.427868
-0.38666
-0.356302
-0.334241
-0.322317
-0.31851
-0.318935
-1.0039
-1.02213
-1.06923
-1.11809
-1.14326
-1.1278
-1.05936
-0.918979
-0.744133
-0.617917
-0.544738
-0.491608
-0.464846
-0.429762
-0.394015
-0.370436
-0.355035
-0.347266
-0.344558
-0.344939
-1.06204
-1.07896
-1.1118
-1.1457
-1.16667
-1.15248
-1.07638
-0.902427
-0.726641
-0.610192
-0.524146
-0.475482
-0.451204
-0.41841
-0.3889
-0.37042
-0.35862
-0.352481
-0.350307
-0.350695
-0.987285
-1.00042
-1.0241
-1.05081
-1.06947
-1.05831
-0.985972
-0.816401
-0.671795
-0.563902
-0.481803
-0.447251
-0.423476
-0.392888
-0.368718
-0.353682
-0.343918
-0.338782
-0.337094
-0.337541
-0.796463
-0.808622
-0.832022
-0.860839
-0.883491
-0.877974
-0.807346
-0.688453
-0.582204
-0.485125
-0.433007
-0.402387
-0.381559
-0.359255
-0.33883
-0.324701
-0.315452
-0.310464
-0.308881
-0.309462
-0.522342
-0.534411
-0.559317
-0.59282
-0.622341
-0.625802
-0.584134
-0.520979
-0.454723
-0.402295
-0.371849
-0.34459
-0.335655
-0.316933
-0.29815
-0.286079
-0.277441
-0.272679
-0.271445
-0.27218
-0.236681
-0.246118
-0.266759
-0.298292
-0.332457
-0.355734
-0.35837
-0.349272
-0.329827
-0.315344
-0.295417
-0.287207
-0.284967
-0.26702
-0.251368
-0.241195
-0.233958
-0.230417
-0.22974
-0.230468
-0.0239239
-0.0297938
-0.0450184
-0.0723241
-0.111645
-0.155731
-0.193089
-0.216539
-0.226473
-0.226409
-0.224889
-0.226301
-0.225731
-0.212156
-0.201099
-0.193197
-0.187368
-0.184886
-0.18462
-0.185293
0.0800404
0.0760237
0.0644769
0.0408805
0.00441789
-0.0405955
-0.0874042
-0.122434
-0.142702
-0.15449
-0.160454
-0.161038
-0.16402
-0.155396
-0.147452
-0.141393
-0.137382
-0.136053
-0.136075
-0.136687
0.0952928
0.0925268
0.0841534
0.0667526
0.0384562
0.00322728
-0.0312442
-0.0595664
-0.0801165
-0.0901006
-0.0962655
-0.0979654
-0.0999608
-0.0954345
-0.0912007
-0.0876823
-0.0849468
-0.0841423
-0.0844795
-0.0851439
0.0549939
0.0540994
0.0518879
0.0455923
0.0340916
0.0181643
-0.000127893
-0.016556
-0.0262469
-0.0321911
-0.0374188
-0.0402526
-0.0385486
-0.0389767
-0.0376216
-0.0372425
-0.0356333
-0.0342065
-0.033638
-0.0343731
-0.412787
-0.0385883
0.227177
0.408203
0.545938
0.649467
0.732066
0.804244
0.885149
0.878201
0.130773
0.279283
0.415076
0.531308
0.626577
0.703317
0.765314
0.808965
0.822722
0.836365
0.361819
0.457057
0.550025
0.63047
0.698381
0.754269
0.797678
0.828491
0.849876
0.868999
0.524395
0.590461
0.656282
0.714721
0.764657
0.806349
0.840283
0.867854
0.888966
0.908541
0.650193
0.698982
0.747214
0.791289
0.830047
0.863671
0.892683
0.917371
0.936206
0.954916
0.754934
0.792937
0.830032
0.865516
0.897979
0.927096
0.952794
0.974573
0.9913
1.00921
0.844692
0.877651
0.910327
0.941771
0.971114
0.997816
1.02139
1.04103
1.05574
1.07312
0.93063
0.96218
0.993738
1.02427
1.05275
1.07851
1.1009
1.11895
1.13201
1.14885
1.01939
1.0536
1.08676
1.11826
1.14709
1.17257
1.19412
1.21094
1.22279
1.23916
1.12146
1.16025
1.19619
1.22892
1.25786
1.28258
1.30287
1.31853
1.33013
1.34628
1.24772
1.28946
1.32622
1.35784
1.38492
1.40773
1.4266
1.44172
1.45415
1.47025
1.40487
1.44269
1.47444
1.50048
1.52309
1.54328
1.56149
1.57762
1.59165
1.60752
1.58643
1.61115
1.6327
1.65157
1.66941
1.6863
1.70264
1.7191
1.73472
1.7507
1.77197
1.78372
1.79833
1.81315
1.82691
1.83911
1.85042
1.86179
1.87467
1.89538
1.95998
1.96998
1.97693
1.97831
1.98041
1.98781
2.00095
2.0163
2.02937
2.05764
2.2364
2.17733
2.1297
2.09858
2.08544
2.09
2.11325
2.15857
2.22911
2.30772
0.745396
0.737896
0.728983
0.716169
0.702778
0.691201
0.682016
0.675174
0.670642
0.668737
0.670072
0.674216
0.680546
0.689
0.699707
0.712568
0.726283
0.737495
0.745286
0.751613
0.659341
0.667226
0.674378
0.679152
0.680418
0.678446
0.674735
0.670839
0.667838
0.66656
0.667729
0.670886
0.675131
0.679598
0.683018
0.683765
0.680862
0.674849
0.666854
0.660957
0.651254
0.654318
0.657415
0.659947
0.662338
0.664126
0.664647
0.664034
0.663086
0.662748
0.663678
0.665449
0.667117
0.667798
0.667005
0.665096
0.662849
0.660223
0.657042
0.654681
0.645899
0.647421
0.649664
0.651839
0.653449
0.654752
0.655905
0.656738
0.657229
0.657721
0.658481
0.659208
0.659452
0.659085
0.658325
0.657259
0.655634
0.653473
0.651652
0.650568
0.640674
0.641517
0.643014
0.644876
0.646644
0.648077
0.64924
0.650296
0.65129
0.652224
0.652986
0.653391
0.653409
0.653091
0.652389
0.651201
0.64966
0.648117
0.647092
0.646457
0.635624
0.636197
0.637282
0.638733
0.640308
0.641869
0.643293
0.644552
0.64573
0.646871
0.647772
0.648249
0.648298
0.647904
0.647096
0.646032
0.644885
0.643837
0.643159
0.642714
0.630679
0.631109
0.63198
0.633208
0.634574
0.636048
0.637575
0.639066
0.640486
0.64185
0.642947
0.643541
0.643614
0.643244
0.642589
0.641804
0.640971
0.640208
0.639716
0.639379
0.625798
0.626137
0.626859
0.627943
0.629214
0.630613
0.632137
0.633762
0.635429
0.637081
0.638419
0.639172
0.639386
0.639215
0.63881
0.638263
0.637657
0.637114
0.636753
0.636484
0.620902
0.621177
0.621795
0.622784
0.624003
0.625376
0.626921
0.628647
0.630529
0.63249
0.634144
0.63517
0.63565
0.635746
0.635592
0.63528
0.634882
0.634519
0.634256
0.634032
0.615898
0.616127
0.616675
0.617606
0.618797
0.620185
0.621797
0.623659
0.625768
0.628074
0.630131
0.631539
0.632363
0.632761
0.632871
0.632804
0.632614
0.632407
0.63222
0.632029
0.610694
0.610889
0.611389
0.612293
0.613494
0.614939
0.616662
0.61871
0.621109
0.623834
0.626387
0.628263
0.629491
0.630235
0.630642
0.630826
0.630847
0.630786
0.630661
0.630493
0.605193
0.605362
0.605835
0.606744
0.607996
0.609541
0.611425
0.613725
0.616496
0.619741
0.622898
0.625329
0.627031
0.628174
0.628913
0.629366
0.629619
0.629692
0.629619
0.629466
0.599291
0.599442
0.599907
0.60085
0.602193
0.603888
0.605996
0.608624
0.611864
0.615752
0.619638
0.622735
0.624994
0.626597
0.627723
0.628498
0.628977
0.629179
0.62915
0.629006
0.592872
0.593008
0.593482
0.594488
0.595965
0.597865
0.600271
0.603321
0.607144
0.611818
0.616588
0.620481
0.623403
0.625547
0.627108
0.628243
0.628981
0.629317
0.629327
0.629188
0.585794
0.58592
0.586417
0.587518
0.589175
0.591347
0.594136
0.597716
0.602262
0.607895
0.61373
0.618573
0.622281
0.625064
0.627139
0.628687
0.629715
0.630189
0.630235
0.630096
0.577904
0.578007
0.578541
0.579769
0.581661
0.58418
0.587454
0.591696
0.597133
0.603933
0.611048
0.617024
0.621659
0.625198
0.627893
0.62992
0.631271
0.63189
0.631968
0.631826
0.568929
0.56905
0.569636
0.571028
0.573221
0.57618
0.580062
0.585128
0.591662
0.59988
0.608529
0.615849
0.62158
0.626006
0.629439
0.63203
0.633745
0.634516
0.634623
0.634472
0.558607
0.558725
0.559406
0.56102
0.563599
0.567116
0.571762
0.577856
0.585742
0.595682
0.606164
0.615067
0.622088
0.62756
0.631853
0.635102
0.637229
0.638155
0.638285
0.638123
0.54659
0.546714
0.547507
0.549397
0.552465
0.556698
0.562314
0.569699
0.579255
0.591285
0.603949
0.614707
0.623228
0.629924
0.635211
0.639222
0.641797
0.642876
0.643021
0.642844
0.532365
0.532507
0.53346
0.535711
0.539408
0.544564
0.551426
0.560448
0.572083
0.586648
0.60189
0.6148
0.625038
0.63314
0.639583
0.644445
0.647491
0.648708
0.648856
0.64866
0.515225
0.515406
0.516596
0.519338
0.523876
0.530257
0.538752
0.54988
0.564119
0.581751
0.600009
0.615379
0.627564
0.637252
0.644977
0.650783
0.654297
0.655616
0.655749
0.655534
0.494169
0.494426
0.495972
0.499415
0.505127
0.513194
0.523892
0.537778
0.555295
0.576621
0.59836
0.616486
0.630835
0.642275
0.651395
0.658191
0.662118
0.663479
0.663576
0.663342
0.467663
0.468071
0.470188
0.474711
0.482169
0.492667
0.50644
0.523991
0.545629
0.57135
0.597032
0.618179
0.634862
0.648187
0.658795
0.666538
0.670749
0.672065
0.672103
0.671854
0.433234
0.433953
0.437052
0.443433
0.45375
0.467954
0.486114
0.508536
0.535281
0.566116
0.596161
0.620537
0.639663
0.65493
0.667053
0.675586
0.679868
0.681028
0.68099
0.680735
0.386508
0.387975
0.393211
0.403289
0.418606
0.438604
0.462983
0.491713
0.524588
0.56119
0.595918
0.623647
0.645248
0.662438
0.675983
0.684999
0.689031
0.689926
0.689809
0.689562
0.319387
0.323889
0.334926
0.352528
0.376376
0.405069
0.437755
0.474184
0.514056
0.5569
0.596469
0.627565
0.651594
0.670543
0.685195
0.694229
0.697673
0.698228
0.698061
0.697845
0.239148
0.247989
0.268335
0.29692
0.331621
0.370029
0.411518
0.456011
0.503304
0.553001
0.598158
0.63333
0.660422
0.681498
0.697031
0.705595
0.708393
0.70872
0.708597
0.70848
0.158674
0.17354
0.203244
0.242618
0.287778
0.335817
0.386131
0.438716
0.493425
0.549916
0.600573
0.639701
0.669716
0.692897
0.708965
0.716536
0.718364
0.718457
0.718366
0.718304
0.0919657
0.110362
0.146221
0.193713
0.247369
0.303823
0.362247
0.422473
0.484219
0.547084
0.60276
0.645377
0.677812
0.702453
0.718485
0.725225
0.726641
0.726694
0.726628
0.726584
0.0368338
0.0574219
0.0979704
0.151466
0.211706
0.275028
0.340396
0.407422
0.475597
0.544338
0.604619
0.650356
0.684866
0.710582
0.726552
0.732714
0.733889
0.733925
0.733878
0.733841
-0.00940862
0.0124869
0.0565408
0.114834
0.180489
0.249542
0.320823
0.393804
0.467766
0.541896
0.606418
0.654979
0.691298
0.717888
0.733697
0.739417
0.740472
0.740517
0.74049
0.740456
-0.0491705
-0.0264091
0.0203677
0.0825923
0.152833
0.226845
0.303315
0.381609
0.460834
0.539963
0.608432
0.659582
0.69748
0.724704
0.740276
0.745674
0.746682
0.746764
0.74677
0.74674
-0.0841427
-0.0607771
-0.0117885
0.0537346
0.127927
0.206297
0.287425
0.370579
0.454706
0.538558
0.610792
0.664374
0.703689
0.731388
0.746709
0.75187
0.752846
0.75299
0.75305
0.753036
-0.115571
-0.0917747
-0.0409268
0.0274521
0.105106
0.187347
0.272702
0.360366
0.449142
0.537556
0.613488
0.669447
0.710124
0.738293
0.753426
0.758377
0.759355
0.759572
0.759694
0.759705
-0.144495
-0.120284
-0.0678078
0.00311934
0.0838455
0.169554
0.25877
0.350643
0.443873
0.536782
0.61642
0.674827
0.716922
0.745629
0.760694
0.765556
0.766526
0.766778
0.766944
0.766982
-0.171486
-0.146882
-0.0929674
-0.0197456
0.0637279
0.152568
0.245327
0.341146
0.438661
0.536044
0.619497
0.680483
0.724129
0.753537
0.76863
0.773439
0.774373
0.774618
0.774802
0.774864
-0.197046
-0.172032
-0.116811
-0.0415178
0.0444305
0.136117
0.232142
0.331659
0.433308
0.535175
0.622608
0.68633
0.731645
0.761829
0.777061
0.781859
0.782717
0.782913
0.783089
0.783161
-0.221509
-0.196063
-0.139626
-0.0624583
0.0257277
0.120006
0.219034
0.322017
0.427646
0.534006
0.625611
0.692279
0.739359
0.770362
0.785743
0.79049
0.791259
0.791377
0.791515
0.791579
-0.245065
-0.219159
-0.161603
-0.0827378
0.00746589
0.104092
0.20588
0.312097
0.421534
0.532374
0.628362
0.698234
0.747173
0.778947
0.794409
0.799015
0.799676
0.799696
0.799784
0.799845
-0.26788
-0.2415
-0.182871
-0.102461
-0.0104479
0.088303
0.192607
0.301813
0.414856
0.530126
0.63071
0.704114
0.755077
0.78747
0.802782
0.807165
0.807672
0.807607
0.807644
0.807697
-0.289995
-0.263164
-0.2035
-0.121686
-0.0280604
0.0725904
0.179171
0.291119
0.40754
0.527136
0.632496
0.70984
0.763099
0.796007
0.810859
0.814758
0.815075
0.814942
0.814942
0.814982
-0.311463
-0.284181
-0.223501
-0.14044
-0.045388
0.0569496
0.165569
0.280002
0.399555
0.523299
0.633567
0.715307
0.771328
0.804797
0.818762
0.821803
0.821788
0.821621
0.821619
0.821648
-0.332233
-0.304523
-0.242894
-0.158741
-0.0624257
0.0414085
0.15183
0.26848
0.39089
0.518537
0.633754
0.720367
0.779813
0.814182
0.826983
0.828531
0.827806
0.827631
0.827762
0.827817
-0.352384
-0.32418
-0.261702
-0.176569
-0.0791393
0.0259993
0.138002
0.256607
0.38156
0.51282
0.632908
0.724825
0.788496
0.824528
0.836328
0.835788
0.833544
0.833107
0.833699
0.834075
-0.371807
-0.343161
-0.279904
-0.193901
-0.0955001
0.0107756
0.124134
0.244419
0.371625
0.506149
0.630889
0.728437
0.79717
0.835943
0.847692
0.8452
0.84055
0.838958
0.840057
0.841597
-0.390588
-0.361471
-0.297463
-0.210699
-0.111454
-0.00419427
0.110328
0.232023
0.361168
0.49856
0.627588
0.730922
0.805464
0.848073
0.861317
0.858337
0.851535
0.84634
0.841993
0.830879
-0.408686
-0.379156
-0.314523
-0.227174
-0.127298
-0.0192243
0.0961912
0.218994
0.349724
0.489627
0.622588
0.731938
0.813404
0.860964
0.877241
0.875946
0.867893
0.856794
0.846197
0.859555
-0.426117
-0.396225
-0.331062
-0.24329
-0.142994
-0.0342762
0.0817091
0.205333
0.337237
0.479174
0.615532
0.730565
0.820073
0.873522
0.892747
0.893776
0.883737
0.869097
0.818611
0.811769
-0.443375
-0.412893
-0.346836
-0.258781
-0.158112
-0.0489815
0.0670449
0.191298
0.323983
0.467359
0.606347
0.725896
0.824177
0.884327
0.902949
0.902503
0.885656
0.843542
0.784199
0.748848
-0.46366
-0.431103
-0.361375
-0.273279
-0.171787
-0.0629479
0.0526408
0.177174
0.310169
0.454269
0.594991
0.717319
0.823256
0.890519
0.917147
0.888189
0.850218
0.783443
0.717078
0.677538
-0.0208857
0.100114
0.228623
0.366663
0.511195
0.645247
0.759838
0.580439
-0.475821
-0.466455
-0.424024
-0.349104
-0.254283
-0.150189
-0.0380273
0.0818627
0.209786
0.346974
0.49095
0.625362
0.738015
0.82841
0.867528
0.799625
0.664927
0.582014
0.51711
-0.497837
-0.486324
-0.440088
-0.364001
-0.268885
-0.164771
-0.0529102
0.0666272
0.193876
0.330028
0.472255
0.604293
0.711076
0.784378
0.774626
0.654958
0.517157
0.422619
0.345845
-0.520044
-0.508279
-0.45975
-0.38271
-0.287714
-0.183411
-0.0714336
0.0478662
0.174274
0.308995
0.448321
0.575402
0.670839
0.722647
0.674777
0.508857
0.356564
0.241837
0.149462
-0.541919
-0.530192
-0.480399
-0.402251
-0.307088
-0.202759
-0.0910681
0.0275246
0.152745
0.28546
0.421124
0.541691
0.628679
0.647245
0.546601
0.359754
0.18193
0.0309033
-0.0946905
-0.563768
-0.552186
-0.50159
-0.422625
-0.327182
-0.222874
-0.111643
0.00604539
0.129824
0.260066
0.391342
0.504139
0.579705
0.558823
0.410929
0.212319
0.0111271
-0.160709
-0.325342
-0.586093
-0.57471
-0.523753
-0.444296
-0.348622
-0.244327
-0.133517
-0.0167202
0.105478
0.232957
0.359414
0.462379
0.521815
0.476911
0.283834
0.0789683
-0.128305
-0.310696
-0.449189
-0.571917
-0.609701
-0.598454
-0.547279
-0.467585
-0.371875
-0.26772
-0.157434
-0.0416927
0.0786189
0.202778
0.323656
0.416698
0.456303
0.372547
0.16565
-0.0419746
-0.235471
-0.381211
-0.432429
-0.453083
-0.634883
-0.623721
-0.572386
-0.492604
-0.397032
-0.293247
-0.183706
-0.0693455
0.0486402
0.168794
0.283137
0.365966
0.376281
0.254097
0.0539847
-0.14319
-0.312585
-0.38961
-0.412574
-0.415263
-0.66186
-0.650699
-0.599159
-0.519357
-0.424079
-0.320868
-0.212365
-0.0997329
0.0154699
0.130974
0.237791
0.309669
0.28913
0.14232
-0.0483732
-0.232023
-0.357866
-0.398152
-0.396542
-0.397483
-0.690615
-0.679407
-0.627625
-0.547857
-0.453015
-0.350592
-0.243423
-0.132872
-0.0209119
0.0893456
0.187823
0.246532
0.208551
0.0371107
-0.139052
-0.304327
-0.373426
-0.386311
-0.387512
-0.387537
-0.720925
-0.709638
-0.657674
-0.578031
-0.483764
-0.382378
-0.276837
-0.168761
-0.0604871
0.0439921
0.133606
0.178192
0.129085
-0.0541667
-0.219738
-0.34417
-0.386528
-0.381942
-0.381684
-0.381429
-0.752299
-0.740989
-0.689016
-0.609628
-0.516139
-0.416052
-0.312476
-0.20728
-0.103116
-0.00470379
0.0754038
0.108153
0.0364772
-0.135996
-0.286519
-0.363172
-0.376531
-0.377312
-0.377256
-0.377049
-0.784219
-0.772912
-0.721148
-0.642202
-0.549751
-0.451276
-0.350039
-0.248145
-0.148548
-0.0562524
0.0141923
0.0325879
-0.0537613
-0.205212
-0.333848
-0.371412
-0.375215
-0.37509
-0.37474
-0.374473
-0.815736
-0.804497
-0.753277
-0.675076
-0.584011
-0.487545
-0.389052
-0.290874
-0.196283
-0.110252
-0.0474909
-0.0452907
-0.13233
-0.261864
-0.356808
-0.390814
-0.379295
-0.375241
-0.373941
-0.373444
-0.845219
-0.834327
-0.784251
-0.707303
-0.618081
-0.524107
-0.428833
-0.334769
-0.24552
-0.166071
-0.10835
-0.11512
-0.201558
-0.304928
-0.370423
-0.374084
-0.376131
-0.375263
-0.374627
-0.374217
-0.871467
-0.860962
-0.812576
-0.737582
-0.650837
-0.559966
-0.468469
-0.378943
-0.295198
-0.222429
-0.169853
-0.177061
-0.257232
-0.331098
-0.373283
-0.379479
-0.375569
-0.375166
-0.375009
-0.374926
-0.891817
-0.882001
-0.83636
-0.764257
-0.680866
-0.593869
-0.506806
-0.422306
-0.34419
-0.2777
-0.230982
-0.232164
-0.298407
-0.348384
-0.36299
-0.372174
-0.374231
-0.374717
-0.375078
-0.375257
-0.904267
-0.89549
-0.853386
-0.785452
-0.706531
-0.624362
-0.542492
-0.463551
-0.391332
-0.33045
-0.287093
-0.285203
-0.332583
-0.369376
-0.377708
-0.376178
-0.37806
-0.377971
-0.377794
-0.3777
-0.90631
-0.898959
-0.861432
-0.799197
-0.726064
-0.649903
-0.574094
-0.50122
-0.435146
-0.37987
-0.33675
-0.332144
-0.361888
-0.391419
-0.401129
-0.388707
-0.38388
-0.381851
-0.380906
-0.380506
-0.895649
-0.889666
-0.858262
-0.803517
-0.737903
-0.669052
-0.600273
-0.533926
-0.473872
-0.424922
-0.383095
-0.365849
-0.379281
-0.388376
-0.401281
-0.388595
-0.382501
-0.38069
-0.380044
-0.379726
-0.869317
-0.865104
-0.841472
-0.79694
-0.740987
-0.680805
-0.620016
-0.560621
-0.506262
-0.463135
-0.427746
-0.391352
-0.376113
-0.367498
-0.360402
-0.366945
-0.372351
-0.374964
-0.376159
-0.37659
-0.830952
-0.828286
-0.813131
-0.780021
-0.735418
-0.685111
-0.632875
-0.580741
-0.531902
-0.492692
-0.466695
-0.429703
-0.386171
-0.357579
-0.365855
-0.377277
-0.3779
-0.378384
-0.380475
-0.38172
-0.78771
-0.786033
-0.778553
-0.756795
-0.723679
-0.683228
-0.639346
-0.59414
-0.550409
-0.513697
-0.487531
-0.457713
-0.422912
-0.395826
-0.378636
-0.376432
-0.390017
-0.406747
-0.413753
-0.4154
-0.749703
-0.748595
-0.745048
-0.733286
-0.709702
-0.677739
-0.640889
-0.601308
-0.561342
-0.524971
-0.498078
-0.475158
-0.468391
-0.476248
-0.486555
-0.508366
-0.525905
-0.513092
-0.496714
-0.493547
-0.722453
-0.721827
-0.719574
-0.713783
-0.697577
-0.671953
-0.639856
-0.603732
-0.564996
-0.526901
-0.497475
-0.473554
-0.501436
-0.571187
-0.68365
-0.748253
-0.768322
-0.74235
-0.686322
-0.642974
-0.702767
-0.702348
-0.701494
-0.699191
-0.689332
-0.668354
-0.638672
-0.603095
-0.562928
-0.520316
-0.484515
-0.454447
-0.446188
-0.45923
-0.517466
-0.568921
-0.562024
-0.526484
-0.486974
-0.451017
-0.690827
-0.690724
-0.690357
-0.68907
-0.68402
-0.66674
-0.637917
-0.601097
-0.558042
-0.509157
-0.460474
-0.417031
-0.348518
-0.265267
-0.194884
-0.130525
-0.0725513
-0.0480977
-0.0308783
-0.019438
-0.682627
-0.682603
-0.682305
-0.681943
-0.679723
-0.666367
-0.638105
-0.598741
-0.551645
-0.49519
-0.431222
-0.366011
-0.256372
-0.0841942
0.104248
0.266007
0.361135
0.408472
0.427222
0.435446
-0.677315
-0.677309
-0.677209
-0.677123
-0.675702
-0.666911
-0.639654
-0.597606
-0.545869
-0.48188
-0.402413
-0.319226
-0.185113
0.0268582
0.267732
0.480877
0.639259
0.742721
0.804072
0.836994
-0.672969
-0.673008
-0.673036
-0.673
-0.673196
-0.667553
-0.642288
-0.598374
-0.542088
-0.471143
-0.381936
-0.286288
-0.145493
0.0957005
0.394814
0.684096
0.925206
1.08691
1.17591
1.21476
-0.669005
-0.669121
-0.669207
-0.669219
-0.669243
-0.666755
-0.644998
-0.601725
-0.541752
-0.466573
-0.372543
-0.269492
-0.136401
0.106381
0.415457
0.728
1.00587
1.20337
1.30329
1.33539
-0.666145
-0.666219
-0.666098
-0.665617
-0.665091
-0.663568
-0.647723
-0.607306
-0.546186
-0.468826
-0.374904
-0.273947
-0.162507
0.0517219
0.331965
0.604119
0.84413
1.01836
1.10297
1.12773
-0.665425
-0.665438
-0.665157
-0.664363
-0.662706
-0.661086
-0.652697
-0.616209
-0.555873
-0.477387
-0.388225
-0.296102
-0.203387
-0.0349002
0.195628
0.407949
0.583886
0.707648
0.765768
0.781937
-0.668122
-0.668385
-0.668769
-0.669564
-0.670178
-0.670393
-0.665815
-0.631227
-0.567955
-0.491871
-0.410406
-0.326699
-0.251897
-0.126866
0.048181
0.199786
0.317831
0.396258
0.431457
0.44183
-0.672105
-0.672939
-0.675114
-0.681346
-0.692695
-0.702764
-0.693552
-0.649021
-0.580375
-0.512206
-0.438244
-0.362582
-0.302257
-0.215331
-0.0871548
0.0225571
0.100553
0.149504
0.171452
0.178794
-0.676915
-0.677983
-0.680579
-0.688688
-0.705754
-0.721711
-0.711058
-0.655927
-0.592423
-0.536565
-0.466747
-0.397862
-0.34993
-0.284567
-0.188736
-0.108799
-0.0530572
-0.0174381
0.000589435
0.00613462
-0.692609
-0.693176
-0.694806
-0.694912
-0.685368
-0.674199
-0.663237
-0.632625
-0.603919
-0.559645
-0.492276
-0.432843
-0.394552
-0.345731
-0.267576
-0.200968
-0.154666
-0.123131
-0.108549
-0.104318
-0.716004
-0.716059
-0.716132
-0.706178
-0.65722
-0.586903
-0.572936
-0.60378
-0.617283
-0.578073
-0.514038
-0.463616
-0.431718
-0.391737
-0.326999
-0.271136
-0.229871
-0.200241
-0.186456
-0.183511
-0.743004
-0.741684
-0.739191
-0.729423
-0.688121
-0.634593
-0.609147
-0.648314
-0.653215
-0.600173
-0.53352
-0.489792
-0.46135
-0.42544
-0.368366
-0.320581
-0.285592
-0.260805
-0.250217
-0.248048
-0.808576
-0.804477
-0.81359
-0.843759
-0.873194
-0.867142
-0.835847
-0.800576
-0.730596
-0.633177
-0.554412
-0.509252
-0.4779
-0.445177
-0.397921
-0.357923
-0.328491
-0.308772
-0.300238
-0.298777
-0.940141
-0.941104
-0.972822
-1.03008
-1.0747
-1.08192
-1.04254
-0.954573
-0.811152
-0.664399
-0.574202
-0.517501
-0.480081
-0.450185
-0.409542
-0.37743
-0.355083
-0.341025
-0.335069
-0.334002
-1.04771
-1.05409
-1.0859
-1.12939
-1.163
-1.16989
-1.12647
-1.01496
-0.82541
-0.671679
-0.576334
-0.507292
-0.470999
-0.44419
-0.408291
-0.381769
-0.364819
-0.354918
-0.350678
-0.349903
-1.0401
-1.04638
-1.06814
-1.09779
-1.12422
-1.1312
-1.09287
-0.964423
-0.773728
-0.644862
-0.544336
-0.479
-0.451421
-0.423559
-0.392013
-0.371238
-0.358125
-0.350123
-0.346568
-0.345996
-0.903844
-0.909311
-0.927323
-0.95327
-0.978418
-0.987937
-0.952778
-0.83263
-0.690123
-0.578226
-0.486122
-0.440366
-0.415101
-0.390934
-0.364945
-0.347003
-0.335082
-0.327973
-0.324914
-0.324581
-0.663975
-0.671435
-0.690223
-0.71947
-0.750265
-0.765695
-0.737969
-0.6538
-0.565147
-0.477911
-0.421564
-0.388291
-0.365313
-0.350263
-0.328949
-0.312621
-0.301492
-0.294393
-0.2913
-0.29118
-0.373601
-0.3799
-0.396578
-0.425324
-0.459546
-0.484585
-0.480753
-0.449871
-0.411349
-0.372237
-0.348385
-0.322286
-0.314091
-0.303411
-0.282484
-0.268984
-0.25965
-0.253606
-0.251247
-0.251401
-0.115568
-0.119853
-0.131693
-0.15526
-0.190285
-0.22798
-0.257022
-0.273922
-0.27719
-0.274423
-0.262988
-0.257738
-0.257815
-0.248839
-0.232836
-0.222347
-0.214141
-0.209088
-0.207533
-0.207882
0.0423831
0.0395415
0.031483
0.0124173
-0.0198901
-0.0639204
-0.112822
-0.152133
-0.175101
-0.185634
-0.19102
-0.193378
-0.19542
-0.19047
-0.178756
-0.170789
-0.164717
-0.161558
-0.160872
-0.161242
0.0974446
0.0954452
0.0894781
0.0745891
0.0472382
0.00914127
-0.0323621
-0.0714419
-0.100136
-0.116799
-0.125273
-0.128235
-0.131175
-0.129408
-0.122249
-0.116922
-0.112742
-0.110686
-0.110458
-0.110968
0.081262
0.0798563
0.0759058
0.0661335
0.0485425
0.0232216
-0.00493917
-0.029688
-0.0465173
-0.0570876
-0.0642672
-0.0683549
-0.0685874
-0.0678361
-0.0645246
-0.0624891
-0.0599855
-0.0584679
-0.0584674
-0.0592776
0.0545208
0.053366
0.0493332
0.0404911
0.0265886
0.00912775
-0.00885798
-0.0220767
-0.0298049
-0.0346073
-0.0395473
-0.0382635
-0.039715
-0.0379343
-0.0374196
-0.036596
-0.0348635
-0.0337585
-0.0337678
-0.0129166
-0.189161
0.0743376
0.245605
0.405752
0.533743
0.634787
0.714662
0.781719
0.824399
0.813513
0.201082
0.317404
0.433588
0.537504
0.625325
0.698029
0.756829
0.800454
0.82643
0.842206
0.412431
0.487882
0.567852
0.641304
0.704251
0.757164
0.799995
0.833028
0.858418
0.878102
0.56302
0.618366
0.675404
0.729307
0.776306
0.816575
0.850612
0.879234
0.902886
0.920957
0.682752
0.726441
0.768411
0.809372
0.846548
0.879597
0.908725
0.933993
0.954553
0.971269
0.784298
0.818162
0.852921
0.886947
0.918825
0.947985
0.974146
0.996846
1.015
1.03011
0.873706
0.903487
0.935288
0.96683
0.996627
1.02407
1.04866
1.06966
1.08587
1.09962
0.959856
0.990156
1.02249
1.05429
1.08415
1.11132
1.13521
1.15508
1.16978
1.18237
1.05225
1.08627
1.12189
1.15552
1.18628
1.21346
1.23664
1.25535
1.26895
1.28112
1.16335
1.20151
1.24057
1.27544
1.30602
1.33214
1.35386
1.37126
1.38442
1.39719
1.30485
1.34321
1.38165
1.41379
1.44096
1.46422
1.4842
1.50117
1.51516
1.52896
1.48042
1.50999
1.53997
1.56425
1.58527
1.60458
1.62275
1.64006
1.65592
1.67077
1.67379
1.68813
1.7057
1.72247
1.73899
1.75442
1.76857
1.78261
1.79747
1.81363
1.86275
1.86704
1.8799
1.89207
1.90207
1.91138
1.92156
1.9322
1.94154
1.95375
2.09214
2.07855
2.06973
2.05469
2.04361
2.04307
2.05508
2.07888
2.11071
2.14648
2.46634
2.30784
2.20234
2.14347
2.11438
2.10784
2.123
2.16422
2.24345
2.38857
-0.45617
-0.452745
-0.40969
-0.334038
-0.23877
-0.133938
0.85928
0.905409
0.881814
0.80106
0.724034
0.652781
0.454509
0.266669
0.049367
-0.236059
-0.573625
)
;

boundaryField
{
    wall-4
    {
        type            zeroGradient;
    }
    pressure-outlet-7
    {
        type            fixedValue;
        value           uniform 0;
    }
    velocity-inlet-6
    {
        type            zeroGradient;
    }
    velocity-inlet-5
    {
        type            zeroGradient;
    }
    frontAndBackPlanes
    {
        type            empty;
    }
}


// ************************************************************************* //
