/*--------------------------------*- C++ -*----------------------------------*\
  =========                 |
  \\      /  F ield         | OpenFOAM: The Open Source CFD Toolbox
   \\    /   O peration     | Website:  https://openfoam.org
    \\  /    A nd           | Version:  6
     \\/     M anipulation  |
\*---------------------------------------------------------------------------*/
FoamFile
{
    version     2.0;
    format      ascii;
    class       volScalarField;
    location    "41.6";
    object      p;
}
// * * * * * * * * * * * * * * * * * * * * * * * * * * * * * * * * * * * * * //

dimensions      [0 2 -2 0 0 0 0];

internalField   nonuniform List<scalar> 
8800
(
0.911732
0.862413
0.82444
0.796359
0.776178
0.761561
0.750921
0.743328
0.73837
0.7362
0.737455
0.741702
0.748423
0.757793
0.770491
0.787784
0.811644
0.844731
0.887661
0.940172
0.746241
0.752583
0.761724
0.765262
0.762638
0.756528
0.749555
0.743264
0.738393
0.735433
0.735088
0.737605
0.742158
0.748221
0.755275
0.762276
0.767132
0.766992
0.760306
0.751401
0.719792
0.726023
0.730512
0.734367
0.737293
0.738212
0.737081
0.734898
0.732831
0.731878
0.732785
0.735131
0.737935
0.740145
0.740621
0.7388
0.735411
0.731381
0.72659
0.722872
0.715546
0.718307
0.720901
0.723041
0.724753
0.726286
0.72734
0.727624
0.727414
0.727385
0.728051
0.729076
0.729726
0.729505
0.728477
0.727083
0.725384
0.72306
0.720637
0.71907
0.710564
0.711986
0.713811
0.71587
0.717553
0.718805
0.719847
0.720746
0.721444
0.722033
0.722587
0.722914
0.722832
0.722385
0.721654
0.720491
0.718797
0.716876
0.71551
0.714707
0.705669
0.70657
0.707801
0.709403
0.711061
0.712546
0.713764
0.714794
0.715727
0.716573
0.717174
0.717408
0.717291
0.716824
0.715945
0.714698
0.71329
0.711991
0.711155
0.710632
0.700883
0.701536
0.702482
0.703773
0.705181
0.706644
0.708053
0.70931
0.710426
0.711435
0.712166
0.712464
0.712327
0.711768
0.710892
0.709875
0.708821
0.707875
0.707279
0.706896
0.696205
0.696708
0.697477
0.698587
0.699844
0.701201
0.702623
0.704045
0.705389
0.706614
0.707505
0.707877
0.707762
0.707285
0.7066
0.705815
0.705
0.704287
0.703842
0.703546
0.691587
0.691986
0.69263
0.693619
0.694803
0.696103
0.697515
0.699021
0.700565
0.702045
0.703142
0.703651
0.703681
0.703394
0.702916
0.702325
0.701694
0.70116
0.700824
0.700586
0.686955
0.687281
0.687838
0.688747
0.689881
0.691163
0.692599
0.694189
0.695896
0.697623
0.699004
0.699774
0.700044
0.69998
0.699704
0.69931
0.698853
0.698467
0.698213
0.698015
0.682228
0.682498
0.682994
0.683856
0.68497
0.68627
0.687767
0.689474
0.691376
0.693405
0.695135
0.696238
0.696804
0.696993
0.696935
0.696731
0.696439
0.696182
0.695994
0.695826
0.67733
0.677556
0.678013
0.678858
0.679994
0.681356
0.682952
0.684826
0.686989
0.689386
0.691551
0.693055
0.693963
0.694442
0.694621
0.694611
0.694483
0.694337
0.694203
0.694057
0.67218
0.672371
0.672808
0.673666
0.674861
0.676331
0.678097
0.680219
0.682731
0.685599
0.688292
0.690268
0.691558
0.692344
0.692779
0.692971
0.693008
0.692967
0.692877
0.692748
0.666689
0.666852
0.667287
0.668189
0.66949
0.67112
0.673118
0.675571
0.678539
0.682006
0.685342
0.68787
0.689602
0.69074
0.69146
0.691877
0.692074
0.692127
0.692078
0.691961
0.660759
0.660897
0.661344
0.662316
0.663762
0.665605
0.667892
0.670747
0.67426
0.678453
0.68258
0.685798
0.688086
0.689658
0.690716
0.691386
0.691764
0.691919
0.691906
0.691798
0.654268
0.654381
0.654852
0.655922
0.657557
0.659677
0.662347
0.665715
0.669919
0.675004
0.680102
0.684147
0.687099
0.689186
0.69063
0.691589
0.692171
0.692431
0.692455
0.692352
0.647059
0.647156
0.647661
0.648857
0.650744
0.653228
0.656397
0.660438
0.665511
0.6717
0.677978
0.683032
0.686746
0.689415
0.691319
0.692614
0.693423
0.693797
0.693857
0.693758
0.638905
0.638995
0.639553
0.640918
0.643131
0.646074
0.649859
0.654736
0.660934
0.668527
0.676214
0.68243
0.687063
0.690449
0.692903
0.694599
0.695671
0.69617
0.696266
0.696167
0.629544
0.629612
0.630248
0.631828
0.634442
0.637954
0.642517
0.64842
0.65592
0.66517
0.674625
0.682333
0.688101
0.692358
0.695493
0.697674
0.699061
0.699704
0.699839
0.699737
0.618604
0.618654
0.619389
0.621257
0.624388
0.628654
0.634246
0.641518
0.650784
0.662154
0.673682
0.683045
0.690096
0.695358
0.699272
0.702035
0.703783
0.704584
0.704756
0.704647
0.605544
0.605582
0.606452
0.608705
0.612525
0.617778
0.624688
0.633673
0.645077
0.659008
0.67307
0.684468
0.693073
0.699527
0.704376
0.707836
0.710013
0.71099
0.711195
0.711072
0.589588
0.589623
0.590698
0.59349
0.598237
0.60482
0.6135
0.624753
0.638911
0.655985
0.673043
0.686769
0.697139
0.70498
0.710927
0.7152
0.717871
0.719034
0.719262
0.719119
0.569544
0.56959
0.571001
0.574628
0.580751
0.589253
0.600408
0.614703
0.632381
0.653287
0.673792
0.690139
0.70248
0.71187
0.719007
0.724198
0.727388
0.72873
0.728966
0.728795
0.543576
0.543659
0.545661
0.550666
0.558951
0.57031
0.584964
0.603303
0.625371
0.65082
0.675279
0.694559
0.709074
0.720167
0.728643
0.734811
0.73852
0.740006
0.74023
0.740026
0.508636
0.508859
0.512078
0.519671
0.531678
0.547476
0.56718
0.590897
0.618401
0.64911
0.677908
0.700292
0.71709
0.729965
0.739846
0.746985
0.751141
0.752702
0.752886
0.752647
0.458973
0.460078
0.466561
0.479502
0.498011
0.520675
0.547356
0.577839
0.611719
0.648284
0.681728
0.707363
0.726506
0.741188
0.752498
0.760558
0.765026
0.766567
0.766682
0.766408
0.386134
0.393545
0.408506
0.431247
0.459439
0.491295
0.526485
0.56477
0.605775
0.648793
0.687326
0.716541
0.738335
0.755109
0.768037
0.777019
0.78183
0.783402
0.783503
0.783265
0.308415
0.324502
0.348826
0.382113
0.420567
0.461797
0.505607
0.55195
0.600558
0.650832
0.695548
0.729412
0.75474
0.774298
0.789326
0.799564
0.804728
0.806283
0.806419
0.80631
0.241913
0.261625
0.29378
0.336092
0.383621
0.433683
0.485886
0.540146
0.596195
0.653477
0.70406
0.742266
0.770845
0.792948
0.809878
0.82099
0.826366
0.828035
0.82822
0.828184
0.187576
0.209502
0.247007
0.29582
0.350438
0.407904
0.467526
0.529071
0.592107
0.656041
0.712127
0.754357
0.785856
0.810123
0.828573
0.840796
0.846907
0.848636
0.848843
0.848858
0.142436
0.165673
0.207024
0.260898
0.321218
0.384782
0.45073
0.518697
0.588106
0.658193
0.719434
0.765317
0.79948
0.825724
0.845583
0.858725
0.865421
0.867359
0.867685
0.86773
0.103831
0.127885
0.172079
0.230042
0.295129
0.363885
0.43531
0.508948
0.584107
0.65984
0.725813
0.775083
0.811605
0.839531
0.860419
0.874271
0.881451
0.883762
0.884177
0.884234
0.0697334
0.0943589
0.140786
0.202131
0.271276
0.34454
0.420816
0.499561
0.57996
0.660909
0.731274
0.783666
0.822261
0.851445
0.873015
0.887335
0.894914
0.897579
0.898125
0.898189
0.0386746
0.0637819
0.112067
0.176302
0.248965
0.326184
0.406812
0.490224
0.575478
0.661356
0.735891
0.791187
0.831618
0.861805
0.883918
0.89859
0.906476
0.909391
0.910011
0.910062
0.00969601
0.0352528
0.0851305
0.151929
0.227682
0.308411
0.392965
0.480665
0.570504
0.661097
0.739703
0.797767
0.839874
0.870942
0.893501
0.908447
0.916549
0.919591
0.920204
0.920213
-0.0179326
0.00812114
0.0594667
0.128561
0.207062
0.290939
0.379052
0.47072
0.564892
0.660069
0.742694
0.803497
0.847215
0.879118
0.902074
0.917218
0.925401
0.928523
0.929169
0.929151
-0.0445043
-0.0180003
0.0347009
0.10588
0.186858
0.273577
0.364931
0.460269
0.558547
0.658207
0.744854
0.808437
0.853809
0.8866
0.909989
0.925321
0.933534
0.936622
0.937274
0.937254
-0.070385
-0.0433391
0.0106175
0.0836879
0.166908
0.256192
0.350508
0.449245
0.551407
0.655432
0.746152
0.812639
0.859794
0.893579
0.917455
0.932959
0.941183
0.944202
0.944768
0.944699
-0.0956375
-0.0680464
-0.0129134
0.0618795
0.147125
0.238728
0.335741
0.437618
0.54343
0.651698
0.746553
0.81614
0.86527
0.900173
0.924585
0.940243
0.948397
0.951301
0.951771
0.95164
-0.120335
-0.0921776
-0.035951
0.0404138
0.127477
0.221167
0.320623
0.425377
0.534601
0.646958
0.746002
0.818926
0.870293
0.906486
0.93148
0.947233
0.955209
0.957911
0.958259
0.958083
-0.144536
-0.115795
-0.0584949
0.0192907
0.107965
0.203528
0.305184
0.412552
0.524925
0.641171
0.744421
0.820938
0.874891
0.912619
0.938243
0.953996
0.961668
0.964069
0.964288
0.964078
-0.168267
-0.138857
-0.0805339
-0.00147432
0.0886346
0.185855
0.289478
0.399189
0.514425
0.634308
0.741727
0.822078
0.87904
0.918676
0.94503
0.960611
0.967752
0.969752
0.969832
0.9696
-0.191362
-0.161323
-0.102032
-0.0218521
0.06953
0.168219
0.273568
0.385363
0.503156
0.626383
0.737846
0.822225
0.882645
0.924736
0.952089
0.9673
0.973535
0.974939
0.974861
0.974626
-0.213786
-0.183147
-0.122961
-0.0417838
0.0507167
0.150684
0.257549
0.371151
0.491198
0.617418
0.732726
0.821242
0.885533
0.930767
0.95974
0.974566
0.979317
0.979671
0.979351
0.979154
-0.235593
-0.204293
-0.143288
-0.0612259
0.0322624
0.133339
0.241511
0.356655
0.478641
0.607479
0.726321
0.818992
0.887453
0.93653
0.968193
0.983293
0.986114
0.984406
0.983332
0.983339
-0.256625
-0.224735
-0.162955
-0.0801101
0.0142286
0.116269
0.22555
0.341987
0.465601
0.596669
0.718616
0.815328
0.888127
0.941521
0.977155
0.994319
0.996157
0.991518
0.987599
0.985767
-0.276979
-0.244477
-0.181973
-0.0984697
-0.00342179
0.0994291
0.20961
0.327079
0.452
0.584913
0.709459
0.809985
0.887255
0.945106
0.985616
1.00737
1.01143
1.00568
0.99447
0.993203
-0.296571
-0.263599
-0.200484
-0.116507
-0.0209951
0.082467
0.193255
0.311422
0.437264
0.571544
0.698145
0.802131
0.884222
0.946355
0.991327
1.019
1.02663
1.0176
0.999539
0.994726
-0.315265
-0.282068
-0.218317
-0.134017
-0.0382339
0.065692
0.176705
0.295348
0.421702
0.556834
0.684795
0.791264
0.878408
0.944122
0.989639
1.01704
1.02867
1.00687
0.947857
0.921591
-0.33294
-0.300699
-0.235075
-0.150487
-0.0544343
0.0495913
0.160231
0.279129
0.405597
0.540966
0.669502
0.77692
0.869
0.937835
0.976102
0.997132
0.993073
0.945988
0.884455
0.846504
-0.377099
-0.318684
-0.250617
-0.166568
-0.0703738
0.0332392
0.143968
0.262649
0.388753
0.523617
0.65191
0.75868
0.852604
0.926134
0.950415
0.947125
0.909375
0.849922
0.782942
0.746035
-0.352401
-0.334138
-0.274082
-0.190099
-0.09461
0.0087295
0.118752
0.236709
0.361729
0.494852
0.621093
0.725109
0.810432
0.888773
0.880575
0.783035
0.699462
0.641196
0.579813
0.609519
-0.384221
-0.352452
-0.2916
-0.208159
-0.112866
-0.00983781
0.100306
0.21758
0.341505
0.472716
0.596122
0.696425
0.772111
0.815128
0.772167
0.641751
0.539166
0.469948
0.390363
0.438862
-0.409063
-0.37481
-0.312152
-0.228601
-0.133416
-0.0304551
0.0795638
0.196023
0.318534
0.447264
0.566807
0.661257
0.725484
0.732705
0.635128
0.486903
0.363292
0.274987
0.181758
0.215852
-0.433328
-0.397931
-0.333852
-0.249674
-0.154397
-0.051559
0.0579701
0.173456
0.294342
0.420227
0.535022
0.622715
0.670352
0.646176
0.496389
0.325301
0.169914
0.0395399
-0.0824634
-0.0671082
-0.457352
-0.421492
-0.356478
-0.271739
-0.176299
-0.0736561
0.0352492
0.149623
0.268616
0.391288
0.500672
0.581111
0.609163
0.543532
0.360432
0.168345
-0.0150461
-0.165891
-0.36992
-0.448976
-0.481817
-0.445952
-0.38037
-0.295221
-0.1996
-0.0971011
0.0112467
0.124485
0.24148
0.360721
0.464394
0.535754
0.540869
0.423765
0.236717
0.0318288
-0.156851
-0.316345
-0.438929
-0.559183
-0.507806
-0.4718
-0.405891
-0.320515
-0.224846
-0.122588
-0.0148968
0.0970337
0.211696
0.326984
0.424504
0.484137
0.463335
0.309585
0.120955
-0.0779697
-0.250027
-0.34526
-0.371105
-0.384755
-0.535453
-0.499325
-0.433174
-0.347723
-0.25219
-0.150346
-0.043562
0.0667464
0.17863
0.289249
0.38011
0.423382
0.384244
0.2002
0.0131623
-0.165629
-0.295102
-0.332027
-0.340964
-0.341254
-0.56504
-0.528651
-0.462259
-0.376832
-0.281579
-0.18038
-0.0747738
0.0335607
0.142201
0.247451
0.330656
0.358745
0.290303
0.100105
-0.0808645
-0.236201
-0.308313
-0.322084
-0.323089
-0.322928
-0.596579
-0.559817
-0.493157
-0.40783
-0.313021
-0.212674
-0.10854
-0.00254998
0.102408
0.201651
0.275862
0.290027
0.184548
0.00911781
-0.16165
-0.284543
-0.312321
-0.312896
-0.313171
-0.312655
-0.629809
-0.592642
-0.525753
-0.440623
-0.346416
-0.247162
-0.144827
-0.0415736
0.0592739
0.151948
0.216753
0.212477
0.089298
-0.0756072
-0.225007
-0.293803
-0.308871
-0.308067
-0.307985
-0.307397
-0.664149
-0.62677
-0.559769
-0.474962
-0.381553
-0.283664
-0.183464
-0.0833978
0.012974
0.0987303
0.153483
0.133008
0.000272399
-0.151451
-0.268711
-0.302583
-0.302859
-0.304067
-0.304087
-0.303896
-0.699159
-0.661658
-0.594709
-0.510402
-0.418046
-0.321824
-0.224124
-0.127748
-0.0362406
0.0427929
0.0844901
0.0555844
-0.0827748
-0.212105
-0.299009
-0.305409
-0.303777
-0.30078
-0.299779
-0.299717
-0.733833
-0.696384
-0.62979
-0.546259
-0.455287
-0.361117
-0.266283
-0.174095
-0.0880028
-0.015263
0.0149662
-0.0272044
-0.159011
-0.258647
-0.309019
-0.319282
-0.309478
-0.303399
-0.300241
-0.298961
-0.766295
-0.729636
-0.663941
-0.581586
-0.492421
-0.400755
-0.309208
-0.221562
-0.141659
-0.0751086
-0.0505515
-0.12007
-0.235341
-0.30062
-0.315931
-0.323301
-0.326863
-0.326155
-0.323219
-0.321106
-0.79546
-0.759874
-0.695712
-0.615114
-0.528293
-0.439655
-0.351948
-0.269002
-0.195979
-0.136509
-0.116161
-0.211165
-0.327327
-0.354484
-0.362007
-0.366685
-0.364941
-0.365197
-0.365533
-0.364635
-0.818584
-0.784948
-0.723295
-0.64523
-0.561472
-0.476434
-0.393201
-0.315183
-0.249152
-0.197911
-0.181927
-0.292656
-0.44623
-0.490067
-0.466189
-0.458829
-0.451558
-0.447847
-0.444531
-0.441698
-0.833519
-0.802656
-0.744541
-0.670079
-0.590267
-0.50953
-0.431186
-0.358784
-0.299016
-0.256208
-0.245338
-0.356408
-0.570348
-0.720535
-0.669288
-0.593418
-0.566699
-0.55984
-0.551177
-0.54816
-0.837456
-0.810522
-0.75725
-0.687698
-0.612815
-0.537278
-0.463975
-0.397699
-0.343677
-0.309223
-0.300942
-0.396351
-0.564746
-0.768167
-0.693979
-0.65879
-0.637368
-0.614989
-0.603516
-0.600674
-0.828444
-0.806235
-0.759274
-0.696163
-0.627469
-0.557837
-0.490183
-0.428895
-0.380902
-0.354887
-0.335858
-0.408944
-0.358336
-0.379441
-0.386637
-0.522324
-0.574771
-0.567713
-0.567826
-0.567001
-0.8033
-0.786655
-0.748634
-0.694118
-0.63295
-0.569885
-0.50821
-0.450938
-0.406787
-0.386781
-0.377365
-0.387016
-0.239595
-0.0252641
-0.11714
-0.341457
-0.464632
-0.487442
-0.49898
-0.502665
-0.76509
-0.754154
-0.72592
-0.681722
-0.628933
-0.573089
-0.516416
-0.463595
-0.419943
-0.396875
-0.419734
-0.443428
-0.489538
-0.564636
-0.84041
-0.992618
-0.981441
-0.800615
-0.6854
-0.684636
-0.719964
-0.71371
-0.695747
-0.661665
-0.61754
-0.567643
-0.515437
-0.464428
-0.419627
-0.393304
-0.416227
-0.561618
-0.99329
-1.40407
-1.60025
-1.73157
-1.70457
-1.55973
-1.38953
-1.31651
-0.677283
-0.673696
-0.664146
-0.639381
-0.601821
-0.556152
-0.506278
-0.452634
-0.403483
-0.369389
-0.348571
-0.49386
-0.821956
-1.34594
-1.67924
-1.76343
-1.66616
-1.48261
-1.31919
-1.21636
-0.644142
-0.641999
-0.637144
-0.619837
-0.58696
-0.542346
-0.49038
-0.433029
-0.367151
-0.298834
-0.227386
-0.19364
-0.261717
-0.260364
-0.144645
0.129303
0.459818
0.706307
0.833196
0.887682
-0.617719
-0.61685
-0.615445
-0.605451
-0.576587
-0.530771
-0.472884
-0.405455
-0.324133
-0.223097
-0.108417
0.078175
0.319522
0.675646
1.14056
1.58411
1.94457
2.17784
2.28491
2.32384
-0.601205
-0.600683
-0.600269
-0.595208
-0.570868
-0.523399
-0.45787
-0.377904
-0.28716
-0.164542
-0.0342434
0.136094
0.416074
0.856813
1.4481
1.98371
2.37711
2.60132
2.70567
2.73445
-0.590624
-0.589842
-0.588835
-0.587512
-0.569711
-0.521588
-0.449079
-0.358978
-0.25755
-0.144641
-0.00796728
0.111882
0.346566
0.766721
1.2872
1.74971
2.08589
2.2875
2.37742
2.39918
-0.589927
-0.587728
-0.585064
-0.586208
-0.57611
-0.526638
-0.444077
-0.348522
-0.239901
-0.13139
-0.0105491
0.0965266
0.236086
0.586042
0.996342
1.33993
1.59561
1.74224
1.80309
1.81962
-0.608496
-0.606862
-0.608482
-0.613073
-0.599572
-0.535847
-0.437759
-0.333992
-0.229235
-0.11873
-0.0235966
0.0712156
0.156228
0.391127
0.699346
0.951316
1.12829
1.22101
1.26108
1.27016
-0.631688
-0.635968
-0.646471
-0.649505
-0.620826
-0.533384
-0.4199
-0.311324
-0.210749
-0.11073
-0.0292742
0.0363951
0.100739
0.278763
0.481082
0.64653
0.758076
0.819138
0.843518
0.848832
-0.600503
-0.609623
-0.623169
-0.623554
-0.582445
-0.48487
-0.375729
-0.277049
-0.184283
-0.100586
-0.0332388
0.00799714
0.0386535
0.159928
0.303807
0.414715
0.486382
0.524035
0.540149
0.543669
-0.459681
-0.468702
-0.479823
-0.478537
-0.443845
-0.373782
-0.298272
-0.222627
-0.151375
-0.0846031
-0.0317112
0.012154
0.0295246
0.122699
0.226742
0.292257
0.32968
0.348205
0.35573
0.356936
-0.250401
-0.255883
-0.263778
-0.267638
-0.256421
-0.23015
-0.19625
-0.15462
-0.109792
-0.0587481
-0.0184598
0.0220592
0.0498651
0.0963747
0.168125
0.209654
0.230539
0.244244
0.24956
0.250368
-0.0637916
-0.0664912
-0.0730875
-0.0840144
-0.0950139
-0.101847
-0.099763
-0.0884625
-0.0665035
-0.0328352
0.00217375
0.037679
0.0738131
0.111694
0.147819
0.16763
0.186336
0.197622
0.202275
0.201828
0.0486072
0.0470897
0.0410802
0.0266587
0.00516849
-0.0158773
-0.0306738
-0.0357932
-0.0300591
-0.00960175
0.0186474
0.0517653
0.0865316
0.112478
0.137042
0.151036
0.162452
0.170386
0.173183
0.1723
0.0952828
0.0941547
0.0890328
0.075877
0.055087
0.0322512
0.0129353
0.00019297
-0.00253547
0.00628448
0.0271197
0.0539463
0.0801963
0.0897862
0.104539
0.118733
0.132028
0.141516
0.144109
0.14272
0.104937
0.104131
0.100353
0.0903709
0.0739027
0.0546108
0.0365459
0.0221795
0.0144496
0.0154129
0.0261906
0.0425726
0.0601546
0.0595902
0.0679768
0.08087
0.0946666
0.103323
0.105871
0.104455
0.097987
0.0974563
0.0949103
0.0880297
0.0762356
0.0615672
0.0463103
0.0331658
0.0229638
0.0178518
0.0182758
0.0193026
0.0234527
0.0199568
0.02623
0.0399785
0.0533593
0.0606668
0.0622722
0.0607082
0.0850668
0.084719
0.083087
0.0786235
0.0707248
0.0601627
0.0485298
0.0371006
0.0264927
0.0165442
0.00695488
-0.00908171
-0.025021
-0.0338959
-0.0186256
-0.00195353
0.00935688
0.0131423
0.0140876
0.0133298
0.071275
0.0710267
0.0700026
0.0672921
0.0622143
0.0551917
0.0466194
0.0376002
0.0271633
0.0149135
-0.00232398
-0.0306995
-0.0563336
-0.0608567
-0.0448193
-0.0296023
-0.0221211
-0.0201579
-0.0201138
-0.0204127
0.0590275
0.0588401
0.0582248
0.0566943
0.0536808
0.0492649
0.0433551
0.0366683
0.0276901
0.016076
-0.00293838
-0.0332419
-0.0587833
-0.0560283
-0.0416092
-0.0320658
-0.0297926
-0.0310647
-0.0314536
-0.031488
0.049144
0.0489946
0.048633
0.0478398
0.0462636
0.0436391
0.0399797
0.0354216
0.029372
0.0212081
0.00684723
-0.013823
-0.0293102
-0.0222146
-0.013533
-0.0120749
-0.0141774
-0.0165562
-0.0171761
-0.0173159
0.0415318
0.0414226
0.0412222
0.0408744
0.0401789
0.0389342
0.0370802
0.0345285
0.0316624
0.0283793
0.0246391
0.0191002
0.0174193
0.0246162
0.0246295
0.0211982
0.0171762
0.0152544
0.0149125
0.0146006
0.0356421
0.0355689
0.0354668
0.0353652
0.0351961
0.0347471
0.0343163
0.0334868
0.0338491
0.0360386
0.0434382
0.0555672
0.0660621
0.0720948
0.066347
0.0590172
0.0551433
0.054417
0.0542327
0.0536096
0.0306115
0.0305821
0.0305681
0.0306023
0.030722
0.030842
0.0312627
0.0320859
0.0348084
0.0409017
0.0571528
0.0853501
0.110943
0.109479
0.0984825
0.0899304
0.087953
0.0886516
0.0883359
0.0873332
0.0255924
0.0255863
0.0256321
0.0257446
0.0260013
0.0264824
0.0272932
0.0292593
0.0332552
0.0409832
0.0601776
0.0936916
0.12181
0.118983
0.10813
0.105119
0.104635
0.106953
0.106566
0.105449
0.0202736
0.0202724
0.0203219
0.0203765
0.0206538
0.0213272
0.0223057
0.0244728
0.0281695
0.0356572
0.0508474
0.078018
0.0979129
0.0962392
0.0939228
0.0966247
0.104417
0.107455
0.106335
0.104951
0.0145038
0.0144961
0.0145334
0.0145948
0.0148166
0.015275
0.0162006
0.017785
0.020296
0.0256932
0.0331854
0.0431243
0.0456106
0.0490223
0.0575348
0.0708034
0.0810312
0.0844349
0.0835377
0.082376
0.0082245
0.0082002
0.00827768
0.00836722
0.00839472
0.00862268
0.00925327
0.0100661
0.0114744
0.013106
0.0132304
0.004733
-0.0134419
-0.00405952
0.0162686
0.0350834
0.0446005
0.0467322
0.045682
0.0448482
0.00183168
0.00177541
0.0017257
0.00172853
0.00179164
0.00168441
0.00171738
0.00207771
0.00224842
0.00235426
0.00207176
0.000958115
-0.0108402
-0.0098352
-0.00439612
0.00270152
0.000160981
-0.000529503
0.00350561
0.00550107
0.0683128
0.259211
0.435144
0.58486
0.706293
0.803699
0.885499
0.951812
0.968757
0.96478
0.364446
0.487795
0.603655
0.704926
0.79083
0.862239
0.918633
0.956711
0.977
0.993448
0.5658
0.648203
0.729901
0.801992
0.863794
0.915145
0.955535
0.986187
1.0091
1.02834
0.714379
0.772384
0.831739
0.88517
0.931301
0.97046
1.00321
1.03057
1.05113
1.07005
0.832062
0.876388
0.920958
0.962191
0.998827
1.03113
1.05933
1.08316
1.10129
1.11934
0.932691
0.968651
1.00398
1.03815
1.06963
1.09808
1.12317
1.14419
1.16008
1.17757
1.02131
1.05379
1.08626
1.11761
1.14681
1.17335
1.1966
1.21564
1.22963
1.24667
1.10877
1.14152
1.17412
1.20544
1.23432
1.26022
1.28244
1.30004
1.31248
1.32903
1.20343
1.23989
1.27475
1.3073
1.33656
1.36199
1.38318
1.39953
1.41119
1.42734
1.3166
1.35715
1.39426
1.42732
1.45589
1.47995
1.49962
1.51493
1.52686
1.54295
1.45797
1.49915
1.53446
1.56412
1.58937
1.61102
1.62955
1.64506
1.6582
1.67415
1.62964
1.66221
1.68907
1.71139
1.73149
1.75023
1.76799
1.78477
1.79969
1.81542
1.81608
1.83339
1.85052
1.86721
1.88331
1.89805
1.91197
1.92645
1.9417
1.959
1.99947
2.00948
2.02269
2.03368
2.04309
2.05275
2.06337
2.07355
2.08285
2.10851
2.21742
2.21172
2.19878
2.18452
2.17822
2.18394
2.20209
2.23061
2.26438
2.30071
2.52023
2.38427
2.30478
2.26228
2.24496
2.24893
2.27637
2.33423
2.4419
2.6203
0.815428
0.809123
0.801388
0.790265
0.776682
0.764017
0.753596
0.745547
0.739781
0.736386
0.735954
0.738712
0.743884
0.751197
0.760714
0.772523
0.78607
0.798989
0.807972
0.815509
0.724516
0.730433
0.738501
0.744624
0.74768
0.74715
0.744039
0.740006
0.736364
0.734012
0.733797
0.735969
0.73966
0.74406
0.748128
0.750349
0.749259
0.74461
0.737547
0.729709
0.717803
0.720174
0.723435
0.726197
0.728632
0.730801
0.731951
0.731765
0.730771
0.729889
0.730015
0.731344
0.733057
0.734234
0.734119
0.732623
0.730443
0.728065
0.725071
0.722048
0.713063
0.714152
0.716062
0.718387
0.720241
0.721615
0.722799
0.723744
0.724279
0.724569
0.725023
0.725675
0.726067
0.725888
0.725213
0.724256
0.722898
0.720909
0.718787
0.717305
0.708105
0.708739
0.709861
0.711605
0.713429
0.714994
0.716206
0.717217
0.718122
0.718922
0.719592
0.720004
0.720053
0.719774
0.719181
0.718163
0.716701
0.715065
0.713709
0.712903
0.703264
0.703704
0.704486
0.705775
0.707274
0.708806
0.710238
0.711471
0.712539
0.713508
0.714323
0.714797
0.714869
0.714546
0.713813
0.712758
0.71156
0.710382
0.709457
0.708919
0.698536
0.698864
0.699471
0.700525
0.701795
0.703159
0.704586
0.705989
0.707282
0.708455
0.709442
0.710023
0.710112
0.709757
0.709072
0.708216
0.707311
0.706413
0.705725
0.705329
0.693897
0.694151
0.69464
0.695535
0.696681
0.697951
0.699319
0.700767
0.702239
0.703652
0.704857
0.705574
0.70574
0.705498
0.704999
0.704357
0.703648
0.702963
0.70245
0.702146
0.689283
0.689485
0.689891
0.690677
0.691745
0.692964
0.694312
0.695798
0.697393
0.699021
0.70048
0.701422
0.701787
0.701751
0.701459
0.701015
0.700489
0.699979
0.699599
0.69936
0.684613
0.684776
0.685123
0.685837
0.686857
0.688054
0.689424
0.690981
0.69271
0.694567
0.69633
0.69758
0.698225
0.698441
0.69837
0.698124
0.697782
0.697428
0.697157
0.696966
0.679809
0.679941
0.680245
0.680914
0.681917
0.683135
0.68456
0.686219
0.688125
0.690246
0.692377
0.694026
0.695022
0.695535
0.695717
0.69568
0.695515
0.695306
0.695126
0.694973
0.674796
0.674902
0.675179
0.675829
0.676848
0.678129
0.679659
0.681484
0.683645
0.686136
0.688731
0.69084
0.692226
0.693067
0.693518
0.693702
0.693718
0.693647
0.693544
0.69342
0.669485
0.669568
0.669828
0.670486
0.671561
0.67295
0.674644
0.676714
0.679215
0.682159
0.685323
0.688006
0.689855
0.691061
0.691804
0.69223
0.692433
0.692494
0.692459
0.692359
0.663788
0.663851
0.664103
0.664788
0.665955
0.667501
0.669414
0.671794
0.674728
0.678264
0.682137
0.685487
0.687884
0.689528
0.690619
0.691318
0.691724
0.691918
0.691948
0.691869
0.657596
0.657639
0.657891
0.658624
0.659916
0.661663
0.663859
0.666621
0.670078
0.674308
0.679044
0.683244
0.686329
0.68852
0.69002
0.691026
0.691678
0.692021
0.692114
0.692052
0.650775
0.650791
0.651043
0.651848
0.653303
0.655311
0.657885
0.661163
0.665299
0.670413
0.676206
0.681424
0.685316
0.688126
0.690101
0.691472
0.692398
0.6929
0.693062
0.693015
0.643116
0.643128
0.64339
0.644287
0.645963
0.648322
0.651373
0.655298
0.660308
0.666543
0.673643
0.680076
0.684914
0.688453
0.690996
0.692806
0.694033
0.694708
0.694939
0.694907
0.634378
0.634359
0.634666
0.635696
0.637655
0.64044
0.644083
0.648808
0.654871
0.662478
0.671174
0.679076
0.685085
0.689531
0.692762
0.695109
0.696711
0.697594
0.697902
0.697881
0.624273
0.624233
0.624584
0.625787
0.628084
0.631408
0.635814
0.64157
0.648976
0.65826
0.668903
0.678626
0.686017
0.69152
0.695583
0.698563
0.700602
0.701721
0.702113
0.702103
0.612324
0.61226
0.612681
0.614117
0.616869
0.620918
0.626336
0.633442
0.642603
0.654067
0.667088
0.678874
0.687854
0.694595
0.699622
0.703339
0.705895
0.707288
0.707767
0.707762
0.597894
0.597808
0.598347
0.600101
0.603445
0.608442
0.615175
0.624004
0.635334
0.649397
0.665299
0.679646
0.690555
0.698765
0.704952
0.709565
0.712739
0.714445
0.715012
0.715002
0.580007
0.579906
0.580638
0.582871
0.587067
0.593412
0.601983
0.613185
0.627424
0.644841
0.664172
0.681369
0.694391
0.704244
0.711742
0.717355
0.721223
0.72326
0.723906
0.723883
0.55717
0.557069
0.558136
0.561138
0.566657
0.575005
0.586201
0.600627
0.618596
0.640083
0.663444
0.683945
0.699371
0.711051
0.71999
0.726737
0.731346
0.733711
0.734415
0.734367
0.52703
0.526979
0.528654
0.533001
0.540774
0.552298
0.567397
0.586306
0.609111
0.63554
0.663519
0.687621
0.705626
0.719267
0.729758
0.737704
0.743043
0.745683
0.746411
0.746327
0.48546
0.485615
0.488634
0.495809
0.507817
0.524587
0.545505
0.570485
0.59931
0.631512
0.664603
0.692558
0.713267
0.728936
0.741039
0.750196
0.756182
0.758969
0.759661
0.759536
0.424807
0.426129
0.433495
0.447139
0.466895
0.491985
0.521094
0.553772
0.589709
0.628351
0.666914
0.698853
0.722297
0.739992
0.753668
0.763945
0.77042
0.773184
0.773739
0.773578
0.351787
0.354436
0.368758
0.39238
0.422801
0.45777
0.495803
0.536728
0.580358
0.626221
0.671272
0.708305
0.735479
0.756077
0.771893
0.783557
0.790729
0.793677
0.794326
0.794298
0.27694
0.283897
0.305383
0.338928
0.379689
0.424307
0.471289
0.520541
0.571972
0.625171
0.676882
0.719219
0.750281
0.773925
0.792218
0.805559
0.813309
0.816097
0.816613
0.816685
0.216102
0.224845
0.251017
0.291632
0.340437
0.39323
0.448288
0.505358
0.564241
0.624484
0.682546
0.729837
0.764476
0.790811
0.811165
0.82578
0.833877
0.836938
0.837862
0.838024
0.166224
0.175664
0.205337
0.251181
0.3061
0.365442
0.427287
0.49124
0.556904
0.623715
0.687735
0.739635
0.777529
0.806259
0.828381
0.84421
0.853201
0.85687
0.857963
0.858142
0.124302
0.13404
0.166103
0.216013
0.275919
0.340698
0.408282
0.478198
0.549922
0.622719
0.692258
0.748406
0.789246
0.820163
0.843838
0.860694
0.870439
0.874554
0.8758
0.87598
0.0878388
0.0977235
0.131592
0.184757
0.2488
0.318215
0.390795
0.465975
0.543147
0.621414
0.696013
0.756103
0.799625
0.832361
0.857175
0.874732
0.885142
0.88969
0.89104
0.89123
0.0551741
0.0651313
0.100429
0.156297
0.223857
0.297281
0.374273
0.454198
0.536344
0.619674
0.699035
0.762783
0.808757
0.842978
0.868611
0.886648
0.897503
0.902394
0.903888
0.904099
0.0250959
0.035114
0.0715631
0.129799
0.200423
0.277357
0.35828
0.442519
0.529265
0.617387
0.701309
0.768565
0.816782
0.85231
0.878621
0.89707
0.908237
0.913388
0.914947
0.915146
-0.00326665
0.00682229
0.0443385
0.104684
0.178017
0.258064
0.342513
0.430686
0.521737
0.61443
0.702802
0.773501
0.823861
0.860586
0.887478
0.906255
0.917597
0.922871
0.924447
0.924646
-0.0304169
-0.0202168
0.0182718
0.0805209
0.156289
0.239132
0.326771
0.41855
0.51362
0.610711
0.703477
0.777617
0.830113
0.868037
0.895524
0.914598
0.926069
0.931386
0.932952
0.933062
-0.0567114
-0.0463533
-0.00694119
0.0570543
0.135013
0.220381
0.310913
0.406004
0.504838
0.606151
0.703277
0.780927
0.835651
0.874856
0.903012
0.922399
0.933972
0.939245
0.940759
0.940858
-0.0823696
-0.0717751
-0.031486
0.0341135
0.11406
0.201703
0.294861
0.392995
0.495341
0.600694
0.70215
0.783433
0.840559
0.881185
0.910098
0.92981
0.941457
0.946656
0.948069
0.948126
-0.10743
-0.0965793
-0.0554541
0.0116129
0.093361
0.183055
0.278589
0.379502
0.485105
0.594298
0.70004
0.785122
0.844883
0.88712
0.916884
0.936922
0.948561
0.953601
0.95488
0.954874
-0.13196
-0.120843
-0.0789089
-0.0104576
0.0728988
0.164428
0.262101
0.365537
0.474138
0.586947
0.69689
0.785931
0.848626
0.892743
0.92348
0.943816
0.955349
0.960142
0.961225
0.961146
-0.155948
-0.144561
-0.101819
-0.0320976
0.0526907
0.145853
0.245442
0.351144
0.462468
0.578627
0.692639
0.785767
0.851741
0.89811
0.93001
0.950595
0.961837
0.966222
0.967078
0.966941
-0.179441
-0.167712
-0.124152
-0.0532843
0.0327685
0.127378
0.228666
0.336389
0.450149
0.569359
0.68724
0.784528
0.854129
0.90324
0.936639
0.957441
0.968109
0.971862
0.972428
0.972239
-0.202203
-0.190246
-0.145879
-0.0739832
0.0131917
0.109082
0.211844
0.321344
0.437256
0.559196
0.680669
0.782119
0.855648
0.908059
0.943544
0.964709
0.974421
0.977113
0.977245
0.977016
-0.224391
-0.212098
-0.166965
-0.0941566
-0.00599645
0.0910121
0.195074
0.306096
0.423875
0.548219
0.67293
0.77844
0.856112
0.912356
0.950782
0.972943
0.981477
0.982341
0.981565
0.981275
-0.245821
-0.233234
-0.187389
-0.11375
-0.0247102
0.0732573
0.178442
0.290765
0.410115
0.536502
0.664062
0.7734
0.855324
0.915791
0.958093
0.982607
0.990678
0.989034
0.986022
0.985153
-0.266593
-0.253676
-0.207092
-0.132704
-0.04291
0.0558886
0.162036
0.275436
0.396087
0.524183
0.654142
0.76691
0.853095
0.917934
0.964726
0.993371
1.00337
1.00066
0.993856
0.984004
-0.286594
-0.273424
-0.226177
-0.151195
-0.0608286
0.0386058
0.145499
0.259678
0.381312
0.510726
0.642613
0.758337
0.84889
0.918317
0.969695
1.00385
1.01907
1.01778
1.00712
1.00367
-0.305785
-0.292562
-0.24464
-0.169158
-0.078442
0.0214369
0.128866
0.243476
0.365762
0.496017
0.629315
0.74726
0.842059
0.916143
0.970751
1.00868
1.02714
1.03062
0.997148
0.957444
-0.323929
-0.310953
-0.262428
-0.186467
-0.0957289
0.00436565
0.112149
0.226965
0.349513
0.480108
0.614201
0.73342
0.831644
0.910766
0.965936
0.997944
1.01676
1.00316
0.951791
0.895859
-0.343754
-0.327343
-0.279268
-0.202626
-0.112482
-0.0123536
0.0950118
0.210199
0.332663
0.463116
0.597225
0.716643
0.816062
0.902833
0.953886
0.986238
0.970993
0.931356
0.869191
0.809963
-0.333828
-0.309963
-0.258464
-0.177231
-0.0815579
0.0220861
0.134839
0.253323
0.37912
0.513524
0.641441
0.747718
0.840103
0.927615
0.960881
0.901927
0.861403
0.805251
0.741564
0.700746
-0.348258
-0.34056
-0.300092
-0.228561
-0.138589
-0.038971
0.068648
0.183508
0.305355
0.43473
0.567256
0.685109
0.78044
0.86731
0.929873
0.921194
0.823686
0.752613
0.698678
0.627296
-0.370346
-0.35968
-0.315819
-0.243039
-0.152598
-0.0534012
0.0530695
0.166956
0.287867
0.415843
0.546541
0.662547
0.753948
0.828111
0.853772
0.7801
0.66263
0.58643
0.525859
0.453084
-0.394447
-0.382564
-0.335634
-0.261863
-0.171498
-0.0721992
0.0343042
0.147952
0.267981
0.394463
0.522266
0.63398
0.717334
0.771749
0.752453
0.632682
0.50488
0.413639
0.339757
0.233596
-0.418415
-0.406457
-0.357722
-0.282802
-0.19235
-0.093049
0.0133512
0.126448
0.245365
0.369932
0.494246
0.600595
0.675542
0.705878
0.648214
0.484544
0.332215
0.212029
0.112612
-0.0245454
-0.442314
-0.430364
-0.380479
-0.304541
-0.213723
-0.114462
-0.00842768
0.103836
0.221379
0.343642
0.463997
0.564302
0.62977
0.627057
0.517197
0.337191
0.155615
-0.00534676
-0.142715
-0.389085
-0.46656
-0.454729
-0.404141
-0.327519
-0.236364
-0.137091
-0.0314377
0.0799598
0.195995
0.31569
0.43172
0.525044
0.578196
0.544396
0.38909
0.197938
-0.000149391
-0.174437
-0.3406
-0.603181
-0.491747
-0.480027
-0.429071
-0.351998
-0.260596
-0.16131
-0.0560051
0.0545424
0.168997
0.285912
0.397376
0.482871
0.520239
0.463586
0.270876
0.07437
-0.121365
-0.288061
-0.372029
-0.421
-0.518565
-0.506897
-0.455639
-0.378305
-0.286854
-0.187731
-0.0829427
0.026509
0.139032
0.252618
0.358854
0.435412
0.453942
0.355191
0.160314
-0.0336675
-0.206404
-0.315976
-0.350934
-0.356988
-0.547203
-0.535526
-0.483954
-0.406451
-0.315089
-0.216314
-0.112276
-0.00420543
0.105988
0.215665
0.31582
0.383025
0.373185
0.244938
0.0572286
-0.123454
-0.267987
-0.318898
-0.328245
-0.330651
-0.577812
-0.566033
-0.514077
-0.436445
-0.345292
-0.247058
-0.144011
-0.0376541
0.0698147
0.175065
0.268207
0.325305
0.291652
0.140547
-0.0346437
-0.202547
-0.295344
-0.317299
-0.317398
-0.317503
-0.610262
-0.598354
-0.545969
-0.468246
-0.377418
-0.279911
-0.178133
-0.0738337
0.0305123
0.130823
0.216323
0.260441
0.217442
0.04491
-0.115823
-0.257078
-0.306937
-0.309357
-0.310203
-0.309953
-0.644175
-0.632169
-0.579393
-0.501679
-0.411319
-0.314753
-0.214534
-0.112673
-0.0118759
0.0831202
0.160334
0.192306
0.133854
-0.0393465
-0.187756
-0.283171
-0.304557
-0.3055
-0.306246
-0.306031
-0.679082
-0.667015
-0.613955
-0.536383
-0.446672
-0.351306
-0.25295
-0.153947
-0.0571692
0.0323144
0.10058
0.119986
0.0392059
-0.114695
-0.246332
-0.290595
-0.301609
-0.302409
-0.302214
-0.302127
-0.714212
-0.702178
-0.648995
-0.571762
-0.482955
-0.389104
-0.292976
-0.197236
-0.105051
-0.0212466
0.0388267
0.0389205
-0.0503952
-0.179306
-0.281546
-0.3197
-0.310645
-0.303011
-0.298649
-0.298033
-0.748433
-0.736534
-0.683525
-0.606942
-0.519401
-0.427458
-0.333982
-0.241857
-0.154901
-0.0772059
-0.0228832
-0.0405862
-0.138994
-0.239165
-0.301774
-0.315989
-0.316868
-0.313901
-0.310778
-0.307815
-0.779802
-0.768363
-0.716189
-0.640754
-0.554965
-0.465404
-0.3751
-0.286924
-0.205643
-0.134819
-0.0853914
-0.115789
-0.232835
-0.304332
-0.328057
-0.337227
-0.342299
-0.343072
-0.342458
-0.34073
-0.8068
-0.796078
-0.745317
-0.671657
-0.588286
-0.501687
-0.415119
-0.331398
-0.255765
-0.192784
-0.150098
-0.185608
-0.329068
-0.408956
-0.388271
-0.4025
-0.401763
-0.39979
-0.399482
-0.398403
-0.826783
-0.81701
-0.768715
-0.697776
-0.617708
-0.534817
-0.452479
-0.373932
-0.303718
-0.249009
-0.213624
-0.250325
-0.42281
-0.580608
-0.592413
-0.546243
-0.516831
-0.508403
-0.502002
-0.495531
-0.837501
-0.828691
-0.783961
-0.717066
-0.641366
-0.563077
-0.485519
-0.412498
-0.348101
-0.300805
-0.272183
-0.311249
-0.474561
-0.718054
-0.778701
-0.675797
-0.623805
-0.605183
-0.594216
-0.586032
-0.835304
-0.827708
-0.78903
-0.727453
-0.657359
-0.58464
-0.512683
-0.444743
-0.386716
-0.345672
-0.323264
-0.363064
-0.435633
-0.555185
-0.591926
-0.588365
-0.629722
-0.614755
-0.599165
-0.593495
-0.817828
-0.812606
-0.78178
-0.72729
-0.664062
-0.598041
-0.532144
-0.46943
-0.415888
-0.380295
-0.374138
-0.386575
-0.347282
-0.165095
-0.137307
-0.289463
-0.471536
-0.518226
-0.526974
-0.529369
-0.785518
-0.781801
-0.76014
-0.715685
-0.660841
-0.602382
-0.542626
-0.485324
-0.434264
-0.400587
-0.401172
-0.404402
-0.372366
-0.213826
-0.214156
-0.480114
-0.594262
-0.565186
-0.526948
-0.526139
-0.742809
-0.740471
-0.72751
-0.694573
-0.648866
-0.597798
-0.544215
-0.490464
-0.441799
-0.406789
-0.399618
-0.471959
-0.629283
-0.932431
-1.21013
-1.41686
-1.45333
-1.29061
-1.0905
-0.984274
-0.697556
-0.696245
-0.689582
-0.668298
-0.631681
-0.586477
-0.537328
-0.485409
-0.436243
-0.396268
-0.373181
-0.452545
-0.740944
-1.26926
-1.59446
-1.76158
-1.83937
-1.79157
-1.68559
-1.59071
-0.659045
-0.658318
-0.655236
-0.641785
-0.612975
-0.572389
-0.524658
-0.47218
-0.414475
-0.360983
-0.324354
-0.294697
-0.46131
-0.777184
-1.1298
-1.17362
-0.948048
-0.680403
-0.465689
-0.328507
-0.630084
-0.629219
-0.627705
-0.62138
-0.598651
-0.560148
-0.509869
-0.451374
-0.384782
-0.303735
-0.21482
-0.100909
0.0208561
0.196105
0.510338
0.848866
1.22107
1.51743
1.68534
1.75978
-0.608643
-0.608169
-0.607517
-0.605245
-0.589415
-0.552144
-0.496912
-0.429142
-0.350753
-0.25073
-0.130062
0.0215532
0.262252
0.60588
1.09785
1.65129
2.10201
2.41586
2.57422
2.63908
-0.595362
-0.595057
-0.59447
-0.593659
-0.584075
-0.548701
-0.48943
-0.411901
-0.319243
-0.217405
-0.0809816
0.0455992
0.236256
0.580948
1.10747
1.67421
2.12193
2.40976
2.56327
2.61929
-0.588474
-0.587765
-0.585756
-0.585117
-0.582157
-0.551929
-0.487255
-0.402117
-0.300456
-0.194138
-0.074935
0.051496
0.17574
0.47492
0.925632
1.35792
1.71
1.94673
2.06923
2.11034
-0.59755
-0.595847
-0.593156
-0.593892
-0.594503
-0.564453
-0.488838
-0.392083
-0.289855
-0.178224
-0.0747299
0.0379127
0.124251
0.304343
0.660875
0.999271
1.25994
1.42424
1.50197
1.52997
-0.622927
-0.62165
-0.625033
-0.631653
-0.629449
-0.582483
-0.485874
-0.376341
-0.272138
-0.168044
-0.0691611
0.0159834
0.091452
0.219526
0.46715
0.691051
0.865621
0.970634
1.02276
1.03954
-0.627605
-0.630467
-0.642296
-0.652062
-0.639257
-0.571329
-0.458402
-0.347549
-0.246331
-0.151859
-0.0653955
-0.00335622
0.0374114
0.126924
0.297228
0.458956
0.573065
0.641371
0.672728
0.683181
-0.542322
-0.547033
-0.560184
-0.568574
-0.551912
-0.484124
-0.387361
-0.295821
-0.209723
-0.12975
-0.0623878
-0.00947398
0.0128342
0.076165
0.202284
0.301601
0.369713
0.408438
0.427703
0.433902
-0.356111
-0.360904
-0.370147
-0.377081
-0.366928
-0.328168
-0.276512
-0.219145
-0.160317
-0.101949
-0.0478926
-0.00493054
0.0285964
0.0617979
0.154086
0.22846
0.266408
0.285856
0.295127
0.298183
-0.148182
-0.150988
-0.1565
-0.164476
-0.169728
-0.166309
-0.154963
-0.133429
-0.10539
-0.0671997
-0.0254909
0.00777572
0.0488503
0.0769702
0.125395
0.17041
0.190209
0.20776
0.21699
0.219574
0.00299352
0.00150079
-0.00200983
-0.0117853
-0.0282162
-0.045973
-0.0586057
-0.062094
-0.0555816
-0.0354426
-0.00524571
0.0277777
0.0668539
0.100816
0.131295
0.154602
0.169265
0.180513
0.186507
0.187877
0.0788197
0.0778958
0.0751004
0.065468
0.0467835
0.0230935
0.00210598
-0.0123339
-0.0167442
-0.0100495
0.0113273
0.0384522
0.0707651
0.095428
0.113557
0.128192
0.141609
0.153341
0.158572
0.158906
0.103486
0.102878
0.100705
0.0929734
0.0773426
0.0566032
0.0359476
0.0189748
0.00863195
0.00794122
0.0185453
0.0374919
0.0622203
0.0753241
0.0801515
0.0943442
0.107479
0.119604
0.12523
0.125298
0.102858
0.102502
0.100987
0.0955219
0.0840995
0.0681313
0.0507604
0.035313
0.0233068
0.0172756
0.0193617
0.0267436
0.0395692
0.0446546
0.0432154
0.0538626
0.067865
0.0795711
0.0846733
0.0843894
0.0919405
0.0917484
0.0907464
0.0871534
0.0794114
0.068028
0.0548591
0.0416496
0.0301624
0.0209304
0.0152285
0.00900126
0.00228734
-0.00784505
-0.00321305
0.0108851
0.025739
0.0344578
0.0372734
0.0369865
0.0781166
0.0780066
0.0773465
0.0751068
0.0701108
0.0625354
0.0529516
0.0426952
0.0322687
0.0215703
0.00947104
-0.0094021
-0.0324719
-0.0512871
-0.0431277
-0.0268407
-0.0128112
-0.00707495
-0.00548124
-0.0056207
0.0648893
0.064809
0.0643666
0.0630324
0.0600603
0.0552387
0.0488132
0.041215
0.032709
0.0215708
0.0070634
-0.0186577
-0.0492683
-0.0670785
-0.0546701
-0.0396393
-0.0307506
-0.0282698
-0.0290663
-0.0290142
0.0537922
0.0537182
0.0534254
0.052691
0.0510911
0.0482018
0.0441547
0.0388584
0.032726
0.0238074
0.0106995
-0.0118228
-0.0386375
-0.0480821
-0.0352665
-0.0260459
-0.0243319
-0.0257669
-0.0272008
-0.0271548
0.0451006
0.0450324
0.0448365
0.0444641
0.0436977
0.0422363
0.039949
0.0367196
0.0330339
0.0276034
0.0202597
0.00875105
-0.00413318
-0.00456108
0.00310747
0.00488664
0.001745
-0.00138619
-0.00284457
-0.00297219
0.038433
0.0383701
0.0382475
0.0380824
0.0378136
0.0372343
0.0363251
0.0348619
0.0334934
0.0321861
0.032778
0.0361132
0.0392889
0.0460395
0.0480004
0.0434619
0.0377029
0.0349794
0.0344818
0.0341617
0.0331075
0.0330656
0.0330176
0.0329683
0.0329527
0.0328982
0.0327598
0.0329403
0.0334831
0.0360558
0.0440132
0.0613651
0.0814198
0.0932202
0.0889731
0.0796849
0.0739568
0.0730221
0.0731596
0.0723386
0.0281778
0.0281531
0.0281604
0.0281853
0.0283126
0.0285824
0.0289593
0.030121
0.0321134
0.0372143
0.0488516
0.0754515
0.110506
0.124009
0.112568
0.101467
0.0981114
0.0994713
0.100291
0.099192
0.0229936
0.0229599
0.0229643
0.0230017
0.0231769
0.0236487
0.02441
0.025914
0.0286251
0.0343974
0.0459911
0.0720353
0.104607
0.116412
0.107566
0.10322
0.105688
0.108867
0.109976
0.108546
0.0174681
0.0174317
0.0174502
0.0175247
0.0176743
0.0180223
0.0188569
0.0200943
0.0226063
0.0272997
0.035856
0.0513538
0.0693075
0.0749866
0.0751443
0.081557
0.09034
0.0968204
0.0978806
0.0965993
0.0114355
0.0113888
0.0114168
0.0114894
0.0115638
0.0118547
0.0122567
0.01326
0.0149625
0.017556
0.0214176
0.0243748
0.0151875
0.01483
0.0285112
0.0459086
0.0597252
0.0660018
0.0666772
0.0656139
0.00180223
0.00175289
0.00170825
0.00178762
0.00171309
0.00169062
0.00179152
0.00226242
0.00232853
0.00200334
0.00246131
-0.00466446
-0.0130112
-0.00809456
0.00103381
0.00131649
-0.000946763
0.00152126
0.00485245
0.0251873
-0.571383
-0.131937
0.205271
0.426313
0.590612
0.718454
0.81959
0.905019
0.994219
1.04638
0.143515
0.311021
0.45719
0.589411
0.701501
0.794158
0.870216
0.93015
0.962885
0.970263
0.430119
0.522536
0.623313
0.714688
0.793549
0.860144
0.913938
0.953839
0.981081
1.00115
0.612363
0.678781
0.748974
0.814827
0.872292
0.92106
0.961085
0.993314
1.0189
1.03879
0.751672
0.800574
0.852239
0.901432
0.94511
0.983069
1.01571
1.0437
1.06655
1.08411
0.863129
0.904665
0.94363
0.981803
1.01721
1.04908
1.07736
1.10188
1.12157
1.13775
0.961947
0.994641
1.02833
1.0612
1.09243
1.12117
1.14687
1.16902
1.18642
1.20106
1.05079
1.08082
1.11311
1.14481
1.17481
1.20239
1.22686
1.24751
1.26309
1.27645
1.13958
1.17177
1.20588
1.23864
1.26915
1.29663
1.32043
1.33994
1.35418
1.36663
1.24037
1.27659
1.31425
1.34888
1.38001
1.40707
1.42976
1.44794
1.46132
1.47384
1.36559
1.40452
1.44422
1.4786
1.50815
1.53319
1.55411
1.57119
1.58463
1.59808
1.52453
1.56045
1.59566
1.62424
1.64846
1.66985
1.68908
1.70637
1.72132
1.73577
1.71269
1.73514
1.75886
1.7787
1.797
1.81439
1.83094
1.84735
1.86356
1.87915
1.90529
1.91347
1.92731
1.94218
1.95664
1.9696
1.98125
1.9925
2.00423
2.02033
2.10088
2.10081
2.11085
2.11433
2.11531
2.1197
2.13022
2.14515
2.15949
2.1739
2.39804
2.34253
2.28802
2.24837
2.22612
2.22201
2.23554
2.26934
2.3272
2.40754
0.937518
0.885025
0.842137
0.809121
0.785369
0.768235
0.755775
0.74675
0.740502
0.736874
0.736401
0.739281
0.744782
0.752781
0.763709
0.778522
0.798834
0.827002
0.86503
0.91438
0.748623
0.757565
0.764316
0.764553
0.759838
0.753044
0.746287
0.74064
0.736659
0.734891
0.736027
0.739646
0.745007
0.75165
0.758872
0.765154
0.767895
0.764437
0.755345
0.749024
0.72132
0.723522
0.728377
0.732509
0.73604
0.738058
0.73786
0.736041
0.733775
0.732145
0.732092
0.733852
0.736543
0.739186
0.740648
0.739963
0.737204
0.73347
0.729064
0.7244
0.716162
0.717119
0.719611
0.722056
0.723926
0.725555
0.72691
0.727581
0.727543
0.727327
0.727627
0.728568
0.729486
0.729728
0.729058
0.727802
0.72629
0.724295
0.721798
0.719689
0.71089
0.711368
0.71281
0.714878
0.716779
0.718224
0.719344
0.720322
0.721122
0.72174
0.722317
0.722794
0.722923
0.722643
0.722056
0.721135
0.719693
0.717812
0.7161
0.715037
0.705893
0.70619
0.707107
0.708583
0.710246
0.71184
0.71319
0.714297
0.715273
0.716166
0.71691
0.717335
0.71739
0.717102
0.716433
0.715353
0.713992
0.712607
0.711507
0.710861
0.701048
0.70126
0.701943
0.7031
0.704469
0.705914
0.707367
0.708706
0.709884
0.710948
0.711843
0.712369
0.712448
0.712093
0.711355
0.710389
0.70935
0.708322
0.707527
0.707069
0.696332
0.696493
0.697034
0.698001
0.699202
0.700514
0.70191
0.703343
0.704733
0.706022
0.70711
0.707755
0.707871
0.707556
0.706958
0.706213
0.70541
0.704621
0.704027
0.703682
0.691686
0.691813
0.692255
0.69309
0.694195
0.695441
0.696797
0.698261
0.699797
0.701325
0.702653
0.703464
0.703713
0.703566
0.703171
0.70263
0.702008
0.701408
0.700966
0.700698
0.687035
0.687137
0.68751
0.688255
0.689296
0.690505
0.691863
0.693379
0.695036
0.69677
0.698372
0.699462
0.699958
0.700043
0.69986
0.699515
0.699081
0.698645
0.698322
0.698109
0.682291
0.682375
0.682698
0.683384
0.684392
0.685599
0.686994
0.688597
0.690406
0.692387
0.694326
0.695763
0.696576
0.696936
0.696987
0.696843
0.696587
0.696302
0.696078
0.695908
0.677379
0.677448
0.677736
0.67839
0.679397
0.68065
0.682124
0.683855
0.685876
0.688169
0.690519
0.692389
0.693571
0.694246
0.694561
0.694631
0.694556
0.694408
0.694267
0.694129
0.672217
0.672274
0.67254
0.673186
0.674227
0.675565
0.677174
0.679113
0.681429
0.68413
0.686993
0.689377
0.690986
0.692003
0.692597
0.6929
0.693004
0.692994
0.692925
0.692814
0.666716
0.666762
0.667016
0.667679
0.668795
0.670267
0.672068
0.674285
0.676992
0.68022
0.683722
0.686718
0.688822
0.690232
0.691143
0.691705
0.691999
0.692114
0.692111
0.692022
0.660775
0.660812
0.661061
0.661761
0.662986
0.664637
0.666686
0.669244
0.672421
0.67628
0.680562
0.684319
0.687045
0.688948
0.690241
0.691101
0.691606
0.691865
0.691927
0.691856
0.654271
0.654298
0.654551
0.655307
0.656675
0.658558
0.660937
0.663936
0.66771
0.672361
0.6776
0.682279
0.685746
0.688236
0.689976
0.691167
0.691923
0.692335
0.692463
0.69241
0.647056
0.647075
0.647336
0.648164
0.649723
0.651913
0.654717
0.6583
0.662842
0.668473
0.67488
0.680691
0.68504
0.688193
0.690449
0.692034
0.693076
0.693656
0.693854
0.693816
0.638887
0.638903
0.639189
0.64012
0.64193
0.644512
0.647849
0.652148
0.657664
0.664568
0.67243
0.679541
0.684925
0.688892
0.691776
0.693834
0.695211
0.695981
0.696252
0.696227
0.629513
0.629518
0.629834
0.630898
0.63302
0.636086
0.640089
0.645288
0.651962
0.660337
0.669954
0.678748
0.685435
0.690392
0.694047
0.696688
0.698466
0.699461
0.699814
0.6998
0.618555
0.618552
0.618905
0.620156
0.622677
0.626378
0.631266
0.637654
0.645896
0.656223
0.667998
0.67869
0.686829
0.692921
0.697468
0.700781
0.703035
0.704283
0.704721
0.704716
0.605476
0.605464
0.605877
0.607373
0.61043
0.614972
0.621003
0.628902
0.639067
0.65175
0.666143
0.679166
0.689081
0.696533
0.702139
0.706265
0.709084
0.710626
0.711153
0.711149
0.589496
0.589478
0.589986
0.591841
0.595627
0.601301
0.608871
0.618786
0.631471
0.647116
0.664662
0.680387
0.692325
0.701329
0.708184
0.713258
0.716738
0.718606
0.71922
0.719206
0.569421
0.569398
0.570068
0.572493
0.577382
0.58471
0.594471
0.607152
0.623134
0.642487
0.663753
0.682548
0.696743
0.707494
0.715706
0.72184
0.726045
0.728244
0.728929
0.728896
0.543409
0.543384
0.544341
0.54774
0.554403
0.564262
0.577203
0.593677
0.613909
0.637749
0.663352
0.685622
0.702326
0.714984
0.724719
0.732018
0.736973
0.73948
0.740206
0.740143
0.508397
0.508387
0.509984
0.515285
0.525172
0.539123
0.556842
0.578571
0.604237
0.633458
0.663935
0.689932
0.70928
0.723945
0.735259
0.743769
0.749432
0.752166
0.752885
0.752779
0.458656
0.45886
0.462536
0.472251
0.488181
0.508866
0.533555
0.562186
0.594442
0.629789
0.665584
0.695528
0.717611
0.734316
0.747247
0.75696
0.763222
0.766061
0.766712
0.766553
0.386837
0.389149
0.399988
0.419032
0.444864
0.474988
0.508549
0.545328
0.585049
0.627182
0.668796
0.703063
0.728197
0.747249
0.762047
0.773038
0.779915
0.782898
0.783538
0.783386
0.310697
0.316121
0.335431
0.364567
0.401002
0.440938
0.483462
0.528561
0.5761
0.62565
0.674064
0.713786
0.742946
0.765135
0.782376
0.795084
0.802714
0.8058
0.806422
0.806366
0.24425
0.250633
0.276188
0.314015
0.359556
0.408475
0.459628
0.512877
0.568096
0.624857
0.679785
0.724643
0.757532
0.782589
0.802069
0.816204
0.824288
0.827496
0.828204
0.828202
0.189958
0.196892
0.226496
0.270426
0.322773
0.378995
0.437582
0.498208
0.560568
0.62416
0.685246
0.734886
0.771196
0.798764
0.820084
0.835488
0.844521
0.848131
0.848801
0.848854
0.144824
0.152085
0.184334
0.232895
0.290644
0.352804
0.417611
0.48464
0.553413
0.623281
0.69012
0.744181
0.783584
0.813453
0.836453
0.852993
0.862794
0.866784
0.867591
0.867713
0.106216
0.113664
0.147739
0.199895
0.26211
0.329281
0.399431
0.472047
0.546556
0.622143
0.694256
0.752415
0.794623
0.826508
0.85084
0.868229
0.878591
0.883023
0.88406
0.884215
0.0721154
0.0796784
0.115121
0.170199
0.236164
0.307642
0.382484
0.46009
0.539795
0.620632
0.697639
0.759583
0.804363
0.837874
0.863146
0.881059
0.891874
0.896673
0.897972
0.898171
0.0410437
0.0487147
0.0852928
0.142832
0.212038
0.287264
0.366268
0.448396
0.532879
0.618631
0.700289
0.765804
0.812916
0.847814
0.873816
0.892145
0.903294
0.908372
0.909839
0.910053
0.0120823
0.0198549
0.0574045
0.117094
0.189161
0.267687
0.350413
0.436659
0.525592
0.61602
0.702175
0.771156
0.820452
0.856587
0.883206
0.901876
0.913259
0.918523
0.92005
0.920224
-0.0154843
-0.00759037
0.0308915
0.0925047
0.167122
0.248598
0.334674
0.424687
0.51778
0.612689
0.703264
0.77568
0.8271
0.864421
0.891612
0.910572
0.922076
0.927415
0.929006
0.929179
-0.0420353
-0.0340114
0.00531854
0.0687208
0.145636
0.22977
0.318885
0.412355
0.509334
0.608557
0.703506
0.779387
0.832982
0.871533
0.89935
0.918604
0.930206
0.935534
0.9371
0.937291
-0.0678537
-0.0596575
-0.0195034
0.0455353
0.124527
0.21106
0.302934
0.399577
0.500197
0.603553
0.702848
0.782296
0.838194
0.878092
0.90662
0.926185
0.937863
0.943151
0.944636
0.944755
-0.0930311
-0.0846689
-0.0437209
0.0228211
0.103703
0.192399
0.286769
0.386325
0.49033
0.597628
0.701233
0.784397
0.842808
0.884211
0.913541
0.933429
0.945125
0.950308
0.951685
0.951718
-0.117666
-0.109127
-0.067386
0.000533719
0.0831207
0.173755
0.270384
0.372591
0.479728
0.590755
0.698612
0.785653
0.846841
0.889981
0.920217
0.940417
0.952041
0.957013
0.958222
0.958179
-0.141808
-0.133069
-0.0905321
-0.0213263
0.0627793
0.155147
0.253804
0.358406
0.468397
0.582913
0.694914
0.785986
0.850279
0.89547
0.926759
0.947236
0.958669
0.963303
0.964295
0.964187
-0.165427
-0.156469
-0.113136
-0.0427447
0.042703
0.136616
0.237072
0.343818
0.456392
0.57412
0.690093
0.785297
0.853044
0.900721
0.933315
0.954014
0.965026
0.969152
0.969884
0.969714
-0.18845
-0.179283
-0.135152
-0.0636955
0.0229431
0.118213
0.220267
0.328902
0.443777
0.564395
0.68411
0.783486
0.855018
0.90571
0.940062
0.961012
0.971263
0.974573
0.974956
0.974737
-0.210819
-0.201449
-0.156547
-0.0841427
0.00355491
0.100017
0.203459
0.313745
0.430626
0.553813
0.676949
0.780452
0.856035
0.910303
0.947141
0.968687
0.977813
0.979718
0.9795
0.97924
-0.23254
-0.222938
-0.177296
-0.104033
-0.0154091
0.0821053
0.186742
0.298444
0.417039
0.542448
0.668642
0.776103
0.855896
0.914219
0.954477
0.977605
0.985728
0.985362
0.983691
0.983273
-0.253509
-0.243692
-0.197365
-0.123318
-0.0338773
0.0645331
0.170205
0.283093
0.403125
0.530411
0.659228
0.770348
0.85441
0.917062
0.961574
0.987942
0.996597
0.994033
0.989279
0.986428
-0.273779
-0.263747
-0.216733
-0.142003
-0.0518833
0.0472771
0.153819
0.267654
0.388847
0.517659
0.648637
0.762952
0.851304
0.918409
0.967549
0.998851
1.0111
1.00922
1.00074
0.987562
-0.293329
-0.283165
-0.235519
-0.160274
-0.0696827
0.030011
0.137189
0.251637
0.373634
0.503527
0.636191
0.753137
0.845859
0.917612
0.970873
1.00736
1.02512
1.02365
1.01414
0.984835
-0.312232
-0.30199
-0.253657
-0.177935
-0.0871033
0.0129144
0.120538
0.235276
0.357741
0.48823
0.622004
0.740714
0.837399
0.913899
0.969166
1.00556
1.02438
1.02459
0.978041
0.926626
-0.332141
-0.319311
-0.271047
-0.194866
-0.104302
-0.00414593
0.103639
0.218593
0.341143
0.471717
0.605923
0.725388
0.824599
0.906965
0.960372
0.984846
0.998513
0.973286
0.915321
0.857724
-0.356251
-0.351957
-0.292495
-0.208851
-0.11881
-0.0188124
0.0867876
0.20222
0.32453
0.454759
0.588528
0.707613
0.806505
0.899426
0.928058
0.947915
0.93067
0.880618
0.816704
0.755551
-0.334872
-0.327024
-0.268211
-0.185054
-0.0895314
0.0139944
0.124565
0.242838
0.368272
0.50208
0.629342
0.734693
0.824199
0.911716
0.926002
0.846984
0.781332
0.727026
0.66471
0.540701
-0.370492
-0.342613
-0.282257
-0.19852
-0.103107
5.22396e-05
0.110109
0.227737
0.352269
0.484524
0.609468
0.711872
0.792151
0.853831
0.828407
0.714983
0.620308
0.556806
0.487815
0.352025
-0.397024
-0.363493
-0.30169
-0.218289
-0.123064
-0.0200931
0.0900465
0.206929
0.330175
0.460182
0.581779
0.679388
0.74989
0.77547
0.704772
0.565288
0.454366
0.378056
0.289127
0.105327
-0.421522
-0.386442
-0.322943
-0.239075
-0.143856
-0.0409415
0.0688763
0.184868
0.30659
0.433938
0.551199
0.642262
0.698869
0.689545
0.565992
0.406229
0.26776
0.16203
0.0542948
-0.222493
-0.445612
-0.409736
-0.34506
-0.260546
-0.16519
-0.06244
0.0467766
0.161719
0.281691
0.406008
0.518169
0.602268
0.640389
0.599403
0.427619
0.245623
0.0707249
-0.0710672
-0.249096
-0.610015
-0.469727
-0.433725
-0.368303
-0.28331
-0.187769
-0.0852081
0.0234045
0.137202
0.255203
0.376162
0.482692
0.558693
0.576525
0.482666
0.2967
0.0966219
-0.0908393
-0.254971
-0.44531
-0.791329
-0.494996
-0.458841
-0.392975
-0.307644
-0.211963
-0.109563
-0.00152596
0.111101
0.22698
0.344326
0.444962
0.510563
0.502832
0.3662
0.177857
-0.0265253
-0.211205
-0.341607
-0.396489
-0.436026
-0.521816
-0.485532
-0.419384
-0.333903
-0.23826
-0.136189
-0.0289147
0.082248
0.19557
0.308608
0.402862
0.454714
0.423945
0.253972
0.0654474
-0.12287
-0.274992
-0.335801
-0.354532
-0.357806
-0.550485
-0.513976
-0.447586
-0.362071
-0.266637
-0.165085
-0.0588534
0.0505073
0.160829
0.268834
0.355996
0.39119
0.340426
0.148932
-0.0353118
-0.202984
-0.308021
-0.325181
-0.330148
-0.330329
-0.581146
-0.544256
-0.47761
-0.392127
-0.297055
-0.196255
-0.0913488
0.0158614
0.122712
0.225022
0.303778
0.325504
0.236967
0.0537141
-0.122884
-0.262919
-0.310574
-0.31752
-0.317579
-0.317217
-0.613672
-0.576319
-0.509408
-0.424051
-0.32949
-0.229663
-0.126387
-0.0217088
0.0812346
0.177246
0.246594
0.251821
0.135541
-0.0340611
-0.194745
-0.295296
-0.30936
-0.30991
-0.310173
-0.309683
-0.647606
-0.609902
-0.54279
-0.457666
-0.363794
-0.26519
-0.163882
-0.0621606
0.0364923
0.125708
0.185498
0.172936
0.0439884
-0.113932
-0.248833
-0.294175
-0.305329
-0.305977
-0.306221
-0.305832
-0.682571
-0.64457
-0.57737
-0.492633
-0.399674
-0.302578
-0.203588
-0.105298
-0.0113027
0.0710277
0.119324
0.0936884
-0.0422843
-0.182763
-0.284906
-0.30225
-0.302046
-0.302346
-0.302146
-0.302129
-0.717606
-0.67966
-0.612511
-0.528396
-0.436633
-0.341386
-0.245079
-0.150742
-0.0618528
0.0139872
0.0489187
0.0160222
-0.121784
-0.2347
-0.307801
-0.314574
-0.306822
-0.300109
-0.298168
-0.297863
-0.751567
-0.714098
-0.647286
-0.564137
-0.473946
-0.380971
-0.287723
-0.197784
-0.114678
-0.0450127
-0.0183794
-0.0733502
-0.196356
-0.278053
-0.307043
-0.31789
-0.315085
-0.312622
-0.309099
-0.306856
-0.782939
-0.746374
-0.680442
-0.598757
-0.510611
-0.420401
-0.330694
-0.245397
-0.168865
-0.105733
-0.083342
-0.166685
-0.277934
-0.32105
-0.336216
-0.34045
-0.342831
-0.343041
-0.341592
-0.340003
-0.809705
-0.774813
-0.710355
-0.630807
-0.545334
-0.458432
-0.372885
-0.292357
-0.222884
-0.167436
-0.149753
-0.253583
-0.382468
-0.405563
-0.396003
-0.403535
-0.400196
-0.399582
-0.399089
-0.397685
-0.829473
-0.796969
-0.735015
-0.658525
-0.576548
-0.493572
-0.412765
-0.337424
-0.274691
-0.227686
-0.214271
-0.327859
-0.511644
-0.601032
-0.56839
-0.527928
-0.511963
-0.505219
-0.498568
-0.493853
-0.839814
-0.810283
-0.752214
-0.67998
-0.602451
-0.524208
-0.448385
-0.379018
-0.322147
-0.283585
-0.275479
-0.378348
-0.594413
-0.789222
-0.725329
-0.642375
-0.612056
-0.599814
-0.589263
-0.584862
-0.837969
-0.81225
-0.759949
-0.693138
-0.621234
-0.548583
-0.478032
-0.41447
-0.363414
-0.333491
-0.320768
-0.408566
-0.478362
-0.61519
-0.571167
-0.616275
-0.625828
-0.605451
-0.595186
-0.593216
-0.819899
-0.800865
-0.756433
-0.696357
-0.631406
-0.564974
-0.500398
-0.44112
-0.395505
-0.373222
-0.364427
-0.398786
-0.258441
-0.129905
-0.185744
-0.397415
-0.506974
-0.523675
-0.528896
-0.528705
-0.787239
-0.774042
-0.739993
-0.689088
-0.63195
-0.572683
-0.513487
-0.458739
-0.414831
-0.395213
-0.402897
-0.401402
-0.300925
-0.156573
-0.344829
-0.565346
-0.592381
-0.540441
-0.522372
-0.529549
-0.744179
-0.735961
-0.713371
-0.672727
-0.623772
-0.571362
-0.517153
-0.465338
-0.42221
-0.395891
-0.428444
-0.525798
-0.779431
-1.06341
-1.33071
-1.46103
-1.39252
-1.18322
-1.01962
-0.981615
-0.698569
-0.694143
-0.681063
-0.651449
-0.609901
-0.56238
-0.511873
-0.460169
-0.412922
-0.387167
-0.386443
-0.559479
-0.981998
-1.49258
-1.67504
-1.82072
-1.82755
-1.74083
-1.63279
-1.56915
-0.659696
-0.657411
-0.650326
-0.629124
-0.593943
-0.549311
-0.498819
-0.443718
-0.388611
-0.338943
-0.299509
-0.35796
-0.595094
-0.976069
-1.19408
-1.0839
-0.809577
-0.563583
-0.388267
-0.296473
-0.629719
-0.628605
-0.625885
-0.612214
-0.581116
-0.536125
-0.481749
-0.41998
-0.344434
-0.25964
-0.162565
-0.0409546
0.0908926
0.339791
0.673528
1.03563
1.38357
1.61945
1.7296
1.77698
-0.608477
-0.607801
-0.607068
-0.599836
-0.573246
-0.526496
-0.464629
-0.391055
-0.305232
-0.189033
-0.0635619
0.132963
0.417585
0.830393
1.38137
1.89093
2.27931
2.51183
2.61576
2.64944
-0.595265
-0.594761
-0.594263
-0.591197
-0.569746
-0.521699
-0.452765
-0.366917
-0.270906
-0.151604
-0.0168233
0.124206
0.383174
0.819475
1.40038
1.91646
2.28596
2.50101
2.60145
2.6263
-0.588273
-0.586865
-0.58499
-0.585179
-0.571513
-0.523252
-0.44636
-0.353493
-0.247184
-0.138243
-0.00668627
0.103875
0.298482
0.690892
1.14995
1.54591
1.84391
2.02145
2.09692
2.11611
-0.596894
-0.594476
-0.592863
-0.595412
-0.585325
-0.531097
-0.441545
-0.342292
-0.234819
-0.124562
-0.0174149
0.0851185
0.182455
0.473157
0.839067
1.13972
1.35524
1.47161
1.52071
1.53331
-0.622013
-0.622483
-0.628757
-0.63323
-0.613347
-0.538062
-0.431258
-0.32365
-0.221178
-0.114499
-0.0272431
0.0556161
0.135968
0.338517
0.584308
0.78631
0.926426
1.00229
1.03453
1.04101
-0.627856
-0.635571
-0.648362
-0.650187
-0.613399
-0.517061
-0.401832
-0.296318
-0.198385
-0.106105
-0.0312598
0.0177823
0.0631051
0.20938
0.38263
0.522142
0.612854
0.660701
0.679877
0.683954
-0.543455
-0.553236
-0.565927
-0.564933
-0.524745
-0.436102
-0.341112
-0.252321
-0.168731
-0.0938652
-0.0337703
0.0077997
0.0284262
0.137468
0.256853
0.339375
0.392351
0.420162
0.431923
0.43435
-0.357882
-0.365203
-0.374548
-0.375182
-0.35063
-0.302923
-0.248818
-0.189433
-0.131599
-0.0723533
-0.0267065
0.0173135
0.0382934
0.10707
0.195842
0.25084
0.277673
0.291504
0.297365
0.298095
-0.149398
-0.153306
-0.160395
-0.167846
-0.169095
-0.161732
-0.145287
-0.120322
-0.0875305
-0.0455291
-0.0081122
0.0286228
0.0619998
0.100031
0.152919
0.180753
0.19973
0.213629
0.21885
0.219501
0.00223836
0.000290738
-0.00597007
-0.0193912
-0.0373088
-0.0531989
-0.0615523
-0.0601154
-0.0473313
-0.0205762
0.0114446
0.0459013
0.0826443
0.116336
0.145697
0.161586
0.175891
0.184042
0.187818
0.187256
0.0783335
0.0770363
0.0713664
0.0571513
0.0351178
0.0120251
-0.0061187
-0.0157845
-0.0150102
-0.000669287
0.0237874
0.0544442
0.0853872
0.102877
0.121746
0.13514
0.147961
0.156894
0.159323
0.158055
0.103188
0.102216
0.0977427
0.086085
0.0673165
0.0460005
0.0269644
0.0127172
0.00726399
0.0116292
0.027833
0.0501499
0.0719927
0.0757782
0.0870171
0.100734
0.114219
0.123175
0.125705
0.124413
0.102701
0.102041
0.0989085
0.0905536
0.0764737
0.0594801
0.0426621
0.0288299
0.0194785
0.0173832
0.0227658
0.032346
0.04425
0.0413627
0.0473463
0.0605583
0.0745853
0.082984
0.0851686
0.0835525
0.0918692
0.0914394
0.0893906
0.0838073
0.0740935
0.0615705
0.0481397
0.0357624
0.0252796
0.0174401
0.0128128
0.00484496
-0.00143449
-0.00842206
0.00398823
0.0186587
0.0309662
0.0361355
0.037548
0.0364031
0.0780866
0.0777953
0.0764973
0.0729834
0.0666124
0.0578985
0.0478893
0.0376039
0.0269676
0.0155417
0.00164398
-0.0217793
-0.0436415
-0.0508754
-0.0349796
-0.0185984
-0.0090751
-0.00580406
-0.00545374
-0.00595694
0.064872
0.0646562
0.0638516
0.0617967
0.0578281
0.0522577
0.0450682
0.037288
0.027348
0.0150512
-0.00397899
-0.0346308
-0.0618459
-0.063016
-0.0471235
-0.0339705
-0.0288648
-0.0287809
-0.0290596
-0.0291908
0.0537739
0.0536074
0.0531354
0.0520271
0.0498113
0.0463295
0.0416194
0.0360327
0.0285675
0.0181556
0.000800237
-0.0260084
-0.0474171
-0.0414146
-0.0297478
-0.0245008
-0.0247111
-0.0267267
-0.0272238
-0.0272674
0.0450813
0.044951
0.0446791
0.0441501
0.0430676
0.041189
0.0384674
0.0349442
0.0303876
0.024613
0.0150616
0.00163011
-0.00698213
0.000447742
0.00443081
0.00340731
6.27937e-05
-0.00239017
-0.00292569
-0.00310944
0.0384099
0.0383154
0.0381696
0.0379751
0.0375841
0.0367993
0.0357076
0.0340235
0.0328103
0.0323787
0.0343972
0.0373486
0.0418937
0.0489487
0.046048
0.0402071
0.0360044
0.0345592
0.0343985
0.0339415
0.0330884
0.0330428
0.0329914
0.0329543
0.0329376
0.0328055
0.0328799
0.0329259
0.0346136
0.0389931
0.0514175
0.0720145
0.0904051
0.0938545
0.0842637
0.075901
0.0732048
0.0731416
0.0728486
0.0719853
0.0281626
0.0281541
0.0281695
0.0282261
0.0284317
0.0287428
0.0294043
0.0308873
0.034356
0.0415972
0.0600873
0.092897
0.12126
0.118922
0.106334
0.0988358
0.0986312
0.100182
0.0998692
0.0987556
0.022974
0.0229577
0.02298
0.0230606
0.0233571
0.0240269
0.0249535
0.0271312
0.0311874
0.0390172
0.0570896
0.0886851
0.114152
0.111635
0.104267
0.103897
0.107369
0.10999
0.109296
0.10806
0.0174465
0.0174329
0.0174825
0.0175779
0.0178467
0.0183738
0.0193637
0.0213085
0.0244293
0.0310884
0.0426247
0.0614449
0.0740508
0.0742078
0.0776636
0.0861159
0.0940378
0.0977788
0.097272
0.0960856
0.0114089
0.0113914
0.0114547
0.0115177
0.0116953
0.0119657
0.0127939
0.0139571
0.0159598
0.0197183
0.0229745
0.0239369
0.0117479
0.0201302
0.0369746
0.0537835
0.0638659
0.0669764
0.0661585
0.0651235
0.00496314
0.00490088
0.00490045
0.00496863
0.00499847
0.00517619
0.00534097
0.0059202
0.00631209
0.00684277
0.00636188
0.00382897
-0.0166185
-0.0252953
-0.0068732
0.0146229
0.0210863
0.0244582
0.0250644
0.0249606
-0.328851
0.0544122
0.325083
0.51205
0.657718
0.770953
0.864328
0.94742
1.03286
1.02298
0.231313
0.384989
0.525875
0.648088
0.750155
0.834049
0.902605
0.950963
0.966746
0.979689
0.474146
0.57327
0.670611
0.755675
0.828385
0.888712
0.93565
0.968795
0.991453
1.01042
0.645029
0.713799
0.782881
0.84466
0.897771
0.94214
0.978065
1.00698
1.02894
1.04853
0.775472
0.826321
0.877445
0.924012
0.964783
1.00001
1.03026
1.05592
1.07507
1.09382
0.884586
0.924146
0.962953
0.999936
1.0336
1.06367
1.09013
1.11245
1.12945
1.14736
0.977587
1.01157
1.04491
1.0771
1.10715
1.13443
1.15845
1.17842
1.19332
1.21073
1.06489
1.09698
1.12911
1.16007
1.18894
1.21505
1.23772
1.256
1.26921
1.28608
1.15455
1.18899
1.22247
1.25423
1.28331
1.30902
1.33077
1.34775
1.35972
1.37613
1.25708
1.29582
1.33195
1.36492
1.39408
1.41898
1.43943
1.4552
1.46689
1.48306
1.38344
1.42504
1.46205
1.49395
1.52121
1.54414
1.56311
1.5783
1.59079
1.60691
1.54061
1.57898
1.61067
1.63676
1.65946
1.67972
1.69798
1.71415
1.72821
1.7441
1.72261
1.74756
1.76912
1.78796
1.80582
1.82274
1.83911
1.85559
1.87123
1.88722
1.90827
1.92008
1.93472
1.94956
1.96333
1.97554
1.98686
1.99825
2.01114
2.03186
2.09635
2.10638
2.11334
2.11471
2.1168
2.12422
2.13739
2.15274
2.16582
2.1941
2.37282
2.31375
2.26611
2.23499
2.22187
2.22645
2.24969
2.29502
2.36555
2.44417
0.812815
0.80531
0.796387
0.783559
0.770148
0.758541
0.749312
0.742405
0.737787
0.735762
0.73697
0.741003
0.747247
0.755638
0.7663
0.779132
0.792826
0.804023
0.811805
0.818128
0.726792
0.734672
0.741814
0.746571
0.747814
0.74581
0.742052
0.738087
0.734992
0.733593
0.734624
0.737661
0.741814
0.746215
0.749587
0.750299
0.747371
0.741339
0.733336
0.727434
0.718765
0.721823
0.724907
0.727419
0.729783
0.731533
0.732001
0.731314
0.730262
0.729788
0.730567
0.732206
0.733772
0.734376
0.733524
0.731572
0.729293
0.726644
0.723448
0.721085
0.71349
0.715007
0.717234
0.719386
0.720963
0.722222
0.723312
0.724059
0.724429
0.724761
0.725351
0.725933
0.726058
0.7256
0.72477
0.723652
0.721988
0.719797
0.717959
0.716875
0.70837
0.709209
0.710688
0.712523
0.714253
0.715634
0.716724
0.71768
0.718533
0.719283
0.719844
0.720075
0.719954
0.719524
0.718737
0.717483
0.715891
0.71431
0.713266
0.712632
0.703455
0.704024
0.70509
0.706509
0.70804
0.709539
0.710877
0.712018
0.713032
0.713952
0.714615
0.714883
0.714761
0.714233
0.713318
0.71217
0.710957
0.709863
0.709164
0.708721
0.69868
0.699108
0.699958
0.701149
0.702464
0.703866
0.705293
0.706648
0.70788
0.708992
0.709798
0.710129
0.709988
0.709448
0.708659
0.707765
0.706849
0.706026
0.705511
0.705176
0.694009
0.694344
0.695046
0.696089
0.697302
0.698621
0.700033
0.701502
0.702954
0.704307
0.705294
0.70572
0.705662
0.705275
0.704693
0.704006
0.703292
0.702675
0.702288
0.702023
0.689371
0.689643
0.69024
0.691185
0.692338
0.693619
0.695037
0.696583
0.698206
0.699805
0.701036
0.701668
0.701811
0.701631
0.701253
0.700759
0.700224
0.699768
0.699475
0.699258
0.684683
0.684909
0.685434
0.686318
0.687433
0.688715
0.690177
0.691823
0.693625
0.6955
0.697044
0.697968
0.698379
0.698435
0.698264
0.697965
0.697598
0.69728
0.69706
0.696878
0.679865
0.680055
0.680531
0.681382
0.682499
0.683819
0.685357
0.68714
0.689159
0.691355
0.693295
0.694596
0.695329
0.695661
0.695722
0.695611
0.69541
0.695212
0.695052
0.694896
0.674839
0.675004
0.675451
0.676301
0.677457
0.678859
0.68053
0.682519
0.68485
0.687474
0.689888
0.691613
0.692705
0.693333
0.693639
0.693724
0.693688
0.693599
0.693488
0.693351
0.669517
0.669661
0.6701
0.670981
0.672218
0.673753
0.675626
0.677906
0.680629
0.683776
0.686779
0.689024
0.690527
0.691481
0.692051
0.692351
0.692478
0.692488
0.692418
0.692295
0.663809
0.663938
0.664381
0.665321
0.666684
0.668404
0.670538
0.673185
0.676417
0.680236
0.683944
0.686792
0.688787
0.690132
0.691009
0.691548
0.691845
0.691952
0.691921
0.691809
0.657606
0.657723
0.658185
0.659209
0.660736
0.662697
0.665158
0.668253
0.672091
0.676704
0.681293
0.684912
0.687522
0.689344
0.690574
0.691392
0.691887
0.692095
0.692099
0.691994
0.650775
0.650867
0.651363
0.652503
0.65424
0.656517
0.659424
0.663112
0.667724
0.673333
0.678993
0.683519
0.686841
0.689202
0.690848
0.691986
0.6927
0.693018
0.693059
0.692958
0.643106
0.643208
0.643742
0.645036
0.647061
0.64975
0.65321
0.657652
0.663263
0.670118
0.67707
0.682676
0.686823
0.689832
0.691978
0.69349
0.694438
0.694871
0.694947
0.694849
0.634352
0.634451
0.635069
0.636566
0.638947
0.642141
0.646291
0.651653
0.658469
0.666854
0.675374
0.682299
0.687479
0.691278
0.694031
0.696002
0.69724
0.697807
0.69792
0.69782
0.624232
0.624335
0.625056
0.626802
0.62962
0.633459
0.638501
0.645045
0.653366
0.663611
0.674069
0.682586
0.688971
0.693707
0.697196
0.699699
0.701273
0.701991
0.702143
0.702038
0.612266
0.612381
0.613247
0.615328
0.618733
0.623436
0.62965
0.637739
0.648032
0.660633
0.673355
0.683677
0.691466
0.69729
0.701628
0.704766
0.706734
0.707618
0.707804
0.70769
0.597815
0.597966
0.599045
0.601568
0.605737
0.611569
0.619295
0.629328
0.642007
0.657421
0.672938
0.685479
0.694949
0.702071
0.707437
0.711339
0.713771
0.714838
0.715052
0.714922
0.579905
0.580128
0.581538
0.584709
0.589971
0.597393
0.607219
0.619896
0.635725
0.654635
0.673348
0.688332
0.69965
0.708245
0.714758
0.719521
0.722464
0.723715
0.723944
0.72379
0.557043
0.557409
0.559365
0.563557
0.570478
0.580221
0.592974
0.609144
0.628891
0.651976
0.674407
0.692197
0.705601
0.715819
0.72361
0.72933
0.732798
0.734216
0.734444
0.73426
0.526881
0.527544
0.530452
0.536433
0.546074
0.559378
0.576345
0.597205
0.621869
0.649866
0.676449
0.697259
0.712895
0.724859
0.734026
0.740726
0.744682
0.746217
0.746423
0.746206
0.485315
0.48669
0.491658
0.501196
0.515647
0.534514
0.557466
0.584399
0.614984
0.648558
0.679652
0.703652
0.721612
0.735374
0.745974
0.753623
0.757937
0.759494
0.759649
0.759405
0.42483
0.429052
0.43955
0.45626
0.47885
0.506034
0.536955
0.571302
0.608673
0.648339
0.684163
0.711426
0.731726
0.74726
0.759233
0.767699
0.77221
0.773632
0.773698
0.77345
0.351985
0.36024
0.379609
0.406805
0.439808
0.476353
0.515835
0.558141
0.602957
0.649634
0.6913
0.722872
0.746448
0.764519
0.778233
0.78776
0.792643
0.794171
0.794342
0.794245
0.278826
0.292824
0.321022
0.358549
0.401589
0.447423
0.495535
0.545897
0.598273
0.652091
0.699785
0.735864
0.762848
0.783676
0.799524
0.810182
0.815202
0.816472
0.816671
0.816685
0.218505
0.235806
0.269947
0.315226
0.366403
0.42039
0.47646
0.534474
0.594094
0.654765
0.708145
0.748406
0.778479
0.801661
0.819261
0.830668
0.835823
0.837577
0.837976
0.838053
0.168722
0.18808
0.22671
0.277757
0.335287
0.395961
0.458882
0.523752
0.590063
0.657141
0.71586
0.759958
0.792817
0.818067
0.837123
0.849589
0.855507
0.857638
0.858088
0.858184
0.126798
0.147366
0.189356
0.245006
0.307769
0.374043
0.442828
0.513719
0.586079
0.659057
0.722715
0.770325
0.805706
0.832824
0.853154
0.866469
0.873019
0.875429
0.875928
0.876021
0.0903043
0.111711
0.156325
0.21574
0.282907
0.354009
0.427935
0.504193
0.582033
0.660422
0.72863
0.779492
0.817082
0.845674
0.866875
0.880803
0.888005
0.89063
0.891184
0.891261
0.0576019
0.0796256
0.126386
0.18896
0.25991
0.335226
0.413741
0.494874
0.577744
0.661191
0.73366
0.787531
0.827068
0.856762
0.878569
0.892949
0.900561
0.903427
0.904054
0.904121
0.0275066
0.0500013
0.0985831
0.163929
0.238175
0.317209
0.399853
0.485457
0.573038
0.661297
0.737879
0.794568
0.83585
0.866487
0.888807
0.903533
0.911445
0.914471
0.915114
0.915148
-0.000883653
0.0220969
0.0723125
0.140112
0.217268
0.29962
0.385998
0.475725
0.567763
0.660664
0.741284
0.800716
0.843629
0.875107
0.897846
0.912814
0.920888
0.923964
0.924621
0.924633
-0.0280406
-0.00455901
0.047083
0.117123
0.196888
0.282227
0.371999
0.465542
0.561797
0.659229
0.743863
0.806045
0.850578
0.882911
0.906062
0.921243
0.929377
0.932491
0.933081
0.933022
-0.0543169
-0.0303368
0.022654
0.09471
0.176829
0.264867
0.357741
0.454813
0.555062
0.656922
0.745597
0.810611
0.856854
0.890125
0.913741
0.929119
0.937272
0.940313
0.940887
0.9408
-0.0799154
-0.0554059
-0.00116568
0.0727217
0.156975
0.247453
0.34315
0.443493
0.547509
0.653675
0.746454
0.814464
0.862576
0.896901
0.92103
0.936592
0.944729
0.947671
0.948171
0.948051
-0.104923
-0.0798591
-0.024467
0.0510894
0.137264
0.22994
0.328207
0.43156
0.539112
0.649444
0.746389
0.817613
0.867821
0.903343
0.928035
0.943731
0.95176
0.95454
0.954942
0.954784
-0.129414
-0.103787
-0.047273
0.0297979
0.117684
0.212339
0.312928
0.419024
0.529859
0.644184
0.745335
0.820021
0.872631
0.909553
0.934851
0.950607
0.958431
0.960967
0.961237
0.961044
-0.153331
-0.12718
-0.0695744
0.00885177
0.0982605
0.194678
0.297347
0.405925
0.519762
0.637865
0.743204
0.821611
0.877013
0.915636
0.941603
0.957283
0.964705
0.966904
0.967049
0.966833
-0.176703
-0.149993
-0.0913491
-0.0117203
0.0790371
0.177014
0.281531
0.392319
0.508874
0.630472
0.739929
0.822272
0.880907
0.921691
0.948491
0.963897
0.97063
0.972353
0.972357
0.972129
-0.199429
-0.172181
-0.112566
-0.0318831
0.0600691
0.159422
0.265558
0.378288
0.497253
0.622018
0.735437
0.821874
0.884183
0.927751
0.955805
0.970789
0.976352
0.977306
0.977131
0.976917
-0.221517
-0.193686
-0.133201
-0.0515726
0.0414293
0.141975
0.24952
0.36393
0.484979
0.612557
0.729678
0.820277
0.886621
0.933695
0.963852
0.978657
0.982447
0.981928
0.981358
0.981239
-0.242875
-0.214502
-0.153204
-0.0707367
0.0231763
0.124757
0.233499
0.349327
0.472163
0.602172
0.722623
0.817336
0.887954
0.939152
0.972646
0.988468
0.990526
0.987337
0.985295
0.985401
-0.263539
-0.234605
-0.172521
-0.0893168
0.00538627
0.107857
0.217621
0.334612
0.458931
0.590965
0.714277
0.812911
0.8879
0.943502
0.981485
1.00058
1.00304
0.99746
0.989876
0.975805
-0.283471
-0.254045
-0.1913
-0.107531
-0.0122528
0.0909272
0.201449
0.3193
0.444735
0.578387
0.704042
0.806377
0.886033
0.946099
0.989069
1.01382
1.02007
1.01348
1.00125
1.01143
-0.302673
-0.272831
-0.209502
-0.125327
-0.0296946
0.0740147
0.184987
0.303411
0.429552
0.564328
0.691708
0.797092
0.881681
0.945705
0.991669
1.02026
1.03133
1.0229
0.972141
0.961639
-0.321659
-0.291116
-0.226869
-0.1424
-0.0465445
0.0574954
0.168414
0.287219
0.413687
0.54901
0.677364
0.784511
0.87422
0.941504
0.98414
1.01084
1.01453
0.98143
0.9209
0.884241
-0.343649
-0.310555
-0.242952
-0.15821
-0.0620566
0.04177
0.152149
0.271009
0.39736
0.532565
0.661093
0.768363
0.862173
0.93275
0.978372
0.974204
0.955766
0.900406
0.837048
0.798716
0.079584
0.194991
0.317156
0.447094
0.580173
0.698345
0.7954
0.686803
-0.358701
-0.349417
-0.307568
-0.235566
-0.145298
-0.0460132
0.060861
0.175082
0.296447
0.425134
0.556897
0.674208
0.76794
0.850589
0.897497
0.856481
0.739433
0.669023
0.612269
-0.38226
-0.370661
-0.325182
-0.251937
-0.161518
-0.0622658
0.0441703
0.157926
0.278418
0.405683
0.535029
0.649111
0.736847
0.801872
0.801559
0.706565
0.585345
0.502582
0.433217
-0.406297
-0.394381
-0.346491
-0.272217
-0.181856
-0.0825568
0.0239474
0.137381
0.25689
0.382472
0.508589
0.617737
0.696862
0.739526
0.704561
0.558664
0.420361
0.316219
0.231305
-0.430199
-0.418251
-0.368942
-0.293534
-0.20292
-0.103645
0.00258985
0.115293
0.23354
0.356998
0.479398
0.582847
0.653432
0.66878
0.583175
0.41045
0.243804
0.101375
-0.0181477
-0.454173
-0.442311
-0.39208
-0.31583
-0.224861
-0.125593
-0.019766
0.0920546
0.208854
0.32985
0.448063
0.544981
0.605121
0.584298
0.452298
0.265378
0.0727636
-0.0925814
-0.252469
-0.478727
-0.467016
-0.416302
-0.339504
-0.248222
-0.148919
-0.0434315
0.0675605
0.182849
0.301227
0.415062
0.504683
0.550076
0.506926
0.329189
0.135214
-0.0649547
-0.242768
-0.378172
-0.502994
-0.504678
-0.493062
-0.442009
-0.364891
-0.273472
-0.174241
-0.0691717
0.0408657
0.154399
0.269727
0.378683
0.459946
0.488555
0.4118
0.21464
0.0176673
-0.168669
-0.309727
-0.359203
-0.380374
-0.53232
-0.52075
-0.469417
-0.392111
-0.300716
-0.201754
-0.097298
0.0114992
0.122905
0.234612
0.337938
0.409958
0.414651
0.29912
0.107565
-0.0798917
-0.242285
-0.315891
-0.338744
-0.34153
-0.561881
-0.550271
-0.498609
-0.42117
-0.329934
-0.231414
-0.127833
-0.0205848
0.0883008
0.195838
0.292598
0.355235
0.331688
0.192126
0.00987659
-0.165272
-0.285334
-0.324032
-0.322341
-0.323264
-0.593334
-0.581647
-0.529607
-0.452062
-0.361111
-0.263215
-0.160772
-0.0553944
0.0505648
0.153414
0.242817
0.293887
0.253795
0.0909798
-0.0766817
-0.234594
-0.299703
-0.312299
-0.313144
-0.312966
-0.626449
-0.614652
-0.562274
-0.484696
-0.394146
-0.297089
-0.196049
-0.0929149
0.00970548
0.107399
0.188877
0.226858
0.17812
0.0022794
-0.154583
-0.271813
-0.312014
-0.307974
-0.308141
-0.307693
-0.660709
-0.64886
-0.596314
-0.5188
-0.428823
-0.332832
-0.233498
-0.133011
-0.0341535
0.058097
0.130946
0.157265
0.0871057
-0.078655
-0.220744
-0.288441
-0.301929
-0.30368
-0.304145
-0.303981
-0.695595
-0.683719
-0.631205
-0.553907
-0.464718
-0.370073
-0.272781
-0.175361
-0.0807934
0.00587473
0.0698995
0.0801211
-0.00593007
-0.148797
-0.267258
-0.303538
-0.304984
-0.302139
-0.300046
-0.299738
-0.730104
-0.718257
-0.66611
-0.589285
-0.501191
-0.408251
-0.313383
-0.219413
-0.129762
-0.0489395
0.00805663
-0.00154301
-0.0937612
-0.210978
-0.292374
-0.32454
-0.3139
-0.305965
-0.301456
-0.299545
-0.762519
-0.751024
-0.699848
-0.623938
-0.53734
-0.446539
-0.354569
-0.264372
-0.180229
-0.105836
-0.0536775
-0.0784266
-0.185092
-0.271581
-0.313704
-0.318009
-0.326148
-0.326848
-0.324737
-0.321983
-0.791682
-0.780576
-0.730883
-0.656514
-0.571966
-0.483825
-0.395309
-0.309275
-0.230865
-0.163829
-0.11732
-0.151739
-0.280399
-0.351295
-0.347402
-0.365989
-0.365944
-0.364783
-0.36558
-0.365131
-0.814867
-0.804457
-0.757278
-0.685298
-0.603556
-0.51873
-0.434212
-0.352968
-0.280076
-0.221255
-0.181983
-0.218303
-0.377477
-0.489865
-0.475204
-0.463206
-0.454418
-0.449658
-0.446141
-0.442916
-0.829966
-0.820594
-0.776743
-0.70832
-0.63034
-0.549649
-0.469618
-0.393814
-0.326401
-0.275584
-0.243501
-0.281174
-0.457868
-0.67319
-0.714036
-0.627251
-0.574665
-0.563044
-0.555718
-0.548542
-0.834332
-0.826427
-0.78696
-0.723506
-0.650416
-0.574775
-0.499915
-0.429506
-0.36827
-0.324195
-0.298131
-0.339001
-0.465374
-0.687752
-0.742455
-0.668372
-0.6501
-0.624818
-0.608053
-0.60109
-0.826143
-0.819606
-0.785796
-0.728796
-0.662006
-0.592397
-0.523443
-0.458076
-0.40264
-0.36447
-0.347359
-0.37545
-0.390547
-0.351941
-0.37062
-0.454276
-0.563083
-0.570427
-0.567894
-0.567327
-0.801472
-0.796772
-0.770544
-0.722635
-0.663824
-0.601385
-0.538412
-0.478639
-0.426313
-0.392563
-0.386927
-0.387616
-0.330913
-0.12599
-0.0382058
-0.23833
-0.415761
-0.482105
-0.493182
-0.502339
-0.763598
-0.760604
-0.74267
-0.70524
-0.655939
-0.601109
-0.544562
-0.489003
-0.439791
-0.404691
-0.404401
-0.434337
-0.479559
-0.505702
-0.701816
-0.939456
-1.01128
-0.895908
-0.726409
-0.677806
-0.718696
-0.716885
-0.707192
-0.680245
-0.640633
-0.592858
-0.541728
-0.489158
-0.440344
-0.405244
-0.387961
-0.471633
-0.744761
-1.24613
-1.50492
-1.68327
-1.73655
-1.6399
-1.46899
-1.33599
-0.676351
-0.675202
-0.670636
-0.653746
-0.621933
-0.57953
-0.53138
-0.479876
-0.427392
-0.380395
-0.357857
-0.397455
-0.631264
-1.08016
-1.54112
-1.75433
-1.72715
-1.57714
-1.39696
-1.25519
-0.643564
-0.642872
-0.640373
-0.630723
-0.605079
-0.565787
-0.517305
-0.462228
-0.400072
-0.334779
-0.26686
-0.188022
-0.222248
-0.271969
-0.226234
-0.022399
0.301658
0.595746
0.782163
0.866829
-0.617954
-0.617329
-0.616385
-0.612596
-0.593466
-0.555584
-0.502814
-0.440135
-0.368118
-0.27488
-0.171407
-0.0274726
0.190718
0.481062
0.904152
1.37087
1.77827
2.07889
2.24196
2.3114
-0.601331
-0.600968
-0.600473
-0.599091
-0.586336
-0.549641
-0.492532
-0.419469
-0.334008
-0.231851
-0.0983616
0.0397441
0.26267
0.614861
1.14797
1.73184
2.2007
2.50823
2.66465
2.72624
-0.590733
-0.590338
-0.589247
-0.588695
-0.582342
-0.549327
-0.487678
-0.406453
-0.307989
-0.205326
-0.0747682
0.0497483
0.205502
0.536985
1.02694
1.53168
1.93586
2.20177
2.34413
2.39284
-0.590329
-0.589084
-0.586124
-0.585287
-0.584999
-0.556874
-0.487949
-0.397567
-0.295174
-0.184814
-0.0760396
0.0473696
0.147356
0.388936
0.797949
1.17743
1.48132
1.68158
1.78035
1.81471
-0.609364
-0.607549
-0.606828
-0.610726
-0.611604
-0.574242
-0.488864
-0.38524
-0.282363
-0.173248
-0.0718339
0.0265669
0.108717
0.252622
0.549617
0.833324
1.0512
1.18293
1.24606
1.26796
-0.632246
-0.632559
-0.641438
-0.64987
-0.641895
-0.583829
-0.476703
-0.364198
-0.260081
-0.161111
-0.066925
0.00554094
0.0654378
0.175617
0.384106
0.569881
0.709125
0.794056
0.834654
0.847695
-0.599459
-0.603716
-0.616917
-0.62648
-0.610722
-0.538782
-0.428651
-0.325102
-0.229786
-0.141128
-0.0644457
-0.00824634
0.0181126
0.0935065
0.233825
0.364234
0.455372
0.508467
0.534131
0.543011
-0.457986
-0.463364
-0.474755
-0.482116
-0.466802
-0.411052
-0.335816
-0.259982
-0.186355
-0.117043
-0.0570988
-0.00792088
0.018498
0.0660217
0.180323
0.263545
0.313917
0.340488
0.353138
0.356812
-0.248899
-0.252674
-0.259818
-0.266901
-0.264598
-0.244368
-0.214355
-0.175823
-0.132802
-0.0848125
-0.0365499
-0.000381036
0.0387901
0.0653711
0.131926
0.194045
0.221123
0.238658
0.247554
0.250294
-0.0628314
-0.0648452
-0.0691432
-0.0782063
-0.0898958
-0.0991782
-0.102251
-0.0950474
-0.0794069
-0.0505716
-0.0152317
0.018301
0.0590463
0.0914775
0.129194
0.159539
0.177093
0.192545
0.200963
0.202234
0.0492132
0.0480696
0.0449913
0.0350315
0.0163978
-0.00602281
-0.0242988
-0.0346615
-0.0344595
-0.0219068
0.00396509
0.0347744
0.0707264
0.101647
0.125724
0.144462
0.156786
0.167232
0.172177
0.173031
0.0956679
0.094914
0.0924207
0.0836158
0.0661507
0.0434268
0.0219208
0.00538737
-0.00252332
-1.17593e-05
0.0160069
0.0393225
0.0678808
0.0858876
0.0967404
0.112211
0.125312
0.137632
0.143521
0.143646
0.105157
0.104687
0.102859
0.0962936
0.082753
0.0643386
0.0451358
0.0287856
0.0171253
0.0136471
0.0196375
0.0332042
0.0526555
0.0618733
0.0628478
0.074375
0.0878084
0.0999477
0.105323
0.105309
0.0980942
0.0978332
0.0965997
0.0921351
0.0826662
0.0690741
0.0538064
0.0393536
0.0275261
0.0195042
0.0178258
0.0183496
0.0222472
0.0213207
0.0218053
0.0329702
0.0473174
0.0577127
0.0619037
0.0614627
0.0851122
0.0849718
0.0841624
0.0813123
0.0750524
0.0656925
0.0543982
0.0426415
0.0315774
0.0215843
0.0122325
-0.000564122
-0.0166377
-0.032823
-0.0272606
-0.0105951
0.0046944
0.0121059
0.0139925
0.0137642
0.0712958
0.071205
0.0706664
0.0689303
0.065026
0.05896
0.0509951
0.0421261
0.0325894
0.0213831
0.00754006
-0.0158106
-0.0438655
-0.0633135
-0.0525736
-0.0367045
-0.0250032
-0.0206589
-0.0201622
-0.0201587
0.0590447
0.0589688
0.0586125
0.057613
0.0554011
0.0516207
0.0465079
0.0400377
0.0326964
0.0222946
0.00805534
-0.0173939
-0.0475738
-0.0616646
-0.0483584
-0.0358764
-0.0304374
-0.0302464
-0.0314589
-0.0313621
0.0491635
0.0490902
0.0488492
0.0483149
0.0471743
0.0450788
0.0419666
0.0377248
0.0328036
0.0256625
0.0148902
-0.00296352
-0.0233036
-0.0282958
-0.0175257
-0.011668
-0.0129816
-0.0155442
-0.0170886
-0.0171817
0.0415536
0.0414885
0.0413349
0.0410761
0.0405831
0.0396241
0.0381062
0.0358095
0.0333271
0.0298925
0.0263306
0.0221535
0.0173576
0.0207314
0.0253718
0.0234615
0.0190036
0.0159504
0.0149922
0.0147762
0.0356646
0.0356092
0.0355202
0.0354133
0.0353
0.0350144
0.0345185
0.0339306
0.0335521
0.0343074
0.0388991
0.0495969
0.0607022
0.069762
0.0695702
0.0628807
0.0565543
0.0545101
0.0544207
0.0538788
0.0306294
0.0305943
0.0305729
0.0305749
0.0306607
0.030796
0.0309398
0.0316836
0.0330235
0.0370775
0.0473462
0.070466
0.100302
0.11196
0.104053
0.0935992
0.0882392
0.0882254
0.0887296
0.0877291
0.0256083
0.0255824
0.0256036
0.0256705
0.0258313
0.0262262
0.0267813
0.0282025
0.0307319
0.0363555
0.0484461
0.0758725
0.11115
0.124715
0.113047
0.105849
0.104655
0.105792
0.107061
0.105874
0.0202921
0.0202639
0.0202941
0.0203455
0.0205013
0.0209222
0.0217663
0.0231917
0.0258895
0.0313051
0.0417125
0.0635667
0.0903752
0.0998202
0.0946051
0.0942514
0.100802
0.10664
0.107191
0.105513
0.0145247
0.0144914
0.0145118
0.0145564
0.0146385
0.0149854
0.0157004
0.0167813
0.0189448
0.02267
0.0289256
0.038062
0.044035
0.0469458
0.0525675
0.0639691
0.0763993
0.0837644
0.0842162
0.0828939
0.00825207
0.00820139
0.00822667
0.00832823
0.00842451
0.00848971
0.0088547
0.00961562
0.0107623
0.0122503
0.0135072
0.0117622
-0.00542585
-0.0128903
0.00671132
0.0264356
0.0409791
0.046382
0.0460798
0.045244
0.00492969
0.00489084
0.00493117
0.0049705
0.00505313
0.00522338
0.00564383
0.00607997
0.00663106
0.00667618
0.00609475
-0.0055211
-0.0235649
-0.0186084
0.00473343
0.0194472
0.0231165
0.0250116
0.0252562
0.00544069
-0.100982
0.170567
0.347308
0.513287
0.648286
0.757403
0.846163
0.921438
0.969012
0.958892
0.305975
0.426499
0.547236
0.656283
0.749757
0.828289
0.892472
0.94016
0.968559
0.984913
0.527857
0.606307
0.689975
0.767271
0.834168
0.890806
0.936707
0.971896
0.998628
1.01892
0.685246
0.742839
0.802484
0.859381
0.909129
0.951722
0.987575
1.01752
1.04219
1.06041
0.809949
0.854155
0.898856
0.942147
0.981071
1.0155
1.04573
1.07186
1.09297
1.1098
0.914039
0.950985
0.986302
1.02136
1.05426
1.08425
1.11107
1.13427
1.15274
1.16799
1.00685
1.03749
1.07006
1.10217
1.13251
1.16044
1.18543
1.20674
1.22317
1.23704
1.09444
1.12509
1.15786
1.19005
1.22023
1.24768
1.27183
1.29191
1.30677
1.31946
1.18762
1.22174
1.25753
1.2914
1.32238
1.34978
1.37315
1.39202
1.40574
1.41799
1.29912
1.33709
1.37618
1.41134
1.44218
1.46847
1.49033
1.50784
1.52108
1.5339
1.44054
1.47902
1.5176
1.5499
1.57724
1.6006
1.62067
1.6377
1.65174
1.66557
1.61622
1.64632
1.67639
1.7006
1.72164
1.741
1.75922
1.77655
1.79244
1.80732
1.81001
1.82445
1.84209
1.85888
1.87541
1.89085
1.90502
1.91908
1.93396
1.95013
1.99905
2.00335
2.01628
2.02848
2.03848
2.04779
2.05798
2.06865
2.078
2.09022
2.22855
2.21495
2.20614
2.1911
2.18002
2.17949
2.19152
2.21532
2.24716
2.28293
2.60274
2.44423
2.33872
2.27989
2.25084
2.24428
2.25945
2.30067
2.37991
2.52503
-0.337556
-0.33403
-0.291939
-0.218275
-0.128235
-0.0283317
0.88528
0.943968
0.943662
0.882013
0.819512
0.756324
0.553924
0.358698
0.13388
-0.155715
-0.503226
)
;

boundaryField
{
    wall-4
    {
        type            zeroGradient;
    }
    pressure-outlet-7
    {
        type            fixedValue;
        value           uniform 0;
    }
    velocity-inlet-6
    {
        type            zeroGradient;
    }
    velocity-inlet-5
    {
        type            zeroGradient;
    }
    frontAndBackPlanes
    {
        type            empty;
    }
}


// ************************************************************************* //
