/*--------------------------------*- C++ -*----------------------------------*\
  =========                 |
  \\      /  F ield         | OpenFOAM: The Open Source CFD Toolbox
   \\    /   O peration     | Website:  https://openfoam.org
    \\  /    A nd           | Version:  6
     \\/     M anipulation  |
\*---------------------------------------------------------------------------*/
FoamFile
{
    version     2.0;
    format      ascii;
    class       volScalarField;
    location    "36.9";
    object      p;
}
// * * * * * * * * * * * * * * * * * * * * * * * * * * * * * * * * * * * * * //

dimensions      [0 2 -2 0 0 0 0];

internalField   nonuniform List<scalar> 
8800
(
0.974538
0.925219
0.887245
0.859163
0.83898
0.824359
0.813712
0.80611
0.801141
0.798955
0.800188
0.804415
0.811119
0.820476
0.833165
0.850453
0.874309
0.907392
0.950321
1.00283
0.809049
0.815391
0.824531
0.828067
0.825441
0.819328
0.812351
0.806055
0.801175
0.798198
0.797833
0.800326
0.804859
0.810908
0.817951
0.824945
0.829795
0.829651
0.822963
0.814056
0.782605
0.788836
0.793324
0.797178
0.800101
0.801016
0.799879
0.797688
0.795607
0.794634
0.795516
0.79784
0.800626
0.802821
0.803287
0.801457
0.798062
0.794027
0.789232
0.785514
0.778367
0.781128
0.783722
0.78586
0.78757
0.789099
0.790148
0.790421
0.790195
0.790143
0.790785
0.791785
0.792415
0.792176
0.791133
0.789728
0.78802
0.785689
0.783263
0.781695
0.773395
0.774816
0.776641
0.778699
0.780378
0.781626
0.78266
0.783549
0.784224
0.784783
0.785307
0.785612
0.785505
0.785038
0.78429
0.783114
0.781411
0.779482
0.778111
0.777309
0.768513
0.769414
0.770646
0.772249
0.773907
0.775387
0.776597
0.777613
0.778528
0.779347
0.779911
0.780105
0.779959
0.779466
0.778567
0.777301
0.775877
0.774566
0.773725
0.773202
0.763745
0.764399
0.765346
0.766636
0.768044
0.769503
0.770903
0.772148
0.773241
0.774212
0.774899
0.775159
0.774981
0.774391
0.773488
0.772447
0.771375
0.770414
0.769812
0.76943
0.75909
0.759593
0.760365
0.761478
0.762737
0.764095
0.765516
0.766926
0.768256
0.769449
0.770283
0.770591
0.770422
0.7699
0.769175
0.768357
0.767512
0.766778
0.766327
0.766032
0.754507
0.754906
0.755554
0.75655
0.75774
0.759044
0.760457
0.761957
0.763477
0.764906
0.765943
0.766386
0.766349
0.765999
0.765468
0.764833
0.764163
0.763604
0.763259
0.763023
0.749918
0.750242
0.750804
0.751723
0.752865
0.75415
0.755586
0.757165
0.758838
0.760514
0.761816
0.762505
0.762699
0.76256
0.762222
0.761771
0.761268
0.760852
0.760588
0.760393
0.74525
0.745516
0.746018
0.746894
0.748022
0.749328
0.750814
0.752496
0.754364
0.756327
0.757966
0.758969
0.759445
0.759557
0.759426
0.759152
0.758796
0.7585
0.758304
0.758141
0.740437
0.740659
0.741121
0.74198
0.743129
0.744498
0.746091
0.747939
0.750049
0.752361
0.75442
0.755819
0.756623
0.756999
0.757086
0.756989
0.756788
0.756599
0.756455
0.756315
0.735397
0.735581
0.736025
0.736904
0.73812
0.739604
0.741375
0.743486
0.745958
0.748744
0.751308
0.753136
0.754281
0.754928
0.755239
0.755322
0.755263
0.755167
0.755068
0.754947
0.730064
0.730218
0.730658
0.731582
0.732907
0.734545
0.736527
0.738948
0.741847
0.745205
0.748396
0.750774
0.752354
0.75335
0.753931
0.754212
0.754291
0.754285
0.754229
0.754123
0.724342
0.724468
0.724914
0.725899
0.727358
0.729195
0.731451
0.734244
0.73768
0.741752
0.745712
0.74874
0.750874
0.752293
0.753196
0.753729
0.75398
0.754071
0.754054
0.753959
0.718122
0.718217
0.718685
0.719764
0.721405
0.723513
0.726156
0.729467
0.733553
0.738466
0.743391
0.747283
0.750038
0.751926
0.75319
0.753979
0.754425
0.754619
0.754641
0.754555
0.71126
0.711339
0.711827
0.713021
0.7149
0.717356
0.720466
0.724439
0.729441
0.735509
0.741554
0.746343
0.749837
0.752308
0.754006
0.755117
0.755776
0.756083
0.756146
0.756066
0.703496
0.703565
0.704105
0.705443
0.707608
0.710464
0.71414
0.718862
0.724842
0.732206
0.739708
0.745774
0.75024
0.75345
0.755728
0.757266
0.758203
0.758648
0.758753
0.758675
0.694622
0.694668
0.695281
0.696806
0.699331
0.702733
0.70718
0.712968
0.720353
0.729427
0.738618
0.746046
0.75157
0.755621
0.758574
0.760604
0.761878
0.762485
0.762633
0.762553
0.684186
0.684221
0.684919
0.686695
0.689676
0.693768
0.699173
0.706241
0.715282
0.726416
0.737725
0.746887
0.753754
0.758836
0.76261
0.765252
0.766939
0.767734
0.76792
0.767827
0.671559
0.671594
0.672423
0.674543
0.678158
0.683194
0.68989
0.698671
0.709868
0.723562
0.737394
0.748557
0.756948
0.763221
0.767936
0.7713
0.773453
0.774446
0.774664
0.774553
0.655879
0.655923
0.65697
0.659637
0.664183
0.670551
0.67902
0.690069
0.704025
0.720887
0.737684
0.751165
0.7613
0.768926
0.774678
0.778836
0.781481
0.782668
0.782911
0.782775
0.635954
0.636017
0.637418
0.640945
0.646875
0.655154
0.666085
0.680164
0.697624
0.718313
0.738607
0.754733
0.766831
0.775965
0.782903
0.787923
0.791077
0.792449
0.792711
0.792547
0.609987
0.610096
0.61212
0.617087
0.625235
0.636394
0.650867
0.669038
0.690951
0.716223
0.740474
0.759503
0.773749
0.784538
0.792724
0.798681
0.802339
0.803873
0.804139
0.803945
0.575005
0.575267
0.578547
0.586144
0.598057
0.613693
0.633238
0.656794
0.684156
0.714725
0.743364
0.765553
0.782102
0.794673
0.804245
0.811179
0.815317
0.816963
0.817206
0.816978
0.525343
0.526514
0.533101
0.546078
0.564507
0.587042
0.613591
0.643951
0.677727
0.71421
0.747548
0.773025
0.791966
0.806367
0.817409
0.825359
0.829921
0.8316
0.831784
0.831515
0.452511
0.460059
0.475206
0.498026
0.52611
0.557806
0.592863
0.631052
0.671995
0.714995
0.753521
0.782677
0.804344
0.820937
0.833776
0.842852
0.847933
0.849747
0.849941
0.849712
0.374915
0.391111
0.415688
0.449046
0.487342
0.528382
0.572038
0.618314
0.666928
0.717306
0.762178
0.796152
0.821493
0.841049
0.856232
0.866837
0.87258
0.874547
0.874798
0.874715
0.308518
0.328353
0.360756
0.4031
0.450384
0.500207
0.552243
0.606448
0.662568
0.720053
0.770908
0.809387
0.838163
0.8604
0.877523
0.889214
0.895431
0.897681
0.897968
0.89795
0.254318
0.276312
0.313985
0.362767
0.417123
0.474298
0.53374
0.595219
0.65836
0.722538
0.779
0.821569
0.853357
0.877689
0.896187
0.908994
0.916164
0.918559
0.918911
0.918953
0.209294
0.232503
0.273941
0.327734
0.387779
0.451042
0.516788
0.584698
0.654227
0.724595
0.786228
0.832485
0.866777
0.892836
0.912467
0.926187
0.934024
0.936781
0.937288
0.937374
0.170826
0.194757
0.238945
0.29679
0.361613
0.430066
0.501279
0.574883
0.650172
0.726222
0.79258
0.842137
0.878584
0.906025
0.926573
0.940937
0.949277
0.952459
0.953161
0.953265
0.136986
0.161399
0.207727
0.268882
0.337746
0.410707
0.486788
0.565519
0.64609
0.727392
0.798115
0.850615
0.888923
0.917472
0.93875
0.953628
0.962329
0.965838
0.966649
0.966744
0.106341
0.131162
0.179224
0.243178
0.315494
0.392398
0.472847
0.556287
0.641772
0.728005
0.802839
0.85806
0.898006
0.927491
0.949303
0.964502
0.973427
0.977145
0.978025
0.978104
0.0779217
0.103166
0.152686
0.219018
0.294318
0.374705
0.459105
0.546878
0.636987
0.727942
0.806741
0.864587
0.906083
0.936445
0.958718
0.974165
0.983237
0.987064
0.987957
0.987988
0.0509493
0.0766708
0.127536
0.195955
0.273839
0.357318
0.445296
0.537074
0.631545
0.727067
0.809793
0.870266
0.913331
0.944576
0.967305
0.982966
0.992099
0.995949
0.996887
0.996903
0.0250616
0.051248
0.103338
0.173614
0.253785
0.340028
0.431253
0.526732
0.625313
0.725281
0.811958
0.875163
0.919911
0.952122
0.975352
0.991222
1.00037
1.00415
1.00506
1.00506
-0.000159399
0.0266033
0.0798363
0.151771
0.233971
0.322691
0.416874
0.515762
0.618215
0.722506
0.813212
0.879338
0.925945
0.959254
0.983059
0.999156
1.00833
1.01204
1.01283
1.01277
-0.0248269
0.00253312
0.0568539
0.130294
0.214303
0.305244
0.402104
0.504125
0.610207
0.718702
0.813533
0.882816
0.931519
0.966079
0.99055
1.00689
1.01602
1.01959
1.02027
1.02014
-0.0490478
-0.0210774
0.034298
0.109121
0.194748
0.287672
0.386941
0.491818
0.60128
0.71383
0.812858
0.885567
0.936652
0.972673
0.997888
1.01445
1.02345
1.0268
1.02733
1.02715
-0.0728843
-0.0442649
0.0121545
0.0882365
0.175297
0.269997
0.371423
0.478878
0.59145
0.707855
0.811103
0.887498
0.941339
0.979102
1.00515
1.02188
1.03063
1.03366
1.03403
1.03381
-0.096361
-0.067014
-0.00957683
0.0676528
0.156001
0.252268
0.355607
0.465359
0.580749
0.700755
0.808183
0.888502
0.94553
0.985434
1.01248
1.02923
1.03752
1.0401
1.0403
1.04004
-0.119297
-0.0892703
-0.0308614
0.0474062
0.136908
0.23456
0.339567
0.451348
0.569243
0.692554
0.804031
0.888455
0.949089
0.991699
1.02006
1.0367
1.04415
1.04607
1.04606
1.04579
-0.141643
-0.110972
-0.0516515
0.0275613
0.118085
0.216944
0.323403
0.436931
0.557025
0.683289
0.798603
0.887202
0.951814
0.997811
1.02819
1.04479
1.05081
1.05157
1.05125
1.051
-0.163447
-0.132071
-0.0719044
0.00816753
0.099606
0.199512
0.307213
0.422221
0.544197
0.673035
0.791855
0.884604
0.953442
1.00348
1.03697
1.05431
1.05853
1.05706
1.05585
1.05579
-0.184529
-0.152529
-0.0915528
-0.0107
0.0815367
0.182352
0.291099
0.407337
0.530884
0.661901
0.783781
0.880528
0.953688
1.00815
1.04602
1.06601
1.06956
1.06507
1.06079
1.05879
-0.204976
-0.172336
-0.110596
-0.0290681
0.0638444
0.165421
0.275006
0.392215
0.51701
0.649816
0.774236
0.874709
0.952251
1.01117
1.05423
1.0794
1.08572
1.08055
1.06887
1.06696
-0.224693
-0.191563
-0.129167
-0.0471324
0.0462264
0.148364
0.258501
0.376342
0.501995
0.636106
0.762507
0.866304
0.948485
1.01156
1.05918
1.09068
1.10111
1.09291
1.07525
1.06929
-0.243531
-0.210162
-0.147086
-0.0646824
0.028935
0.131493
0.241805
0.360058
0.48616
0.621057
0.74873
0.854853
0.941803
1.00823
1.05607
1.08725
1.10189
1.08106
1.02152
0.994679
-0.261364
-0.228892
-0.163949
-0.0811947
0.0126449
0.115297
0.22519
0.343636
0.46979
0.604856
0.733009
0.839933
0.931451
1.00068
1.04083
1.06477
1.06347
1.01724
0.95517
0.916778
-0.305858
-0.246905
-0.179706
-0.0972437
-0.00342057
0.0988651
0.208785
0.32696
0.45269
0.587186
0.715008
0.821156
0.914209
0.987945
1.01355
1.01207
0.976527
0.918124
0.850941
0.813855
-0.28107
-0.262806
-0.203343
-0.121105
-0.0277553
0.074243
0.183398
0.300764
0.425321
0.557984
0.683643
0.786864
0.871493
0.949144
0.943051
0.846948
0.7637
0.705746
0.644221
0.674824
-0.313183
-0.281306
-0.221049
-0.139291
-0.0460185
0.0556073
0.164836
0.281473
0.404884
0.535573
0.658354
0.757831
0.833089
0.875494
0.833806
0.703904
0.601135
0.531884
0.452015
0.501628
-0.338281
-0.303893
-0.241767
-0.159806
-0.0665915
0.0349254
0.143991
0.259762
0.381715
0.509872
0.628787
0.722566
0.786172
0.793477
0.696251
0.54706
0.422652
0.333954
0.239968
0.27546
-0.3628
-0.327253
-0.263654
-0.180997
-0.0876377
0.0137524
0.122302
0.237059
0.357351
0.482625
0.596825
0.684028
0.731228
0.706635
0.556284
0.383476
0.226541
0.0945088
-0.0287622
-0.0110775
-0.387081
-0.351066
-0.286496
-0.203211
-0.109624
-0.00841407
0.0994908
0.213105
0.331483
0.453519
0.562336
0.642376
0.669906
0.605125
0.41918
0.224419
0.0383299
-0.114977
-0.32236
-0.402276
-0.411801
-0.375795
-0.310621
-0.226849
-0.13301
-0.0319228
0.0754093
0.187866
0.304237
0.422829
0.525944
0.597092
0.602241
0.484704
0.294241
0.0857916
-0.106571
-0.268981
-0.394048
-0.519263
-0.438034
-0.401921
-0.336389
-0.252305
-0.158343
-0.0574651
0.0492016
0.160335
0.274376
0.389019
0.485978
0.545868
0.524772
0.369249
0.177088
-0.0254036
-0.200845
-0.298683
-0.325049
-0.338981
-0.465924
-0.429726
-0.363928
-0.279685
-0.185772
-0.0852664
0.0204941
0.129996
0.241281
0.35128
0.441585
0.485444
0.444732
0.258709
0.0679909
-0.11453
-0.246763
-0.284828
-0.294249
-0.294395
-0.495759
-0.459335
-0.393278
-0.30897
-0.215247
-0.11533
-0.010731
0.0967932
0.204876
0.309556
0.392247
0.421
0.351537
0.157088
-0.0272405
-0.185912
-0.260306
-0.274245
-0.275718
-0.275627
-0.527537
-0.490785
-0.424447
-0.340148
-0.246771
-0.14764
-0.0444742
0.0607097
0.165154
0.263965
0.337591
0.352526
0.244786
0.063853
-0.110329
-0.236488
-0.26493
-0.265259
-0.265771
-0.265416
-0.561001
-0.523893
-0.457313
-0.373122
-0.280243
-0.182129
-0.0806942
0.0217797
0.122129
0.214657
0.278617
0.274746
0.147718
-0.0238633
-0.177069
-0.248831
-0.263324
-0.260298
-0.259319
-0.25879
-0.59556
-0.558298
-0.491599
-0.407643
-0.315451
-0.218617
-0.119221
-0.0198475
0.0759769
0.161964
0.216021
0.195333
0.0571671
-0.102339
-0.222617
-0.256715
-0.256506
-0.257869
-0.257352
-0.256427
-0.630778
-0.593454
-0.52681
-0.443266
-0.352007
-0.256747
-0.159742
-0.063858
0.0269932
0.106637
0.148573
0.117065
-0.0262507
-0.167208
-0.256251
-0.260806
-0.258714
-0.255353
-0.253463
-0.252931
-0.665595
-0.62845
-0.562177
-0.479316
-0.389308
-0.29599
-0.201753
-0.109742
-0.024306
0.0492408
0.0800784
0.0360435
-0.102384
-0.218158
-0.281504
-0.285101
-0.262935
-0.246583
-0.242229
-0.241696
-0.698366
-0.662019
-0.596652
-0.514868
-0.426507
-0.335555
-0.244517
-0.156756
-0.0769894
-0.0102004
0.0170251
-0.0527376
-0.177016
-0.260599
-0.280236
-0.279521
-0.275006
-0.268215
-0.259674
-0.255638
-0.727861
-0.692663
-0.628825
-0.548686
-0.462477
-0.374351
-0.287046
-0.203888
-0.129862
-0.0712063
-0.0438101
-0.132911
-0.261471
-0.307066
-0.323135
-0.32751
-0.341249
-0.347402
-0.34148
-0.337172
-0.751504
-0.718304
-0.65694
-0.5792
-0.495838
-0.411017
-0.327974
-0.249832
-0.181959
-0.130938
-0.108116
-0.195092
-0.34661
-0.416356
-0.424085
-0.435279
-0.444094
-0.453909
-0.452248
-0.448689
-0.767281
-0.736859
-0.678931
-0.604608
-0.524943
-0.44407
-0.365466
-0.293041
-0.231867
-0.185928
-0.174554
-0.25466
-0.400925
-0.558348
-0.570483
-0.56981
-0.585484
-0.585784
-0.578585
-0.576711
-0.772502
-0.745958
-0.692733
-0.622976
-0.547922
-0.471908
-0.397779
-0.331194
-0.276303
-0.239885
-0.222338
-0.338297
-0.409731
-0.435203
-0.443042
-0.587732
-0.654434
-0.645395
-0.643636
-0.643302
-0.765293
-0.743369
-0.696273
-0.632465
-0.563014
-0.492604
-0.423785
-0.361153
-0.312844
-0.28809
-0.275761
-0.427118
-0.439865
-0.333309
-0.374624
-0.567836
-0.682383
-0.677126
-0.675816
-0.674295
-0.74276
-0.726233
-0.687643
-0.631828
-0.569002
-0.504557
-0.441329
-0.382541
-0.337767
-0.319067
-0.342317
-0.512668
-0.699728
-0.868055
-1.01861
-1.15092
-1.03249
-0.838604
-0.749977
-0.755359
-0.707712
-0.696748
-0.667464
-0.621129
-0.565702
-0.507068
-0.448314
-0.393587
-0.350615
-0.330614
-0.381036
-0.596196
-0.985012
-1.42832
-1.72234
-1.8549
-1.75322
-1.51045
-1.28802
-1.20751
-0.665585
-0.659299
-0.639888
-0.602759
-0.554667
-0.500568
-0.444872
-0.390705
-0.345097
-0.325355
-0.362498
-0.500087
-0.822528
-1.20604
-1.32693
-1.38779
-1.36575
-1.28688
-1.16763
-1.08791
-0.624668
-0.621175
-0.61027
-0.581773
-0.538824
-0.487435
-0.43142
-0.3733
-0.317362
-0.279667
-0.246615
-0.263666
-0.25503
-0.341086
-0.421445
-0.441022
-0.309765
-0.177042
-0.0644394
-0.00458314
-0.591437
-0.58942
-0.583882
-0.562766
-0.523424
-0.471017
-0.410549
-0.344994
-0.26914
-0.179055
-0.0972944
0.0649788
0.239879
0.535435
0.87624
1.21614
1.53132
1.75272
1.86571
1.90508
-0.563364
-0.562612
-0.561123
-0.547904
-0.511736
-0.456746
-0.389025
-0.308616
-0.222698
-0.105835
0.0264117
0.2171
0.615692
1.03411
1.54519
2.00962
2.35604
2.5876
2.71764
2.76115
-0.543216
-0.542764
-0.542747
-0.535616
-0.503847
-0.445482
-0.370794
-0.28168
-0.180573
-0.0690042
0.0777751
0.214802
0.479985
0.910169
1.42394
1.92342
2.31545
2.57175
2.69186
2.72503
-0.52803
-0.526985
-0.526875
-0.524892
-0.498317
-0.43726
-0.354309
-0.263317
-0.157606
-0.0439576
0.0817362
0.211106
0.355196
0.728455
1.19563
1.59962
1.9094
2.09986
2.18262
2.20495
-0.522736
-0.521513
-0.522656
-0.522589
-0.495788
-0.427707
-0.337543
-0.242422
-0.143282
-0.0328449
0.0758738
0.19553
0.296325
0.50776
0.860582
1.17991
1.41375
1.54156
1.59456
1.60733
-0.52058
-0.522639
-0.527875
-0.526129
-0.489839
-0.408456
-0.312518
-0.218425
-0.123877
-0.0247497
0.0703864
0.155383
0.243235
0.377871
0.605179
0.816492
0.969557
1.05437
1.08986
1.0983
-0.483821
-0.489804
-0.497808
-0.492031
-0.446547
-0.361598
-0.271219
-0.185141
-0.101896
-0.0180384
0.0566217
0.11673
0.163175
0.267147
0.429941
0.560047
0.647399
0.696316
0.71704
0.719912
-0.366947
-0.373707
-0.380846
-0.374621
-0.336726
-0.273584
-0.20776
-0.140369
-0.0753705
-0.00983868
0.0442989
0.0880704
0.108199
0.168352
0.281753
0.370374
0.426574
0.453884
0.463936
0.464777
-0.192144
-0.196595
-0.202231
-0.201802
-0.18666
-0.159631
-0.12586
-0.0863913
-0.0431193
0.00373795
0.0396565
0.0655681
0.0822712
0.119437
0.189965
0.243792
0.278489
0.297204
0.304453
0.304745
-0.0315682
-0.0336669
-0.0385186
-0.0462696
-0.0526552
-0.0542835
-0.0478365
-0.0336617
-0.0105287
0.020547
0.0438526
0.0607545
0.0754421
0.109243
0.155382
0.184907
0.201627
0.209705
0.212138
0.211509
0.0682142
0.0671324
0.062458
0.0509335
0.0341859
0.0190131
0.0105237
0.00973701
0.0191289
0.0369234
0.0555528
0.0665652
0.0786281
0.102895
0.137783
0.153569
0.161795
0.165243
0.165965
0.165079
0.112227
0.111483
0.107568
0.0969315
0.080202
0.0627601
0.0491634
0.04166
0.0426381
0.0524307
0.0673684
0.0801412
0.0924795
0.108287
0.128531
0.136195
0.141901
0.144998
0.145931
0.144995
0.123672
0.123095
0.120207
0.112289
0.0992586
0.0844349
0.0715276
0.062805
0.0591495
0.0646771
0.076993
0.0923001
0.111528
0.121071
0.127325
0.130783
0.134856
0.136843
0.137555
0.136577
0.120557
0.120125
0.118195
0.113006
0.104104
0.0932479
0.082812
0.0746027
0.0700615
0.071467
0.0825491
0.0966802
0.118342
0.123074
0.122841
0.125696
0.130465
0.13447
0.135269
0.133737
0.112459
0.112125
0.110884
0.107725
0.102077
0.0948774
0.0868464
0.0804608
0.075466
0.0751095
0.0799978
0.0882449
0.103833
0.104199
0.104558
0.109706
0.116746
0.121697
0.12329
0.121978
0.103897
0.103625
0.102815
0.100969
0.0976028
0.0930505
0.0877222
0.0828144
0.0778994
0.0746128
0.0704572
0.0660932
0.0673612
0.0652469
0.0723391
0.083476
0.0940129
0.0999998
0.10179
0.100672
0.0966878
0.0964692
0.0959253
0.0948375
0.0929284
0.090095
0.0868467
0.0830295
0.0788514
0.0734063
0.0606197
0.03984
0.020121
0.0189245
0.0393336
0.0575262
0.069315
0.0744923
0.075311
0.0744017
0.0909619
0.0908008
0.0904349
0.0897523
0.0887299
0.0871487
0.085265
0.08307
0.0802708
0.0742066
0.0594245
0.0309481
0.00161586
0.00503463
0.0284084
0.0458238
0.0535489
0.0553523
0.0557839
0.0558973
0.0861162
0.0860138
0.0857931
0.0853116
0.084645
0.0840951
0.0833967
0.0824397
0.0818914
0.0788997
0.0715624
0.0533279
0.0341139
0.0430945
0.05839
0.0656544
0.0669863
0.0660148
0.0659817
0.0660183
0.0813121
0.0812707
0.0812031
0.0809434
0.0807609
0.0806024
0.0810713
0.0820937
0.0835522
0.0868468
0.0930556
0.0963769
0.0965507
0.104039
0.106064
0.104824
0.102046
0.100462
0.100009
0.099364
0.0758005
0.0758278
0.0759475
0.0759846
0.0760675
0.0763637
0.0776368
0.0806435
0.0849321
0.0942787
0.113389
0.142174
0.16174
0.167225
0.156582
0.14489
0.138908
0.137729
0.136784
0.136165
0.0687054
0.0687908
0.069082
0.0695063
0.0698245
0.0707821
0.0722648
0.0765517
0.0837392
0.09757
0.124922
0.175774
0.217362
0.215036
0.192093
0.175789
0.170544
0.169138
0.16733
0.16621
0.0593279
0.0594184
0.0597829
0.0604183
0.0612027
0.062716
0.0653625
0.069296
0.0777733
0.0925659
0.120045
0.172655
0.217358
0.215085
0.193775
0.18391
0.179646
0.178497
0.176226
0.174939
0.0476245
0.047628
0.0479575
0.0488087
0.0503134
0.05237
0.0551577
0.0593549
0.0666374
0.0783062
0.0984149
0.135712
0.166354
0.165926
0.153899
0.151472
0.156072
0.157561
0.154472
0.152833
0.0343584
0.0343721
0.0348134
0.0359166
0.0374192
0.0393971
0.0425036
0.0464132
0.048872
0.0547918
0.0651209
0.0762587
0.079665
0.0808135
0.0855101
0.0950992
0.0967847
0.0972983
0.0956199
0.0942441
0.0195369
0.0194797
0.0197541
0.0208109
0.0223724
0.0241157
0.02633
0.0299651
0.0306916
0.0297506
0.0323503
0.0206279
-0.00766393
-0.00658601
0.014402
0.0225156
0.0184549
0.0130594
0.0152423
0.0160835
0.00437276
0.00418853
0.00388084
0.00348293
0.00306574
0.00293855
0.00367711
0.00524384
0.00510062
0.00474932
0.00764225
0.0163344
-0.00538073
-0.0118429
-0.00396198
-0.00631354
-0.0183385
-0.0214717
-0.0154811
-0.00972555
0.12603
0.319652
0.498484
0.650439
0.773945
0.873283
0.956865
1.02454
1.042
1.03799
0.426843
0.552142
0.669816
0.772724
0.860103
0.932816
0.990268
1.0291
1.0498
1.06618
0.631631
0.715195
0.798003
0.871191
0.933955
0.986115
1.02715
1.05825
1.08143
1.10065
0.782255
0.841016
0.901063
0.95515
1.00189
1.04157
1.07471
1.10235
1.12312
1.14205
0.900937
0.945774
0.990911
1.03261
1.06964
1.10228
1.13074
1.15477
1.17303
1.1911
1.00237
1.03862
1.07432
1.10882
1.14057
1.16923
1.1945
1.21566
1.23164
1.24914
1.09152
1.1242
1.15688
1.18844
1.21781
1.24449
1.26786
1.28699
1.30105
1.3181
1.1793
1.21218
1.24492
1.27637
1.30536
1.33134
1.35365
1.37131
1.3838
1.40036
1.27418
1.31071
1.34565
1.37828
1.40761
1.43311
1.45435
1.47074
1.48243
1.4986
1.38747
1.42803
1.46521
1.49834
1.52696
1.55106
1.57077
1.58611
1.59806
1.61415
1.52888
1.57012
1.60547
1.63516
1.66045
1.68213
1.70068
1.71621
1.72936
1.74532
1.70063
1.73326
1.76013
1.78245
1.80258
1.82133
1.8391
1.8559
1.87083
1.88656
1.88713
1.90444
1.92159
1.93829
1.9544
1.96915
1.98307
1.99756
2.01281
2.03012
2.07052
2.08054
2.09377
2.10477
2.11418
2.12384
2.13447
2.14466
2.15396
2.17962
2.2885
2.2828
2.26986
2.2556
2.24931
2.25504
2.27319
2.30171
2.33548
2.37181
2.59131
2.45534
2.37586
2.33337
2.31606
2.32003
2.34747
2.40533
2.513
2.69141
0.878235
0.87193
0.864194
0.85307
0.839485
0.826816
0.816389
0.808334
0.802557
0.799148
0.798699
0.801432
0.806585
0.813884
0.823392
0.835193
0.848736
0.861651
0.870631
0.878167
0.787325
0.793242
0.80131
0.807432
0.810486
0.809955
0.80684
0.802802
0.799149
0.796782
0.796545
0.798694
0.802364
0.806748
0.810803
0.813016
0.811918
0.807264
0.800196
0.792356
0.780618
0.78299
0.78625
0.789011
0.791444
0.79361
0.794757
0.794562
0.793556
0.792652
0.792753
0.794061
0.795755
0.796914
0.796784
0.795277
0.793089
0.790706
0.787708
0.784683
0.775887
0.776975
0.778885
0.781209
0.783062
0.784434
0.785615
0.786553
0.787072
0.787344
0.78777
0.788391
0.788762
0.788562
0.787869
0.786897
0.785529
0.783531
0.781403
0.779919
0.77094
0.771574
0.772695
0.774439
0.776262
0.777825
0.779034
0.780035
0.780926
0.781697
0.782334
0.782717
0.782738
0.782435
0.781819
0.780784
0.779309
0.77766
0.776297
0.775489
0.766117
0.766556
0.767339
0.768628
0.770127
0.771656
0.773081
0.774302
0.775351
0.776295
0.777075
0.777505
0.777542
0.777189
0.776433
0.775357
0.77414
0.772947
0.772013
0.771473
0.761407
0.761735
0.762343
0.763399
0.764672
0.766038
0.767462
0.768855
0.770137
0.771287
0.772232
0.772758
0.772792
0.772395
0.771673
0.770786
0.769855
0.768938
0.768238
0.76784
0.756797
0.757051
0.75754
0.758441
0.759593
0.760868
0.762236
0.76368
0.765135
0.766511
0.767661
0.768323
0.768431
0.768131
0.767583
0.766899
0.766156
0.765442
0.764913
0.764608
0.752222
0.752423
0.752831
0.753624
0.7547
0.755927
0.75728
0.758765
0.760346
0.761948
0.763349
0.764205
0.76449
0.764379
0.764023
0.763525
0.762954
0.762407
0.762008
0.761768
0.747602
0.747763
0.748111
0.748834
0.749868
0.751074
0.752442
0.753986
0.755689
0.757487
0.759174
0.760346
0.76091
0.761048
0.760909
0.760596
0.760193
0.759793
0.7595
0.759309
0.742872
0.743001
0.743307
0.743985
0.745001
0.746227
0.74765
0.74929
0.751164
0.753238
0.755285
0.75682
0.757709
0.758134
0.75823
0.758112
0.75788
0.757615
0.757411
0.757258
0.737955
0.738057
0.738335
0.738998
0.740035
0.74133
0.742867
0.744688
0.746814
0.749231
0.751719
0.753717
0.754983
0.755701
0.756035
0.756111
0.756039
0.755897
0.755767
0.755645
0.732777
0.732855
0.733114
0.733784
0.734882
0.73629
0.73799
0.740055
0.742523
0.745403
0.748453
0.750976
0.75267
0.753724
0.754331
0.754629
0.754712
0.754692
0.754629
0.754533
0.727257
0.727313
0.727562
0.728261
0.729452
0.731009
0.732911
0.735249
0.738127
0.74157
0.745304
0.74849
0.75072
0.752216
0.753168
0.753731
0.753994
0.754094
0.754094
0.754022
0.721303
0.721338
0.721586
0.722326
0.723624
0.725362
0.727541
0.730263
0.73363
0.737731
0.742303
0.746334
0.749255
0.751281
0.752604
0.753445
0.75396
0.754208
0.754275
0.754223
0.714787
0.714794
0.715036
0.715841
0.717307
0.719313
0.72186
0.725093
0.729168
0.734175
0.739795
0.744796
0.748462
0.751053
0.752833
0.754006
0.754759
0.755151
0.755286
0.755254
0.707502
0.707499
0.707758
0.708642
0.710297
0.71261
0.715587
0.719408
0.724282
0.730364
0.737266
0.743474
0.748119
0.751478
0.753836
0.755452
0.756523
0.757096
0.757308
0.757294
0.699216
0.699184
0.69947
0.700469
0.702373
0.705065
0.708599
0.713198
0.719103
0.726499
0.734977
0.742694
0.748495
0.752738
0.755792
0.757973
0.759425
0.760224
0.760523
0.760523
0.689615
0.689563
0.689892
0.691045
0.693243
0.696441
0.700711
0.706325
0.713589
0.722728
0.733144
0.742571
0.749718
0.755007
0.758878
0.761701
0.763619
0.764692
0.765087
0.765095
0.678146
0.678076
0.678474
0.679826
0.682424
0.686273
0.69148
0.698365
0.707285
0.718482
0.731276
0.742875
0.751678
0.758242
0.763126
0.766734
0.769219
0.770605
0.771098
0.771105
0.664067
0.663981
0.664505
0.666181
0.669355
0.674142
0.680664
0.689298
0.700452
0.714334
0.729991
0.744059
0.754706
0.762694
0.768707
0.773175
0.776283
0.778
0.778588
0.778588
0.64637
0.646274
0.647009
0.649191
0.653226
0.659348
0.667687
0.678662
0.692675
0.709862
0.728967
0.74595
0.75875
0.768365
0.775649
0.781097
0.78488
0.786932
0.787607
0.787594
0.623593
0.623504
0.624589
0.627566
0.632965
0.641101
0.65209
0.666325
0.684111
0.705418
0.728576
0.748836
0.764015
0.775414
0.784096
0.7906
0.795092
0.797469
0.798217
0.798189
0.593432
0.593397
0.595105
0.599467
0.607181
0.618541
0.633466
0.652211
0.674852
0.701129
0.728939
0.752835
0.770598
0.783952
0.794134
0.801795
0.807007
0.80968
0.810476
0.810422
0.551833
0.552004
0.555084
0.562318
0.574296
0.590942
0.611717
0.636548
0.665248
0.69733
0.730306
0.758107
0.778614
0.794019
0.805814
0.814702
0.82063
0.823518
0.824309
0.824219
0.491231
0.492578
0.500056
0.513808
0.533519
0.558504
0.587474
0.620029
0.655871
0.694446
0.732949
0.764801
0.788098
0.805593
0.819
0.82913
0.835711
0.83868
0.839369
0.839237
0.418184
0.420937
0.435429
0.459214
0.489626
0.524414
0.562291
0.603096
0.646668
0.692538
0.737652
0.774744
0.801903
0.82243
0.838238
0.849992
0.857454
0.860784
0.861642
0.86165
0.343438
0.350529
0.372209
0.405907
0.446576
0.490975
0.537763
0.586915
0.638326
0.691631
0.743551
0.7861
0.81731
0.841046
0.859496
0.873108
0.881507
0.8848
0.885562
0.885692
0.282808
0.2916
0.317925
0.358646
0.407317
0.459823
0.514644
0.571603
0.630499
0.690897
0.749249
0.796877
0.831822
0.858357
0.878809
0.893721
0.902648
0.906477
0.907773
0.908002
0.233025
0.242501
0.272252
0.318126
0.372876
0.431904
0.493499
0.557315
0.623015
0.690005
0.754368
0.806665
0.84487
0.873724
0.895709
0.911769
0.921666
0.926238
0.927765
0.928027
0.191215
0.200938
0.23298
0.282863
0.342584
0.407055
0.474372
0.544148
0.61592
0.688928
0.758816
0.815372
0.856419
0.887161
0.910434
0.927384
0.938077
0.943164
0.944913
0.945224
0.154929
0.16475
0.198512
0.251577
0.315414
0.384527
0.456838
0.531901
0.609129
0.687646
0.762628
0.823029
0.866598
0.898909
0.923185
0.940826
0.952214
0.957745
0.959642
0.959953
0.122599
0.132441
0.167531
0.223214
0.290509
0.363609
0.440341
0.52017
0.60242
0.686044
0.765783
0.829729
0.875516
0.909159
0.934223
0.95241
0.964143
0.970042
0.972045
0.972365
0.0930139
0.102891
0.139045
0.196955
0.267191
0.343758
0.424422
0.508601
0.595506
0.683949
0.768213
0.835542
0.883383
0.918232
0.943952
0.962517
0.974499
0.980576
0.982649
0.982978
0.0652689
0.0752053
0.112368
0.172208
0.244966
0.324557
0.408746
0.496899
0.588145
0.681185
0.769849
0.840487
0.890362
0.926378
0.952735
0.971644
0.983783
0.989978
0.99202
0.99229
0.0388049
0.0488462
0.0869256
0.148487
0.223466
0.305726
0.393084
0.484873
0.580172
0.677602
0.770605
0.844589
0.896554
0.933798
0.960829
0.980074
0.99235
0.998525
1.00056
1.00076
0.0131905
0.0234155
0.062376
0.125491
0.202423
0.287062
0.377282
0.4724
0.571475
0.673106
0.77041
0.847862
0.902078
0.940681
0.968471
0.988074
1.00047
1.00661
1.00857
1.00875
-0.0118398
-0.00134886
0.0384753
0.103017
0.181693
0.268446
0.361253
0.459413
0.561994
0.667638
0.769228
0.850318
0.907007
0.947147
0.975807
0.995827
1.00834
1.01441
1.01625
1.01638
-0.0363442
-0.0255892
0.0150735
0.0809442
0.161192
0.249838
0.344965
0.445889
0.55171
0.661158
0.76701
0.851935
0.911369
0.953268
0.982929
1.00341
1.01599
1.02191
1.02358
1.02364
-0.0604471
-0.049391
-0.00790067
0.0592413
0.140894
0.231225
0.328429
0.431847
0.540634
0.653661
0.763696
0.852633
0.915128
0.959087
0.989911
1.01086
1.02344
1.02912
1.03057
1.03053
-0.0841361
-0.0727652
-0.0304216
0.0378929
0.120809
0.21264
0.311697
0.417338
0.528806
0.645142
0.759229
0.852305
0.918216
0.964632
0.996849
1.01826
1.03068
1.03596
1.03714
1.03703
-0.107427
-0.0956871
-0.0524772
0.0169201
0.100973
0.194137
0.294826
0.402435
0.51629
0.63563
0.753569
0.850851
0.920517
0.969877
1.00387
1.02577
1.03776
1.0424
1.04324
1.04306
-0.130077
-0.118079
-0.0740223
-0.00363051
0.0814513
0.175798
0.277896
0.387223
0.503172
0.625194
0.746701
0.848175
0.921858
0.974703
1.0111
1.03372
1.04494
1.04848
1.0488
1.04855
-0.15223
-0.139873
-0.0950037
-0.0237113
0.0622886
0.157675
0.261009
0.371794
0.489551
0.613927
0.738641
0.844172
0.922042
0.978865
1.01853
1.04259
1.05289
1.05454
1.05381
1.05346
-0.173688
-0.161017
-0.115391
-0.0432597
0.0435769
0.13986
0.244256
0.356278
0.475545
0.601911
0.729434
0.838758
0.920877
0.981992
1.02582
1.05276
1.06301
1.06214
1.05895
1.0579
-0.194536
-0.181519
-0.135112
-0.0622108
0.0253618
0.12243
0.22773
0.340766
0.461273
0.589294
0.719165
0.831861
0.918177
0.98365
1.03216
1.06375
1.07649
1.07481
1.06779
1.05758
-0.214649
-0.201369
-0.154259
-0.080729
0.00741585
0.105082
0.21107
0.324824
0.446251
0.575531
0.707268
0.822835
0.913383
0.983331
1.03648
1.07399
1.09257
1.09297
1.08253
1.07835
-0.233975
-0.220639
-0.172819
-0.0987413
-0.0102315
0.0878432
0.194316
0.308441
0.430455
0.560514
0.693591
0.811275
0.905861
0.980259
1.03646
1.07783
1.09984
1.10533
1.07222
1.03216
-0.252272
-0.239183
-0.190728
-0.11612
-0.0275503
0.0706934
0.177487
0.291756
0.413969
0.544302
0.678101
0.796944
0.894707
0.973818
1.03032
1.06507
1.08758
1.07588
1.02433
0.967697
-0.272265
-0.255735
-0.207643
-0.132406
-0.0443567
0.0538964
0.160252
0.274824
0.396891
0.52702
0.66076
0.779687
0.878427
0.964727
1.01682
1.05131
1.03842
1.00068
0.938773
0.879001
-0.262351
-0.238469
-0.187813
-0.107909
-0.0145792
0.0877184
0.19961
0.317553
0.442943
0.576945
0.704352
0.809952
0.901458
0.988469
1.02467
0.966926
0.927516
0.872254
0.808509
0.767545
-0.276879
-0.26919
-0.228899
-0.158471
-0.0706471
0.027215
0.133753
0.247911
0.369271
0.498232
0.63029
0.747498
0.84202
0.928184
0.991312
0.984901
0.888721
0.81809
0.764442
0.692623
-0.299138
-0.288462
-0.244762
-0.173082
-0.0847994
0.0127073
0.118057
0.231212
0.351585
0.479084
0.609254
0.724537
0.815078
0.888534
0.914753
0.843242
0.725753
0.649652
0.589126
0.515849
-0.32352
-0.311583
-0.264754
-0.192053
-0.103744
-0.00613988
0.0991974
0.21207
0.331514
0.457467
0.584695
0.695686
0.77858
0.832188
0.813165
0.694123
0.56579
0.474245
0.400136
0.293053
-0.347738
-0.335722
-0.287046
-0.21314
-0.124643
-0.0270483
0.0781668
0.190442
0.308732
0.43273
0.55644
0.66216
0.73656
0.766856
0.709078
0.544306
0.390773
0.269601
0.16934
0.0313915
-0.371889
-0.359876
-0.310026
-0.235058
-0.146111
-0.0485344
0.0563127
0.167718
0.284603
0.406272
0.525999
0.625794
0.690598
0.688457
0.577875
0.395343
0.211746
0.0488473
-0.0905099
-0.340915
-0.396394
-0.384503
-0.333934
-0.258234
-0.168863
-0.0712369
0.0332299
0.143744
0.259099
0.378189
0.493561
0.586528
0.639226
0.605028
0.448992
0.254556
0.053058
-0.124118
-0.293236
-0.56365
-0.421837
-0.410068
-0.359126
-0.282918
-0.193207
-0.0955256
0.00859884
0.118245
0.232006
0.348317
0.459102
0.544391
0.581617
0.524185
0.329297
0.129751
-0.0702678
-0.240164
-0.326054
-0.375839
-0.448909
-0.437204
-0.385968
-0.309441
-0.219583
-0.122009
-0.0183879
0.0901508
0.201975
0.314979
0.420541
0.496987
0.515912
0.416534
0.217346
0.020061
-0.156307
-0.268418
-0.304573
-0.310638
-0.477801
-0.4661
-0.414563
-0.337812
-0.247941
-0.150648
-0.0477509
0.0594051
0.168904
0.278054
0.377552
0.444734
0.435743
0.304955
0.113146
-0.0711226
-0.219027
-0.270829
-0.28084
-0.283444
-0.508658
-0.496876
-0.444972
-0.368035
-0.278269
-0.18144
-0.0794932
0.0259633
0.13274
0.237569
0.330041
0.387222
0.352881
0.1989
0.0197975
-0.151572
-0.247243
-0.269416
-0.269873
-0.270237
-0.54135
-0.529461
-0.477153
-0.40007
-0.310521
-0.214332
-0.113596
-0.0101567
0.09349
0.193529
0.278401
0.322628
0.277419
0.100641
-0.064138
-0.209616
-0.259975
-0.26228
-0.262284
-0.262111
-0.575494
-0.563534
-0.510866
-0.433737
-0.344547
-0.249203
-0.149952
-0.0488651
0.0512205
0.146073
0.222943
0.254323
0.194891
0.0139417
-0.139261
-0.237794
-0.259392
-0.258829
-0.258375
-0.257457
-0.61062
-0.598627
-0.545714
-0.468675
-0.380022
-0.285773
-0.188303
-0.0899309
0.00616741
0.0955242
0.164092
0.182995
0.101111
-0.0638118
-0.200518
-0.245761
-0.255414
-0.257162
-0.257393
-0.256277
-0.645968
-0.634027
-0.581043
-0.504295
-0.416428
-0.323576
-0.228246
-0.132962
-0.041249
0.0422227
0.103407
0.103895
0.0106383
-0.129619
-0.244268
-0.280471
-0.268048
-0.255749
-0.249264
-0.248159
-0.680375
-0.668615
-0.615884
-0.53974
-0.453007
-0.361924
-0.269144
-0.177332
-0.0903418
-0.0134304
0.0430103
0.0251318
-0.0771661
-0.1894
-0.271478
-0.288356
-0.273436
-0.255752
-0.245136
-0.241775
-0.712053
-0.700778
-0.64892
-0.573869
-0.488738
-0.399858
-0.310114
-0.222182
-0.140245
-0.0702047
-0.0178926
-0.0443554
-0.165401
-0.251453
-0.292888
-0.288755
-0.299818
-0.306015
-0.299851
-0.292128
-0.739475
-0.728917
-0.678525
-0.605184
-0.522301
-0.436149
-0.349917
-0.266412
-0.189853
-0.126084
-0.0819819
-0.105819
-0.243496
-0.341963
-0.336062
-0.37028
-0.37715
-0.390585
-0.393397
-0.389726
-0.760115
-0.750493
-0.702586
-0.631858
-0.552094
-0.469366
-0.386996
-0.308543
-0.237652
-0.180195
-0.145543
-0.164941
-0.301341
-0.45306
-0.512021
-0.507389
-0.513046
-0.525419
-0.523828
-0.516158
-0.771866
-0.763186
-0.71881
-0.651934
-0.576266
-0.497839
-0.419822
-0.346407
-0.28171
-0.23244
-0.2004
-0.238451
-0.348198
-0.480568
-0.551803
-0.565671
-0.623987
-0.626519
-0.618379
-0.614174
-0.771176
-0.76372
-0.72532
-0.663438
-0.592887
-0.519705
-0.446941
-0.377818
-0.319614
-0.277642
-0.252866
-0.31482
-0.41272
-0.370078
-0.30167
-0.459041
-0.638056
-0.67723
-0.667226
-0.663297
-0.755949
-0.750795
-0.719987
-0.664807
-0.600351
-0.533313
-0.466287
-0.402103
-0.347448
-0.311927
-0.307811
-0.379576
-0.514991
-0.535576
-0.539337
-0.675619
-0.747385
-0.718917
-0.682361
-0.684434
-0.726594
-0.722917
-0.700916
-0.655147
-0.598357
-0.53766
-0.476187
-0.417054
-0.36503
-0.331217
-0.340307
-0.444385
-0.71517
-1.04607
-1.33615
-1.54136
-1.53056
-1.3335
-1.07396
-0.953503
-0.687099
-0.684795
-0.67126
-0.636266
-0.587519
-0.533082
-0.476251
-0.42
-0.36972
-0.338205
-0.34218
-0.453052
-0.758979
-1.24283
-1.61942
-1.76979
-1.77875
-1.6546
-1.47947
-1.34849
-0.64436
-0.643106
-0.635848
-0.611991
-0.571202
-0.521233
-0.46701
-0.411216
-0.357555
-0.31694
-0.303315
-0.353243
-0.454107
-0.632902
-0.792762
-0.865269
-0.900726
-0.858087
-0.783338
-0.70711
-0.606637
-0.605955
-0.602709
-0.586793
-0.552923
-0.50579
-0.451054
-0.391516
-0.327853
-0.26097
-0.211565
-0.115376
-0.0735781
0.0116679
0.0757864
0.203657
0.445705
0.681838
0.855097
0.954266
-0.5768
-0.575928
-0.574543
-0.566557
-0.53844
-0.491802
-0.43276
-0.363284
-0.288534
-0.194298
-0.0817074
0.0444046
0.329792
0.68167
1.13262
1.59086
1.96221
2.22887
2.38734
2.46632
-0.552806
-0.552324
-0.551964
-0.548988
-0.5278
-0.48134
-0.41635
-0.338574
-0.246501
-0.149093
-0.0109735
0.132715
0.385453
0.78411
1.25132
1.78066
2.22526
2.54868
2.74304
2.82111
-0.535013
-0.534542
-0.534116
-0.533788
-0.519633
-0.474187
-0.403201
-0.319241
-0.220427
-0.112811
0.00823041
0.152667
0.274805
0.601861
1.07459
1.56193
1.97478
2.26881
2.42827
2.48657
-0.524313
-0.523129
-0.521924
-0.522971
-0.514401
-0.468965
-0.391358
-0.299812
-0.203936
-0.0942639
0.0185024
0.144682
0.25726
0.439287
0.822104
1.22187
1.53958
1.75459
1.8592
1.89603
-0.523482
-0.522344
-0.524138
-0.527713
-0.516699
-0.4616
-0.373917
-0.278586
-0.183193
-0.08327
0.0231999
0.124526
0.228065
0.335515
0.57095
0.858188
1.09092
1.24025
1.31132
1.33476
-0.510164
-0.511658
-0.51851
-0.522188
-0.502846
-0.436014
-0.341595
-0.24809
-0.158308
-0.066891
0.0224531
0.101269
0.167249
0.251485
0.417128
0.602144
0.74287
0.832896
0.876301
0.891063
-0.434926
-0.438297
-0.447297
-0.450493
-0.427844
-0.363084
-0.281781
-0.202856
-0.126425
-0.0521646
0.0187845
0.0778226
0.117557
0.160621
0.283986
0.408857
0.495333
0.547446
0.57088
0.578028
-0.281298
-0.285221
-0.292341
-0.295558
-0.281011
-0.24128
-0.193558
-0.140991
-0.0869867
-0.0313894
0.020618
0.0581147
0.0869838
0.103893
0.182456
0.267022
0.324428
0.357629
0.371872
0.375954
-0.104702
-0.107032
-0.111141
-0.11644
-0.116524
-0.109725
-0.095301
-0.0727825
-0.0440414
-0.00733832
0.0277292
0.0510943
0.0714398
0.0883425
0.141867
0.18945
0.221152
0.240934
0.249441
0.251289
0.0271308
0.0259117
0.0232736
0.0157026
0.00300161
-0.00951169
-0.015723
-0.0145864
-0.00392553
0.0157503
0.0406617
0.0548416
0.0707256
0.0844391
0.12693
0.160638
0.17425
0.181903
0.184552
0.184561
0.0961601
0.0954829
0.0934781
0.085822
0.0707573
0.0524688
0.0372409
0.0286163
0.0279669
0.0374055
0.0537279
0.0675024
0.08073
0.0915831
0.119294
0.138682
0.146517
0.151591
0.153182
0.153083
0.120902
0.120469
0.1189
0.112803
0.100166
0.0837688
0.0683337
0.0569631
0.0514096
0.0546811
0.065031
0.0796142
0.0951334
0.107814
0.122844
0.13049
0.135226
0.138986
0.141024
0.140811
0.123322
0.123039
0.121897
0.117702
0.10878
0.096561
0.083804
0.0732758
0.0669957
0.0658317
0.0731533
0.0872203
0.107325
0.122997
0.125459
0.127411
0.130751
0.134667
0.1364
0.135914
0.116866
0.116669
0.115876
0.11322
0.10751
0.0993068
0.0898342
0.0815795
0.0752876
0.0726404
0.0770001
0.0877698
0.104918
0.117743
0.1158
0.117095
0.121987
0.12689
0.129659
0.129248
0.108156
0.107993
0.107428
0.105802
0.102379
0.0971711
0.090973
0.0845099
0.0794707
0.0753187
0.0752705
0.0764938
0.0838079
0.0883752
0.087289
0.093707
0.102858
0.110686
0.114676
0.114217
0.100149
0.0999985
0.0995835
0.0985811
0.0966321
0.0935112
0.089655
0.0850774
0.0810354
0.0755803
0.0703273
0.0587756
0.0476721
0.0403628
0.0468715
0.06182
0.0757935
0.0843239
0.087926
0.0878329
0.0937342
0.0936064
0.0933181
0.0926749
0.091578
0.0897852
0.0873379
0.0846882
0.0816149
0.07612
0.0679716
0.0463217
0.0182076
-0.000146503
0.0169607
0.039418
0.0546009
0.0605415
0.0618839
0.0621908
0.088534
0.0884272
0.0882334
0.0877709
0.0870372
0.0862489
0.0850037
0.0835826
0.0819149
0.0783506
0.0716632
0.0530162
0.0240974
0.0100599
0.0297721
0.0473741
0.0561954
0.0588045
0.0583745
0.058433
0.0838175
0.0837397
0.0836521
0.0833844
0.0829662
0.082555
0.0823229
0.0823971
0.0824049
0.0828331
0.0830152
0.0783244
0.0675881
0.066256
0.0777998
0.0829921
0.082888
0.0813543
0.0806411
0.0807202
0.0787293
0.0786714
0.0786847
0.0786284
0.0784396
0.0783806
0.0790887
0.0804255
0.0826323
0.0873284
0.0966103
0.111965
0.124658
0.133691
0.134861
0.128833
0.122314
0.119378
0.118599
0.117875
0.0725475
0.0725229
0.0726624
0.0728823
0.0730432
0.0735201
0.074319
0.0768673
0.0815909
0.0901704
0.106212
0.140921
0.179688
0.197739
0.185175
0.169934
0.159519
0.156867
0.156006
0.154299
0.0643075
0.0642905
0.0644896
0.064902
0.0654825
0.0663802
0.0682398
0.0709496
0.0775037
0.0876135
0.106797
0.15086
0.206833
0.230695
0.21087
0.189085
0.179221
0.176603
0.175202
0.173445
0.0537132
0.0536852
0.0539213
0.0544538
0.0554627
0.0567223
0.0584929
0.0618626
0.0674605
0.0789077
0.0961658
0.13325
0.181522
0.202461
0.185267
0.172987
0.172766
0.174107
0.172378
0.169626
0.0412505
0.0411887
0.0413769
0.0419522
0.0430383
0.0448871
0.047752
0.0512442
0.0553427
0.0621848
0.0735075
0.0946142
0.120219
0.128294
0.123697
0.124411
0.128203
0.130531
0.130369
0.128578
0.0273185
0.02721
0.0273884
0.0281845
0.0294936
0.0312083
0.0334086
0.0370993
0.0404831
0.0400811
0.0455364
0.0478209
0.0359312
0.0264802
0.0378503
0.0539978
0.057945
0.0559768
0.054999
0.0551504
0.0042848
0.00406375
0.0036871
0.00325465
0.00291516
0.00312448
0.0042855
0.0055211
0.00539191
0.00481121
0.0116421
0.0116532
-0.0134317
-0.0089659
-0.00182995
-0.0117059
-0.0221021
-0.0187858
-0.0125651
-0.0112256
-0.523853
-0.0751574
0.265745
0.489334
0.656008
0.7861
0.88939
0.977002
1.06769
1.11986
0.20226
0.372457
0.520961
0.655252
0.769198
0.863553
0.941124
1.00226
1.03575
1.04337
0.493844
0.587559
0.689841
0.78262
0.86276
0.930474
0.985196
1.0258
1.0535
1.07372
0.678945
0.746244
0.817349
0.884059
0.942337
0.991814
1.03241
1.06507
1.09094
1.11097
0.819894
0.869341
0.921626
0.971391
1.01559
1.05401
1.08702
1.11528
1.13833
1.15599
0.932479
0.974092
1.01355
1.05218
1.08794
1.12011
1.14863
1.17334
1.19317
1.20941
1.0318
1.06474
1.09868
1.13183
1.1633
1.19223
1.2181
1.24038
1.25787
1.27256
1.12112
1.15129
1.18375
1.21561
1.24576
1.27347
1.29805
1.31878
1.33443
1.34783
1.2102
1.24247
1.27668
1.30955
1.34015
1.36771
1.39159
1.41116
1.42544
1.43792
1.31118
1.34742
1.38514
1.41984
1.45104
1.47816
1.5009
1.51911
1.53253
1.54507
1.43649
1.47542
1.51516
1.5496
1.5792
1.60428
1.62523
1.64234
1.6558
1.66926
1.59547
1.63146
1.66669
1.69528
1.71953
1.74094
1.76019
1.7775
1.79246
1.80692
1.78371
1.80619
1.82992
1.84977
1.86808
1.88549
1.90204
1.91846
1.93468
1.95028
1.97635
1.98453
1.99838
2.01326
2.02773
2.04069
2.05235
2.0636
2.07534
2.09144
2.17196
2.17188
2.18193
2.18541
2.18639
2.19079
2.20132
2.21625
2.23059
2.24501
2.46913
2.41361
2.3591
2.31945
2.29721
2.29311
2.30664
2.34044
2.3983
2.47865
1.00032
0.94783
0.904943
0.871926
0.848172
0.831035
0.81857
0.809537
0.803278
0.799639
0.799146
0.802003
0.807486
0.81547
0.826387
0.841193
0.8615
0.889665
0.927691
0.97704
0.811431
0.820373
0.827122
0.827357
0.82264
0.815842
0.80908
0.803427
0.799433
0.797647
0.798759
0.802357
0.807701
0.814332
0.821544
0.827819
0.830555
0.827093
0.818001
0.811679
0.784133
0.786336
0.791189
0.795321
0.79885
0.800865
0.800662
0.798837
0.796559
0.794912
0.794836
0.796571
0.799243
0.80187
0.803318
0.802624
0.799857
0.796118
0.791707
0.787041
0.778983
0.77994
0.782432
0.784876
0.786744
0.78837
0.78972
0.790384
0.790333
0.790098
0.790374
0.791291
0.792184
0.792408
0.791721
0.790453
0.78893
0.786928
0.784426
0.782314
0.77372
0.774199
0.77564
0.777707
0.779606
0.781047
0.782161
0.783132
0.783916
0.784506
0.785051
0.785502
0.785609
0.785305
0.7847
0.783765
0.782311
0.780421
0.778703
0.777639
0.768737
0.769034
0.769951
0.771429
0.773092
0.774684
0.776027
0.777125
0.778082
0.778955
0.779667
0.780051
0.780071
0.779757
0.779065
0.777965
0.776587
0.775188
0.774079
0.773431
0.76391
0.764122
0.764806
0.765964
0.767332
0.768775
0.770223
0.77155
0.772714
0.773745
0.774599
0.775082
0.775121
0.774731
0.773965
0.772972
0.771913
0.770867
0.770062
0.769602
0.759217
0.759378
0.75992
0.760891
0.762094
0.763408
0.764804
0.766231
0.767608
0.768877
0.76992
0.770501
0.770556
0.770193
0.769552
0.768771
0.767936
0.767121
0.766514
0.766168
0.754606
0.754732
0.755176
0.756018
0.757129
0.758381
0.75974
0.761202
0.762724
0.764215
0.765485
0.766234
0.766414
0.766201
0.765749
0.765159
0.764494
0.763862
0.763403
0.763133
0.749996
0.750098
0.750473
0.751226
0.752276
0.753491
0.754851
0.756362
0.757997
0.759689
0.761227
0.762231
0.762652
0.76266
0.762407
0.762005
0.761518
0.761043
0.7607
0.760486
0.745312
0.745394
0.745718
0.746415
0.747438
0.748656
0.750049
0.751632
0.753414
0.755347
0.757205
0.758544
0.759259
0.759537
0.759515
0.759299
0.758973
0.758636
0.758389
0.75822
0.740485
0.740552
0.74084
0.741505
0.742526
0.743789
0.745266
0.746984
0.748966
0.751191
0.753442
0.755205
0.756283
0.756853
0.75707
0.757054
0.756895
0.756687
0.75652
0.756384
0.735432
0.735486
0.735751
0.736412
0.737477
0.738832
0.740451
0.742389
0.74468
0.747324
0.750079
0.752318
0.753782
0.754654
0.755117
0.755302
0.755304
0.755215
0.755117
0.755009
0.730088
0.730131
0.730382
0.73106
0.732201
0.73369
0.735488
0.737681
0.740341
0.743479
0.746853
0.749697
0.751648
0.752913
0.753683
0.754115
0.754268
0.754294
0.754261
0.754179
0.724355
0.724387
0.72463
0.725337
0.726577
0.728232
0.730266
0.732775
0.735882
0.739648
0.743781
0.747355
0.749907
0.751661
0.752795
0.753519
0.75388
0.75404
0.754072
0.754011
0.71812
0.71814
0.718383
0.719144
0.720522
0.722402
0.72476
0.727724
0.731411
0.735912
0.740976
0.745491
0.748786
0.751071
0.752625
0.753641
0.754238
0.754546
0.754646
0.754604
0.711252
0.711271
0.711504
0.712329
0.713884
0.716059
0.718819
0.722334
0.726809
0.732356
0.738588
0.74413
0.748235
0.751185
0.75324
0.754624
0.755498
0.755965
0.756137
0.756115
0.703472
0.703479
0.703755
0.704659
0.706436
0.708949
0.712187
0.71636
0.721689
0.728358
0.736005
0.742964
0.748186
0.75198
0.754689
0.756579
0.757802
0.758476
0.75873
0.758725
0.694585
0.694583
0.69488
0.695908
0.697958
0.70092
0.70481
0.709892
0.716454
0.724694
0.73409
0.742598
0.749021
0.753755
0.757217
0.759692
0.76133
0.762252
0.762599
0.762605
0.684134
0.684126
0.684459
0.685649
0.688046
0.69158
0.696288
0.702482
0.710508
0.720605
0.73215
0.742628
0.750578
0.756487
0.760866
0.764056
0.766213
0.767431
0.767877
0.767888
0.67149
0.671479
0.671877
0.67329
0.676171
0.680495
0.686311
0.694
0.703963
0.716427
0.730586
0.743368
0.75306
0.760314
0.765762
0.769769
0.772528
0.774073
0.774618
0.774624
0.655789
0.655775
0.656282
0.658064
0.661679
0.667137
0.674495
0.684202
0.696686
0.71213
0.729432
0.744907
0.756597
0.765385
0.772017
0.776941
0.780351
0.782227
0.782863
0.782859
0.635835
0.635819
0.636496
0.638875
0.643609
0.650724
0.660259
0.67272
0.688487
0.707621
0.728676
0.747252
0.76122
0.771715
0.779699
0.785634
0.789739
0.791946
0.792664
0.792647
0.609825
0.609809
0.610792
0.614192
0.620774
0.630444
0.643192
0.659497
0.679562
0.703247
0.728658
0.750693
0.76714
0.779508
0.78894
0.795974
0.8008
0.803319
0.804099
0.80406
0.574771
0.574773
0.576424
0.58177
0.591612
0.605421
0.62298
0.644546
0.670064
0.699141
0.729475
0.755297
0.774423
0.788807
0.799812
0.808046
0.813592
0.816384
0.817182
0.817108
0.525032
0.525257
0.529025
0.538821
0.554736
0.575297
0.599857
0.628354
0.6605
0.695757
0.73146
0.761274
0.783178
0.799643
0.812281
0.821782
0.828057
0.831029
0.831791
0.831662
0.453234
0.45559
0.466594
0.485791
0.511608
0.541576
0.574991
0.611652
0.651293
0.69339
0.734998
0.769239
0.794275
0.813173
0.827803
0.838811
0.845867
0.849138
0.849946
0.849833
0.37716
0.382624
0.402169
0.431501
0.46788
0.50761
0.549963
0.594949
0.642453
0.692058
0.740614
0.780484
0.8097
0.831881
0.849176
0.86215
0.87027
0.873903
0.874767
0.87476
0.310851
0.317259
0.34305
0.381056
0.426454
0.475113
0.526048
0.579199
0.634412
0.691317
0.746493
0.791629
0.824765
0.849976
0.869597
0.884076
0.89292
0.896931
0.897925
0.897959
0.256695
0.263638
0.293408
0.337422
0.389606
0.445527
0.503867
0.564369
0.626755
0.690508
0.751927
0.801934
0.838567
0.866331
0.887638
0.903322
0.913228
0.917814
0.918825
0.91894
0.211664
0.218902
0.251221
0.299795
0.357359
0.419205
0.483755
0.550641
0.619457
0.689525
0.756701
0.811185
0.850851
0.8807
0.903396
0.920068
0.930808
0.935884
0.937142
0.937346
0.17319
0.18058
0.214613
0.26672
0.328739
0.395608
0.465488
0.537974
0.612534
0.688346
0.76083
0.819349
0.861701
0.893266
0.917101
0.934516
0.945832
0.951363
0.952945
0.953235
0.139334
0.146811
0.182115
0.237052
0.302784
0.373953
0.448532
0.526031
0.605811
0.686924
0.764315
0.826518
0.871223
0.904228
0.928939
0.946961
0.958716
0.96459
0.966409
0.966722
0.108668
0.116234
0.15256
0.209861
0.278739
0.353624
0.432368
0.514416
0.599035
0.685093
0.767115
0.832766
0.879589
0.913847
0.93926
0.957698
0.969707
0.975792
0.977773
0.978094
0.080264
0.0879264
0.125156
0.184423
0.256011
0.334132
0.416601
0.502807
0.591917
0.682683
0.769155
0.83814
0.886997
0.92243
0.948477
0.967262
0.97944
0.985663
0.987716
0.988
0.0533511
0.0611333
0.0992333
0.160246
0.234182
0.315141
0.40095
0.490958
0.584265
0.679521
0.770361
0.842662
0.893565
0.930184
0.956876
0.975981
0.988288
0.994533
0.996622
0.996931
0.0274922
0.0354199
0.0743091
0.136921
0.212929
0.29641
0.38523
0.47872
0.575938
0.675489
0.770645
0.846342
0.89941
0.937315
0.964719
0.984157
0.996567
1.00278
1.0048
1.0051
0.00234182
0.0104621
0.0501463
0.114209
0.19205
0.277775
0.369319
0.465992
0.56685
0.670512
0.769961
0.849208
0.904628
0.943977
0.97219
0.99201
1.00453
1.0107
1.01263
1.01283
-0.0222479
-0.0139409
0.0265454
0.0919451
0.171437
0.259164
0.353157
0.452734
0.556968
0.664538
0.768265
0.851249
0.909274
0.950262
0.979409
0.999665
1.01226
1.01833
1.02012
1.02023
-0.046392
-0.0378872
0.00340238
0.0700577
0.151038
0.240547
0.336739
0.438945
0.546285
0.657549
0.765506
0.852417
0.91334
0.956227
0.986449
1.00717
1.01979
1.02565
1.02724
1.02726
-0.0701544
-0.0614239
-0.0193114
0.0485279
0.13084
0.221941
0.320098
0.424662
0.53482
0.649534
0.761619
0.852613
0.916773
0.961907
0.993392
1.01458
1.02712
1.03265
1.034
1.03393
-0.093512
-0.0845448
-0.0415844
0.0273615
0.110868
0.20339
0.303282
0.409942
0.522635
0.640517
0.756558
0.851733
0.919484
0.96731
1.00035
1.02201
1.03427
1.03929
1.04033
1.04017
-0.116369
-0.107175
-0.0633739
0.00659038
0.0911784
0.184951
0.286374
0.394867
0.509808
0.630533
0.750293
0.849682
0.921329
0.972366
1.00747
1.02968
1.04134
1.04553
1.04615
1.04592
-0.138656
-0.129242
-0.0846275
-0.0137372
0.0718294
0.166707
0.269452
0.379534
0.496423
0.619667
0.742823
0.846352
0.922117
0.976899
1.01481
1.03803
1.04878
1.05149
1.05141
1.05111
-0.160367
-0.150708
-0.105308
-0.0335593
0.0528783
0.148737
0.252616
0.36405
0.482592
0.608007
0.734185
0.841653
0.921649
0.980595
1.02224
1.04753
1.0576
1.058
1.05628
1.05575
-0.181383
-0.171498
-0.12537
-0.0528209
0.0344026
0.131104
0.235958
0.348514
0.468433
0.595671
0.724425
0.835505
0.919737
0.983041
1.02919
1.05826
1.06935
1.06765
1.06264
1.0595
-0.201742
-0.191636
-0.14478
-0.0715199
0.016374
0.113784
0.219451
0.332892
0.45391
0.582618
0.713479
0.827681
0.916106
0.983801
1.03471
1.06919
1.08449
1.08398
1.07542
1.06171
-0.221416
-0.211172
-0.163648
-0.0898293
-0.00145754
0.0964507
0.202698
0.316692
0.438449
0.568177
0.700657
0.817395
0.910014
0.982194
1.03718
1.07712
1.09842
1.09871
1.08969
1.06
-0.240465
-0.23014
-0.181898
-0.107549
-0.018914
0.0792783
0.18593
0.300154
0.422314
0.552575
0.686091
0.804484
0.90083
0.977495
1.03423
1.07385
1.09648
1.09857
1.05201
1.00001
-0.260546
-0.247624
-0.199416
-0.124569
-0.0361457
0.0621363
0.168924
0.2833
0.405485
0.535765
0.669639
0.788669
0.887298
0.969429
1.02415
1.05084
1.06761
1.04438
0.986348
0.928107
-0.284829
-0.280229
-0.220482
-0.138716
-0.0508081
0.0473787
0.151984
0.266765
0.388649
0.518525
0.65189
0.77043
0.868561
0.960747
0.991004
1.0118
0.996888
0.948493
0.884918
0.823311
-0.26343
-0.255609
-0.197374
-0.115873
-0.0226003
0.0795803
0.189289
0.306985
0.431982
0.565361
0.692077
0.796696
0.88532
0.972157
0.989356
0.91144
0.846489
0.792748
0.730303
0.604976
-0.2993
-0.271367
-0.211617
-0.12961
-0.0362621
0.0655271
0.174693
0.291711
0.415753
0.547517
0.671852
0.773425
0.853268
0.914162
0.890268
0.778138
0.683459
0.620091
0.550893
0.41353
-0.326117
-0.292457
-0.23122
-0.149453
-0.0562214
0.0453208
0.154524
0.270744
0.393451
0.522909
0.643875
0.740707
0.81063
0.835983
0.766455
0.626411
0.515088
0.438572
0.349125
0.163232
-0.350866
-0.315644
-0.252646
-0.170333
-0.0770598
0.0244046
0.133255
0.248537
0.369681
0.496434
0.61308
0.70358
0.759658
0.750209
0.626469
0.465392
0.325753
0.219209
0.110571
-0.169447
-0.375213
-0.339181
-0.274966
-0.191942
-0.0984724
0.00283629
0.111062
0.22526
0.344626
0.468316
0.579899
0.66358
0.701178
0.660535
0.486937
0.302731
0.12609
-0.0181886
-0.198075
-0.569144
-0.399584
-0.363432
-0.298434
-0.21486
-0.121138
-0.0199989
0.0876049
0.200631
0.318011
0.438326
0.544298
0.619971
0.637423
0.544289
0.35485
0.15165
-0.0392868
-0.205836
-0.400682
-0.759401
-0.425101
-0.388822
-0.323346
-0.239351
-0.145417
-0.0444134
0.062602
0.174439
0.289693
0.40639
0.506465
0.572086
0.564306
0.426434
0.234692
0.026826
-0.161787
-0.294935
-0.350701
-0.391402
-0.452168
-0.415792
-0.350007
-0.265778
-0.1718
-0.071089
0.035159
0.145519
0.258228
0.370634
0.46432
0.516683
0.484983
0.313094
0.121035
-0.0710745
-0.22628
-0.289002
-0.308214
-0.311462
-0.481083
-0.444517
-0.378469
-0.294119
-0.200263
-0.100022
0.00519168
0.113744
0.223485
0.330891
0.417535
0.453356
0.40122
0.206693
0.0189578
-0.152508
-0.260474
-0.277442
-0.282922
-0.283087
-0.511987
-0.475082
-0.40876
-0.324354
-0.230764
-0.131215
-0.0272996
0.079101
0.185419
0.287216
0.365461
0.387634
0.29809
0.109575
-0.0699614
-0.213642
-0.262091
-0.269759
-0.270213
-0.269987
-0.544748
-0.507431
-0.44083
-0.356459
-0.263279
-0.164632
-0.0622926
0.0415861
0.144034
0.239742
0.30838
0.314376
0.19477
0.0191454
-0.144812
-0.249387
-0.262666
-0.262294
-0.262244
-0.261935
-0.578902
-0.541297
-0.474482
-0.390255
-0.297656
-0.200152
-0.0996964
0.00127203
0.0994184
0.188667
0.247579
0.235257
0.101688
-0.0637513
-0.202015
-0.248504
-0.259554
-0.258612
-0.257903
-0.257096
-0.614072
-0.576241
-0.50933
-0.425405
-0.333603
-0.237518
-0.139273
-0.0416024
0.0518013
0.134553
0.182587
0.155674
0.0140181
-0.135752
-0.23918
-0.257375
-0.256067
-0.257662
-0.256807
-0.255986
-0.649285
-0.611603
-0.544747
-0.461355
-0.370622
-0.276288
-0.180619
-0.0866328
0.00156095
0.0781649
0.113582
0.0779881
-0.0651226
-0.192162
-0.271503
-0.274069
-0.26165
-0.251443
-0.248394
-0.248085
-0.683481
-0.646325
-0.579823
-0.4973
-0.407996
-0.315811
-0.223114
-0.133184
-0.0505793
0.0196966
0.0474856
-0.00810157
-0.139538
-0.237904
-0.28185
-0.282829
-0.263481
-0.249631
-0.242797
-0.240915
-0.715143
-0.678964
-0.613333
-0.532174
-0.444738
-0.355148
-0.265913
-0.180399
-0.1035
-0.0406812
-0.0135713
-0.0950313
-0.217668
-0.27891
-0.292056
-0.294053
-0.303883
-0.304241
-0.295372
-0.290065
-0.742323
-0.707858
-0.643705
-0.564561
-0.479593
-0.393058
-0.307856
-0.227119
-0.156066
-0.101593
-0.0755935
-0.166463
-0.305561
-0.346299
-0.35928
-0.374037
-0.383878
-0.393732
-0.391636
-0.388183
-0.762748
-0.73067
-0.66899
-0.59275
-0.511051
-0.428103
-0.347319
-0.271933
-0.207371
-0.158963
-0.141943
-0.224117
-0.378081
-0.499569
-0.50968
-0.50593
-0.520819
-0.526836
-0.519131
-0.51544
-0.774124
-0.744986
-0.687092
-0.614854
-0.537328
-0.458777
-0.382376
-0.313014
-0.255042
-0.212882
-0.203595
-0.291729
-0.410746
-0.535863
-0.548924
-0.599363
-0.630341
-0.622179
-0.615504
-0.614286
-0.773787
-0.748456
-0.696138
-0.628887
-0.556548
-0.483313
-0.411674
-0.347351
-0.295738
-0.265677
-0.247264
-0.38765
-0.405265
-0.320504
-0.349789
-0.56434
-0.672814
-0.67138
-0.664853
-0.662363
-0.757972
-0.739122
-0.694383
-0.633281
-0.567135
-0.499773
-0.433881
-0.372789
-0.327245
-0.306231
-0.314442
-0.464461
-0.537547
-0.515633
-0.602975
-0.724627
-0.744426
-0.695455
-0.68181
-0.685685
-0.72826
-0.715086
-0.680225
-0.627636
-0.568352
-0.507021
-0.446242
-0.389802
-0.345321
-0.327324
-0.366538
-0.567794
-0.873625
-1.20641
-1.45163
-1.57187
-1.45009
-1.19999
-0.986134
-0.95446
-0.688409
-0.68015
-0.656269
-0.612965
-0.560801
-0.504865
-0.447807
-0.394188
-0.35137
-0.329043
-0.380507
-0.580834
-0.981164
-1.46905
-1.70882
-1.79796
-1.72694
-1.57025
-1.39976
-1.32678
-0.64533
-0.640891
-0.626307
-0.593193
-0.547018
-0.494709
-0.439459
-0.383315
-0.333767
-0.311869
-0.315132
-0.398264
-0.531555
-0.735216
-0.828049
-0.894465
-0.88476
-0.824744
-0.742023
-0.688016
-0.607277
-0.605091
-0.59694
-0.571828
-0.530789
-0.47927
-0.421609
-0.360898
-0.295021
-0.232165
-0.17061
-0.0969289
-0.0290293
0.0425079
0.128471
0.312129
0.570934
0.778196
0.913309
0.977499
-0.576405
-0.57541
-0.572311
-0.555129
-0.517127
-0.46335
-0.39935
-0.326665
-0.245177
-0.136386
-0.0291314
0.175107
0.492167
0.897881
1.36808
1.78871
2.10992
2.32021
2.43547
2.48236
-0.552612
-0.552069
-0.551512
-0.541515
-0.507354
-0.450619
-0.379646
-0.29332
-0.200306
-0.084259
0.0621267
0.220527
0.582592
0.99549
1.52091
2.01718
2.40268
2.66274
2.79427
2.83281
-0.534843
-0.534234
-0.534317
-0.529918
-0.500713
-0.441235
-0.362379
-0.27242
-0.166509
-0.0557775
0.0827047
0.210649
0.401238
0.828783
1.32113
1.78168
2.13826
2.36489
2.46715
2.49457
-0.523858
-0.522377
-0.522253
-0.521715
-0.496674
-0.433083
-0.34635
-0.253204
-0.150691
-0.0364717
0.0782286
0.207651
0.321934
0.611495
1.03088
1.39125
1.6624
1.81857
1.88387
1.90093
-0.522819
-0.522683
-0.52602
-0.526132
-0.494922
-0.419987
-0.326631
-0.231122
-0.134305
-0.0292765
0.0741743
0.176934
0.27405
0.434157
0.717238
0.983761
1.1772
1.2835
1.32792
1.33585
-0.510172
-0.514696
-0.521522
-0.517154
-0.475228
-0.390014
-0.294376
-0.203243
-0.11298
-0.0209197
0.0640381
0.13446
0.202564
0.322965
0.513433
0.678795
0.794711
0.859302
0.886576
0.892244
-0.435765
-0.442647
-0.450518
-0.443847
-0.400048
-0.322449
-0.24239
-0.164181
-0.089639
-0.0146842
0.0496812
0.101834
0.131819
0.213956
0.350987
0.456767
0.525734
0.562148
0.575667
0.577964
-0.282752
-0.288623
-0.295108
-0.291414
-0.263311
-0.217836
-0.168037
-0.114021
-0.0595534
-0.00354897
0.040962
0.0751592
0.0919991
0.136304
0.227642
0.299158
0.343839
0.366669
0.375065
0.375535
-0.10574
-0.108802
-0.113862
-0.117632
-0.113846
-0.103647
-0.0848841
-0.0592083
-0.0266807
0.0118942
0.0405088
0.061398
0.0773482
0.112948
0.167542
0.207111
0.232709
0.246295
0.25097
0.250809
0.0264811
0.0250217
0.0202158
0.00980355
-0.00369979
-0.0135356
-0.0159977
-0.0105283
0.00494609
0.028917
0.049252
0.0622686
0.0755461
0.104833
0.146259
0.168202
0.178861
0.183677
0.184837
0.183973
0.0957737
0.0949081
0.0905534
0.0790987
0.0616276
0.0442289
0.0321234
0.0270589
0.0317148
0.0448081
0.0617395
0.0729936
0.0846334
0.104267
0.131601
0.142855
0.149605
0.152678
0.153354
0.15251
0.120673
0.120017
0.116604
0.10724
0.0921524
0.0757268
0.0620478
0.0535797
0.0516906
0.0592507
0.0725425
0.086859
0.101966
0.114899
0.127489
0.132883
0.137381
0.140253
0.141203
0.140173
0.123191
0.122694
0.120313
0.113819
0.102929
0.0900276
0.0782711
0.0696814
0.0653344
0.0685549
0.0804424
0.0957962
0.11761
0.124469
0.12613
0.128944
0.132882
0.135828
0.13643
0.13524
0.116787
0.116414
0.114862
0.110767
0.103614
0.0946777
0.0854516
0.0780648
0.0733021
0.0737885
0.0824717
0.0943484
0.113841
0.116405
0.116099
0.119182
0.124747
0.128586
0.129876
0.128541
0.108096
0.107795
0.106791
0.104342
0.0999488
0.0942181
0.0875355
0.0820319
0.0769577
0.0752492
0.0757054
0.0782704
0.0880852
0.087023
0.089555
0.0979952
0.107253
0.113226
0.114961
0.113466
0.100093
0.099842
0.099174
0.0977502
0.095213
0.0916157
0.0874736
0.0829772
0.0783841
0.0738453
0.0652011
0.0527046
0.0423831
0.0409411
0.054428
0.0693045
0.0809151
0.0866273
0.0882176
0.0873077
0.093683
0.093494
0.0930487
0.0921933
0.0907661
0.088615
0.0860644
0.0831467
0.0794255
0.0734573
0.0582044
0.0309023
0.00600204
0.00512804
0.0291185
0.0481269
0.0582712
0.0615136
0.0621296
0.0619194
0.088487
0.0883507
0.0880424
0.0874366
0.0866995
0.0856471
0.0843716
0.0827241
0.0809243
0.0758896
0.0638075
0.0391702
0.012063
0.0191266
0.039252
0.0530145
0.0583499
0.0585039
0.0584501
0.0582482
0.0837776
0.0837049
0.0835547
0.0831798
0.0827185
0.0825126
0.0823124
0.0822848
0.0829464
0.0825811
0.0817447
0.0736119
0.0638638
0.0722867
0.0813399
0.0832941
0.0821219
0.080819
0.0807074
0.0806321
0.0786933
0.0786742
0.0786801
0.0785142
0.0784658
0.0785449
0.0796153
0.0815319
0.0845695
0.0910577
0.103719
0.119647
0.128768
0.136633
0.132309
0.125129
0.120429
0.118851
0.118279
0.117673
0.0725206
0.0725731
0.0727707
0.0729599
0.0731611
0.0738448
0.0753132
0.0790023
0.0847244
0.0969962
0.121196
0.16199
0.194901
0.193274
0.176796
0.163629
0.157547
0.156714
0.155075
0.153967
0.0642811
0.0643603
0.0646749
0.0651821
0.0658827
0.0671731
0.0693644
0.0736687
0.0817325
0.0965383
0.124446
0.179307
0.224631
0.222623
0.198658
0.182945
0.17746
0.175984
0.174124
0.173144
0.0536808
0.053765
0.0541474
0.0548864
0.0560729
0.0574578
0.0599452
0.0640392
0.0729657
0.0866054
0.111228
0.157806
0.197892
0.195245
0.177261
0.171469
0.173252
0.173713
0.17071
0.169018
0.0412035
0.0412395
0.0416013
0.0424272
0.0438553
0.0462408
0.0495136
0.0534652
0.057685
0.0670118
0.0825037
0.107373
0.126897
0.126294
0.122747
0.126919
0.130187
0.131277
0.129446
0.127943
0.0272524
0.0272393
0.0277093
0.0287775
0.0303211
0.0322843
0.0351729
0.0387148
0.0398886
0.0424344
0.0482441
0.0464298
0.026712
0.0299563
0.0461619
0.0570675
0.0564161
0.055367
0.0552649
0.0547679
0.0117619
0.0115735
0.0115985
0.0121506
0.0128586
0.0137301
0.0153813
0.0176286
0.0191456
0.01586
0.0174597
0.0216865
-0.0104558
-0.0246795
-0.00772551
0.000963791
-0.00422687
-0.0147944
-0.015533
-0.0101633
-0.275704
0.113348
0.386821
0.576252
0.724226
0.839675
0.935216
1.02031
1.10642
1.09604
0.291432
0.447643
0.590712
0.714881
0.818721
0.904228
0.974164
1.02352
1.03981
1.05266
0.538469
0.63905
0.737853
0.824267
0.898177
0.959532
1.00729
1.04101
1.064
1.08293
0.712024
0.781721
0.851695
0.914307
0.968186
1.0132
1.04962
1.07889
1.1011
1.12068
0.843927
0.895406
0.947123
0.994239
1.0355
1.07115
1.10171
1.12761
1.14692
1.16569
0.953884
0.993808
1.03312
1.0705
1.10448
1.13482
1.16149
1.18398
1.20109
1.21901
1.04758
1.08179
1.1154
1.14785
1.17812
1.20558
1.22974
1.24982
1.2648
1.28223
1.13527
1.16753
1.19983
1.23096
1.25996
1.28619
1.30896
1.32731
1.34057
1.35746
1.22521
1.25974
1.29332
1.32518
1.35435
1.38014
1.40196
1.41899
1.431
1.44742
1.3279
1.36667
1.40287
1.43592
1.46513
1.49009
1.51058
1.52639
1.5381
1.55429
1.45433
1.49596
1.53302
1.56498
1.59228
1.61525
1.63425
1.64947
1.66196
1.67809
1.61157
1.65001
1.6817
1.70782
1.73054
1.75082
1.7691
1.78529
1.79936
1.81525
1.79363
1.81862
1.84018
1.85903
1.87691
1.89384
1.91022
1.92671
1.94236
1.95835
1.97933
1.99114
2.0058
2.02064
2.03442
2.04663
2.05796
2.06936
2.08225
2.10297
2.16742
2.17746
2.18442
2.18579
2.18789
2.19531
2.20848
2.22384
2.23692
2.2652
2.44391
2.38484
2.3372
2.30608
2.29296
2.29755
2.32079
2.36612
2.43665
2.51527
0.875622
0.868117
0.859193
0.846363
0.832949
0.821338
0.812102
0.805186
0.800556
0.798517
0.799701
0.803713
0.80994
0.81832
0.828974
0.8418
0.85549
0.866684
0.874463
0.880786
0.789601
0.79748
0.804622
0.809378
0.810619
0.808613
0.804851
0.800878
0.797771
0.796352
0.79736
0.800374
0.80451
0.808896
0.812257
0.812961
0.810027
0.803991
0.795984
0.790082
0.78158
0.784638
0.787721
0.790232
0.792593
0.794341
0.794803
0.794106
0.793038
0.792538
0.793293
0.794914
0.79646
0.797048
0.796183
0.794222
0.791937
0.789282
0.786083
0.78372
0.776314
0.77783
0.780057
0.782208
0.783783
0.785039
0.786125
0.78686
0.787213
0.787523
0.788083
0.788637
0.788743
0.788264
0.787418
0.786288
0.784614
0.782415
0.780573
0.779489
0.771205
0.772044
0.773522
0.775357
0.777085
0.778463
0.779548
0.780491
0.781324
0.782042
0.782571
0.782775
0.782625
0.782174
0.781366
0.780097
0.778492
0.776901
0.775852
0.775218
0.766307
0.766877
0.767943
0.769362
0.770891
0.772387
0.773714
0.774841
0.775832
0.776724
0.777345
0.777573
0.777419
0.776863
0.775927
0.774759
0.773529
0.772422
0.771719
0.771276
0.761551
0.761979
0.762831
0.764025
0.765342
0.766744
0.768166
0.769508
0.770725
0.771805
0.772561
0.772836
0.772646
0.772068
0.771244
0.770322
0.769382
0.768543
0.768021
0.767687
0.756909
0.757244
0.757949
0.758998
0.760217
0.761538
0.762949
0.764408
0.765835
0.767139
0.76807
0.76844
0.768324
0.767882
0.767256
0.76653
0.765785
0.765144
0.76475
0.764486
0.75231
0.752582
0.753183
0.754137
0.755298
0.756584
0.758005
0.759545
0.761148
0.762708
0.763863
0.764409
0.764476
0.764226
0.763789
0.763245
0.762668
0.762183
0.761882
0.761668
0.747671
0.747896
0.748426
0.749322
0.750449
0.751735
0.75319
0.754817
0.756578
0.758384
0.759848
0.760694
0.761024
0.761008
0.760769
0.760405
0.759984
0.75963
0.759402
0.759224
0.742927
0.743116
0.743597
0.744461
0.745588
0.746911
0.748439
0.750195
0.752178
0.75431
0.756147
0.757334
0.757972
0.758217
0.758194
0.758008
0.757743
0.757505
0.757335
0.757185
0.737996
0.738158
0.738613
0.73948
0.740652
0.742064
0.743738
0.74571
0.747987
0.750517
0.75282
0.754431
0.755401
0.755907
0.7561
0.756089
0.75597
0.75583
0.75571
0.75558
0.732806
0.732946
0.73339
0.73429
0.73555
0.737097
0.738971
0.741235
0.743909
0.746971
0.749828
0.751916
0.753266
0.754075
0.754515
0.754685
0.754712
0.754665
0.754588
0.754475
0.727275
0.727397
0.727845
0.728806
0.730189
0.731911
0.734016
0.736614
0.739777
0.743475
0.747031
0.749711
0.751547
0.752749
0.753491
0.753883
0.754061
0.754105
0.754068
0.753969
0.721309
0.721419
0.721882
0.722916
0.724441
0.726388
0.728826
0.731856
0.735582
0.740047
0.744467
0.747918
0.750367
0.752019
0.753072
0.753738
0.754113
0.754261
0.754263
0.754172
0.714784
0.714864
0.715354
0.716502
0.718245
0.720509
0.723377
0.727015
0.73155
0.737011
0.742472
0.746784
0.749873
0.752031
0.753482
0.754428
0.754995
0.755246
0.755288
0.755205
0.707485
0.707579
0.708104
0.709381
0.711375
0.714003
0.717376
0.721698
0.72716
0.73385
0.740578
0.745972
0.74994
0.752766
0.754716
0.756057
0.756865
0.75724
0.757323
0.757246
0.699184
0.699266
0.699859
0.701317
0.703622
0.706712
0.710747
0.715969
0.722602
0.730763
0.739083
0.745814
0.750785
0.754394
0.756976
0.758787
0.759901
0.760425
0.76055
0.760473
0.689569
0.689656
0.690344
0.692016
0.694718
0.698425
0.703327
0.709728
0.717912
0.727977
0.738162
0.746403
0.752562
0.757098
0.760409
0.762768
0.764259
0.764959
0.765125
0.76504
0.678084
0.67819
0.679006
0.680969
0.68419
0.688686
0.694685
0.702545
0.712583
0.724918
0.737449
0.747589
0.755201
0.760861
0.765079
0.768115
0.770048
0.770942
0.771141
0.771041
0.663988
0.664136
0.665174
0.667573
0.671544
0.677163
0.684685
0.694533
0.707038
0.722243
0.737488
0.749757
0.758984
0.765905
0.771114
0.774902
0.777315
0.778406
0.778634
0.778511
0.646271
0.6465
0.647895
0.65096
0.656021
0.663214
0.67281
0.685261
0.70086
0.719545
0.738032
0.752805
0.763894
0.772248
0.778584
0.783204
0.786121
0.787403
0.787652
0.787504
0.623471
0.623854
0.625815
0.629939
0.636685
0.646213
0.658765
0.67475
0.694319
0.717209
0.739425
0.756965
0.770108
0.780037
0.787598
0.793113
0.796538
0.797998
0.79826
0.798084
0.593288
0.593978
0.596914
0.602877
0.612412
0.625531
0.642334
0.663025
0.687536
0.715373
0.741771
0.762356
0.777734
0.789376
0.798258
0.804731
0.808646
0.810251
0.810508
0.810303
0.551693
0.553103
0.558144
0.567698
0.582076
0.600796
0.623605
0.650397
0.68086
0.714323
0.745283
0.769107
0.786839
0.800301
0.810604
0.818065
0.822429
0.824099
0.824323
0.824089
0.49126
0.495545
0.506176
0.522914
0.545436
0.572484
0.60327
0.637511
0.674797
0.714404
0.750163
0.777306
0.797438
0.812726
0.82445
0.832919
0.837598
0.839212
0.839351
0.839107
0.418453
0.426806
0.446381
0.473662
0.506548
0.542915
0.582254
0.624475
0.669264
0.715979
0.757714
0.789316
0.812839
0.830848
0.844613
0.854305
0.859568
0.861413
0.861689
0.861597
0.345375
0.359542
0.387946
0.425514
0.468365
0.513993
0.561942
0.612251
0.664665
0.71865
0.766564
0.802831
0.829925
0.850854
0.866928
0.878012
0.883705
0.885326
0.885663
0.885701
0.285223
0.302628
0.336924
0.382211
0.433141
0.486853
0.542749
0.600702
0.660417
0.721307
0.775022
0.815604
0.845943
0.869258
0.886975
0.899002
0.90501
0.907358
0.90794
0.908038
0.235536
0.254953
0.293655
0.344649
0.40191
0.462284
0.525015
0.589821
0.656242
0.723592
0.782693
0.82716
0.860256
0.885472
0.904486
0.917505
0.924487
0.927281
0.927959
0.928069
0.193706
0.214253
0.256227
0.311789
0.374285
0.440255
0.508829
0.579673
0.652161
0.725429
0.789485
0.837436
0.872842
0.899622
0.919675
0.933534
0.941212
0.944336
0.945146
0.945266
0.157373
0.178686
0.223196
0.282475
0.349376
0.420174
0.493897
0.57013
0.648113
0.726844
0.795421
0.846494
0.883905
0.911916
0.932808
0.947319
0.955607
0.959024
0.95988
0.959985
0.124989
0.146836
0.193393
0.25576
0.326401
0.401409
0.479737
0.560874
0.64395
0.72775
0.800557
0.854435
0.893582
0.922606
0.944137
0.959084
0.967754
0.971395
0.972299
0.972381
0.0953776
0.117646
0.165903
0.230897
0.304754
0.383461
0.465937
0.551594
0.639426
0.728045
0.804874
0.861413
0.902138
0.932058
0.954081
0.969316
0.978216
0.98197
0.982921
0.982975
0.0676002
0.09033
0.140105
0.207345
0.283972
0.365956
0.452193
0.542011
0.634335
0.727594
0.808358
0.867512
0.909781
0.940578
0.963058
0.978543
0.987558
0.991377
0.992258
0.992265
0.0411263
0.064341
0.115422
0.184684
0.263741
0.348644
0.438286
0.531956
0.628515
0.726275
0.810972
0.872789
0.916679
0.948388
0.97135
0.98707
0.996116
0.999927
1.00077
1.0007
0.0155392
0.0392681
0.0915738
0.162619
0.243827
0.331346
0.424091
0.521311
0.621858
0.724006
0.812683
0.877323
0.922973
0.955714
0.979212
0.995156
1.00424
1.00796
1.00877
1.00868
-0.00942324
0.0148679
0.068327
0.140974
0.224099
0.313964
0.40952
0.510012
0.61431
0.720722
0.813479
0.881152
0.928772
0.962683
0.986803
1.003
1.01209
1.0157
1.01641
1.01629
-0.0338912
-0.00900942
0.0455436
0.119656
0.204493
0.296455
0.394553
0.498041
0.605848
0.71639
0.813313
0.884276
0.934127
0.969387
0.994214
1.01065
1.01968
1.02311
1.0237
1.02353
-0.0579385
-0.0324624
0.0231846
0.098632
0.18499
0.27883
0.379211
0.485414
0.596467
0.710969
0.81211
0.886628
0.939039
0.975889
1.00151
1.01815
1.02702
1.03019
1.03063
1.03042
-0.081533
-0.0554849
0.00124197
0.077895
0.165614
0.261122
0.363535
0.472178
0.586192
0.704436
0.809779
0.88811
0.94349
0.982262
1.00878
1.02552
1.03406
1.03687
1.03714
1.0369
-0.104695
-0.078037
-0.0202745
0.0574782
0.146413
0.243393
0.347598
0.4584
0.575083
0.696785
0.806254
0.888609
0.947388
0.988564
1.01621
1.0329
1.04081
1.04309
1.04319
1.04293
-0.127297
-0.100059
-0.0413168
0.0374238
0.127446
0.225724
0.331486
0.444172
0.563212
0.688042
0.801473
0.887979
0.95056
0.994773
1.02403
1.0406
1.0474
1.04882
1.04868
1.04843
-0.14934
-0.12148
-0.0618466
0.0178006
0.108788
0.208192
0.315299
0.429604
0.550671
0.678273
0.795388
0.886072
0.952772
1.00072
1.03249
1.04928
1.05439
1.0542
1.05357
1.0534
-0.170719
-0.142284
-0.0818047
-0.00133208
0.0905049
0.190885
0.299125
0.414785
0.537582
0.667567
0.787975
0.882751
0.953746
1.00597
1.04151
1.05985
1.06343
1.0604
1.0581
1.05812
-0.191452
-0.162428
-0.101125
-0.0199093
0.0726758
0.173896
0.283094
0.399857
0.524079
0.656036
0.779253
0.877886
0.953201
1.00989
1.05028
1.07249
1.07691
1.07161
1.06361
1.04931
-0.211492
-0.181953
-0.119948
-0.038143
0.0549943
0.156874
0.26677
0.384329
0.509605
0.64312
0.768614
0.870834
0.950682
1.01177
1.05738
1.08579
1.09463
1.08888
1.07623
1.08571
-0.230829
-0.200859
-0.138223
-0.0559736
0.037506
0.139866
0.250161
0.368226
0.494145
0.62872
0.755857
0.860976
0.945526
1.01039
1.05891
1.09131
1.10534
1.09791
1.04708
1.0359
-0.249973
-0.219273
-0.155686
-0.0730933
0.0205923
0.123252
0.233445
0.351827
0.47801
0.613065
0.741084
0.847811
0.937145
1.00501
1.04968
1.07987
1.08671
1.05423
0.993111
0.955975
-0.272148
-0.238762
-0.171896
-0.0889237
0.00496208
0.107435
0.21704
0.335416
0.461422
0.59629
0.724392
0.831102
0.924169
0.994987
1.04202
1.04046
1.02432
0.970059
0.906388
0.867735
0.144721
0.259454
0.381164
0.510718
0.643361
0.760929
0.857192
0.753136
-0.287383
-0.278118
-0.236442
-0.165534
-0.0774331
0.0201331
0.125907
0.239413
0.360263
0.488504
0.619766
0.736386
0.829282
0.911259
0.958578
0.92004
0.803539
0.733423
0.676821
-0.311195
-0.299553
-0.25421
-0.182057
-0.0937499
0.0038168
0.109107
0.222112
0.342042
0.468803
0.597593
0.710941
0.797974
0.862178
0.862586
0.768866
0.647363
0.56454
0.49504
-0.335497
-0.323524
-0.275713
-0.202478
-0.114119
-0.016524
0.088801
0.201435
0.320337
0.445369
0.570896
0.679353
0.758062
0.80019
0.764951
0.619277
0.480103
0.375341
0.290066
-0.359645
-0.347637
-0.298377
-0.223959
-0.135256
-0.0376794
0.0673679
0.17923
0.296832
0.419708
0.541493
0.644371
0.714333
0.730125
0.644012
0.4694
0.301173
0.157253
0.0360757
-0.383877
-0.371952
-0.321749
-0.246446
-0.157304
-0.0597023
0.0449371
0.155886
0.272015
0.392409
0.50998
0.606465
0.665984
0.645429
0.512629
0.322735
0.127518
-0.0405756
-0.202719
-0.408689
-0.396922
-0.346226
-0.270321
-0.180776
-0.0831005
0.0212029
0.131302
0.245902
0.363673
0.476839
0.566175
0.611287
0.567005
0.388366
0.191194
-0.012905
-0.194115
-0.331903
-0.460427
-0.434893
-0.423235
-0.372202
-0.295919
-0.206141
-0.108488
-0.00459443
0.104535
0.217371
0.332102
0.440378
0.521496
0.550155
0.473024
0.272279
0.0722886
-0.118021
-0.262109
-0.312838
-0.334458
-0.462788
-0.451189
-0.399886
-0.32336
-0.233506
-0.136061
-0.0327609
0.0751209
0.18583
0.296978
0.399636
0.471555
0.477256
0.359928
0.164013
-0.026977
-0.192738
-0.268272
-0.291996
-0.294722
-0.492596
-0.480976
-0.429361
-0.352646
-0.262849
-0.165773
-0.0633147
0.043023
0.151217
0.258272
0.35437
0.417014
0.39384
0.251456
0.0651847
-0.113465
-0.23642
-0.276477
-0.274756
-0.275966
-0.524293
-0.512613
-0.46065
-0.38377
-0.294152
-0.197618
-0.0962475
0.00824357
0.11351
0.216009
0.304732
0.356037
0.313923
0.148167
-0.0234644
-0.185341
-0.252094
-0.264739
-0.265615
-0.265659
-0.557646
-0.545874
-0.493607
-0.416639
-0.327312
-0.231526
-0.131491
-0.029184
0.0727321
0.170224
0.251182
0.288933
0.238405
0.0568802
-0.104578
-0.22559
-0.26732
-0.261376
-0.259683
-0.259048
-0.592129
-0.580328
-0.527934
-0.450977
-0.362112
-0.267293
-0.168885
-0.0691084
0.0290422
0.121175
0.193974
0.219612
0.148489
-0.0266618
-0.172867
-0.244349
-0.255576
-0.257413
-0.257763
-0.256833
-0.627227
-0.615422
-0.563111
-0.486321
-0.398129
-0.304546
-0.208095
-0.111216
-0.0172595
0.0692183
0.133927
0.144502
0.0553013
-0.0987211
-0.224747
-0.258419
-0.260015
-0.257003
-0.254193
-0.253076
-0.661902
-0.650179
-0.598313
-0.521949
-0.434727
-0.342724
-0.248608
-0.155003
-0.0656156
0.0146795
0.073257
0.0635136
-0.032688
-0.161283
-0.260537
-0.295402
-0.273625
-0.253437
-0.24329
-0.241991
-0.694624
-0.683251
-0.632382
-0.55689
-0.471023
-0.381
-0.289673
-0.199728
-0.115238
-0.0417564
0.0129818
-0.0106917
-0.121268
-0.22093
-0.281518
-0.277989
-0.278557
-0.271931
-0.263537
-0.25726
-0.724131
-0.713176
-0.663836
-0.589826
-0.50585
-0.418276
-0.330235
-0.244421
-0.165151
-0.0983076
-0.0493627
-0.076179
-0.206349
-0.292891
-0.313098
-0.323556
-0.333969
-0.346472
-0.34484
-0.338781
-0.747841
-0.737606
-0.690794
-0.619083
-0.537742
-0.453222
-0.368872
-0.287829
-0.214065
-0.153306
-0.114372
-0.134057
-0.273552
-0.401333
-0.407481
-0.433979
-0.43739
-0.450144
-0.45425
-0.449723
-0.763794
-0.754604
-0.711069
-0.642764
-0.564972
-0.484298
-0.403983
-0.328147
-0.260241
-0.206646
-0.174106
-0.199333
-0.325623
-0.487868
-0.586165
-0.565333
-0.579397
-0.586896
-0.582073
-0.576793
-0.769445
-0.761695
-0.722477
-0.658889
-0.585618
-0.50971
-0.434152
-0.362958
-0.30164
-0.256424
-0.226104
-0.276586
-0.377378
-0.43214
-0.417865
-0.510751
-0.638931
-0.649731
-0.644396
-0.643274
-0.763047
-0.756621
-0.722948
-0.665499
-0.59789
-0.527613
-0.457696
-0.390807
-0.334973
-0.296136
-0.28091
-0.344247
-0.453676
-0.393911
-0.328395
-0.468667
-0.646767
-0.685108
-0.675419
-0.675306
-0.740988
-0.736345
-0.709957
-0.661056
-0.600725
-0.536648
-0.472438
-0.410981
-0.357183
-0.323581
-0.326855
-0.410538
-0.608833
-0.792463
-0.935616
-1.10363
-1.11808
-0.930002
-0.778598
-0.748319
-0.706291
-0.703324
-0.6849
-0.645806
-0.594077
-0.536403
-0.477376
-0.420113
-0.369481
-0.335874
-0.344469
-0.462746
-0.77572
-1.21569
-1.59495
-1.81311
-1.83062
-1.63746
-1.38962
-1.22444
-0.664382
-0.662623
-0.652282
-0.623033
-0.57977
-0.527991
-0.47262
-0.416801
-0.365967
-0.333302
-0.327271
-0.413241
-0.64234
-1.03269
-1.29096
-1.36372
-1.38565
-1.33099
-1.23022
-1.11477
-0.623776
-0.622702
-0.617742
-0.598266
-0.5618
-0.513591
-0.459695
-0.402778
-0.344223
-0.292268
-0.268329
-0.244061
-0.259911
-0.284205
-0.386304
-0.448048
-0.382439
-0.242771
-0.114858
-0.0276524
-0.59085
-0.590196
-0.587757
-0.575996
-0.544997
-0.498403
-0.441757
-0.377822
-0.309107
-0.224872
-0.141292
-0.0252545
0.145582
0.375367
0.706846
1.04463
1.38275
1.65584
1.82067
1.89152
-0.563637
-0.562991
-0.562256
-0.557254
-0.532666
-0.486188
-0.424282
-0.349874
-0.266862
-0.170387
-0.0384994
0.0986404
0.408623
0.814688
1.28525
1.7915
2.19752
2.48515
2.66456
2.74759
-0.543369
-0.542971
-0.542744
-0.541286
-0.523572
-0.477502
-0.409243
-0.328737
-0.230824
-0.129357
0.00176552
0.148568
0.319121
0.691518
1.16038
1.68445
2.13551
2.46152
2.64585
2.7153
-0.528302
-0.52754
-0.526636
-0.527112
-0.516419
-0.471449
-0.397403
-0.30958
-0.212507
-0.10117
0.0140786
0.150685
0.262471
0.519082
0.965505
1.40869
1.76758
2.02018
2.15136
2.19839
-0.523349
-0.521975
-0.521679
-0.523817
-0.51481
-0.465971
-0.383935
-0.289805
-0.193983
-0.0894428
0.0212557
0.135265
0.246869
0.376788
0.680891
1.02972
1.30928
1.48977
1.5746
1.60393
-0.521078
-0.520857
-0.525489
-0.529093
-0.514584
-0.453125
-0.360373
-0.264957
-0.171471
-0.0750771
0.0238509
0.113142
0.199756
0.297491
0.488124
0.717186
0.901038
1.01992
1.07638
1.09675
-0.48319
-0.485936
-0.494374
-0.498231
-0.475837
-0.406706
-0.315539
-0.227491
-0.143373
-0.0596935
0.0201608
0.08942
0.138922
0.203461
0.349315
0.500895
0.608337
0.676162
0.709725
0.719504
-0.365647
-0.369741
-0.377948
-0.38074
-0.360413
-0.306215
-0.240687
-0.173895
-0.107476
-0.0427098
0.0190282
0.0670298
0.1008
0.126393
0.226203
0.33015
0.402299
0.442963
0.460446
0.465181
-0.190862
-0.194037
-0.199577
-0.203513
-0.19644
-0.173892
-0.143711
-0.10633
-0.0655805
-0.0193058
0.0233433
0.0527189
0.0768403
0.0926963
0.155368
0.219799
0.263026
0.289826
0.301988
0.305127
-0.0307466
-0.0324398
-0.0356245
-0.0422703
-0.0497966
-0.0544658
-0.0520016
-0.0419732
-0.0232028
0.00432052
0.0338555
0.0517636
0.0697489
0.0859762
0.134246
0.172507
0.194211
0.206577
0.211381
0.212078
0.0687158
0.0678237
0.0655436
0.0576288
0.0428015
0.0259065
0.0137457
0.00898334
0.0131688
0.0268576
0.0473492
0.0605448
0.0746977
0.0862147
0.121447
0.14807
0.158209
0.164015
0.16583
0.165665
0.112525
0.111989
0.110209
0.10322
0.0890163
0.0711814
0.0552161
0.044541
0.0406885
0.0468793
0.0597344
0.0740916
0.087607
0.0989156
0.120115
0.133164
0.139208
0.143792
0.145686
0.145599
0.123846
0.123495
0.122139
0.11701
0.106227
0.0918048
0.0775718
0.066342
0.0601242
0.0608749
0.069549
0.0838837
0.102438
0.116897
0.125272
0.129132
0.132837
0.135948
0.137473
0.137181
0.120657
0.120423
0.119468
0.116113
0.108919
0.0988228
0.0877187
0.0782893
0.0719507
0.0697419
0.0756867
0.0889161
0.108257
0.123433
0.122626
0.123812
0.127881
0.132873
0.135248
0.134545
0.112525
0.112349
0.111683
0.109614
0.105185
0.0985983
0.0908096
0.0834798
0.0776727
0.0744384
0.0767545
0.0835292
0.0968836
0.105886
0.103582
0.106933
0.113142
0.119559
0.122985
0.122643
0.103954
0.1038
0.103319
0.102062
0.0994778
0.0954123
0.0905326
0.0849839
0.0806214
0.0755464
0.0728729
0.0678428
0.0669603
0.0661827
0.0677228
0.077752
0.0892856
0.0976078
0.101435
0.101285
0.0967406
0.0966029
0.0962552
0.0954634
0.0939936
0.0916244
0.088502
0.0849382
0.0813655
0.0756932
0.0684935
0.0511836
0.0305555
0.0156785
0.0288437
0.048865
0.0644069
0.0724056
0.0752444
0.0749327
0.0910105
0.0908942
0.0906566
0.090133
0.08932
0.0879996
0.0862006
0.0842414
0.0818311
0.0771863
0.0687353
0.04694
0.01511
-0.00259799
0.0171501
0.037979
0.0506611
0.0551526
0.0554167
0.0560131
0.0861591
0.0860683
0.085932
0.0855773
0.0850095
0.0843972
0.0836956
0.0829891
0.0820238
0.080432
0.0769236
0.0636645
0.0420267
0.0347311
0.051571
0.0631131
0.0668236
0.0664993
0.065914
0.0660906
0.0813487
0.0812842
0.081252
0.0810933
0.0807864
0.0805434
0.0807944
0.0816239
0.0825277
0.0849788
0.0896394
0.0950916
0.0961359
0.100497
0.105396
0.106018
0.103322
0.10103
0.100215
0.099625
0.07583
0.0757949
0.0758858
0.0759955
0.0760477
0.0762427
0.0767332
0.0789273
0.082522
0.088913
0.102568
0.127723
0.152188
0.166008
0.162623
0.150782
0.14101
0.138132
0.137297
0.136332
0.0687258
0.0687206
0.0689137
0.0692818
0.0696241
0.0702514
0.0713536
0.0739179
0.0799265
0.0897555
0.107638
0.149234
0.201439
0.220813
0.204024
0.182614
0.17189
0.169535
0.16838
0.166555
0.0593506
0.0593421
0.059562
0.0600726
0.06078
0.0618314
0.0639792
0.0670103
0.0729517
0.0834927
0.103049
0.145023
0.199071
0.22307
0.204042
0.187408
0.182298
0.178811
0.177547
0.175366
0.0476729
0.0475963
0.0477344
0.0483071
0.0494825
0.0512765
0.0536007
0.0571146
0.0622617
0.0714878
0.0861288
0.115746
0.154764
0.170522
0.158868
0.151356
0.153021
0.158536
0.155883
0.153466
0.0344226
0.0343206
0.0345107
0.0353107
0.0366167
0.0382997
0.040663
0.0441389
0.0481755
0.0523478
0.0587805
0.0713917
0.0779038
0.0810044
0.0821432
0.0913121
0.09591
0.0968015
0.0962629
0.0948995
0.0196144
0.0194712
0.0195782
0.0201416
0.0215716
0.0232066
0.0252256
0.0283025
0.0313877
0.0289758
0.0319402
0.030248
0.00637331
-0.0121388
0.00326716
0.0210213
0.0225382
0.0146081
0.0140407
0.0159713
0.0116647
0.0115406
0.0118215
0.0124954
0.0132409
0.014323
0.0162326
0.0186466
0.018585
0.015303
0.0205066
0.00955292
-0.0221828
-0.0177044
0.00115375
0.000239046
-0.0105069
-0.016883
-0.0133915
-0.0105792
-0.0461158
0.229486
0.409256
0.577752
0.714916
0.826031
0.916663
0.993574
1.04207
1.03225
0.367603
0.489869
0.612512
0.723286
0.818313
0.898238
0.963615
1.01221
1.0412
1.05773
0.593126
0.67273
0.757526
0.835938
0.903866
0.961391
1.00802
1.04376
1.07085
1.09128
0.752713
0.81111
0.871465
0.929035
0.979425
1.02259
1.0589
1.08918
1.11406
1.13243
0.878845
0.923242
0.968539
1.01234
1.05169
1.08649
1.11702
1.14338
1.16465
1.18157
0.983591
1.02079
1.05646
1.09187
1.12507
1.1553
1.18232
1.20567
1.22426
1.23957
1.07697
1.10779
1.14057
1.1729
1.20343
1.23152
1.25664
1.27805
1.29456
1.30847
1.16494
1.19568
1.22859
1.26092
1.29121
1.31876
1.343
1.36315
1.37807
1.39079
1.25835
1.29252
1.32838
1.36234
1.3934
1.42086
1.44429
1.46321
1.47697
1.48924
1.36998
1.40796
1.44709
1.48233
1.51322
1.53956
1.56145
1.579
1.59226
1.6051
1.51146
1.54996
1.58858
1.62093
1.6483
1.6717
1.69179
1.70884
1.72289
1.73673
1.68719
1.71735
1.74744
1.77166
1.79272
1.8121
1.83033
1.84768
1.86357
1.87845
1.88104
1.8955
1.91315
1.92996
1.94649
1.96195
1.97612
1.99019
2.00507
2.02125
2.0701
2.07441
2.08735
2.09956
2.10956
2.11888
2.12908
2.13975
2.1491
2.16132
2.29963
2.28603
2.27722
2.26219
2.25111
2.25058
2.26261
2.28642
2.31826
2.35403
2.67381
2.5153
2.40979
2.35098
2.32194
2.31538
2.33055
2.37177
2.45101
2.59613
-0.266129
-0.262542
-0.220637
-0.148133
-0.0603061
0.0378516
0.946129
1.00615
1.00801
0.947607
0.886026
0.823099
0.618194
0.42024
0.19154
-0.102501
-0.459178
)
;

boundaryField
{
    wall-4
    {
        type            zeroGradient;
    }
    pressure-outlet-7
    {
        type            fixedValue;
        value           uniform 0;
    }
    velocity-inlet-6
    {
        type            zeroGradient;
    }
    velocity-inlet-5
    {
        type            zeroGradient;
    }
    frontAndBackPlanes
    {
        type            empty;
    }
}


// ************************************************************************* //
