/*--------------------------------*- C++ -*----------------------------------*\
  =========                 |
  \\      /  F ield         | OpenFOAM: The Open Source CFD Toolbox
   \\    /   O peration     | Website:  https://openfoam.org
    \\  /    A nd           | Version:  6
     \\/     M anipulation  |
\*---------------------------------------------------------------------------*/
FoamFile
{
    version     2.0;
    format      ascii;
    class       volScalarField;
    location    "11.1";
    object      p;
}
// * * * * * * * * * * * * * * * * * * * * * * * * * * * * * * * * * * * * * //

dimensions      [0 2 -2 0 0 0 0];

internalField   nonuniform List<scalar> 
8800
(
0.469217
0.419944
0.382031
0.354029
0.333958
0.319508
0.309088
0.301722
0.296956
0.29484
0.295857
0.299692
0.305996
0.31498
0.327377
0.344466
0.368185
0.401171
0.444025
0.496504
0.303546
0.309947
0.319244
0.322959
0.320553
0.314664
0.307929
0.301822
0.297073
0.294163
0.293715
0.295922
0.300149
0.305875
0.312578
0.319258
0.32382
0.323442
0.316557
0.307516
0.276764
0.283103
0.287814
0.292007
0.295322
0.296637
0.295795
0.293835
0.291812
0.290678
0.291444
0.293568
0.295982
0.297758
0.297776
0.295447
0.291625
0.287244
0.282269
0.278501
0.272105
0.274961
0.277947
0.280493
0.282556
0.284397
0.285777
0.286276
0.286178
0.28609
0.286517
0.287164
0.287399
0.286698
0.285195
0.283367
0.281204
0.278397
0.275647
0.274092
0.266936
0.268443
0.270752
0.273387
0.275512
0.276975
0.278106
0.27917
0.280065
0.280732
0.280922
0.280694
0.280128
0.27934
0.27831
0.276678
0.274346
0.271769
0.270026
0.269259
0.262624
0.263444
0.265542
0.268133
0.270612
0.272941
0.274793
0.276023
0.276834
0.277384
0.277764
0.277765
0.277264
0.276075
0.27419
0.271957
0.269531
0.267109
0.265737
0.265429
0.261174
0.261558
0.262707
0.264214
0.265783
0.267255
0.268729
0.270219
0.271485
0.272403
0.272742
0.272482
0.27171
0.270689
0.269538
0.268199
0.266777
0.265454
0.264752
0.264621
0.259953
0.260171
0.260795
0.261685
0.262682
0.263959
0.265219
0.266431
0.267556
0.268484
0.269
0.268999
0.268586
0.267841
0.266966
0.266126
0.265355
0.26467
0.26431
0.264231
0.257782
0.257901
0.258257
0.258824
0.259547
0.2604
0.261493
0.262708
0.263926
0.265017
0.265672
0.265787
0.26553
0.265088
0.264596
0.264116
0.263701
0.263354
0.263178
0.263134
0.254833
0.254898
0.255171
0.255659
0.256244
0.256856
0.257758
0.25879
0.25993
0.261093
0.262001
0.262472
0.262592
0.262479
0.262439
0.262203
0.261913
0.261668
0.26157
0.26155
0.251592
0.251628
0.251833
0.25224
0.252781
0.253494
0.254333
0.255375
0.256608
0.25797
0.259145
0.259897
0.260296
0.26048
0.260381
0.260323
0.260184
0.260061
0.260025
0.260016
0.248084
0.248112
0.24827
0.248596
0.249068
0.249706
0.250547
0.251641
0.253012
0.254626
0.256147
0.257249
0.257955
0.258374
0.258591
0.258676
0.258678
0.258663
0.258666
0.258658
0.24418
0.24421
0.244348
0.244643
0.245099
0.245757
0.246674
0.247913
0.24952
0.251491
0.253441
0.254927
0.255943
0.256611
0.257021
0.257259
0.257386
0.257454
0.257484
0.257478
0.239792
0.239817
0.239972
0.240275
0.240761
0.241488
0.242535
0.243992
0.245931
0.248371
0.250848
0.252797
0.254177
0.255119
0.255737
0.256126
0.256362
0.256495
0.256549
0.256542
0.234854
0.234882
0.235058
0.235408
0.235972
0.236829
0.238083
0.239852
0.242241
0.245288
0.248425
0.250933
0.252748
0.253993
0.254826
0.255366
0.255703
0.255895
0.25597
0.255963
0.229258
0.229292
0.229506
0.22993
0.230617
0.231668
0.233214
0.235409
0.23839
0.242218
0.246187
0.249381
0.251689
0.253296
0.254377
0.255084
0.255528
0.255782
0.255881
0.255872
0.222846
0.222889
0.223159
0.223689
0.224552
0.225871
0.227813
0.230572
0.234324
0.239147
0.244152
0.248182
0.251102
0.253138
0.254512
0.255412
0.255979
0.256303
0.256428
0.256418
0.215407
0.215464
0.215811
0.216489
0.217591
0.219273
0.22174
0.225237
0.229985
0.236071
0.24237
0.247431
0.251096
0.25365
0.255376
0.256506
0.257218
0.257625
0.257781
0.257768
0.206642
0.206717
0.207165
0.20805
0.20949
0.211666
0.214827
0.21928
0.22531
0.232995
0.240905
0.247233
0.251806
0.254992
0.257144
0.258553
0.259439
0.259943
0.260137
0.260121
0.196145
0.196243
0.196834
0.198
0.199888
0.2027
0.206796
0.212548
0.220229
0.229934
0.23984
0.247719
0.253399
0.257353
0.260026
0.261776
0.262874
0.263494
0.263732
0.263712
0.183357
0.183491
0.184277
0.185834
0.188337
0.192065
0.197429
0.204848
0.214666
0.226915
0.239278
0.249041
0.25606
0.260949
0.264261
0.266436
0.2678
0.268567
0.268858
0.268828
0.167497
0.167687
0.168752
0.17088
0.174268
0.179245
0.186321
0.195996
0.208581
0.224005
0.239347
0.251369
0.259999
0.266023
0.270122
0.27283
0.274536
0.275486
0.275843
0.275802
0.147377
0.147647
0.149151
0.15216
0.156856
0.163656
0.173176
0.185892
0.202018
0.221333
0.240216
0.254894
0.265436
0.272833
0.277905
0.28129
0.283445
0.284648
0.285083
0.285029
0.121083
0.121493
0.123775
0.128275
0.135075
0.144694
0.157719
0.174511
0.195112
0.219093
0.242074
0.2598
0.272569
0.281617
0.287906
0.292168
0.29493
0.29649
0.297058
0.296982
0.0853622
0.0861161
0.08998
0.0972665
0.107693
0.121724
0.139777
0.161971
0.188091
0.217503
0.245081
0.2662
0.281499
0.292506
0.300331
0.305784
0.309423
0.311512
0.312271
0.312168
0.0339974
0.0361618
0.044094
0.0570875
0.0738757
0.0947054
0.119707
0.148725
0.181341
0.216811
0.249344
0.274095
0.292156
0.305405
0.315122
0.322204
0.327188
0.330253
0.331407
0.331264
-0.0427535
-0.032205
-0.0141973
0.00898071
0.035318
0.0651707
0.0986005
0.135424
0.175227
0.217309
0.255261
0.284089
0.305394
0.321428
0.333676
0.343201
0.350489
0.355531
0.357889
0.358176
-0.123414
-0.101999
-0.0731225
-0.0395024
-0.00338081
0.0355425
0.0774299
0.1222
0.16957
0.218986
0.263382
0.297336
0.322862
0.342574
0.358186
0.37078
0.381139
0.389703
0.393999
0.394518
-0.188562
-0.163315
-0.126411
-0.0844341
-0.0398498
0.00743464
0.0573431
0.109757
0.164382
0.220709
0.270965
0.309338
0.338232
0.360642
0.378449
0.392888
0.404574
0.41373
0.418157
0.41884
-0.240032
-0.212588
-0.170942
-0.12321
-0.0721581
-0.0180922
0.0386741
0.0978933
0.159119
0.221744
0.277138
0.31903
0.350262
0.374188
0.392902
0.40781
0.419802
0.428989
0.433634
0.434364
-0.281667
-0.253331
-0.208384
-0.156318
-0.100344
-0.040974
0.0215149
0.086602
0.153684
0.221904
0.281772
0.326601
0.359597
0.384518
0.403746
0.418851
0.430808
0.439836
0.444532
0.445299
-0.316865
-0.288165
-0.240871
-0.185359
-0.125364
-0.061511
0.0058012
0.0759825
0.148294
0.221683
0.285711
0.333161
0.367655
0.393362
0.412908
0.428038
0.439874
0.448686
0.45337
0.454156
-0.347815
-0.318967
-0.269826
-0.211555
-0.148221
-0.0805201
-0.00896544
0.0658231
0.142938
0.221092
0.288975
0.338891
0.374801
0.401235
0.421094
0.436288
0.448054
0.456731
0.461352
0.462146
-0.375905
-0.346921
-0.296368
-0.235778
-0.169607
-0.0985882
-0.0232676
0.0556394
0.13716
0.219871
0.291618
0.344082
0.381486
0.408733
0.428973
0.444289
0.456031
0.464598
0.469137
0.469939
-0.402021
-0.372866
-0.321118
-0.258542
-0.18995
-0.116072
-0.0374563
0.0452018
0.130906
0.218098
0.293771
0.348934
0.387992
0.416181
0.436901
0.452412
0.464179
0.472664
0.477105
0.477924
-0.426829
-0.397436
-0.344631
-0.280336
-0.209647
-0.133245
-0.0516502
0.034458
0.124095
0.215653
0.295381
0.353488
0.394445
0.42377
0.445112
0.460909
0.472755
0.481176
0.485505
0.486331
-0.45057
-0.420944
-0.367211
-0.30142
-0.228876
-0.150249
-0.0660085
0.0232251
0.116553
0.212432
0.296376
0.357725
0.400887
0.431596
0.453741
0.46995
0.481943
0.490343
0.49455
0.495337
-0.473583
-0.443611
-0.389063
-0.321983
-0.247835
-0.167265
-0.0806655
0.0114274
0.108225
0.208328
0.296639
0.361546
0.40727
0.439681
0.462859
0.479639
0.491895
0.500324
0.504393
0.505096
-0.495915
-0.465605
-0.410311
-0.342104
-0.266569
-0.1843
-0.0956112
-0.00095226
0.099057
0.203231
0.296012
0.364794
0.413487
0.447974
0.472477
0.490022
0.502657
0.51118
0.515137
0.515693
-0.51764
-0.486963
-0.430995
-0.361817
-0.285078
-0.20134
-0.110842
-0.0139051
0.0890279
0.197077
0.294335
0.367267
0.419358
0.456364
0.482539
0.501089
0.514243
0.522929
0.5268
0.527184
-0.538793
-0.507768
-0.451145
-0.381117
-0.303368
-0.21837
-0.126312
-0.0273878
0.0781673
0.189828
0.291471
0.368745
0.424616
0.464624
0.492916
0.512799
0.526677
0.535596
0.539359
0.539547
-0.559402
-0.527953
-0.470735
-0.399974
-0.321364
-0.235322
-0.14195
-0.041329
0.0665213
0.18146
0.28731
0.368957
0.428895
0.472417
0.503409
0.525009
0.539793
0.548973
0.552576
0.552584
-0.579298
-0.547472
-0.489712
-0.418337
-0.339011
-0.252109
-0.157673
-0.0556359
0.0541667
0.172014
0.28174
0.367669
0.431865
0.479407
0.513793
0.537688
0.553607
0.56299
0.566301
0.566071
-0.598451
-0.566289
-0.508037
-0.436148
-0.356245
-0.268662
-0.17338
-0.0702163
0.0412079
0.161538
0.274754
0.364733
0.433196
0.485099
0.523619
0.550761
0.568209
0.577479
0.580135
0.579622
-0.616909
-0.584368
-0.525669
-0.453369
-0.37299
-0.284891
-0.18897
-0.0849476
0.0277573
0.150123
0.26637
0.359991
0.432443
0.488756
0.532126
0.563993
0.584256
0.592956
0.593649
0.592667
-0.634529
-0.601692
-0.542578
-0.469933
-0.38919
-0.300712
-0.204347
-0.09971
0.0139672
0.137898
0.256621
0.353427
0.4294
0.489681
0.538174
0.576335
0.602337
0.612161
0.608331
0.603731
-0.651392
-0.618254
-0.558782
-0.48586
-0.404876
-0.316172
-0.219561
-0.114572
-0.000248802
0.124814
0.245401
0.344794
0.42383
0.487115
0.540199
0.585533
0.62061
0.63842
0.6327
0.623179
-0.66744
-0.634129
-0.574391
-0.501314
-0.420317
-0.33159
-0.235013
-0.130019
-0.015461
0.110188
0.231963
0.333254
0.414975
0.479792
0.53488
0.585908
0.628287
0.648582
0.642459
0.62466
-0.682583
-0.64927
-0.589246
-0.516115
-0.435304
-0.346682
-0.250477
-0.145713
-0.0313276
0.0943824
0.216563
0.318697
0.402509
0.467687
0.518271
0.567667
0.605012
0.609935
0.551602
0.513856
-0.696727
-0.664102
-0.60289
-0.529772
-0.449301
-0.361027
-0.265714
-0.161407
-0.0475685
0.0776537
0.1993
0.301123
0.386006
0.451937
0.490859
0.521871
0.542059
0.506301
0.437094
0.391919
-0.736664
-0.6773
-0.61531
-0.542953
-0.462971
-0.375398
-0.280641
-0.177212
-0.0643855
0.05972
0.179924
0.280362
0.363573
0.433649
0.451124
0.451056
0.429122
0.370543
0.291079
0.247993
-0.706412
-0.689025
-0.633716
-0.562988
-0.483153
-0.396579
-0.303291
-0.201479
-0.0906548
0.0308504
0.147169
0.244156
0.31932
0.379972
0.383768
0.268175
0.162007
0.0924036
0.0178814
0.0616121
-0.733908
-0.703713
-0.648093
-0.577268
-0.49818
-0.412467
-0.319744
-0.219238
-0.110234
0.00869795
0.121219
0.214076
0.282327
0.311637
0.254696
0.0929985
-0.0470283
-0.138959
-0.239718
-0.167121
-0.753946
-0.721431
-0.6643
-0.593397
-0.514853
-0.42975
-0.337837
-0.238845
-0.132153
-0.0163168
0.0922115
0.178653
0.237779
0.234181
0.104421
-0.109122
-0.281196
-0.408499
-0.540087
-0.470085
-0.772545
-0.739106
-0.680931
-0.609791
-0.531547
-0.44709
-0.356326
-0.259099
-0.154813
-0.0420879
0.0622834
0.141045
0.18596
0.140258
-0.0694233
-0.326875
-0.551747
-0.746195
-0.928003
-0.857063
-0.790063
-0.756524
-0.697877
-0.626575
-0.548622
-0.464916
-0.375507
-0.28017
-0.178265
-0.0688466
0.0303094
0.100785
0.126927
0.0310556
-0.245107
-0.544249
-0.832534
-1.07669
-1.38391
-1.48619
-0.807166
-0.774019
-0.715291
-0.643999
-0.566379
-0.483451
-0.395401
-0.301977
-0.202586
-0.0973592
-0.00479825
0.0575607
0.0633079
-0.0925789
-0.409626
-0.740126
-1.06272
-1.3322
-1.55057
-1.82756
-0.824491
-0.791835
-0.7333
-0.662224
-0.585092
-0.503108
-0.416545
-0.325343
-0.22894
-0.129108
-0.0427674
0.00875352
-0.0113443
-0.237065
-0.564608
-0.905886
-1.2108
-1.39791
-1.45004
-1.47635
-0.842261
-0.810049
-0.751849
-0.681146
-0.604678
-0.523859
-0.439121
-0.350699
-0.257698
-0.163409
-0.0828006
-0.0445969
-0.105508
-0.382947
-0.707359
-1.03235
-1.29099
-1.38634
-1.40442
-1.40499
-0.86064
-0.828656
-0.770788
-0.700538
-0.624881
-0.54547
-0.462943
-0.377659
-0.288712
-0.199968
-0.126458
-0.104457
-0.209961
-0.525425
-0.837347
-1.13395
-1.35516
-1.38499
-1.37937
-1.37527
-0.879255
-0.847499
-0.78991
-0.720144
-0.645453
-0.567663
-0.487818
-0.405834
-0.322323
-0.238842
-0.174697
-0.171894
-0.324269
-0.668106
-0.959356
-1.19759
-1.35255
-1.37114
-1.36391
-1.36086
-0.897826
-0.866178
-0.808843
-0.739586
-0.665972
-0.590117
-0.513227
-0.435479
-0.35866
-0.281492
-0.225132
-0.244662
-0.458015
-0.821648
-1.08238
-1.19582
-1.26672
-1.33596
-1.37267
-1.37826
-0.915483
-0.884094
-0.827049
-0.758293
-0.685868
-0.612241
-0.538647
-0.466541
-0.396254
-0.326141
-0.275121
-0.314116
-0.610647
-1.01658
-1.27398
-1.25774
-1.30542
-1.4189
-1.48287
-1.49731
-0.931665
-0.900502
-0.843723
-0.775495
-0.704396
-0.633184
-0.563726
-0.497876
-0.434154
-0.368992
-0.324362
-0.378259
-0.768707
-1.29129
-1.67429
-1.69514
-1.65924
-1.69692
-1.73706
-1.75362
-0.945487
-0.914495
-0.857927
-0.790233
-0.720567
-0.652049
-0.587497
-0.52882
-0.473923
-0.411305
-0.369734
-0.432517
-0.908716
-1.59872
-2.21613
-2.42481
-2.30686
-2.18496
-2.13656
-2.13728
-0.95558
-0.924788
-0.868454
-0.801338
-0.733176
-0.667641
-0.608453
-0.558375
-0.517667
-0.460002
-0.419559
-0.50841
-1.00845
-1.77177
-2.57678
-2.98689
-2.98657
-2.8042
-2.63045
-2.57931
-0.960467
-0.929982
-0.873952
-0.807478
-0.74087
-0.67845
-0.625179
-0.587276
-0.568572
-0.530622
-0.501933
-0.616677
-1.03278
-1.7519
-2.5703
-3.13043
-3.2599
-3.1349
-2.90691
-2.78302
-0.958746
-0.928541
-0.872974
-0.807274
-0.74219
-0.682938
-0.636493
-0.614041
-0.62989
-0.652353
-0.679458
-0.792487
-1.01203
-1.46228
-1.99639
-2.45035
-2.62496
-2.58491
-2.4078
-2.29797
-0.949185
-0.919158
-0.864166
-0.799384
-0.735755
-0.679427
-0.640156
-0.636728
-0.706042
-0.866271
-1.07139
-1.08188
-0.903475
-0.986849
-1.03466
-1.19325
-1.18238
-1.03383
-0.825233
-0.714187
-0.930214
-0.900539
-0.846381
-0.782698
-0.72029
-0.666209
-0.633256
-0.650464
-0.796855
-1.20019
-1.644
-1.39028
-0.779444
-0.356565
0.186509
0.586549
0.864256
1.07304
1.21954
1.28505
-0.901048
-0.871753
-0.818802
-0.756397
-0.694811
-0.641629
-0.611842
-0.643615
-0.860297
-1.5568
-2.33042
-1.60752
-0.626633
0.29057
1.08935
1.69122
2.09012
2.27184
2.35125
2.3729
-0.861371
-0.832747
-0.781028
-0.719968
-0.658784
-0.604629
-0.572126
-0.600056
-0.820397
-1.61468
-2.362
-1.45297
-0.416738
0.589991
1.32509
1.80256
2.08839
2.22198
2.27988
2.29379
-0.810208
-0.78244
-0.732905
-0.673585
-0.612605
-0.555757
-0.51446
-0.516859
-0.649135
-1.12823
-1.42963
-0.748203
0.0647237
0.768757
1.2418
1.53246
1.70719
1.80606
1.85732
1.86545
-0.746805
-0.721209
-0.674929
-0.618029
-0.557722
-0.498017
-0.445503
-0.413843
-0.43416
-0.544164
-0.501375
-0.0470235
0.446865
0.828539
1.08916
1.26028
1.37374
1.44837
1.48529
1.49111
-0.67254
-0.649667
-0.607923
-0.55468
-0.496232
-0.435355
-0.374245
-0.316404
-0.263992
-0.197543
-0.0348639
0.250568
0.539757
0.75313
0.907805
1.01866
1.09858
1.15364
1.18537
1.19536
-0.587271
-0.571314
-0.533728
-0.484368
-0.429941
-0.370764
-0.306578
-0.236266
-0.154348
-0.0406105
0.123963
0.316116
0.489425
0.621514
0.719811
0.792963
0.847993
0.887289
0.909402
0.915791
-0.479322
-0.471254
-0.444067
-0.404233
-0.358148
-0.305795
-0.246212
-0.177344
-0.0938409
0.0178344
0.158792
0.301882
0.424076
0.518032
0.58749
0.637646
0.673494
0.699323
0.714995
0.718969
-0.371656
-0.367848
-0.349124
-0.319506
-0.283944
-0.241587
-0.191027
-0.130093
-0.0542508
0.0448022
0.161393
0.271069
0.361269
0.429637
0.47907
0.513625
0.536627
0.551199
0.558846
0.56049
-0.267815
-0.266199
-0.254789
-0.235266
-0.210222
-0.178612
-0.138989
-0.0885632
-0.0242253
0.0595022
0.153883
0.2386
0.305764
0.355673
0.390728
0.414265
0.429257
0.438079
0.442197
0.442695
-0.17291
-0.172738
-0.167139
-0.156363
-0.140872
-0.119622
-0.090538
-0.0514468
0.000368096
0.0683331
0.143643
0.209348
0.260017
0.29659
0.321637
0.337882
0.347574
0.352614
0.354633
0.354657
-0.0943697
-0.0950772
-0.0943238
-0.0905272
-0.0827205
-0.0694632
-0.0491384
-0.0200209
0.0204726
0.0742604
0.133469
0.183981
0.222069
0.249078
0.267043
0.278012
0.284195
0.287174
0.288178
0.288051
-0.0374759
-0.0384923
-0.0400285
-0.0405585
-0.0377408
-0.0303029
-0.0167336
0.00455821
0.0352858
0.0770121
0.122868
0.161575
0.190254
0.210002
0.22278
0.230518
0.234646
0.236401
0.236905
0.236746
-0.000249493
-0.00116735
-0.00325763
-0.00498553
-0.00465111
-0.000894233
0.00772519
0.0228678
0.0459239
0.0779359
0.113124
0.142435
0.163848
0.178516
0.187847
0.193191
0.195831
0.196812
0.197009
0.196847
0.0223499
0.0216932
0.0199245
0.0182176
0.0179458
0.0201189
0.0258062
0.0364023
0.053347
0.0775233
0.104359
0.126645
0.142727
0.153413
0.159967
0.163636
0.16532
0.165782
0.165786
0.165643
0.0355782
0.0351558
0.033961
0.0326974
0.0323377
0.0337153
0.0377891
0.0455761
0.0581606
0.0763147
0.0965084
0.113134
0.124964
0.132806
0.137591
0.14014
0.141183
0.141353
0.141276
0.141161
0.0434227
0.0431539
0.0424071
0.0415952
0.0413767
0.0423116
0.0451353
0.0507607
0.0600975
0.0737187
0.0889221
0.101424
0.110304
0.116083
0.119493
0.121248
0.121911
0.121952
0.121859
0.121767
0.0479909
0.0478131
0.0473221
0.0467908
0.0466906
0.0474404
0.0495637
0.0537124
0.0606128
0.0707877
0.0821845
0.091494
0.0980164
0.102217
0.104669
0.105894
0.106312
0.106288
0.106196
0.106122
0.0501966
0.0500738
0.0497197
0.0493309
0.0492572
0.0498029
0.051366
0.0544517
0.0595946
0.0671785
0.07567
0.0825953
0.0874355
0.090526
0.0922961
0.0931522
0.0934154
0.0933636
0.0932802
0.0932208
0.0505563
0.0504704
0.0502168
0.0499357
0.0498911
0.0503064
0.0514687
0.0537506
0.0575678
0.0632246
0.0695629
0.0747056
0.0782727
0.0805212
0.0817899
0.082383
0.0825405
0.0824738
0.0824
0.0823525
0.0495253
0.0494629
0.0492821
0.0490812
0.0490558
0.0493711
0.0502415
0.0519438
0.0547836
0.0589881
0.0636961
0.067503
0.0701281
0.0717687
0.0726797
0.0730896
0.0731794
0.0731102
0.0730467
0.0730086
0.0474766
0.0474296
0.0473002
0.0471588
0.0471477
0.047388
0.0480379
0.0493034
0.0514137
0.0545387
0.0580338
0.0608502
0.0627777
0.0639707
0.0646221
0.0649037
0.064951
0.0648856
0.0648316
0.064801
0.044689
0.0446529
0.0445581
0.044457
0.0444531
0.0446356
0.0451214
0.0460627
0.0476291
0.0499469
0.0525348
0.0546099
0.0560213
0.0568874
0.0573519
0.0575438
0.0575645
0.0575051
0.0574596
0.0574351
0.0413558
0.0413276
0.041256
0.0411809
0.0411782
0.0413139
0.0416741
0.0423715
0.0435314
0.0452471
0.047158
0.0486818
0.0497135
0.0503401
0.0506697
0.0507987
0.0508026
0.0507499
0.0507118
0.0506922
0.0376146
0.0375924
0.037537
0.0374788
0.0374745
0.0375728
0.0378375
0.0383515
0.0392071
0.0404724
0.0418781
0.0429937
0.043745
0.0441957
0.0444274
0.0445121
0.0445057
0.0444596
0.0444279
0.0444122
0.0335664
0.0335487
0.033505
0.0334585
0.0334517
0.0335208
0.0337128
0.0340885
0.0347157
0.035644
0.0366736
0.037487
0.0380308
0.0383522
0.0385128
0.038566
0.0385534
0.0385135
0.0384871
0.0384748
0.0292872
0.029273
0.0292381
0.0292002
0.0291911
0.0292376
0.0293743
0.0296458
0.0301018
0.0307775
0.0315259
0.0321151
0.0325051
0.0327319
0.0328412
0.0328725
0.0328565
0.0328221
0.0328004
0.0327907
0.0248363
0.024825
0.0247968
0.0247651
0.024754
0.0247831
0.0248778
0.0250708
0.0253978
0.0258843
0.0264224
0.0268441
0.0271199
0.0272773
0.0273498
0.0273662
0.027349
0.0273196
0.0273017
0.027294
0.020258
0.0202489
0.020226
0.0201994
0.0201869
0.0202032
0.0202665
0.0204002
0.0206301
0.0209737
0.0213533
0.0216491
0.0218401
0.0219464
0.0219922
0.0219982
0.0219807
0.0219559
0.0219412
0.0219352
0.0155848
0.0155776
0.0155593
0.015537
0.0155241
0.0155312
0.015571
0.0156597
0.0158152
0.0160496
0.0163076
0.0165077
0.0166355
0.0167043
0.0167309
0.01673
0.0167133
0.0166924
0.0166804
0.0166759
0.0108431
0.0108378
0.0108231
0.0108045
0.0107922
0.0107931
0.0108154
0.0108697
0.0109672
0.011116
0.0112798
0.0114056
0.0114845
0.0115251
0.0115384
0.0115339
0.0115188
0.0115016
0.0114923
0.0114891
0.00604994
0.00604622
0.00603536
0.00602208
0.00601291
0.00601104
0.00602086
0.00604819
0.00609889
0.00617738
0.00626367
0.00632948
0.00636982
0.00638954
0.0063943
0.00638931
0.00637796
0.00636536
0.00635846
0.0063564
0.00121756
0.00121723
0.00121591
0.00121087
0.00120668
0.00120447
0.00120509
0.00120847
0.00121561
0.00122748
0.00124369
0.00125874
0.00126864
0.00127418
0.00127646
0.00127597
0.00127306
0.00126842
0.00126451
0.00126393
-0.676101
-0.41036
-0.163706
0.0365367
0.20181
0.337299
0.454978
0.552646
0.586983
0.582281
-0.260403
-0.0902211
0.0662417
0.202302
0.319234
0.418073
0.498063
0.554273
0.58488
0.600446
0.0177383
0.126371
0.233968
0.329462
0.412215
0.481683
0.536801
0.578058
0.606988
0.626102
0.209433
0.285329
0.361935
0.430923
0.490747
0.541441
0.583167
0.616894
0.641758
0.660863
0.355974
0.41088
0.467086
0.518678
0.564072
0.603644
0.637638
0.665762
0.686453
0.704811
0.474727
0.517175
0.560071
0.600923
0.638095
0.671187
0.699916
0.723674
0.741372
0.759101
0.574996
0.61187
0.648667
0.684132
0.716858
0.746354
0.772042
0.792906
0.808097
0.825368
0.669491
0.704843
0.740302
0.774129
0.805297
0.833097
0.856796
0.875579
0.888932
0.905707
0.768465
0.806519
0.843188
0.877313
0.90793
0.934612
0.956878
0.97401
0.986179
1.00251
0.88438
0.925781
0.964009
0.99814
1.02761
1.05242
1.07275
1.08859
1.10086
1.11707
1.02753
1.06918
1.10509
1.13534
1.16117
1.18334
1.20227
1.2181
1.2315
1.24755
1.20017
1.23307
1.26029
1.283
1.30339
1.3224
1.34045
1.35745
1.37249
1.38824
1.3874
1.40484
1.42207
1.43897
1.45529
1.47011
1.48411
1.49875
1.51413
1.53151
1.57058
1.58098
1.59428
1.6053
1.61488
1.62477
1.63553
1.64573
1.65505
1.68077
1.78869
1.78318
1.77057
1.7563
1.75003
1.75585
1.77409
1.80271
1.83651
1.87285
2.0922
1.95585
1.87642
1.83418
1.81691
1.8209
1.84838
1.90625
2.01395
2.19238
0.372818
0.366538
0.358886
0.347904
0.334479
0.321967
0.311716
0.30388
0.298312
0.295056
0.294545
0.296929
0.301694
0.308622
0.317813
0.32938
0.342704
0.35543
0.364266
0.371744
0.281763
0.287724
0.295922
0.30221
0.305513
0.305297
0.302553
0.298812
0.295304
0.292893
0.292522
0.294504
0.297898
0.301879
0.305476
0.307236
0.305804
0.300893
0.293647
0.285697
0.27445
0.27684
0.280418
0.283649
0.286537
0.289187
0.290702
0.290682
0.289718
0.288721
0.288648
0.289826
0.291282
0.292165
0.29162
0.28956
0.286825
0.283912
0.280445
0.277244
0.269591
0.270657
0.272772
0.275418
0.277581
0.279122
0.280405
0.281617
0.282524
0.283103
0.283461
0.283541
0.283283
0.282526
0.281505
0.280307
0.278584
0.276176
0.273717
0.272128
0.264443
0.264967
0.266614
0.269338
0.27203
0.274288
0.275984
0.277156
0.278009
0.278655
0.279103
0.279247
0.279028
0.278417
0.277271
0.275468
0.273096
0.270396
0.268139
0.267172
0.26166
0.261839
0.262888
0.264842
0.266916
0.268945
0.27095
0.272684
0.274008
0.274925
0.275483
0.275584
0.275112
0.274051
0.272482
0.270707
0.268811
0.266856
0.265294
0.264816
0.260673
0.260776
0.261311
0.262347
0.263523
0.264784
0.265984
0.267223
0.26845
0.269527
0.270224
0.270353
0.270004
0.269347
0.268574
0.267554
0.266552
0.265552
0.264786
0.264538
0.258991
0.259048
0.259346
0.259952
0.260748
0.261706
0.262933
0.264257
0.265515
0.266646
0.267471
0.267753
0.267544
0.266982
0.266188
0.265505
0.264872
0.264313
0.263924
0.263793
0.256369
0.256397
0.256578
0.256997
0.257575
0.258179
0.258969
0.259968
0.261101
0.262253
0.263231
0.263783
0.263897
0.263756
0.263537
0.263297
0.262969
0.262647
0.262437
0.262375
0.253236
0.253242
0.253367
0.253713
0.254174
0.254868
0.255741
0.25664
0.257744
0.258975
0.26016
0.260988
0.261404
0.261554
0.261465
0.261279
0.261136
0.260916
0.26079
0.260765
0.249883
0.249884
0.249978
0.250252
0.250688
0.251257
0.251989
0.252934
0.254113
0.255509
0.256965
0.258116
0.258836
0.259242
0.259446
0.259483
0.259446
0.259367
0.259328
0.259322
0.246187
0.24619
0.246265
0.246494
0.246876
0.247422
0.248173
0.249182
0.250497
0.252133
0.253943
0.255478
0.256544
0.257226
0.257642
0.25787
0.257978
0.258019
0.258043
0.258049
0.242052
0.242051
0.242136
0.242352
0.242726
0.243292
0.244112
0.245259
0.246802
0.248783
0.251047
0.253054
0.254485
0.255469
0.25611
0.256514
0.256756
0.256894
0.256966
0.25698
0.237398
0.237395
0.237487
0.23773
0.238145
0.238786
0.239736
0.241094
0.242959
0.245398
0.248244
0.250811
0.252685
0.254015
0.254907
0.255488
0.255854
0.256074
0.256186
0.256209
0.232151
0.232146
0.232257
0.232543
0.233036
0.233805
0.234955
0.236615
0.238918
0.24196
0.245544
0.24881
0.251239
0.252944
0.25411
0.254882
0.255376
0.255677
0.255828
0.255859
0.22617
0.226163
0.226303
0.226657
0.227268
0.228221
0.229651
0.231722
0.234606
0.238427
0.242943
0.247074
0.250146
0.252324
0.253815
0.254807
0.255446
0.255836
0.256031
0.256071
0.219274
0.219264
0.219443
0.219893
0.220667
0.221872
0.223679
0.226298
0.229941
0.234764
0.240457
0.245659
0.249526
0.252269
0.25415
0.255404
0.256214
0.256709
0.256956
0.257005
0.21121
0.211199
0.211433
0.212019
0.21301
0.214545
0.216853
0.220195
0.224831
0.230936
0.23811
0.24464
0.249481
0.252913
0.255266
0.256836
0.257854
0.258478
0.258788
0.258848
0.201638
0.201626
0.201936
0.202698
0.203986
0.205974
0.208975
0.213279
0.219178
0.226913
0.235944
0.244114
0.250147
0.254417
0.257345
0.259301
0.260574
0.261359
0.261748
0.261821
0.190085
0.190072
0.190494
0.191507
0.193199
0.195821
0.19972
0.205268
0.212856
0.222682
0.234026
0.244205
0.251688
0.256977
0.260604
0.26303
0.264614
0.265599
0.266089
0.266179
0.175864
0.175852
0.176442
0.177822
0.180091
0.183581
0.188735
0.196008
0.205786
0.218259
0.232456
0.245065
0.254293
0.260815
0.265293
0.268292
0.270255
0.271481
0.27209
0.272205
0.157979
0.157978
0.158841
0.160771
0.163901
0.168673
0.17562
0.185217
0.197867
0.213684
0.231354
0.24686
0.258163
0.266166
0.271688
0.2754
0.277836
0.279364
0.280137
0.280282
0.134935
0.13498
0.136296
0.139086
0.143552
0.150266
0.159792
0.172619
0.18906
0.209047
0.230864
0.249749
0.263479
0.27325
0.280056
0.284681
0.287743
0.289677
0.290661
0.290849
0.1043
0.104473
0.1066
0.110899
0.11764
0.127456
0.140852
0.158177
0.17951
0.204553
0.231174
0.25389
0.270385
0.282229
0.290611
0.296425
0.300351
0.302871
0.30415
0.304389
0.0615597
0.062077
0.0660506
0.0735579
0.0845946
0.0996131
0.118802
0.14219
0.169604
0.20055
0.232524
0.259418
0.278952
0.293151
0.303426
0.310781
0.31593
0.319377
0.321146
0.321454
-0.00146457
0.00069356
0.0100308
0.0245658
0.0436299
0.0669337
0.0941978
0.125277
0.159868
0.19739
0.235075
0.266336
0.289063
0.30581
0.318251
0.327524
0.334362
0.339182
0.341842
0.342219
-0.0776624
-0.0733234
-0.0554995
-0.0297952
-0.000199045
0.032576
0.0686063
0.107898
0.150188
0.195
0.239388
0.276188
0.303302
0.323784
0.339572
0.351901
0.361746
0.368987
0.372448
0.373855
-0.15456
-0.144161
-0.117581
-0.0818868
-0.0426741
-0.000730243
0.0439438
0.0913019
0.141226
0.193319
0.244442
0.286761
0.318126
0.34213
0.360983
0.376108
0.388338
0.397843
0.403683
0.405965
-0.212736
-0.201254
-0.169746
-0.127444
-0.0809719
-0.0314561
0.0207815
0.0755623
0.132619
0.191504
0.248792
0.295896
0.33061
0.357034
0.377647
0.393984
0.407045
0.417116
0.423417
0.425817
-0.259507
-0.247461
-0.212677
-0.165781
-0.113943
-0.0585923
-0.000246404
0.0608407
0.124177
0.189179
0.251905
0.302971
0.340195
0.368157
0.389646
0.406448
0.41971
0.429922
0.436285
0.438665
-0.297923
-0.285907
-0.249115
-0.198724
-0.142676
-0.0827256
-0.0192943
0.0471529
0.116005
0.186455
0.254116
0.308755
0.348113
0.377284
0.399399
0.416453
0.429722
0.43984
0.446132
0.448424
-0.331129
-0.319216
-0.28099
-0.227835
-0.168356
-0.104494
-0.0367296
0.0343787
0.108173
0.183663
0.25591
0.3138
0.355066
0.385275
0.407876
0.425084
0.438338
0.448381
0.454644
0.456861
-0.360781
-0.348993
-0.309722
-0.25433
-0.192016
-0.124828
-0.0532669
0.0220612
0.100352
0.180469
0.257041
0.318126
0.36131
0.392586
0.415717
0.433141
0.446434
0.456435
0.462681
0.464814
-0.387966
-0.376267
-0.336158
-0.278887
-0.214176
-0.144135
-0.0692767
0.00975655
0.0921517
0.176712
0.257607
0.321988
0.36721
0.399663
0.423419
0.441119
0.454496
0.464475
0.47073
0.472779
-0.413529
-0.401863
-0.360984
-0.302092
-0.235327
-0.162833
-0.0850794
-0.00266799
0.0835658
0.172392
0.257609
0.325434
0.372902
0.406719
0.431236
0.449318
0.462848
0.47284
0.479069
0.481019
-0.437871
-0.426219
-0.384648
-0.324354
-0.255798
-0.18112
-0.100782
-0.0153323
0.0744416
0.167337
0.256929
0.328439
0.378435
0.413873
0.439342
0.457932
0.471689
0.481747
0.487936
0.489819
-0.461316
-0.44961
-0.407406
-0.345886
-0.275777
-0.199203
-0.116578
-0.0284043
0.0646475
0.161462
0.255451
0.330922
0.383787
0.421157
0.447825
0.467091
0.481178
0.491341
0.497504
0.499335
-0.484083
-0.472227
-0.429447
-0.366855
-0.295402
-0.217185
-0.132546
-0.0419082
0.0541448
0.154691
0.253062
0.332741
0.38885
0.428521
0.456691
0.476851
0.491413
0.501772
0.507903
0.509691
-0.5062
-0.494172
-0.450857
-0.387316
-0.314698
-0.23505
-0.148655
-0.0558518
0.0429243
0.146955
0.249663
0.333729
0.393447
0.435826
0.465865
0.487199
0.502438
0.513095
0.519228
0.520939
-0.527761
-0.51552
-0.471684
-0.407297
-0.333674
-0.252806
-0.164902
-0.0702072
0.0309921
0.138244
0.24513
0.33368
0.397334
0.442884
0.475236
0.498077
0.514199
0.525284
0.531464
0.53305
-0.548685
-0.536262
-0.491935
-0.426792
-0.352313
-0.270406
-0.181222
-0.0849125
0.0184013
0.128554
0.239373
0.33239
0.400252
0.449472
0.48465
0.509406
0.526642
0.538251
0.54449
0.545904
-0.569016
-0.556353
-0.511546
-0.445751
-0.370555
-0.287785
-0.197542
-0.0998783
0.00523658
0.117929
0.232379
0.329723
0.401912
0.455206
0.493804
0.521031
0.539734
0.551967
0.55821
0.55938
-0.58855
-0.575759
-0.530489
-0.464126
-0.388334
-0.304857
-0.213778
-0.115017
-0.00840355
0.106457
0.224132
0.325551
0.401963
0.459516
0.502179
0.532715
0.553417
0.56626
0.572248
0.573074
-0.607425
-0.594448
-0.548718
-0.481878
-0.40561
-0.321568
-0.229829
-0.130228
-0.0224139
0.0942375
0.214667
0.319746
0.400174
0.461953
0.509173
0.544101
0.567935
0.581527
0.586492
0.586569
-0.62548
-0.612346
-0.566212
-0.498963
-0.422295
-0.337835
-0.245605
-0.145385
-0.036677
0.0813755
0.204088
0.312312
0.396389
0.462131
0.514005
0.554369
0.583332
0.599054
0.601643
0.5992
-0.642794
-0.629499
-0.582933
-0.51534
-0.438349
-0.353588
-0.261025
-0.160402
-0.0510615
0.068038
0.1925
0.303294
0.390534
0.459608
0.5156
0.561863
0.598317
0.620462
0.623231
0.610881
-0.65926
-0.645882
-0.598985
-0.531141
-0.453971
-0.369103
-0.27642
-0.175692
-0.0660546
0.0536821
0.1793
0.292025
0.381939
0.453647
0.51233
0.563858
0.608915
0.640806
0.648082
0.644649
-0.67488
-0.66157
-0.61434
-0.546294
-0.469138
-0.38436
-0.291745
-0.191247
-0.0816572
0.0382349
0.164364
0.27824
0.370092
0.443827
0.501989
0.554539
0.602193
0.636149
0.627062
0.577648
-0.689543
-0.676448
-0.62896
-0.560717
-0.483833
-0.399377
-0.306975
-0.206924
-0.0977663
0.0217909
0.147719
0.261861
0.354518
0.430157
0.484451
0.526687
0.567639
0.578554
0.532795
0.467179
-0.705784
-0.690105
-0.642569
-0.57425
-0.497988
-0.413907
-0.322374
-0.222647
-0.114252
0.00451003
0.129447
0.242892
0.334461
0.413331
0.463026
0.49935
0.494033
0.470674
0.405288
0.334127
-0.691997
-0.668785
-0.622438
-0.552261
-0.472371
-0.384987
-0.288847
-0.185935
-0.0737517
0.0495569
0.168756
0.268403
0.349577
0.424388
0.475609
0.407084
0.366328
0.308943
0.233588
0.184271
-0.703875
-0.696375
-0.658795
-0.595578
-0.520025
-0.436622
-0.34572
-0.24724
-0.140532
-0.0237723
0.0984083
0.20839
0.295439
0.369185
0.430116
0.418966
0.3177
0.234531
0.172573
0.0828785
-0.722092
-0.711713
-0.671067
-0.606835
-0.531289
-0.44878
-0.359423
-0.26246
-0.15734
-0.0424601
0.0776912
0.18417
0.268156
0.328585
0.346442
0.269963
0.115103
0.0165937
-0.0584097
-0.150121
-0.74205
-0.730564
-0.686766
-0.621759
-0.546441
-0.464421
-0.375619
-0.27964
-0.176018
-0.0631527
0.0539221
0.15517
0.233023
0.27601
0.241519
0.0876754
-0.0888352
-0.217614
-0.314866
-0.449191
-0.760782
-0.749306
-0.703875
-0.638085
-0.562993
-0.481425
-0.393358
-0.298665
-0.19679
-0.0866114
0.0262403
0.121459
0.192191
0.215123
0.126512
-0.103307
-0.32115
-0.493637
-0.641088
-0.817349
-0.778607
-0.767271
-0.721007
-0.654671
-0.579625
-0.49854
-0.411494
-0.318307
-0.218455
-0.11151
-0.00341821
0.0856645
0.146586
0.142373
-0.0158221
-0.29815
-0.570922
-0.817769
-1.01558
-1.38041
-0.795924
-0.784889
-0.738343
-0.671788
-0.59684
-0.516277
-0.430295
-0.338726
-0.241149
-0.137725
-0.0339417
0.0499832
0.0980426
0.0520404
-0.174456
-0.486998
-0.804791
-1.09209
-1.36591
-1.86807
-0.81322
-0.802497
-0.756038
-0.689517
-0.614795
-0.534826
-0.449913
-0.360083
-0.264931
-0.16503
-0.0653079
0.01115
0.0456172
-0.0461912
-0.326482
-0.656746
-0.995561
-1.28327
-1.44675
-1.53467
-0.830921
-0.820446
-0.77422
-0.707945
-0.633654
-0.55446
-0.470887
-0.383126
-0.290821
-0.194744
-0.100803
-0.0335654
-0.0185475
-0.152624
-0.476602
-0.806609
-1.12545
-1.34588
-1.41039
-1.42776
-0.849074
-0.838808
-0.792831
-0.726896
-0.653164
-0.574942
-0.493024
-0.407653
-0.318955
-0.227124
-0.140838
-0.0820067
-0.0902248
-0.280291
-0.618361
-0.931978
-1.22407
-1.36722
-1.39035
-1.38896
-0.867688
-0.857571
-0.811752
-0.746155
-0.673084
-0.596044
-0.516052
-0.433469
-0.349128
-0.261961
-0.183016
-0.134383
-0.173836
-0.419931
-0.75563
-1.03649
-1.29155
-1.38831
-1.37552
-1.36941
-0.886377
-0.8764
-0.830715
-0.765432
-0.693096
-0.617445
-0.53963
-0.460656
-0.380836
-0.299512
-0.225136
-0.190719
-0.27612
-0.565029
-0.893435
-1.11874
-1.26875
-1.33385
-1.3567
-1.36184
-0.904686
-0.894842
-0.849227
-0.784261
-0.712729
-0.638642
-0.563418
-0.488564
-0.413396
-0.339252
-0.268715
-0.2481
-0.381561
-0.734151
-1.05527
-1.20066
-1.20139
-1.30855
-1.39049
-1.41953
-0.921899
-0.912174
-0.866662
-0.801971
-0.731316
-0.658946
-0.586808
-0.51627
-0.447307
-0.381017
-0.315538
-0.305167
-0.479104
-0.934743
-1.31437
-1.46824
-1.41683
-1.48636
-1.56714
-1.60315
-0.937112
-0.927531
-0.882153
-0.817711
-0.747984
-0.677537
-0.608799
-0.543432
-0.483067
-0.425076
-0.361866
-0.357371
-0.569557
-1.15689
-1.72171
-2.05844
-1.99436
-1.92394
-1.9157
-1.92563
-0.949322
-0.939921
-0.894617
-0.830414
-0.761658
-0.693299
-0.628297
-0.569778
-0.520128
-0.471635
-0.408508
-0.414626
-0.662086
-1.33296
-2.08888
-2.65951
-2.72136
-2.58711
-2.42682
-2.36556
-0.957095
-0.947865
-0.902704
-0.838817
-0.771086
-0.704889
-0.644088
-0.593384
-0.556287
-0.523516
-0.466115
-0.493219
-0.732014
-1.39977
-2.21437
-2.94357
-3.19239
-3.15495
-2.92847
-2.76162
-0.959063
-0.949988
-0.905
-0.841538
-0.774867
-0.710886
-0.654635
-0.613131
-0.594585
-0.591836
-0.565994
-0.621654
-0.816145
-1.31315
-2.0059
-2.68703
-2.99265
-3.02518
-2.87872
-2.72266
-0.953704
-0.944772
-0.90006
-0.837185
-0.771618
-0.709753
-0.658142
-0.627498
-0.637186
-0.698249
-0.775558
-0.912299
-0.868938
-1.09234
-1.38057
-1.74061
-2.03213
-2.03358
-1.86222
-1.68027
-0.939834
-0.931006
-0.886591
-0.824538
-0.760068
-0.699991
-0.652585
-0.633722
-0.680496
-0.864926
-1.14615
-1.34528
-0.987254
-0.775444
-0.566758
-0.344682
-0.196956
-0.0324232
0.155888
0.291645
-0.916276
-0.907529
-0.86357
-0.802567
-0.739178
-0.68027
-0.635583
-0.626381
-0.710867
-1.06153
-1.74319
-1.8858
-1.07434
-0.379567
0.408545
1.0107
1.46332
1.76363
1.91897
1.989
-0.882336
-0.873678
-0.830415
-0.770696
-0.708221
-0.649571
-0.604861
-0.597887
-0.698911
-1.15839
-2.23256
-2.19072
-1.01789
-0.0455558
0.908348
1.59378
2.05711
2.29838
2.39608
2.42572
-0.837585
-0.829418
-0.786862
-0.728639
-0.667103
-0.607762
-0.559413
-0.542904
-0.618781
-0.997575
-1.86414
-1.6539
-0.667798
0.277819
1.02204
1.50727
1.80618
1.96961
2.05106
2.08411
-0.781499
-0.774178
-0.732979
-0.676766
-0.616474
-0.556107
-0.501817
-0.466859
-0.484709
-0.646295
-0.951204
-0.652896
-0.0279614
0.578216
1.01431
1.29337
1.47091
1.58156
1.64761
1.67814
-0.713428
-0.707385
-0.669497
-0.615755
-0.557684
-0.49719
-0.437463
-0.384171
-0.34772
-0.340842
-0.299414
-0.0590531
0.341836
0.674906
0.910855
1.0744
1.18894
1.27011
1.32369
1.35309
-0.632472
-0.626616
-0.594883
-0.546752
-0.49237
-0.433762
-0.371677
-0.307098
-0.239574
-0.159307
-0.0287038
0.179993
0.417768
0.612669
0.75643
0.862211
0.941106
1.00176
1.04638
1.06705
-0.536214
-0.5319
-0.509754
-0.469325
-0.420954
-0.367289
-0.307717
-0.241205
-0.164543
-0.0675993
0.0672297
0.231498
0.387876
0.513891
0.608402
0.678036
0.729072
0.766507
0.792419
0.806033
-0.424979
-0.423731
-0.41025
-0.380197
-0.342276
-0.298207
-0.24692
-0.186925
-0.114835
-0.0236246
0.0954954
0.226918
0.34292
0.435336
0.504252
0.553921
0.588718
0.612652
0.627982
0.633919
-0.318586
-0.31884
-0.310955
-0.290071
-0.262722
-0.229241
-0.18832
-0.138256
-0.0756491
0.00405839
0.104581
0.208654
0.296007
0.363795
0.413283
0.447916
0.471013
0.485522
0.493966
0.497036
-0.218456
-0.219096
-0.214894
-0.202666
-0.185332
-0.162305
-0.13238
-0.0931275
-0.0422345
0.0241004
0.106215
0.188151
0.254646
0.304929
0.340725
0.364871
0.380485
0.38969
0.394365
0.395698
-0.130572
-0.131439
-0.130531
-0.12561
-0.116476
-0.102473
-0.0820389
-0.0531808
-0.013701
0.0393142
0.104957
0.169227
0.219996
0.257321
0.283351
0.300397
0.310652
0.316187
0.318697
0.319248
-0.0628764
-0.0636964
-0.0646214
-0.0645094
-0.0616791
-0.0543275
-0.0410802
-0.0204887
0.00950665
0.0506899
0.10197
0.151654
0.190232
0.218178
0.237013
0.248864
0.255783
0.25932
0.2607
0.260915
-0.0163886
-0.017029
-0.018582
-0.0205852
-0.0208448
-0.0177919
-0.00989169
0.00435034
0.0265135
0.0581024
0.0977877
0.135952
0.165079
0.185691
0.199424
0.207989
0.212722
0.2149
0.215631
0.215681
0.0126995
0.0122616
0.0108473
0.00868174
0.00760079
0.00881459
0.0134532
0.0230362
0.0390839
0.0628722
0.0931668
0.122227
0.144239
0.159707
0.169745
0.175689
0.178826
0.180137
0.18044
0.180393
0.0299572
0.0296763
0.0286744
0.0269885
0.0259256
0.0265127
0.0296592
0.0364396
0.0480916
0.0658227
0.088784
0.110801
0.127264
0.138544
0.145743
0.149962
0.152067
0.152788
0.152829
0.152746
0.0400809
0.0398905
0.0392625
0.0381594
0.0374067
0.0377085
0.0398271
0.0447157
0.0533635
0.0666253
0.0838505
0.100335
0.112601
0.121019
0.126332
0.129321
0.130722
0.131119
0.131062
0.130979
0.0461002
0.0459675
0.0455725
0.0448699
0.0444126
0.0446963
0.0462473
0.0497552
0.056066
0.0659467
0.0789178
0.0913289
0.100506
0.106687
0.110499
0.112604
0.113546
0.113759
0.113668
0.113592
0.0493964
0.0493036
0.0490325
0.0485416
0.0482281
0.0484562
0.0496278
0.0522618
0.0569627
0.0643095
0.0739753
0.0832139
0.0899929
0.0945429
0.0973286
0.0988335
0.0994716
0.0995789
0.099481
0.0994152
0.0506078
0.050542
0.0503494
0.04999
0.0497611
0.0499318
0.0507898
0.0527243
0.0562087
0.0616856
0.0689076
0.0757988
0.080839
0.0841911
0.0862095
0.087276
0.0877044
0.0877464
0.0876516
0.087596
0.050212
0.0501634
0.0500273
0.0497697
0.0496088
0.0497465
0.0503959
0.0518417
0.0544312
0.0585016
0.0638775
0.0689956
0.0727174
0.0751708
0.0766328
0.0773878
0.0776712
0.077673
0.0775855
0.0775387
0.048626
0.0485885
0.0484906
0.0483068
0.0481953
0.0483038
0.0487901
0.0498667
0.0517937
0.0548204
0.0588148
0.0626119
0.0653604
0.0671577
0.0682157
0.068749
0.0689349
0.0689161
0.0688393
0.0688001
0.0461752
0.0461459
0.046074
0.0459426
0.0458665
0.0459535
0.0463198
0.0471225
0.0485543
0.0508015
0.0537661
0.0565779
0.0585992
0.0599112
0.0606744
0.0610496
0.0611694
0.0611408
0.0610745
0.0610417
0.043092
0.043069
0.0430146
0.0429179
0.0428634
0.0429301
0.0432038
0.0438005
0.044863
0.0465287
0.0487238
0.0507977
0.052281
0.0532378
0.0537867
0.054049
0.0541241
0.0540918
0.0540353
0.0540081
0.0395377
0.0395196
0.0394775
0.0394041
0.0393625
0.039411
0.0396129
0.0400539
0.0408393
0.0420703
0.043691
0.045216
0.0463012
0.0469961
0.0473888
0.0475703
0.0476147
0.0475814
0.0475336
0.0475112
0.03563
0.0356157
0.0355826
0.0355254
0.0354915
0.0355245
0.035671
0.0359942
0.0365714
0.0374769
0.0386683
0.0397856
0.0405767
0.0410786
0.0413571
0.0414807
0.0415041
0.0414718
0.0414315
0.0414132
0.0314566
0.0314454
0.031419
0.0313734
0.0313445
0.0313646
0.0314684
0.0317023
0.0321233
0.0327852
0.0336562
0.0344699
0.0350432
0.0354024
0.0355979
0.0356801
0.0356897
0.0356595
0.0356257
0.0356108
0.0270843
0.0270757
0.0270545
0.0270175
0.026992
0.0270023
0.0270737
0.0272403
0.0275435
0.0280228
0.0286536
0.0292418
0.0296531
0.0299069
0.0300414
0.030094
0.0300944
0.0300668
0.0300386
0.0300265
0.0225639
0.0225571
0.02254
0.0225097
0.022487
0.02249
0.022537
0.0226529
0.0228676
0.0232091
0.0236592
0.024078
0.024368
0.0245445
0.024635
0.0246666
0.024661
0.024636
0.0246125
0.0246027
0.0179343
0.0179292
0.0179153
0.01789
0.0178696
0.0178672
0.0178959
0.0179734
0.0181208
0.0183581
0.0186715
0.0189616
0.019161
0.0192801
0.0193386
0.0193555
0.0193463
0.0193241
0.0193044
0.0192966
0.0132235
0.0132196
0.0132084
0.0131876
0.0131696
0.0131638
0.0131793
0.013228
0.0133239
0.0134806
0.0136886
0.0138801
0.0140106
0.0140867
0.0141216
0.0141285
0.0141179
0.0140986
0.0140823
0.014076
0.00845261
0.00844971
0.00844125
0.00842554
0.00841107
0.00840424
0.00841086
0.00843794
0.00849384
0.00858635
0.00870977
0.00882306
0.00889922
0.00894243
0.00896062
0.00896145
0.00895115
0.00893584
0.0089234
0.00891866
0.00121722
0.0012172
0.00121354
0.00120855
0.00120523
0.00120445
0.00120637
0.00121146
0.00122083
0.00123583
0.00125194
0.00126427
0.00127186
0.00127566
0.00127659
0.00127469
0.00127103
0.00126593
0.00126433
0.00380711
-1.57604
-0.904798
-0.468632
-0.180112
0.0402941
0.21466
0.357285
0.483312
0.608543
0.669896
-0.57386
-0.335793
-0.133811
0.0454661
0.197246
0.324615
0.431855
0.518939
0.571416
0.585425
-0.165935
-0.0416894
0.0929695
0.214994
0.320901
0.411562
0.486022
0.542395
0.580566
0.604425
0.0819232
0.165053
0.257022
0.343312
0.418832
0.48343
0.536507
0.578575
0.610813
0.633477
0.256656
0.319008
0.384481
0.447117
0.502631
0.550679
0.591416
0.625608
0.652694
0.672387
0.395276
0.441515
0.490534
0.537868
0.580915
0.619202
0.652757
0.681276
0.703796
0.721241
0.50735
0.546537
0.58521
0.623492
0.659706
0.692513
0.721451
0.746255
0.765567
0.781113
0.606934
0.640093
0.676029
0.711006
0.74397
0.774201
0.800853
0.823155
0.840012
0.854073
0.701953
0.735831
0.772195
0.807106
0.839533
0.868609
0.893774
0.914417
0.929549
0.942482
0.806564
0.843812
0.882811
0.918682
0.950988
0.979169
1.00276
1.02167
1.03561
1.04839
0.934067
0.973559
1.01409
1.04933
1.07957
1.10522
1.12674
1.14431
1.15812
1.17177
1.09445
1.13065
1.16638
1.1954
1.22013
1.24191
1.26143
1.27905
1.2943
1.30887
1.28359
1.30628
1.33024
1.35026
1.3688
1.38646
1.40321
1.41975
1.43606
1.45176
1.4766
1.48493
1.49889
1.5138
1.52839
1.54144
1.55328
1.56474
1.57656
1.59268
1.67169
1.67205
1.68254
1.68608
1.68706
1.69156
1.70215
1.71715
1.73161
1.7461
1.97002
1.91422
1.8596
1.82005
1.79791
1.79395
1.80753
1.84137
1.89926
1.97963
0.494997
0.442528
0.399697
0.366749
0.343089
0.326091
0.313826
0.305033
0.298999
0.295523
0.294959
0.297481
0.302561
0.310154
0.320734
0.335294
0.355439
0.383488
0.421431
0.470721
0.305939
0.315
0.321923
0.322352
0.317866
0.311298
0.304759
0.299268
0.295372
0.293609
0.294503
0.297803
0.302831
0.309135
0.316005
0.321986
0.324455
0.320784
0.311516
0.305126
0.278297
0.280538
0.285541
0.289975
0.293868
0.2963
0.296437
0.294882
0.292769
0.291049
0.290812
0.292426
0.294795
0.297015
0.298043
0.296854
0.293625
0.289493
0.284822
0.280034
0.27269
0.273664
0.276447
0.279312
0.281561
0.283513
0.285189
0.286143
0.286265
0.286094
0.286233
0.286851
0.287369
0.28717
0.286001
0.284306
0.282346
0.279871
0.276932
0.274678
0.267216
0.267704
0.269478
0.272116
0.274543
0.276318
0.277558
0.278651
0.279646
0.280439
0.280893
0.280846
0.28045
0.27975
0.278871
0.277585
0.275573
0.273017
0.270753
0.269541
0.262718
0.262933
0.264344
0.266847
0.269398
0.27182
0.273952
0.275481
0.276474
0.277131
0.277598
0.277826
0.277576
0.276762
0.275199
0.27308
0.270762
0.268271
0.266234
0.265526
0.26121
0.261304
0.26204
0.263446
0.265004
0.266524
0.267993
0.269491
0.270896
0.272
0.272651
0.272674
0.272149
0.271206
0.270115
0.268901
0.267483
0.266086
0.264995
0.264659
0.259974
0.26003
0.260431
0.26122
0.262165
0.263323
0.26458
0.265841
0.267009
0.268057
0.2688
0.269058
0.268832
0.268247
0.267444
0.266499
0.265744
0.264991
0.264438
0.264255
0.257793
0.257823
0.258047
0.25852
0.259155
0.259941
0.260926
0.262092
0.263329
0.264502
0.26541
0.265785
0.26569
0.265317
0.26483
0.26436
0.263906
0.263511
0.26324
0.26315
0.254836
0.25485
0.255003
0.255396
0.255954
0.256545
0.257279
0.25826
0.259351
0.26052
0.261589
0.262288
0.262567
0.262552
0.262452
0.262349
0.262063
0.261774
0.2616
0.261558
0.25159
0.251595
0.251703
0.252015
0.252495
0.253118
0.253891
0.25483
0.255972
0.257282
0.258594
0.259572
0.260131
0.260405
0.26046
0.260346
0.26026
0.260113
0.260034
0.260021
0.248081
0.248088
0.24817
0.248414
0.248815
0.249364
0.250098
0.251061
0.252293
0.253795
0.255417
0.256754
0.257644
0.258191
0.258504
0.258644
0.258683
0.258668
0.258663
0.258664
0.244174
0.244179
0.24426
0.244476
0.244849
0.245399
0.246179
0.24725
0.24867
0.250466
0.252488
0.254244
0.255493
0.256317
0.256841
0.257157
0.257333
0.257425
0.257474
0.257484
0.239784
0.239789
0.239878
0.240103
0.240492
0.241089
0.241966
0.243208
0.244899
0.247093
0.24963
0.251907
0.253535
0.254697
0.255462
0.255954
0.256259
0.256439
0.256531
0.25655
0.234844
0.234849
0.234949
0.235209
0.235658
0.236357
0.237399
0.238897
0.240965
0.243687
0.24688
0.249773
0.251932
0.253429
0.254452
0.255126
0.255555
0.255814
0.255945
0.255972
0.229245
0.229251
0.229375
0.22969
0.230235
0.231089
0.23237
0.234221
0.236795
0.240203
0.244227
0.247903
0.250636
0.252569
0.253892
0.254769
0.255333
0.255676
0.255848
0.255884
0.22283
0.222837
0.222993
0.223388
0.224072
0.225145
0.226752
0.229079
0.232316
0.236608
0.24168
0.246318
0.249768
0.252216
0.253894
0.255011
0.25573
0.256168
0.256387
0.256432
0.215387
0.215397
0.215598
0.216105
0.216977
0.218347
0.220393
0.223345
0.227447
0.232869
0.23926
0.245091
0.249421
0.252493
0.2546
0.256002
0.256905
0.257455
0.25773
0.257786
0.206617
0.206629
0.20689
0.207546
0.208689
0.210473
0.213104
0.216873
0.222091
0.228958
0.237005
0.244311
0.249717
0.253549
0.256177
0.257926
0.25905
0.259733
0.260073
0.260144
0.196111
0.196128
0.196471
0.197337
0.198842
0.201158
0.204563
0.209445
0.216137
0.224847
0.234965
0.244084
0.250805
0.255562
0.258824
0.260997
0.262392
0.263235
0.263653
0.26374
0.183313
0.183337
0.183795
0.184948
0.186955
0.190022
0.194516
0.20086
0.209451
0.220515
0.233208
0.244542
0.252856
0.258734
0.262771
0.265467
0.267202
0.268248
0.268764
0.268865
0.167441
0.167478
0.168096
0.169669
0.172403
0.176527
0.182489
0.190811
0.201927
0.215981
0.231837
0.245835
0.256058
0.263291
0.268275
0.271622
0.273788
0.275093
0.275725
0.275849
0.147302
0.147356
0.148222
0.150454
0.154282
0.159954
0.168043
0.179121
0.193544
0.211338
0.231003
0.248143
0.260618
0.269472
0.275615
0.279775
0.282498
0.284152
0.284943
0.285089
0.120975
0.121056
0.122365
0.125744
0.131368
0.139493
0.150758
0.165646
0.184371
0.206764
0.230901
0.25165
0.266722
0.277493
0.285055
0.290252
0.293711
0.295845
0.296877
0.297061
0.085198
0.0853552
0.0876126
0.0932235
0.10207
0.114231
0.130248
0.150384
0.174602
0.202492
0.231723
0.256489
0.274473
0.287463
0.296761
0.303312
0.307808
0.310645
0.31203
0.312274
0.033791
0.0343237
0.0394057
0.0500807
0.0650067
0.0837906
0.106716
0.133772
0.164669
0.198842
0.233643
0.262711
0.283833
0.299296
0.310644
0.318952
0.324938
0.328961
0.331039
0.331417
-0.0416003
-0.0382318
-0.0240593
-0.00300634
0.0217717
0.0498381
0.0815003
0.116675
0.155065
0.196129
0.236985
0.270801
0.295524
0.313969
0.327958
0.338732
0.34713
0.353302
0.357048
0.358176
-0.120577
-0.113251
-0.0883814
-0.0565936
-0.02171
0.0157857
0.0561918
0.0995492
0.145684
0.194174
0.241994
0.281635
0.310971
0.333333
0.350822
0.364821
0.376202
0.385727
0.392559
0.394424
-0.185721
-0.17749
-0.145776
-0.105689
-0.0623931
-0.0164577
0.0321684
0.0833525
0.136933
0.192497
0.246779
0.291594
0.324761
0.350123
0.370045
0.386049
0.399066
0.409516
0.416642
0.418694
-0.237115
-0.228272
-0.192843
-0.147442
-0.0979916
-0.0453719
0.0100707
0.0681288
0.128416
0.190444
0.250542
0.299705
0.335741
0.362999
0.384108
0.400773
0.414152
0.424803
0.431973
0.434231
-0.27883
-0.269803
-0.232133
-0.182806
-0.128678
-0.0709498
-0.00997213
0.0539018
0.120086
0.18787
0.253094
0.305981
0.34431
0.372905
0.394742
0.411748
0.425198
0.435727
0.442821
0.445168
-0.314083
-0.305038
-0.265998
-0.213662
-0.15576
-0.0937804
-0.0281129
0.0407113
0.112086
0.185106
0.255108
0.311403
0.351727
0.381425
0.403789
0.42095
0.434335
0.444682
0.451643
0.454028
-0.345084
-0.336076
-0.296064
-0.241322
-0.180346
-0.114768
-0.0450459
0.0282281
0.104322
0.182168
0.256582
0.316056
0.358268
0.389
0.411858
0.42919
0.442559
0.452802
0.459629
0.462022
-0.37323
-0.364234
-0.323491
-0.26678
-0.203206
-0.134546
-0.0612804
0.0159553
0.0963235
0.178675
0.257413
0.320129
0.36431
0.396156
0.419587
0.437152
0.450559
0.460739
0.467431
0.469814
-0.399352
-0.39035
-0.348981
-0.290596
-0.22481
-0.153508
-0.0771691
0.00358543
0.087937
0.174645
0.257704
0.323785
0.370096
0.403203
0.427319
0.445204
0.458709
0.468858
0.475432
0.477789
-0.424117
-0.415082
-0.373147
-0.313299
-0.245604
-0.17199
-0.0929068
-0.00893801
0.0791038
0.169976
0.257368
0.327015
0.375709
0.410302
0.435268
0.453591
0.467264
0.47742
0.483873
0.486192
-0.447855
-0.438759
-0.396302
-0.335176
-0.265807
-0.190152
-0.108639
-0.0217914
0.069645
0.164524
0.256298
0.32977
0.381164
0.417521
0.443555
0.462464
0.476404
0.486615
0.492976
0.495213
-0.470818
-0.461603
-0.418657
-0.356418
-0.285608
-0.208188
-0.124527
-0.0350868
0.0595023
0.15821
0.254399
0.331943
0.386386
0.424852
0.452224
0.471914
0.486257
0.496606
0.502895
0.505004
-0.493086
-0.483765
-0.440359
-0.377131
-0.30507
-0.226114
-0.140569
-0.0488128
0.048638
0.150957
0.251526
0.333364
0.391236
0.432209
0.461262
0.481973
0.496868
0.507445
0.513717
0.515656
-0.514752
-0.505312
-0.461446
-0.397353
-0.324206
-0.243928
-0.156754
-0.0629684
0.0370549
0.142732
0.247556
0.333849
0.39551
0.439453
0.470582
0.492608
0.508243
0.51915
0.525445
0.527218
-0.535866
-0.526307
-0.481966
-0.417098
-0.343022
-0.261617
-0.173044
-0.0775078
0.024784
0.133523
0.242415
0.333215
0.398966
0.446321
0.480009
0.503732
0.52038
0.531755
0.53808
0.539672
-0.556394
-0.546685
-0.501884
-0.436333
-0.361476
-0.279113
-0.18938
-0.0923563
0.0118958
0.123369
0.236045
0.331269
0.401276
0.452447
0.489274
0.515198
0.533132
0.54507
0.551402
0.552783
-0.576233
-0.566384
-0.521148
-0.455009
-0.379495
-0.296357
-0.205666
-0.107427
-0.00151998
0.112308
0.228413
0.327838
0.40214
0.457478
0.498072
0.526882
0.546509
0.559077
0.565294
0.566362
-0.595361
-0.5854
-0.539729
-0.473081
-0.397029
-0.31326
-0.221822
-0.122614
-0.0153666
0.100442
0.219555
0.322843
0.401321
0.460997
0.505899
0.538506
0.560572
0.573769
0.579439
0.58
-0.613784
-0.603691
-0.557582
-0.490504
-0.414022
-0.329751
-0.23775
-0.137813
-0.0295205
0.087879
0.209527
0.316245
0.398544
0.462406
0.511947
0.54948
0.57558
0.589911
0.59385
0.593102
-0.63137
-0.621173
-0.574697
-0.507244
-0.430401
-0.34577
-0.253367
-0.152919
-0.043863
0.0747574
0.198413
0.308015
0.393736
0.46125
0.515278
0.558605
0.59108
0.609366
0.611134
0.605425
-0.648208
-0.637903
-0.591063
-0.523302
-0.446192
-0.361343
-0.268695
-0.167975
-0.0584328
0.0610468
0.186158
0.298005
0.386639
0.457131
0.514734
0.563904
0.604756
0.632146
0.638199
0.624445
-0.664248
-0.653915
-0.606784
-0.538816
-0.461615
-0.376764
-0.284099
-0.183437
-0.0737859
0.0460872
0.172046
0.285432
0.376453
0.4492
0.508097
0.560999
0.609128
0.640816
0.652148
0.621357
-0.679614
-0.669239
-0.621782
-0.553609
-0.476518
-0.391884
-0.299357
-0.199059
-0.0896394
0.0301478
0.15627
0.270395
0.362827
0.437518
0.493976
0.543152
0.588672
0.616845
0.584481
0.523628
-0.695978
-0.683233
-0.63603
-0.567696
-0.491062
-0.406806
-0.314653
-0.214804
-0.105988
0.0132204
0.138748
0.252714
0.345106
0.422054
0.474038
0.504647
0.536294
0.530678
0.472911
0.404417
-0.716022
-0.712963
-0.649958
-0.579297
-0.503403
-0.419494
-0.329701
-0.230076
-0.12215
-0.00391194
0.120233
0.232812
0.323214
0.404855
0.443463
0.429998
0.445408
0.402544
0.332044
0.257493
-0.690896
-0.68341
-0.629335
-0.55887
-0.478984
-0.391969
-0.297953
-0.19557
-0.0840861
0.0383077
0.156203
0.254645
0.332733
0.404701
0.438215
0.343175
0.266324
0.205837
0.130604
-0.030812
-0.722234
-0.695817
-0.640463
-0.569655
-0.490163
-0.404046
-0.311051
-0.209871
-0.0998662
0.0204641
0.134929
0.230136
0.302084
0.347229
0.320185
0.184943
0.0597316
-0.0203956
-0.10597
-0.285033
-0.744406
-0.712547
-0.656123
-0.585269
-0.506493
-0.42111
-0.328743
-0.228964
-0.121082
-0.00368999
0.106833
0.196714
0.260573
0.274723
0.185069
-0.00566906
-0.16014
-0.265499
-0.378913
-0.622931
-0.763654
-0.730414
-0.672614
-0.601584
-0.523202
-0.438408
-0.347024
-0.248889
-0.143411
-0.0291455
0.0773751
0.160035
0.213081
0.189031
0.0182959
-0.216472
-0.412662
-0.568052
-0.726994
-1.09578
-0.78167
-0.747922
-0.689373
-0.618107
-0.540007
-0.45591
-0.365811
-0.269526
-0.166416
-0.0552886
0.046673
0.121357
0.157086
0.087555
-0.157347
-0.436646
-0.696355
-0.921478
-1.15801
-1.83822
-0.798877
-0.765376
-0.706556
-0.635213
-0.557418
-0.4741
-0.385382
-0.290999
-0.190325
-0.0828524
0.0130955
0.0794712
0.0956656
-0.0286738
-0.32941
-0.645945
-0.954331
-1.2229
-1.55112
-2.29477
-0.816091
-0.783023
-0.724259
-0.653017
-0.575616
-0.493132
-0.405797
-0.313427
-0.215457
-0.112871
-0.0235767
0.0337991
0.0289976
-0.163384
-0.488424
-0.829035
-1.14954
-1.38369
-1.48926
-1.56352
-0.83368
-0.801057
-0.74256
-0.671619
-0.594794
-0.513366
-0.427669
-0.337782
-0.243053
-0.145953
-0.0625138
-0.0175055
-0.0590944
-0.311089
-0.637103
-0.972771
-1.2547
-1.39481
-1.4207
-1.43031
-0.851828
-0.819505
-0.761333
-0.690809
-0.614724
-0.534581
-0.450889
-0.364034
-0.272917
-0.181516
-0.104099
-0.0741861
-0.15477
-0.454628
-0.773527
-1.08535
-1.32331
-1.38594
-1.3902
-1.38769
-0.87039
-0.838323
-0.780405
-0.710341
-0.63515
-0.556519
-0.475282
-0.391602
-0.305165
-0.218953
-0.1501
-0.137321
-0.265217
-0.597257
-0.899879
-1.16983
-1.3695
-1.3808
-1.37197
-1.36723
-0.889111
-0.857207
-0.799496
-0.729926
-0.655758
-0.578897
-0.500507
-0.42047
-0.340222
-0.259788
-0.200102
-0.208094
-0.388916
-0.741989
-1.01934
-1.20073
-1.30687
-1.3484
-1.36106
-1.36113
-0.907321
-0.875683
-0.81814
-0.749083
-0.676047
-0.601282
-0.525962
-0.450889
-0.377399
-0.303815
-0.250062
-0.279875
-0.534583
-0.910546
-1.15912
-1.20076
-1.25311
-1.35579
-1.41123
-1.42134
-0.924492
-0.893087
-0.835649
-0.767145
-0.695371
-0.622927
-0.551281
-0.482321
-0.415184
-0.347924
-0.30015
-0.348373
-0.691541
-1.14342
-1.43841
-1.42283
-1.44093
-1.53044
-1.59105
-1.60689
-0.939701
-0.908531
-0.851222
-0.78325
-0.712862
-0.642953
-0.575886
-0.513427
-0.453615
-0.389995
-0.347468
-0.405233
-0.839237
-1.45051
-1.94582
-2.0493
-1.95253
-1.91506
-1.91914
-1.93013
-0.951915
-0.921009
-0.863741
-0.796329
-0.727413
-0.660366
-0.598425
-0.543916
-0.495115
-0.434109
-0.393798
-0.466225
-0.96506
-1.7103
-2.4286
-2.74355
-2.67245
-2.49199
-2.38473
-2.36816
-0.95962
-0.929055
-0.871935
-0.805126
-0.737747
-0.67375
-0.617409
-0.57282
-0.542088
-0.491106
-0.45334
-0.554895
-1.03481
-1.7937
-2.62643
-3.11975
-3.20519
-3.05365
-2.82738
-2.73418
-0.961461
-0.931273
-0.87439
-0.808267
-0.742441
-0.681605
-0.631658
-0.600999
-0.597692
-0.582499
-0.572865
-0.693143
-1.02755
-1.64186
-2.37636
-2.88732
-3.03757
-2.9696
-2.7869
-2.69271
-0.956067
-0.926203
-0.869686
-0.80438
-0.740049
-0.682311
-0.639441
-0.626134
-0.66585
-0.74511
-0.842285
-0.937387
-0.96016
-1.23891
-1.54009
-1.92915
-2.06069
-1.96358
-1.7597
-1.64245
-0.942028
-0.912537
-0.856573
-0.792236
-0.729238
-0.674158
-0.63827
-0.645203
-0.750658
-1.01794
-1.33734
-1.23055
-0.845249
-0.696865
-0.43989
-0.275691
-0.115914
0.0605188
0.237057
0.319529
-0.918312
-0.889193
-0.834021
-0.770836
-0.708874
-0.655437
-0.624629
-0.650667
-0.837295
-1.38963
-2.01149
-1.53399
-0.701064
0.0141537
0.732466
1.2583
1.6337
1.85401
1.96479
1.99929
-0.884358
-0.855611
-0.801468
-0.739508
-0.678124
-0.624709
-0.594411
-0.627126
-0.856821
-1.65359
-2.47743
-1.59889
-0.557774
0.470119
1.27734
1.85198
2.2045
2.35897
2.41703
2.42862
-0.839541
-0.811536
-0.758644
-0.69807
-0.63692
-0.581555
-0.545255
-0.562739
-0.748624
-1.42405
-1.97758
-1.15359
-0.192054
0.685604
1.29683
1.67534
1.90193
2.01784
2.07297
2.08757
-0.783296
-0.756836
-0.705835
-0.646992
-0.58618
-0.527787
-0.480818
-0.465983
-0.539505
-0.813472
-0.89661
-0.352237
0.291122
0.818567
1.17082
1.39265
1.53279
1.61957
1.66633
1.68378
-0.715026
-0.692121
-0.643444
-0.587291
-0.527671
-0.467123
-0.409698
-0.363214
-0.34051
-0.336573
-0.224328
0.142541
0.522539
0.802656
1.00014
1.1366
1.2331
1.3
1.3419
1.35747
-0.634347
-0.613937
-0.571973
-0.520207
-0.463699
-0.403204
-0.339813
-0.274019
-0.20249
-0.103002
0.068193
0.300658
0.522675
0.689814
0.813271
0.904375
0.973306
1.02641
1.06013
1.06951
-0.53518
-0.523691
-0.491027
-0.445907
-0.394874
-0.338388
-0.275524
-0.204559
-0.119788
-0.00453308
0.148472
0.312303
0.455118
0.564605
0.645884
0.705506
0.749263
0.780915
0.800952
0.8081
-0.424921
-0.419307
-0.396646
-0.362014
-0.321149
-0.273602
-0.218199
-0.152781
-0.0724363
0.0335381
0.162203
0.287337
0.392204
0.472458
0.531195
0.572931
0.601822
0.621422
0.632128
0.634284
-0.318867
-0.316633
-0.301659
-0.277099
-0.246847
-0.209827
-0.16464
-0.108818
-0.0384389
0.0531067
0.158233
0.254599
0.332315
0.390622
0.432231
0.460737
0.479166
0.49044
0.496152
0.497149
-0.21894
-0.217994
-0.209558
-0.194637
-0.174589
-0.148335
-0.114122
-0.0693263
-0.0113008
0.0644397
0.148849
0.223405
0.28172
0.324487
0.35405
0.373601
0.385781
0.392514
0.395387
0.395577
-0.131036
-0.1314
-0.128542
-0.121629
-0.110139
-0.0931832
-0.0687722
-0.0350054
0.010971
0.071628
0.138603
0.196333
0.240231
0.271589
0.292878
0.306244
0.313906
0.317746
0.319171
0.319097
-0.0632594
-0.0641857
-0.0647847
-0.0635456
-0.0586254
-0.0485286
-0.0317994
-0.00679893
0.0285596
0.0759798
0.128101
0.172323
0.205455
0.228615
0.243687
0.252834
0.257909
0.260208
0.260923
0.260774
-0.0166597
-0.0176545
-0.0196378
-0.0210451
-0.0198138
-0.0145215
-0.00366313
0.0143632
0.0410346
0.0776789
0.117929
0.151643
0.17636
0.193309
0.204271
0.21076
0.214064
0.215388
0.215724
0.21556
0.0125239
0.0117297
0.00973931
0.00794485
0.00786017
0.010636
0.0175357
0.0301685
0.0499606
0.0777988
0.108534
0.134103
0.15273
0.165334
0.173147
0.177547
0.179666
0.180362
0.180449
0.180294
0.0298448
0.029315
0.0278327
0.0263225
0.0259691
0.0277122
0.0325335
0.0415777
0.056146
0.0771163
0.100446
0.119727
0.133495
0.142583
0.148171
0.151238
0.152562
0.152847
0.152798
0.15267
0.0400014
0.0396655
0.0387197
0.0376979
0.0373933
0.0384913
0.0418713
0.0485163
0.0593785
0.0750954
0.0925922
0.10699
0.117247
0.124019
0.128073
0.130185
0.131016
0.131111
0.131022
0.13092
0.0460422
0.045825
0.0452277
0.0445805
0.0444383
0.0452804
0.0477122
0.0525128
0.0605276
0.0723163
0.0855086
0.0963185
0.103938
0.10885
0.111731
0.113195
0.113721
0.113723
0.113629
0.113546
0.0493544
0.0492071
0.0487923
0.0483406
0.0482562
0.0488988
0.0507305
0.0543199
0.0602781
0.0690561
0.0788855
0.0869075
0.0925198
0.0961285
0.0982161
0.0992411
0.099574
0.0995338
0.0994456
0.0993792
0.0505773
0.0504748
0.0501744
0.0498425
0.0497836
0.0502565
0.051598
0.0542462
0.0586775
0.0652317
0.0725733
0.078547
0.0827081
0.0853443
0.0868423
0.0875552
0.0877603
0.0876994
0.0876209
0.0875678
0.0501891
0.0501163
0.0499024
0.0496645
0.0496307
0.0499936
0.0510013
0.0529731
0.0562647
0.0611415
0.0666043
0.0710291
0.0740881
0.0760088
0.0770842
0.0775774
0.0776969
0.0776277
0.0775591
0.0775166
0.0486082
0.0485543
0.0484014
0.0482327
0.0482149
0.0484895
0.0492409
0.0507084
0.053157
0.0567827
0.0608398
0.0641161
0.0663668
0.0677663
0.068537
0.0688771
0.0689432
0.0688754
0.0688168
0.0687828
0.0461614
0.0461203
0.04601
0.0458909
0.0458843
0.0460941
0.0466564
0.047748
0.0495664
0.0522583
0.0552674
0.0576861
0.0593354
0.0603519
0.0609024
0.0611352
0.0611677
0.0611051
0.0610555
0.061028
0.0430812
0.0430493
0.0429672
0.0428805
0.0428776
0.0430353
0.0434541
0.0442648
0.0456134
0.0476083
0.049833
0.0516118
0.052819
0.0535561
0.0539476
0.0541054
0.0541169
0.054061
0.0540193
0.0539973
0.0395293
0.0395042
0.0394415
0.0393757
0.0393725
0.0394885
0.0397979
0.0403972
0.041394
0.042868
0.0445079
0.0458121
0.046693
0.0472249
0.0475014
0.0476063
0.0476044
0.0475551
0.0475203
0.0475028
0.0356234
0.0356035
0.0355545
0.0355029
0.0354975
0.0355805
0.0358063
0.0362463
0.0369794
0.0380637
0.0392674
0.0402206
0.0408605
0.0412417
0.041435
0.0415024
0.0414924
0.0414494
0.0414205
0.0414067
0.0314515
0.0314357
0.0313967
0.0313549
0.0313468
0.0314038
0.031566
0.031886
0.0324215
0.0332143
0.034093
0.0347858
0.035247
0.0355176
0.0356507
0.0356921
0.0356776
0.0356406
0.0356167
0.0356057
0.0270804
0.0270678
0.0270365
0.0270018
0.0269915
0.0270287
0.0271429
0.0273723
0.0277593
0.0283339
0.0289695
0.0294691
0.0297977
0.0299868
0.0300762
0.0300994
0.0300826
0.0300509
0.0300312
0.0300225
0.0225609
0.0225508
0.0225253
0.0224963
0.0224845
0.0225068
0.0225848
0.0227461
0.0230212
0.0234311
0.0238845
0.0242387
0.024469
0.0245989
0.0246568
0.0246674
0.0246498
0.0246227
0.0246064
0.0245998
0.0179321
0.0179241
0.0179032
0.0178784
0.0178656
0.0178769
0.0179274
0.018037
0.0182273
0.0185128
0.0188278
0.0190724
0.0192296
0.0193158
0.0193513
0.0193535
0.0193361
0.0193128
0.0192994
0.0192943
0.0132219
0.0132156
0.0131985
0.0131776
0.0131647
0.0131683
0.0131988
0.0132692
0.013394
0.0135835
0.0137919
0.0139529
0.0140548
0.0141085
0.0141279
0.0141249
0.0141087
0.0140892
0.0140782
0.0140744
0.0084514
0.00844663
0.00843382
0.00841775
0.0084064
0.00840555
0.0084214
0.00846181
0.00853514
0.00864746
0.00877103
0.00886569
0.00892452
0.00895422
0.00896286
0.00895738
0.00894374
0.00892867
0.00892035
0.00891745
0.00363787
0.0036364
0.00363245
0.00362349
0.00361455
0.00360917
0.00360985
0.00362
0.00364266
0.0036808
0.00373229
0.00377939
0.00381063
0.00382782
0.00383402
0.00383206
0.00382543
0.00381588
0.00380915
0.00380636
-1.18847
-0.661335
-0.313899
-0.0653378
0.131329
0.288023
0.422476
0.544771
0.657409
0.639095
-0.448094
-0.232689
-0.0403872
0.124751
0.263781
0.380496
0.478474
0.550847
0.580669
0.591944
-0.107309
0.0263477
0.156068
0.269875
0.368175
0.450918
0.516578
0.563552
0.593917
0.61252
0.121594
0.210867
0.301496
0.382428
0.452547
0.511417
0.558809
0.59596
0.62299
0.642605
0.287404
0.351591
0.416578
0.475823
0.527584
0.571921
0.609293
0.640203
0.662769
0.681789
0.417604
0.465977
0.514634
0.56
0.600647
0.636582
0.667671
0.693407
0.712542
0.730714
0.526876
0.565873
0.604507
0.641958
0.676587
0.707469
0.734428
0.75671
0.773082
0.790722
0.622368
0.658112
0.693714
0.727796
0.759469
0.788027
0.812599
0.83233
0.846585
0.8637
0.717597
0.754171
0.789885
0.823693
0.854527
0.881711
0.904708
0.922714
0.935395
0.952001
0.823707
0.863709
0.901149
0.935309
0.965635
0.991552
1.01282
1.02924
1.04133
1.05766
0.952123
0.994484
1.03234
1.06506
1.09293
1.11649
1.136
1.15164
1.1644
1.18063
1.11066
1.14948
1.18159
1.20818
1.23135
1.25192
1.27049
1.287
1.30127
1.3172
1.2936
1.31883
1.34059
1.35964
1.37776
1.39492
1.41146
1.42804
1.44379
1.45985
1.47964
1.49162
1.5063
1.52125
1.53512
1.54746
1.559
1.57055
1.58348
1.60424
1.66731
1.67789
1.68509
1.68646
1.68861
1.69612
1.70935
1.7248
1.73799
1.7663
1.94472
1.88533
1.83775
1.80671
1.79374
1.79842
1.8217
1.86707
1.93763
2.01626
0.370217
0.362757
0.353951
0.341275
0.328024
0.316567
0.307537
0.300842
0.296398
0.294437
0.295386
0.299016
0.304859
0.312889
0.323273
0.335876
0.34936
0.360382
0.368059
0.374348
0.284049
0.292021
0.299305
0.304274
0.30579
0.304149
0.300721
0.296983
0.293924
0.2924
0.293262
0.296065
0.299859
0.303804
0.306689
0.307005
0.303772
0.29753
0.289364
0.283412
0.275395
0.278612
0.282123
0.285098
0.287927
0.29012
0.290861
0.290254
0.289178
0.288507
0.289136
0.290569
0.291859
0.292112
0.290759
0.288222
0.285411
0.282233
0.278684
0.2763
0.269986
0.271591
0.274098
0.27658
0.278407
0.279766
0.281026
0.282119
0.282835
0.283316
0.283537
0.283475
0.282963
0.282034
0.280951
0.279539
0.277461
0.274877
0.272796
0.271731
0.264622
0.265606
0.267917
0.27071
0.273221
0.275208
0.276618
0.27761
0.278354
0.278913
0.279221
0.279184
0.278781
0.27793
0.276451
0.274351
0.271776
0.269125
0.267513
0.266991
0.261709
0.262202
0.263822
0.26588
0.267924
0.269952
0.271856
0.273395
0.274507
0.275254
0.275604
0.275429
0.274655
0.273329
0.271609
0.269782
0.26783
0.265957
0.264944
0.264764
0.260702
0.260964
0.261796
0.262927
0.264148
0.265394
0.266594
0.267842
0.269016
0.269946
0.270362
0.270231
0.269705
0.268984
0.268086
0.267048
0.266047
0.265108
0.264611
0.264507
0.259007
0.259153
0.25962
0.260332
0.261195
0.262288
0.263599
0.264894
0.266098
0.26712
0.26769
0.2677
0.267308
0.266594
0.265824
0.265182
0.264579
0.264087
0.263833
0.263774
0.256376
0.256457
0.256761
0.25727
0.257905
0.25851
0.259447
0.260522
0.26168
0.262789
0.263573
0.263888
0.263846
0.26364
0.263461
0.263128
0.262803
0.262523
0.262394
0.262363
0.253234
0.25328
0.253514
0.253943
0.254444
0.255341
0.256155
0.257171
0.258346
0.259603
0.260635
0.261239
0.261502
0.261541
0.261334
0.261227
0.261021
0.260837
0.260771
0.260759
0.249881
0.249912
0.25009
0.250453
0.250952
0.251601
0.252433
0.253493
0.254786
0.256262
0.257601
0.258523
0.259073
0.259367
0.259481
0.259477
0.259407
0.25934
0.259325
0.259317
0.246182
0.246212
0.246361
0.246666
0.247126
0.247769
0.248642
0.249798
0.251275
0.253054
0.254778
0.256063
0.256922
0.257464
0.257775
0.257937
0.258004
0.258032
0.25805
0.258043
0.242046
0.24208
0.242224
0.242518
0.242982
0.243666
0.24464
0.245977
0.247737
0.249927
0.252128
0.253841
0.255024
0.255824
0.256338
0.256652
0.256835
0.256937
0.25698
0.256973
0.23739
0.237425
0.237589
0.237913
0.238433
0.239217
0.240358
0.241957
0.244104
0.246828
0.249614
0.251817
0.25342
0.254507
0.25523
0.255693
0.25598
0.256143
0.256207
0.2562
0.23214
0.232183
0.232377
0.23276
0.23338
0.234325
0.235713
0.237678
0.240343
0.243756
0.247286
0.250125
0.252167
0.253585
0.254537
0.255158
0.255547
0.25577
0.255856
0.255848
0.226156
0.22621
0.226451
0.226927
0.227695
0.228867
0.230595
0.233052
0.236393
0.240688
0.245145
0.248734
0.251333
0.253143
0.254364
0.255164
0.255668
0.255957
0.256068
0.256058
0.219256
0.219324
0.219632
0.220235
0.221208
0.222688
0.224873
0.227978
0.232197
0.237615
0.243231
0.247748
0.251021
0.253302
0.254843
0.255855
0.256496
0.256862
0.257001
0.256988
0.211188
0.211278
0.211679
0.212459
0.213699
0.215586
0.218378
0.222337
0.22769
0.234532
0.241594
0.247256
0.251352
0.254205
0.256133
0.257403
0.258209
0.25867
0.258844
0.258827
0.201609
0.20173
0.202259
0.20327
0.204874
0.207331
0.210943
0.216008
0.222806
0.231448
0.240308
0.247376
0.252475
0.256025
0.258425
0.260009
0.26102
0.2616
0.261817
0.261794
0.190047
0.190216
0.190924
0.192259
0.194371
0.197589
0.202261
0.208786
0.21748
0.228393
0.239472
0.248253
0.254572
0.258968
0.261943
0.26391
0.265173
0.265904
0.266175
0.266145
0.175815
0.176055
0.177033
0.178832
0.181657
0.18592
0.192076
0.20056
0.211677
0.225429
0.239215
0.25006
0.257849
0.263272
0.266948
0.269381
0.270949
0.271861
0.272197
0.272165
0.157914
0.15828
0.159676
0.162164
0.166047
0.171844
0.180055
0.191136
0.205376
0.222644
0.239681
0.252978
0.262522
0.269193
0.273734
0.276751
0.2787
0.279843
0.280273
0.280231
0.134858
0.135453
0.137512
0.141077
0.14659
0.154643
0.165759
0.180368
0.198612
0.220163
0.241024
0.257177
0.268791
0.276971
0.2826
0.286377
0.288835
0.290286
0.290838
0.290785
0.104223
0.105262
0.108487
0.113923
0.122127
0.133673
0.148998
0.168329
0.191572
0.218188
0.243417
0.262804
0.276804
0.286791
0.293792
0.29859
0.30177
0.303666
0.304374
0.304308
0.061519
0.0635858
0.0694036
0.0786047
0.0915789
0.108666
0.12995
0.15538
0.184635
0.217015
0.247041
0.269956
0.286615
0.298706
0.307418
0.313593
0.317856
0.32048
0.321444
0.321346
-0.00121067
0.00456718
0.0167464
0.0335207
0.0547507
0.0800434
0.109229
0.142111
0.178248
0.216899
0.251973
0.278573
0.298057
0.312483
0.323225
0.331213
0.337019
0.340815
0.342281
0.342023
-0.0768297
-0.065882
-0.0432765
-0.0154414
0.0157336
0.0501175
0.0877851
0.128609
0.172228
0.218019
0.259254
0.290724
0.314223
0.332165
0.346102
0.357072
0.365817
0.371152
0.373356
0.373973
-0.151537
-0.132564
-0.100402
-0.0626978
-0.0221158
0.0211795
0.0672003
0.115864
0.166925
0.219866
0.267272
0.303536
0.330875
0.352086
0.368936
0.382537
0.393505
0.401203
0.405289
0.406125
-0.209553
-0.187506
-0.149383
-0.1047
-0.0566667
-0.00576054
0.0477511
0.103713
0.161741
0.221306
0.274241
0.314487
0.344662
0.367942
0.386267
0.400871
0.412496
0.420779
0.425096
0.425982
-0.256299
-0.232322
-0.190146
-0.140442
-0.0867686
-0.0298937
0.0298619
0.0921223
0.156377
0.221884
0.279563
0.322964
0.355119
0.37957
0.398538
0.413462
0.425217
0.433656
0.437936
0.438831
-0.294849
-0.270029
-0.224967
-0.17134
-0.113261
-0.0515532
0.0134603
0.0811782
0.150933
0.221784
0.283782
0.329962
0.363734
0.389069
0.408457
0.423494
0.435172
0.443548
0.447733
0.448575
-0.328175
-0.302846
-0.255589
-0.198802
-0.137052
-0.0712
-0.00170592
0.0708442
0.145614
0.221437
0.287413
0.336095
0.371295
0.397358
0.417041
0.432132
0.443756
0.452063
0.456211
0.456998
-0.357934
-0.332284
-0.283298
-0.22394
-0.15912
-0.0896919
-0.0161847
0.0607326
0.140094
0.220527
0.290335
0.341514
0.378157
0.404986
0.425021
0.440224
0.451835
0.460108
0.464213
0.464921
-0.385178
-0.359296
-0.308894
-0.247355
-0.179916
-0.107408
-0.0303933
0.0504223
0.134074
0.219038
0.292736
0.346527
0.384734
0.412432
0.432893
0.448264
0.459893
0.468148
0.472236
0.472834
-0.410792
-0.384647
-0.332978
-0.269579
-0.199901
-0.124722
-0.0445713
0.0398586
0.127563
0.216963
0.294631
0.351228
0.3912
0.419929
0.440939
0.45656
0.468267
0.4765
0.48054
0.481023
-0.435172
-0.408767
-0.356003
-0.290989
-0.219332
-0.141776
-0.058821
0.0288932
0.1204
0.214139
0.295953
0.355629
0.397644
0.427628
0.449344
0.465315
0.477157
0.485391
0.489386
0.489787
-0.458629
-0.431934
-0.378198
-0.311785
-0.238408
-0.158773
-0.0733146
0.0173784
0.112475
0.210479
0.296597
0.359673
0.404068
0.435592
0.45822
0.474673
0.486722
0.494977
0.498936
0.499273
-0.481355
-0.454334
-0.399743
-0.332121
-0.257251
-0.175798
-0.0881168
0.00529843
0.103731
0.205886
0.296424
0.363241
0.41039
0.443796
0.467598
0.484714
0.497086
0.50542
0.509296
0.509617
-0.503437
-0.476061
-0.420709
-0.352031
-0.275868
-0.192833
-0.103205
-0.00736597
0.0941403
0.200278
0.295295
0.36614
0.416456
0.452132
0.477436
0.495456
0.508302
0.51678
0.520567
0.520849
-0.524937
-0.497198
-0.441127
-0.371537
-0.294268
-0.209874
-0.118561
-0.0205897
0.0836978
0.19358
0.293055
0.368136
0.422033
0.460454
0.48765
0.50684
0.520329
0.529037
0.53273
0.53293
-0.54582
-0.51774
-0.46101
-0.39062
-0.312418
-0.226872
-0.134128
-0.0343146
0.0724272
0.185771
0.289539
0.368986
0.426872
0.468576
0.498132
0.518811
0.533103
0.542084
0.545675
0.545718
-0.56607
-0.537633
-0.4803
-0.409233
-0.330245
-0.243753
-0.149817
-0.0484592
0.0604129
0.176866
0.284686
0.368495
0.43062
0.476124
0.508652
0.531296
0.546599
0.555865
0.559276
0.559114
-0.585577
-0.556844
-0.498955
-0.427327
-0.347696
-0.26043
-0.165542
-0.0629119
0.0477447
0.166889
0.27843
0.366411
0.432784
0.482504
0.51882
0.544167
0.560745
0.570094
0.573113
0.572734
-0.604413
-0.575313
-0.51694
-0.444847
-0.364691
-0.276828
-0.181201
-0.0775679
0.0345304
0.155927
0.270722
0.362587
0.43306
0.487186
0.528086
0.557363
0.575978
0.584946
0.586859
0.586155
-0.622416
-0.593038
-0.534212
-0.461743
-0.381171
-0.292863
-0.196704
-0.0923386
0.0208913
0.144095
0.261637
0.356938
0.4312
0.489554
0.535551
0.570354
0.593046
0.601736
0.600366
0.598776
-0.639688
-0.609989
-0.550745
-0.477958
-0.397068
-0.308451
-0.21193
-0.107078
0.00697499
0.131531
0.251264
0.349413
0.426989
0.488901
0.539832
0.581458
0.611687
0.624358
0.618671
0.601256
-0.656145
-0.626219
-0.566665
-0.493666
-0.412655
-0.323917
-0.227289
-0.122262
-0.00777137
0.117645
0.23893
0.339385
0.419815
0.484093
0.538744
0.587287
0.62751
0.648245
0.642079
0.649049
-0.671818
-0.641729
-0.581919
-0.50882
-0.427895
-0.339209
-0.242755
-0.137855
-0.0233406
0.102399
0.224493
0.326371
0.409167
0.474308
0.528275
0.579678
0.620574
0.643204
0.599512
0.57543
-0.687281
-0.656571
-0.596256
-0.523144
-0.442485
-0.353996
-0.258155
-0.153588
-0.0394259
0.0860995
0.208123
0.310234
0.394794
0.460105
0.50558
0.54918
0.579576
0.562477
0.498696
0.453149
-0.705626
-0.671618
-0.609061
-0.536085
-0.455863
-0.36793
-0.27314
-0.169212
-0.0558183
0.0689249
0.189975
0.291204
0.375778
0.443276
0.478642
0.491636
0.489683
0.440562
0.367124
0.322243
-0.336135
-0.23682
-0.129354
-0.0116652
0.111382
0.222462
0.310738
0.162914
-0.712295
-0.703199
-0.664608
-0.600994
-0.525441
-0.442566
-0.352587
-0.254989
-0.149108
-0.0332994
0.087979
0.196504
0.282463
0.350569
0.392528
0.352192
0.213084
0.125281
0.0575887
-0.732084
-0.720824
-0.678493
-0.613904
-0.538445
-0.456189
-0.367146
-0.270673
-0.166276
-0.0523434
0.0664115
0.170438
0.251579
0.303573
0.295955
0.179369
0.0165364
-0.09665
-0.18582
-0.751393
-0.739916
-0.69524
-0.62988
-0.554697
-0.472912
-0.384426
-0.289039
-0.186253
-0.0746441
0.0404362
0.138712
0.213278
0.246653
0.185481
-0.00699372
-0.200732
-0.349687
-0.469288
-0.769613
-0.758217
-0.712372
-0.646325
-0.571265
-0.489934
-0.402356
-0.308394
-0.207508
-0.0988901
0.0116154
0.103695
0.169945
0.18128
0.059614
-0.200974
-0.445827
-0.650683
-0.837386
-0.787106
-0.775949
-0.729558
-0.663141
-0.588146
-0.507309
-0.420809
-0.32842
-0.229676
-0.124493
-0.0186877
0.0678183
0.122586
0.0984669
-0.0961847
-0.394552
-0.692756
-0.96006
-1.20443
-0.80428
-0.793458
-0.747039
-0.680543
-0.60569
-0.525396
-0.43993
-0.3492
-0.252791
-0.151088
-0.0491983
0.031528
0.0729178
0.0052075
-0.250219
-0.573361
-0.905102
-1.20634
-1.44095
-1.68289
-0.821724
-0.811214
-0.764963
-0.69864
-0.624125
-0.544515
-0.460237
-0.37139
-0.277592
-0.179552
-0.0824303
-0.0107203
0.014886
-0.0978779
-0.402786
-0.735163
-1.06655
-1.32666
-1.42613
-1.46817
-0.839556
-0.829291
-0.783358
-0.717354
-0.643337
-0.564608
-0.481815
-0.395221
-0.304604
-0.210592
-0.120352
-0.0570514
-0.0530015
-0.21409
-0.548272
-0.873026
-1.17554
-1.35882
-1.40354
-1.405
-0.857905
-0.847783
-0.802137
-0.736484
-0.663083
-0.585428
-0.50444
-0.420388
-0.333806
-0.244208
-0.161808
-0.107511
-0.130959
-0.349213
-0.686614
-0.98746
-1.26691
-1.37846
-1.38188
-1.37726
-0.876507
-0.866519
-0.821118
-0.755793
-0.683099
-0.606722
-0.527786
-0.446897
-0.36483
-0.280391
-0.204072
-0.161901
-0.222548
-0.490708
-0.823242
-1.08212
-1.296
-1.37709
-1.36616
-1.36246
-0.895014
-0.885107
-0.83992
-0.774915
-0.702986
-0.6281
-0.551515
-0.474576
-0.397003
-0.319131
-0.246488
-0.219211
-0.330255
-0.645926
-0.967423
-1.15659
-1.22131
-1.3033
-1.35933
-1.37764
-0.912691
-0.902911
-0.857992
-0.793284
-0.722191
-0.648944
-0.575204
-0.502448
-0.430097
-0.359769
-0.291792
-0.276856
-0.430592
-0.82932
-1.16597
-1.29723
-1.26176
-1.36641
-1.45824
-1.49398
-0.928863
-0.919197
-0.874523
-0.81013
-0.739939
-0.668503
-0.598038
-0.529922
-0.465003
-0.402827
-0.339061
-0.331313
-0.524811
-1.04789
-1.50589
-1.73163
-1.66342
-1.67444
-1.71993
-1.74864
-0.94267
-0.93309
-0.888635
-0.824498
-0.755253
-0.685838
-0.618907
-0.556708
-0.501279
-0.44783
-0.384544
-0.386456
-0.613062
-1.26029
-1.92354
-2.395
-2.36844
-2.23586
-2.15512
-2.13256
-0.95278
-0.943287
-0.899046
-0.835217
-0.766969
-0.699685
-0.636736
-0.582086
-0.538519
-0.496736
-0.434812
-0.449047
-0.704837
-1.37348
-2.19123
-2.85303
-3.01055
-2.91279
-2.70388
-2.58836
-0.957752
-0.948377
-0.904383
-0.840946
-0.773745
-0.708664
-0.650101
-0.603822
-0.574855
-0.554258
-0.507419
-0.542953
-0.771617
-1.37878
-2.15862
-2.91629
-3.22995
-3.2212
-3.01617
-2.82514
-0.956069
-0.946785
-0.903159
-0.840291
-0.774178
-0.711279
-0.657381
-0.621074
-0.615354
-0.638763
-0.65355
-0.742328
-0.844031
-1.21844
-1.72573
-2.2509
-2.56802
-2.62949
-2.49983
-2.339
-0.946567
-0.937325
-0.893994
-0.83192
-0.766922
-0.706021
-0.656613
-0.631921
-0.659258
-0.773745
-0.93718
-1.11791
-0.919034
-0.942831
-1.00211
-1.11498
-1.2104
-1.12125
-0.925667
-0.754398
-0.927691
-0.918537
-0.875709
-0.814705
-0.750805
-0.691435
-0.645659
-0.632171
-0.698785
-0.966308
-1.41565
-1.60302
-1.04636
-0.592323
-0.0682119
0.401471
0.73945
0.975679
1.15381
1.26348
-0.898514
-0.889494
-0.847425
-0.787812
-0.724957
-0.666319
-0.622051
-0.61531
-0.712375
-1.13142
-2.05661
-2.11076
-1.05292
-0.19382
0.727742
1.41033
1.91871
2.20074
2.32004
2.3666
-0.858908
-0.850156
-0.808952
-0.750787
-0.688888
-0.630001
-0.583911
-0.573652
-0.667475
-1.11474
-2.17052
-2.03441
-0.905632
0.10967
0.991207
1.59138
1.96918
2.16786
2.25763
2.29048
-0.807755
-0.799215
-0.759713
-0.703673
-0.642862
-0.58299
-0.531813
-0.506692
-0.555376
-0.829603
-1.40859
-1.14326
-0.342767
0.445303
1.03095
1.40307
1.632
1.76349
1.83699
1.86506
-0.744337
-0.736398
-0.700221
-0.647055
-0.587959
-0.52731
-0.470073
-0.42544
-0.413966
-0.47956
-0.584535
-0.283006
0.207033
0.654867
0.972739
1.18319
1.32283
1.41509
1.47206
1.49017
-0.670225
-0.663279
-0.630879
-0.582152
-0.525731
-0.465896
-0.404471
-0.344484
-0.289589
-0.236586
-0.13139
0.0957927
0.403019
0.655177
0.837122
0.967799
1.06193
1.12913
1.1721
1.1929
-0.585889
-0.581588
-0.554865
-0.509749
-0.457694
-0.400835
-0.3392
-0.272246
-0.197482
-0.103686
0.0346536
0.219503
0.407719
0.560364
0.674412
0.759047
0.822488
0.869692
0.900409
0.914227
-0.479741
-0.477285
-0.46005
-0.425073
-0.381791
-0.332732
-0.276917
-0.213118
-0.137921
-0.0427531
0.0849302
0.232165
0.366559
0.474503
0.555527
0.614678
0.657039
0.687525
0.70861
0.718114
-0.371422
-0.371136
-0.360564
-0.335079
-0.302466
-0.263661
-0.217374
-0.162052
-0.0942835
-0.00843609
0.101462
0.218469
0.318993
0.398098
0.456467
0.49798
0.526357
0.544795
0.555806
0.560219
-0.267452
-0.267777
-0.261977
-0.245664
-0.223494
-0.195285
-0.159922
-0.115275
-0.0583616
0.0148024
0.105985
0.198408
0.274479
0.332769
0.374853
0.403721
0.422662
0.434299
0.440681
0.442737
-0.172414
-0.173252
-0.170788
-0.16226
-0.149264
-0.131081
-0.106214
-0.0723137
-0.0273692
0.0321476
0.105738
0.178376
0.236588
0.279918
0.310378
0.33069
0.343423
0.350536
0.353933
0.354802
-0.0939453
-0.0947984
-0.0949807
-0.0929437
-0.0871984
-0.0768849
-0.0602831
-0.0358398
-0.00128921
0.0455899
0.103762
0.160336
0.204533
0.236832
0.259061
0.273246
0.28158
0.285991
0.287857
0.288199
-0.0371457
-0.0378915
-0.0392756
-0.0405766
-0.0396619
-0.0347172
-0.0243728
-0.00718336
0.0186466
0.0547424
0.0998935
0.143516
0.177131
0.201132
0.217117
0.227176
0.232944
0.235739
0.236754
0.236878
-2.89624e-05
-0.000568013
-0.00211273
-0.00432401
-0.00516478
-0.00329784
0.00268763
0.0143863
0.0333113
0.0608099
0.0955328
0.128815
0.154075
0.171932
0.183754
0.190929
0.194769
0.196467
0.196964
0.196957
0.0224886
0.0221397
0.0209209
0.0189484
0.0178187
0.0186613
0.0224261
0.030391
0.0439972
0.0645257
0.090937
0.116307
0.135424
0.148666
0.157117
0.162094
0.16467
0.165653
0.165802
0.16573
0.0356719
0.0354418
0.034643
0.0332646
0.032342
0.0327434
0.035343
0.0411434
0.0512008
0.0665339
0.0864203
0.105448
0.119608
0.129318
0.135524
0.139091
0.140804
0.141336
0.141314
0.141228
0.0434905
0.0433319
0.0428377
0.0419607
0.0413719
0.041652
0.0434265
0.0475298
0.0549119
0.0663695
0.0813254
0.0956463
0.106291
0.113534
0.118033
0.120534
0.121683
0.121977
0.121898
0.121819
0.0480404
0.0479294
0.0476058
0.0470273
0.046658
0.0469242
0.0482876
0.0513336
0.056771
0.0652861
0.0764913
0.0872038
0.0950812
0.100368
0.103623
0.105404
0.106178
0.106331
0.106233
0.106162
0.0502322
0.0501544
0.0499254
0.049504
0.049234
0.0494269
0.0504234
0.0526796
0.0567318
0.0630771
0.0714287
0.0794078
0.0852577
0.0891714
0.0915461
0.0928141
0.0933384
0.09341
0.0933132
0.0932527
0.0505826
0.0505264
0.0503648
0.0500603
0.0498684
0.0500227
0.0507697
0.0524402
0.0554407
0.0601628
0.0663985
0.0723411
0.0766728
0.0795388
0.0812557
0.0821528
0.0825016
0.0825204
0.0824286
0.0823775
0.0495454
0.0495029
0.0493877
0.0491698
0.0490353
0.049157
0.0497188
0.0509673
0.0532023
0.0567125
0.061346
0.0657543
0.0689528
0.0710541
0.0722986
0.0729336
0.0731636
0.0731534
0.0730711
0.0730282
0.0474922
0.0474591
0.0473754
0.0472205
0.0471287
0.0472263
0.0476485
0.0485779
0.0502388
0.0528473
0.0562899
0.0595582
0.0619167
0.0634528
0.0643514
0.0647988
0.0649484
0.0649238
0.0648523
0.0648164
0.0447012
0.0446752
0.0446129
0.0445007
0.0444369
0.0445137
0.0448309
0.0455236
0.0467574
0.0486926
0.0512439
0.0536596
0.0553919
0.0565126
0.0571602
0.0574742
0.0575694
0.0575383
0.057477
0.0574472
0.0413654
0.0413449
0.0412972
0.0412133
0.0411661
0.0412233
0.0414587
0.0419721
0.042886
0.0443186
0.0462057
0.0479849
0.0492541
0.0500701
0.0505348
0.0507534
0.0508117
0.0507784
0.0507264
0.0507017
0.0376221
0.0376061
0.0375688
0.037504
0.0374666
0.0375068
0.0376791
0.038057
0.038731
0.0397876
0.0411783
0.0424841
0.0434113
0.0440023
0.0443335
0.0444838
0.0445169
0.0444839
0.04444
0.0444197
0.0335721
0.0335596
0.03353
0.0334789
0.0334477
0.0334738
0.0335975
0.033873
0.0343666
0.0351415
0.0361614
0.0371159
0.03779
0.038215
0.0384486
0.0385496
0.0385654
0.0385341
0.0384971
0.0384806
0.0292917
0.0292818
0.0292581
0.0292171
0.0291902
0.0292052
0.0292918
0.0294897
0.0298477
0.0304118
0.0311538
0.0318467
0.032333
0.0326356
0.0327982
0.0328642
0.0328686
0.0328395
0.0328086
0.0327951
0.0248398
0.0248321
0.024813
0.0247796
0.0247556
0.0247619
0.0248201
0.0249595
0.0252154
0.0256208
0.0261551
0.0266525
0.0269987
0.027211
0.027322
0.0273633
0.0273604
0.0273342
0.0273084
0.0272975
0.0202606
0.0202546
0.0202392
0.0202118
0.0201903
0.0201903
0.0202274
0.0203227
0.0205016
0.0207875
0.0211648
0.021515
0.0217566
0.0219021
0.0219753
0.0219989
0.0219914
0.021968
0.0219467
0.0219378
0.0155868
0.0155822
0.0155699
0.0155476
0.0155286
0.0155243
0.0155459
0.015608
0.015728
0.0159225
0.0161796
0.0164171
0.0165799
0.0166761
0.0167218
0.016733
0.0167229
0.0167024
0.0166849
0.0166778
0.0108444
0.0108412
0.0108317
0.0108135
0.0107971
0.0107905
0.0108009
0.0108378
0.0109124
0.0110351
0.0111987
0.0113489
0.0114504
0.0115088
0.0115344
0.0115378
0.0115272
0.0115098
0.0114957
0.0114905
0.0060508
0.00604873
0.00604166
0.00602845
0.00601669
0.00601081
0.00601408
0.00603191
0.00607027
0.00613458
0.0062209
0.0062999
0.00635257
0.00638184
0.00639339
0.00639272
0.00638414
0.00637138
0.00636094
0.00635726
0.00363713
0.00363515
0.00362833
0.0036187
0.0036114
0.00360853
0.00361358
0.00362957
0.00365957
0.0037065
0.00375784
0.00379694
0.00382079
0.00383215
0.00383387
0.00382929
0.00382071
0.00381182
0.00380786
0.00126428
-0.914894
-0.540172
-0.28307
-0.0596084
0.122533
0.27231
0.397981
0.507487
0.580878
0.579319
-0.341126
-0.174458
-0.00954345
0.136762
0.263134
0.370832
0.460653
0.529472
0.572488
0.593694
-0.0312713
0.0710483
0.181475
0.283321
0.372447
0.44866
0.511084
0.558997
0.594099
0.617504
0.174634
0.24662
0.324314
0.397573
0.461967
0.517244
0.563369
0.600994
0.630644
0.651705
0.32932
0.382925
0.439291
0.493641
0.542142
0.584552
0.621336
0.652488
0.677173
0.69546
0.453047
0.495954
0.538677
0.580907
0.620002
0.655169
0.686117
0.712483
0.733275
0.749627
0.558697
0.593354
0.630321
0.666697
0.70087
0.73204
0.759723
0.783171
0.801123
0.815767
0.654314
0.686993
0.722657
0.757522
0.790094
0.819659
0.845503
0.866877
0.882821
0.896126
0.752143
0.787491
0.825077
0.860663
0.893093
0.921782
0.94634
0.966136
0.980536
0.993111
0.866612
0.905258
0.945348
0.981651
1.01346
1.04059
1.06313
1.08124
1.09494
1.10799
1.00989
1.04878
1.08792
1.12082
1.14876
1.17267
1.1932
1.21058
1.22493
1.23894
1.18664
1.21699
1.24743
1.27202
1.29341
1.31303
1.33154
1.34915
1.36519
1.38014
1.38129
1.39583
1.41358
1.43052
1.44729
1.46288
1.47711
1.4913
1.50633
1.52259
1.56998
1.57469
1.58786
1.60007
1.61017
1.6197
1.63009
1.64083
1.65018
1.66245
1.7999
1.78627
1.7778
1.7629
1.7518
1.75135
1.76347
1.78737
1.81928
1.85507
2.17478
2.01597
1.91026
1.85168
1.82278
1.81624
1.83144
1.87268
1.95194
2.0971
-0.695233
-0.692507
-0.651944
-0.587078
-0.511453
-0.427609
0.38858
0.452692
0.447213
0.386673
0.32151
0.249847
-0.0143907
-0.277411
-0.596417
-1.02072
-1.62517
)
;

boundaryField
{
    wall-4
    {
        type            zeroGradient;
    }
    pressure-outlet-7
    {
        type            fixedValue;
        value           uniform 0;
    }
    velocity-inlet-6
    {
        type            zeroGradient;
    }
    velocity-inlet-5
    {
        type            zeroGradient;
    }
    frontAndBackPlanes
    {
        type            empty;
    }
}


// ************************************************************************* //
