/*--------------------------------*- C++ -*----------------------------------*\
  =========                 |
  \\      /  F ield         | OpenFOAM: The Open Source CFD Toolbox
   \\    /   O peration     | Website:  https://openfoam.org
    \\  /    A nd           | Version:  6
     \\/     M anipulation  |
\*---------------------------------------------------------------------------*/
FoamFile
{
    version     2.0;
    format      ascii;
    class       volVectorField;
    location    "50";
    object      U;
}
// * * * * * * * * * * * * * * * * * * * * * * * * * * * * * * * * * * * * * //

dimensions      [0 1 -1 0 0 0 0];

internalField   nonuniform List<vector> 
2200
(
(0.877608 -0.020182 0)
(1.00469 -0.0399912 0)
(1.0028 -0.034286 0)
(1.00028 -0.0232259 0)
(0.999867 -0.0155216 0)
(1.00005 -0.0101645 0)
(1.00005 -0.0064519 0)
(1.00004 -0.00395378 0)
(1.00001 -0.00217833 0)
(1.00012 -0.000671108 0)
(0.999966 0.000943233 0)
(0.99998 0.0024976 0)
(1.00002 0.00422045 0)
(1.00003 0.00664011 0)
(1.00011 0.010349 0)
(1.00007 0.0156733 0)
(1.00055 0.0232907 0)
(1.00305 0.0341801 0)
(1.00471 0.040045 0)
(0.877645 0.0201943 0)
(0.700806 -0.0265876 0)
(0.993596 -0.0586162 0)
(1.02972 -0.0596854 0)
(1.02176 -0.0487833 0)
(1.01388 -0.0360231 0)
(1.00826 -0.0249658 0)
(1.00501 -0.0166756 0)
(1.00316 -0.010556 0)
(1.00215 -0.00571972 0)
(1.0017 -0.00151985 0)
(1.00176 0.00254152 0)
(1.00216 0.00660565 0)
(1.00305 0.0113675 0)
(1.00486 0.0174227 0)
(1.00807 0.0256274 0)
(1.01346 0.0365562 0)
(1.02127 0.0493462 0)
(1.02924 0.0603458 0)
(0.993486 0.0587355 0)
(0.700533 0.0266224 0)
(0.530461 -0.0214142 0)
(0.966267 -0.0552596 0)
(1.05275 -0.0605727 0)
(1.04846 -0.0532974 0)
(1.03232 -0.0415841 0)
(1.02128 -0.0316465 0)
(1.0138 -0.0228634 0)
(1.00912 -0.0153054 0)
(1.00637 -0.00862728 0)
(1.00498 -0.00234397 0)
(1.00487 0.00391868 0)
(1.00609 0.0101398 0)
(1.00886 0.0167031 0)
(1.01356 0.0241247 0)
(1.02098 0.0326872 0)
(1.03215 0.0424658 0)
(1.04835 0.0539066 0)
(1.0527 0.0605906 0)
(0.965551 0.0555796 0)
(0.529438 0.0215458 0)
(0.393046 -0.0132694 0)
(0.909761 -0.0454025 0)
(1.05577 -0.0514355 0)
(1.06645 -0.0472833 0)
(1.05117 -0.0389947 0)
(1.03579 -0.0312188 0)
(1.02473 -0.0240232 0)
(1.01707 -0.0169464 0)
(1.01212 -0.00984893 0)
(1.00946 -0.00251963 0)
(1.00948 0.00503104 0)
(1.01189 0.0122141 0)
(1.01654 0.0190766 0)
(1.02405 0.0259344 0)
(1.035 0.0328606 0)
(1.05019 0.0403781 0)
(1.06522 0.0482679 0)
(1.05423 0.0522022 0)
(0.907721 0.0458726 0)
(0.390569 0.0134355 0)
(0.309141 -0.00618008 0)
(0.846338 -0.0330298 0)
(1.04827 -0.042842 0)
(1.0773 -0.0391319 0)
(1.06519 -0.0330713 0)
(1.04854 -0.0271585 0)
(1.03576 -0.0219217 0)
(1.02623 -0.0161656 0)
(1.01967 -0.00953642 0)
(1.01586 -0.00216761 0)
(1.01556 0.00540561 0)
(1.01901 0.0126675 0)
(1.02544 0.0190248 0)
(1.03469 0.0244434 0)
(1.04725 0.0293307 0)
(1.06391 0.034881 0)
(1.07581 0.040484 0)
(1.0461 0.0439288 0)
(0.842699 0.0335719 0)
(0.305395 0.00634683 0)
(0.265285 -0.00193121 0)
(0.788692 -0.0219109 0)
(1.03186 -0.0337613 0)
(1.08136 -0.032145 0)
(1.07499 -0.027605 0)
(1.05868 -0.0226083 0)
(1.04554 -0.0185629 0)
(1.03525 -0.0139885 0)
(1.02772 -0.00834264 0)
(1.0233 -0.00149888 0)
(1.02307 0.00576411 0)
(1.02684 0.0124678 0)
(1.0337 0.0177827 0)
(1.04368 0.0219583 0)
(1.05662 0.0255007 0)
(1.0727 0.0300251 0)
(1.07851 0.0340589 0)
(1.0279 0.0351145 0)
(0.782808 0.0225742 0)
(0.260283 0.00214725 0)
(0.240991 -0.000356899 0)
(0.738469 -0.0140605 0)
(1.01292 -0.0267578 0)
(1.0826 -0.0266137 0)
(1.0813 -0.0231583 0)
(1.06626 -0.0188291 0)
(1.0533 -0.0153231 0)
(1.04301 -0.0114452 0)
(1.03517 -0.0064826 0)
(1.03043 -0.000372412 0)
(1.02993 0.00614931 0)
(1.03386 0.0118503 0)
(1.04122 0.0163148 0)
(1.05091 0.0196787 0)
(1.06352 0.0227641 0)
(1.07813 0.0264761 0)
(1.07873 0.0290843 0)
(1.00712 0.0285327 0)
(0.729802 0.0149115 0)
(0.23448 0.000651675 0)
(0.226026 -4.77103e-05 0)
(0.69504 -0.00924028 0)
(0.991573 -0.0218963 0)
(1.08041 -0.0231561 0)
(1.0854 -0.0202839 0)
(1.07232 -0.0163223 0)
(1.05954 -0.012868 0)
(1.04965 -0.00909503 0)
(1.04212 -0.00471865 0)
(1.03727 0.000619119 0)
(1.03654 0.0064154 0)
(1.04011 0.0115078 0)
(1.04654 0.0153265 0)
(1.05581 0.0183901 0)
(1.06829 0.0210319 0)
(1.08071 0.0241417 0)
(1.07429 0.0261935 0)
(0.982578 0.0239391 0)
(0.682829 0.010294 0)
(0.217651 0.000419687 0)
(0.216321 -6.63226e-05 0)
(0.659923 -0.00640457 0)
(0.971818 -0.0182943 0)
(1.07825 -0.0204394 0)
(1.08899 -0.0179091 0)
(1.07739 -0.0144431 0)
(1.06497 -0.0111632 0)
(1.05554 -0.00766134 0)
(1.04845 -0.00328648 0)
(1.04391 0.00191245 0)
(1.04309 0.00726393 0)
(1.04618 0.0118833 0)
(1.05207 0.0155073 0)
(1.06058 0.0182003 0)
(1.07227 0.0206466 0)
(1.08273 0.0231496 0)
(1.07063 0.0245225 0)
(0.959798 0.0210393 0)
(0.64346 0.007789 0)
(0.20564 0.000531689 0)
(0.208876 -0.000118254 0)
(0.630705 -0.00470101 0)
(0.952357 -0.0157623 0)
(1.07475 -0.0188434 0)
(1.09201 -0.0167849 0)
(1.08225 -0.0132107 0)
(1.06995 -0.00979537 0)
(1.06033 -0.00616804 0)
(1.05302 -0.00192762 0)
(1.04806 0.00293695 0)
(1.04668 0.00803694 0)
(1.04926 0.0125566 0)
(1.05495 0.0159114 0)
(1.06347 0.0183365 0)
(1.07514 0.0207124 0)
(1.08371 0.0230822 0)
(1.06326 0.023787 0)
(0.934873 0.0189805 0)
(0.608559 0.00642372 0)
(0.195271 0.000676789 0)
(0.202962 -0.00010678 0)
(0.60738 -0.00349036 0)
(0.934794 -0.0131955 0)
(1.07204 -0.0167332 0)
(1.0953 -0.015071 0)
(1.08654 -0.0118239 0)
(1.07416 -0.00799905 0)
(1.06438 -0.00444042 0)
(1.05695 -0.000374456 0)
(1.05219 0.00451397 0)
(1.0509 0.00958724 0)
(1.05319 0.013616 0)
(1.05845 0.0166155 0)
(1.0667 0.0190032 0)
(1.07786 0.0214074 0)
(1.08443 0.0231058 0)
(1.05757 0.0228479 0)
(0.91249 0.0173314 0)
(0.579208 0.00567384 0)
(0.185926 0.000789014 0)
(0.19807 -1.42939e-05 0)
(0.588652 -0.00252159 0)
(0.918685 -0.0109725 0)
(1.06854 -0.0146351 0)
(1.09841 -0.0133453 0)
(1.09129 -0.0102686 0)
(1.07872 -0.00656675 0)
(1.06877 -0.00274633 0)
(1.0609 0.00138211 0)
(1.05522 0.0060252 0)
(1.05303 0.0109927 0)
(1.05511 0.0150933 0)
(1.06039 0.017837 0)
(1.06846 0.0200844 0)
(1.07976 0.022151 0)
(1.08426 0.0231732 0)
(1.04832 0.0221918 0)
(0.887712 0.0160205 0)
(0.551612 0.00520326 0)
(0.176486 0.000843878 0)
(0.194331 0.000138931 0)
(0.573638 -0.0016138 0)
(0.904185 -0.00874228 0)
(1.06596 -0.0122713 0)
(1.102 -0.0109707 0)
(1.09598 -0.008487 0)
(1.0831 -0.00483063 0)
(1.07258 -0.000739885 0)
(1.06423 0.00372144 0)
(1.05821 0.00849187 0)
(1.05604 0.0129553 0)
(1.05795 0.0164378 0)
(1.06292 0.0194535 0)
(1.07092 0.0216793 0)
(1.08165 0.0231657 0)
(1.08358 0.0233822 0)
(1.04002 0.0217809 0)
(0.865037 0.0150697 0)
(0.527555 0.00498929 0)
(0.16769 0.000878523 0)
(0.192004 0.000298458 0)
(0.562701 -0.000643014 0)
(0.891995 -0.0066528 0)
(1.06274 -0.0101756 0)
(1.10513 -0.0088116 0)
(1.10078 -0.00582762 0)
(1.08742 -0.00226749 0)
(1.07638 0.00192259 0)
(1.06746 0.00660959 0)
(1.06061 0.0109534 0)
(1.05744 0.0149485 0)
(1.0586 0.0186332 0)
(1.06337 0.021264 0)
(1.07159 0.0229698 0)
(1.08206 0.0237821 0)
(1.08178 0.0237198 0)
(1.02829 0.0216479 0)
(0.840035 0.0143754 0)
(0.503621 0.00482397 0)
(0.158646 0.000881354 0)
(0.191057 0.000470208 0)
(0.554758 0.00013186 0)
(0.881775 -0.00434489 0)
(1.06111 -0.00712918 0)
(1.10872 -0.00528507 0)
(1.10554 -0.00237649 0)
(1.09228 0.00112133 0)
(1.08063 0.00516847 0)
(1.07134 0.00975409 0)
(1.06469 0.0142575 0)
(1.06137 0.0180809 0)
(1.06182 0.0209013 0)
(1.06581 0.0232391 0)
(1.07356 0.0246009 0)
(1.08262 0.0249913 0)
(1.07936 0.0244532 0)
(1.01703 0.0218143 0)
(0.816606 0.0140156 0)
(0.481929 0.00478916 0)
(0.150137 0.0009372 0)
(0.191773 0.000505084 0)
(0.551002 0.00133816 0)
(0.875213 -0.0019627 0)
(1.06002 -0.00458929 0)
(1.11298 -0.00252493 0)
(1.11145 0.00131777 0)
(1.098 0.00508791 0)
(1.08616 0.00895259 0)
(1.07638 0.0131984 0)
(1.06823 0.0175234 0)
(1.06274 0.0212439 0)
(1.06202 0.0243755 0)
(1.06578 0.0259057 0)
(1.0736 0.0264332 0)
(1.08186 0.0263009 0)
(1.07522 0.0253797 0)
(1.00274 0.0220693 0)
(0.790923 0.0137758 0)
(0.459655 0.00484516 0)
(0.141208 0.00102194 0)
(0.194158 0.000668862 0)
(0.551513 0.00204485 0)
(0.870834 0.000214323 0)
(1.06106 -0.000990576 0)
(1.11801 0.00171139 0)
(1.11745 0.00560444 0)
(1.10418 0.00947239 0)
(1.09175 0.0133198 0)
(1.0809 0.0178185 0)
(1.07158 0.022426 0)
(1.06646 0.0261835 0)
(1.06597 0.0283792 0)
(1.06863 0.0297515 0)
(1.07528 0.0298432 0)
(1.08113 0.0288178 0)
(1.07022 0.0273364 0)
(0.988488 0.0230813 0)
(0.7662 0.0139942 0)
(0.438509 0.00521957 0)
(0.132428 0.00115414 0)
(0.198403 0.0010058 0)
(0.554482 0.00290083 0)
(0.871308 0.00312386 0)
(1.06321 0.00199644 0)
(1.1238 0.00490794 0)
(1.12461 0.00975669 0)
(1.11097 0.0143902 0)
(1.09797 0.0187845 0)
(1.08613 0.0237233 0)
(1.07509 0.0280606 0)
(1.06755 0.0309765 0)
(1.06472 0.0329626 0)
(1.06662 0.0336138 0)
(1.07305 0.0328364 0)
(1.07887 0.0319276 0)
(1.06345 0.0297757 0)
(0.970408 0.0243184 0)
(0.738247 0.0146421 0)
(0.415316 0.00571837 0)
(0.122652 0.00127746 0)
(0.204999 0.00143517 0)
(0.56181 0.00419599 0)
(0.875343 0.00565754 0)
(1.06814 0.00617049 0)
(1.13057 0.0097564 0)
(1.1319 0.0148156 0)
(1.11805 0.0199048 0)
(1.10416 0.024824 0)
(1.0916 0.0303055 0)
(1.08003 0.03494 0)
(1.07152 0.0377547 0)
(1.06782 0.0395653 0)
(1.06845 0.0404348 0)
(1.0735 0.0387321 0)
(1.0754 0.036459 0)
(1.05496 0.0328728 0)
(0.951774 0.0264006 0)
(0.710306 0.0157649 0)
(0.391901 0.00632239 0)
(0.112505 0.00142479 0)
(0.213366 0.00191606 0)
(0.573168 0.00566161 0)
(0.883592 0.00864477 0)
(1.07511 0.0106367 0)
(1.13836 0.015011 0)
(1.14045 0.0209108 0)
(1.12557 0.0269482 0)
(1.11049 0.0324706 0)
(1.09627 0.0383598 0)
(1.08247 0.0433301 0)
(1.0708 0.0461013 0)
(1.06425 0.047308 0)
(1.06308 0.0461748 0)
(1.06809 0.0434467 0)
(1.07056 0.0411343 0)
(1.04403 0.0366829 0)
(0.928112 0.0285841 0)
(0.677702 0.017133 0)
(0.36516 0.0069727 0)
(0.100935 0.00158725 0)
(0.225947 0.00255306 0)
(0.59174 0.00811705 0)
(0.898814 0.0129609 0)
(1.08623 0.0166622 0)
(1.14831 0.0223494 0)
(1.15003 0.0287517 0)
(1.13407 0.0353457 0)
(1.11728 0.0414085 0)
(1.10115 0.0477073 0)
(1.0857 0.05323 0)
(1.07234 0.0562517 0)
(1.06479 0.0564572 0)
(1.06354 0.0548819 0)
(1.06662 0.0514572 0)
(1.06391 0.0472786 0)
(1.03086 0.0405956 0)
(0.903668 0.0315233 0)
(0.644605 0.0186702 0)
(0.337677 0.0076933 0)
(0.0888936 0.00175528 0)
(0.242039 0.00316998 0)
(0.615927 0.0101188 0)
(0.920102 0.0174792 0)
(1.10096 0.0236045 0)
(1.15998 0.0308664 0)
(1.1617 0.039059 0)
(1.1439 0.0470891 0)
(1.12471 0.054174 0)
(1.10495 0.0608405 0)
(1.08485 0.0658856 0)
(1.0677 0.0678461 0)
(1.05896 0.0668722 0)
(1.05555 0.063455 0)
(1.05827 0.0583759 0)
(1.05547 0.0531043 0)
(1.01411 0.0459089 0)
(0.872317 0.0344977 0)
(0.605145 0.0203981 0)
(0.305923 0.00848636 0)
(0.0753623 0.00191012 0)
(0.26433 0.00437987 0)
(0.649625 0.0143179 0)
(0.94947 0.0246187 0)
(1.12121 0.0332677 0)
(1.17548 0.0421196 0)
(1.17571 0.0518096 0)
(1.15593 0.0609194 0)
(1.13433 0.0691369 0)
(1.11187 0.0761248 0)
(1.08946 0.0810166 0)
(1.07006 0.0823622 0)
(1.05767 0.0796298 0)
(1.05333 0.074919 0)
(1.05364 0.0687494 0)
(1.04487 0.0614334 0)
(0.994423 0.0510793 0)
(0.839596 0.0384269 0)
(0.564772 0.0225431 0)
(0.273138 0.00939228 0)
(0.0615544 0.0020394 0)
(0.296089 0.00548755 0)
(0.696709 0.0174549 0)
(0.989709 0.0321688 0)
(1.1477 0.0445662 0)
(1.19432 0.0554736 0)
(1.19272 0.0676437 0)
(1.16936 0.0787351 0)
(1.14419 0.0885902 0)
(1.11726 0.0962679 0)
(1.08908 0.100141 0)
(1.06418 0.0989659 0)
(1.05045 0.0936916 0)
(1.04401 0.0867443 0)
(1.04251 0.0785769 0)
(1.03134 0.0692984 0)
(0.969843 0.0581684 0)
(0.79799 0.0423466 0)
(0.515801 0.0249266 0)
(0.234554 0.0100905 0)
(0.0462095 0.00206318 0)
(0.331748 0.00875088 0)
(0.753792 0.0258931 0)
(1.03778 0.044302 0)
(1.18005 0.0603933 0)
(1.21763 0.0738253 0)
(1.21126 0.0890685 0)
(1.18307 0.101824 0)
(1.15326 0.112441 0)
(1.12185 0.119556 0)
(1.09021 0.12199 0)
(1.06345 0.119614 0)
(1.04581 0.112223 0)
(1.0378 0.10246 0)
(1.03457 0.091973 0)
(1.01532 0.0804736 0)
(0.940882 0.0651322 0)
(0.754053 0.0477959 0)
(0.46543 0.0276887 0)
(0.195527 0.0106838 0)
(0.0317775 0.00202594 0)
(0.40951 0.0135806 0)
(0.839141 0.0361986 0)
(1.10329 0.0619868 0)
(1.2203 0.0839232 0)
(1.24415 0.100044 6.66159e-34)
(1.23115 0.118226 -2.98246e-34)
(1.1959 0.132184 0)
(1.16004 0.142923 0)
(1.12262 0.149068 0)
(1.08489 0.149335 0)
(1.05255 0.14211 0)
(1.0338 0.129792 0)
(1.02464 0.117535 0)
(1.01784 0.10495 0)
(0.994037 0.0907948 0)
(0.905068 0.0743734 0)
(0.697156 0.0522979 0)
(0.401374 0.0294479 0)
(0.147076 0.0103093 0)
(0.015287 0.00187385 0)
(0.475071 0.0281619 5.11882e-20)
(0.938788 0.0563036 -3.86404e-20)
(1.17303 0.091647 0)
(1.26108 0.11911 2.90647e-20)
(1.27274 0.136999 -2.35614e-20)
(1.24949 0.158103 3.14684e-34)
(1.20656 0.172227 0)
(1.16454 0.182129 1.67725e-20)
(1.12132 0.185704 -5.51988e-20)
(1.07855 0.181207 1.12746e-20)
(1.04463 0.169854 0)
(1.02319 0.155384 -2.86471e-20)
(1.01144 0.139635 -3.42398e-20)
(1.00257 0.123998 5.98286e-20)
(0.96499 0.107161 -4.72183e-20)
(0.852877 0.0832868 0)
(0.623569 0.0580984 -1.69674e-20)
(0.325688 0.0304903 0)
(0.0972099 0.0100233 -9.35867e-20)
(-0.00149181 0.00118587 1.10295e-19)
(0.510915 0.0531994 -6.63251e-21)
(1.00154 0.0942601 1.18963e-19)
(1.22234 0.133722 -8.20165e-21)
(1.29393 0.16313 -7.36601e-20)
(1.29691 0.18441 -4.96197e-20)
(1.26455 0.205944 8.06106e-20)
(1.21464 0.219623 0)
(1.16629 0.227913 0)
(1.11714 0.22856 8.80428e-20)
(1.06921 0.220787 0)
(1.02964 0.205524 1.03697e-19)
(1.00367 0.185182 3.07376e-20)
(0.988431 0.166373 3.78217e-22)
(0.970176 0.147808 -6.5371e-20)
(0.92488 0.12489 0)
(0.799859 0.0998581 0)
(0.558916 0.0669395 -2.77213e-19)
(0.271059 0.0355888 6.9662e-19)
(0.0708104 0.00993134 -4.11974e-19)
(-0.0108712 -0.000460117 -4.85752e-19)
(0.522533 0.0771652 -7.31381e-20)
(1.0391 0.141278 2.72933e-20)
(1.25838 0.187694 1.4025e-20)
(1.3204 0.217251 1.27914e-19)
(1.31598 0.238524 1.36819e-20)
(1.27605 0.258952 -2.10684e-19)
(1.21989 0.270948 7.16498e-20)
(1.16611 0.276271 0)
(1.11181 0.27331 -1.86832e-19)
(1.05925 0.261523 1.6602e-19)
(1.01584 0.240861 -2.79835e-19)
(0.986734 0.218477 1.3109e-19)
(0.968057 0.197707 -8.45973e-20)
(0.949017 0.175414 1.90793e-19)
(0.895789 0.150603 0)
(0.762266 0.115715 -6.93731e-20)
(0.523351 0.0800055 0)
(0.25919 0.0402374 3.83095e-19)
(0.068878 0.0116781 -9.05841e-19)
(-0.0116904 -0.00133356 5.67892e-19)
(0.522249 0.102329 2.14109e-19)
(1.06146 0.193517 -9.34391e-20)
(1.28205 0.24649 -1.85559e-20)
(1.33831 0.277457 0)
(1.3283 0.298283 -9.35667e-20)
(1.28212 0.316465 1.15322e-19)
(1.22026 0.325656 -7.7435e-20)
(1.16064 0.327608 0)
(1.10065 0.320839 1.32927e-19)
(1.04244 0.304303 -1.16711e-19)
(0.995567 0.279151 2.42498e-19)
(0.964364 0.253887 0)
(0.942129 0.230247 -1.79833e-19)
(0.918042 0.204943 1.01429e-19)
(0.864217 0.173123 2.54649e-19)
(0.734529 0.138629 -2.24127e-19)
(0.507067 0.0956672 3.5538e-19)
(0.257384 0.0506977 -7.88159e-19)
(0.0754168 0.0158232 4.97616e-19)
(-0.00797408 -0.00144208 -6.22305e-19)
(0.512295 0.130215 -8.18582e-20)
(1.07135 0.244549 5.89649e-20)
(1.29574 0.306995 -6.06778e-20)
(1.34832 0.340375 1.17883e-19)
(1.33393 0.360265 -1.09077e-19)
(1.28285 0.375991 3.70618e-20)
(1.21655 0.382087 3.33183e-21)
(1.15297 0.379443 -1.51928e-19)
(1.09033 0.367121 -1.40218e-19)
(1.0312 0.344158 -2.51276e-19)
(0.981946 0.315369 -5.21599e-19)
(0.944403 0.287781 -1.60267e-19)
(0.919544 0.262361 2.26595e-21)
(0.895724 0.235874 -3.46697e-19)
(0.840085 0.204696 -5.60577e-21)
(0.711398 0.159964 3.26181e-19)
(0.496649 0.111695 -9.82909e-20)
(0.263041 0.062919 -5.69713e-20)
(0.088101 0.0217848 0)
(-0.0010912 -0.000311703 1.32424e-18)
(0.497425 0.154551 0)
(1.06985 0.292802 -8.11369e-21)
(1.30051 0.365692 -1.1682e-20)
(1.35116 0.402762 -1.24384e-20)
(1.33351 0.422721 1.06434e-19)
(1.27885 0.436041 -8.55751e-20)
(1.20963 0.438443 8.50813e-20)
(1.14342 0.430965 2.49442e-19)
(1.07706 0.413915 -7.80696e-20)
(1.01126 0.387124 1.24441e-19)
(0.953465 0.353735 2.80471e-19)
(0.917304 0.322216 3.49135e-19)
(0.892868 0.296015 -2.09967e-19)
(0.863914 0.267835 3.75363e-19)
(0.810514 0.22946 -2.9724e-19)
(0.691303 0.187605 0)
(0.492314 0.132756 -7.46519e-19)
(0.274018 0.0778078 1.0047e-18)
(0.103477 0.0303509 7.50073e-20)
(0.00722017 0.0021737 -1.40058e-18)
(0.482521 0.176865 -6.52654e-21)
(1.06358 0.339715 2.88209e-20)
(1.29982 0.423513 8.52469e-20)
(1.349 0.464155 -1.05785e-19)
(1.32874 0.483678 8.71576e-20)
(1.27145 0.494617 -8.39719e-20)
(1.20001 0.493739 1.69826e-19)
(1.13135 0.481974 -7.53449e-20)
(1.06222 0.460059 -3.15402e-19)
(0.99579 0.428347 1.01644e-22)
(0.940766 0.390922 -3.04564e-19)
(0.89839 0.358091 -3.75558e-19)
(0.867258 0.330074 2.3153e-19)
(0.841652 0.299439 -1.35e-19)
(0.787649 0.263935 3.22944e-19)
(0.671083 0.210791 0)
(0.483628 0.153466 -4.63301e-19)
(0.280095 0.092654 6.84226e-19)
(0.115491 0.0396018 1.29557e-18)
(0.0145009 0.00523137 -1.52395e-18)
(0.469046 0.197656 -1.80502e-20)
(1.05376 0.384263 1.07277e-21)
(1.29467 0.478404 -6.16054e-20)
(1.34287 0.522718 1.09525e-19)
(1.32063 0.542569 1.16102e-20)
(1.2612 0.551686 -1.65264e-19)
(1.18803 0.54764 -9.84146e-20)
(1.11795 0.531604 -9.59674e-20)
(1.04735 0.505542 -1.77197e-19)
(0.977147 0.469644 2.85721e-19)
(0.913316 0.42777 3.08421e-19)
(0.869116 0.391128 5.96166e-19)
(0.841442 0.362326 0)
(0.811463 0.330808 6.269e-21)
(0.759962 0.287186 -8.85776e-19)
(0.652156 0.238903 2.06983e-19)
(0.479662 0.17443 1.00177e-18)
(0.287486 0.108979 -2.95494e-19)
(0.126119 0.0500022 6.14977e-19)
(0.0206023 0.00863362 -5.13655e-20)
(0.457657 0.217062 7.96132e-21)
(1.04319 0.427331 2.69675e-20)
(1.28698 0.531732 -3.09134e-20)
(1.33408 0.579256 1.29594e-19)
(1.30997 0.598765 -1.83576e-19)
(1.24877 0.605975 1.65108e-19)
(1.1745 0.599096 1.02013e-19)
(1.10331 0.579306 2.87226e-19)
(1.03088 0.549204 3.57162e-19)
(0.958555 0.50949 -3.28415e-19)
(0.89621 0.465668 0)
(0.850666 0.426593 -2.24754e-19)
(0.816994 0.393127 2.58042e-19)
(0.790021 0.359258 3.24405e-19)
(0.73903 0.319709 -1.87603e-19)
(0.633294 0.259691 -4.56864e-19)
(0.469457 0.19482 -1.36285e-19)
(0.288511 0.124577 -1.67008e-21)
(0.131804 0.0591475 0)
(0.0245218 0.0115093 0)
(0.448773 0.235851 -5.61877e-20)
(1.03208 0.468379 0)
(1.2771 0.582173 -1.70831e-20)
(1.32303 0.632649 -6.10499e-21)
(1.29742 0.652296 2.06911e-19)
(1.23477 0.65789 -5.25655e-20)
(1.15957 0.648342 1.03902e-19)
(1.08732 0.625019 -1.94662e-19)
(1.01319 0.591659 2.70879e-19)
(0.938163 0.548775 -1.06777e-19)
(0.870595 0.499839 1.76303e-19)
(0.823172 0.456705 7.11847e-19)
(0.792893 0.423115 1.40706e-20)
(0.763044 0.388152 -3.3819e-19)
(0.711312 0.340079 6.25148e-19)
(0.613211 0.286071 4.07004e-21)
(0.459952 0.213487 1.45805e-19)
(0.284824 0.138211 -6.9542e-19)
(0.132006 0.0663895 7.17166e-19)
(0.0261856 0.0134756 -8.45038e-19)
(0.442249 0.253975 6.25343e-23)
(1.02122 0.507814 0)
(1.26603 0.63076 0)
(1.31063 0.683845 -8.92797e-21)
(1.28355 0.702996 -6.28854e-20)
(1.21967 0.70677 7.8921e-20)
(1.14395 0.69479 -1.94718e-19)
(1.07099 0.668627 0)
(0.995726 0.632079 -3.99018e-19)
(0.91931 0.585827 4.74922e-19)
(0.852118 0.53552 5.00811e-19)
(0.803678 0.490661 -2.61137e-19)
(0.770232 0.451254 -3.14588e-19)
(0.740999 0.412509 7.37036e-19)
(0.689822 0.370368 -2.22044e-19)
(0.592604 0.303268 -2.65025e-19)
(0.444336 0.230969 -1.58562e-19)
(0.278638 0.148765 -7.49781e-19)
(0.128816 0.0710542 1.09588e-19)
(0.0262055 0.0144003 9.11682e-19)
(0.437347 0.272818 -3.08621e-20)
(1.01077 0.545552 -3.67336e-20)
(1.25404 0.676612 2.28136e-20)
(1.29709 0.731913 1.54041e-22)
(1.26881 0.750997 -6.00864e-20)
(1.20399 0.753149 1.32042e-19)
(1.12784 0.738849 0)
(1.05437 0.709956 1.17093e-19)
(0.977637 0.670988 -9.23285e-20)
(0.898148 0.622451 7.91495e-19)
(0.82659 0.567974 -1.14107e-19)
(0.776821 0.517518 1.29488e-19)
(0.745291 0.477746 0)
(0.712066 0.4386 -3.98755e-19)
(0.661257 0.385557 4.82381e-19)
(0.570086 0.326316 0)
(0.431285 0.244902 -3.41771e-19)
(0.268688 0.158104 1.00452e-18)
(0.123549 0.073222 1.18597e-19)
(0.0245116 0.0146891 -1.12088e-18)
(0.433652 0.291186 -8.08252e-20)
(1.00073 0.581601 1.01632e-19)
(1.24167 0.72045 0)
(1.28309 0.777796 -4.95328e-22)
(1.25357 0.796258 0)
(1.18792 0.796567 -1.67064e-19)
(1.11167 0.780061 0)
(1.03786 0.749166 0)
(0.96009 0.708169 -1.21027e-19)
(0.879422 0.657108 -7.52087e-19)
(0.807573 0.599979 -9.24474e-19)
(0.755853 0.547362 1.50711e-19)
(0.72045 0.500921 5.42529e-19)
(0.688934 0.457392 4.38422e-19)
(0.638606 0.411516 -1.54719e-18)
(0.548593 0.337268 -6.2087e-19)
(0.411457 0.257212 3.63546e-19)
(0.256188 0.163289 0)
(0.115873 0.0738965 1.01876e-18)
(0.0218453 0.0142381 -1.20691e-18)
(0.431169 0.308664 9.97227e-20)
(0.991514 0.616236 -1.20758e-19)
(1.22915 0.761844 0)
(1.26863 0.820756 -1.10977e-20)
(1.23809 0.839001 6.3742e-21)
(1.17186 0.837644 0)
(1.09559 0.818995 5.99243e-20)
(1.0217 0.786035 8.02192e-20)
(0.94286 0.743501 -2.28397e-19)
(0.859129 0.690849 9.98786e-20)
(0.781927 0.630237 0)
(0.727908 0.572253 6.25537e-19)
(0.693159 0.524009 5.6051e-21)
(0.65781 0.479627 2.36394e-19)
(0.609246 0.419841 2.80788e-19)
(0.524764 0.354824 0)
(0.395437 0.264518 -5.93982e-19)
(0.242022 0.166447 1.16468e-18)
(0.107286 0.0731475 -1.23374e-18)
(0.0189185 0.0132462 2.59773e-18)
(0.429662 0.325225 0)
(0.982775 0.649043 0)
(1.2167 0.801227 -5.86962e-20)
(1.25426 0.861688 0)
(1.22263 0.879199 0)
(1.15591 0.875989 -1.45419e-19)
(1.07996 0.855311 6.14982e-20)
(1.00601 0.820851 1.77224e-20)
(0.926237 0.777383 -5.24776e-20)
(0.840778 0.72332 0)
(0.762649 0.660163 -1.4027e-19)
(0.705394 0.598843 -5.09985e-19)
(0.665839 0.543686 -6.12513e-19)
(0.633199 0.49235 -2.4591e-19)
(0.585869 0.44063 3.03921e-19)
(0.502964 0.358156 -7.16298e-19)
(0.37306 0.270674 1.27744e-18)
(0.226325 0.165852 2.68752e-21)
(0.0981159 0.0708579 -1.18316e-18)
(0.0163064 0.0119634 -1.75093e-19)
(0.428981 0.340898 0)
(0.975072 0.68075 -1.00974e-19)
(1.20452 0.83854 7.23312e-20)
(1.23987 0.900002 0)
(1.20737 0.917155 0)
(1.14043 0.912258 2.94914e-19)
(1.06482 0.88962 0)
(0.991006 0.853534 0)
(0.910291 0.809208 -4.98419e-19)
(0.822154 0.754482 1.36879e-19)
(0.738568 0.689373 -1.24416e-18)
(0.676979 0.622933 0)
(0.636968 0.563977 -6.65939e-19)
(0.598749 0.510415 1.02816e-20)
(0.55561 0.440223 -9.7659e-19)
(0.477814 0.369029 3.85355e-19)
(0.357003 0.269793 1.79343e-21)
(0.212387 0.163242 -1.34898e-18)
(0.0897804 0.0668547 6.36744e-19)
(0.0143171 0.0103881 1.87309e-19)
(0.428769 0.355849 0)
(0.967605 0.710488 -1.44611e-19)
(1.19257 0.87385 7.78688e-20)
(1.2259 0.936452 8.66399e-20)
(1.19247 0.952764 -1.95884e-20)
(1.12534 0.946024 3.17959e-20)
(1.05036 0.921574 -3.92073e-20)
(0.976631 0.884349 4.87047e-19)
(0.895003 0.839688 5.33171e-19)
(0.805054 0.784732 1.04093e-18)
(0.719781 0.717709 1.03379e-18)
(0.654764 0.647781 1.81377e-19)
(0.606787 0.582076 9.57451e-19)
(0.571917 0.517327 5.90105e-19)
(0.529481 0.454502 7.00489e-19)
(0.455492 0.361731 -4.21592e-19)
(0.336722 0.266922 -4.92835e-19)
(0.202831 0.154453 5.79171e-19)
(0.0887209 0.0613455 -3.42434e-19)
(0.0149004 0.0089212 6.04951e-19)
(0.428897 0.370138 2.08992e-19)
(0.961122 0.739403 2.26552e-19)
(1.18106 0.907407 4.68894e-20)
(1.2121 0.970552 1.66173e-20)
(1.17796 0.986394 2.846e-20)
(1.11094 0.977984 -8.19567e-20)
(1.03661 0.951778 3.83474e-20)
(0.963104 0.913292 -2.09223e-20)
(0.880532 0.868191 -6.18249e-19)
(0.788175 0.813179 -1.12931e-18)
(0.698055 0.745881 7.16382e-20)
(0.627155 0.673392 0)
(0.577016 0.602783 0)
(0.533885 0.534442 -3.08073e-19)
(0.492422 0.444419 -1.14702e-18)
(0.426174 0.361408 9.07775e-19)
(0.326017 0.250985 5.37692e-19)
(0.204255 0.139759 0)
(0.100015 0.0536078 1.09879e-18)
(0.024677 0.00903384 -6.5052e-19)
(0.429082 0.383815 -1.09808e-19)
(0.954568 0.766165 9.86042e-20)
(1.1698 0.93894 -1.12882e-19)
(1.19884 1.00291 -8.47657e-20)
(1.16397 1.01783 -6.07492e-21)
(1.09712 1.00764 -2.53705e-20)
(1.02367 0.979884 0)
(0.95025 0.94059 -6.11528e-19)
(0.866746 0.895459 7.6908e-20)
(0.772754 0.840911 0)
(0.680914 0.773239 0)
(0.606235 0.698049 1.15311e-19)
(0.546181 0.622723 1.54662e-19)
(0.503331 0.539444 -3.32367e-19)
(0.459657 0.455657 8.23881e-19)
(0.392733 0.334972 -9.88921e-19)
(0.306042 0.22643 -1.14887e-18)
(0.222303 0.111084 1.01639e-18)
(0.161161 0.0409541 -3.94091e-19)
(0.0897808 0.0243834 2.28914e-19)
(0.429274 0.396677 1.41385e-19)
(0.948877 0.792292 0)
(1.15898 0.968961 0)
(1.18581 1.03314 -2.19126e-20)
(1.15048 1.04753 1.77431e-20)
(1.08417 1.03577 -2.08847e-20)
(1.01158 1.00651 1.67503e-19)
(0.938314 0.966262 6.27113e-19)
(0.85378 0.920881 1.11962e-18)
(0.757662 0.866619 -8.45315e-20)
(0.661282 0.799534 1.746e-19)
(0.580537 0.724721 -1.02874e-18)
(0.517754 0.646589 -1.02458e-18)
(0.462226 0.562599 -1.7808e-19)
(0.408651 0.44143 0)
(0.351628 0.329772 -5.88606e-21)
(0.282648 0.168153 6.3083e-19)
(0.223647 0.0356017 -1.08378e-18)
(0.172333 -0.0676868 8.32016e-19)
(0.0746877 -0.0417616 7.08417e-19)
(0.429302 0.409194 -3.13544e-19)
(0.942583 0.81597 -1.41935e-19)
(1.14817 0.996915 8.51396e-21)
(1.17331 1.06194 5.33649e-20)
(1.13755 1.07546 0)
(1.07168 1.06214 -1.0156e-19)
(0.999951 1.03168 -2.38265e-19)
(0.926476 0.990957 -1.45653e-21)
(0.840725 0.945711 -5.86794e-19)
(0.742762 0.892097 -8.28704e-20)
(0.645026 0.825913 7.6969e-20)
(0.561401 0.750529 9.03631e-19)
(0.486736 0.67104 1.0002e-18)
(0.427271 0.570731 1.73123e-19)
(0.369142 0.465351 8.81633e-19)
(0.279996 0.288751 0)
(0.17655 0.155038 0)
(0.0274265 0.234813 7.18056e-19)
(-0.0419872 0.703544 -1.738e-20)
(0.0031713 1.6731 -8.11546e-19)
(0.42932 0.421088 1.74001e-19)
(0.937229 0.839584 3.96222e-19)
(1.13778 1.02395 -5.40904e-19)
(1.16094 1.08916 2.6043e-19)
(1.12508 1.10243 -2.7054e-21)
(1.06004 1.08799 -5.64887e-20)
(0.989101 1.05656 0)
(0.915416 1.01538 -5.22713e-19)
(0.828241 0.970201 0)
(0.727987 0.917081 1.16992e-18)
(0.625644 0.85217 -9.34605e-20)
(0.534945 0.779798 1.04794e-19)
(0.457541 0.700875 1.14192e-18)
(0.382269 0.611772 -3.741e-19)
(0.280328 0.456815 -4.49042e-19)
(0.196481 0.353323 0)
(0.0826028 0.553305 0)
(0.0233372 1.45128 0)
(0.0562115 2.50985 -4.16709e-19)
(0.069531 2.92648 -2.51278e-19)
(0.4289 0.432401 0)
(0.931238 0.860692 0)
(1.1275 1.04903 1.98523e-19)
(1.14924 1.11509 -2.10047e-19)
(1.11333 1.12777 8.32726e-20)
(1.04899 1.11233 6.13168e-20)
(0.978758 1.08034 2.98714e-20)
(0.904433 1.03925 -2.32572e-20)
(0.815712 0.994569 8.24807e-20)
(0.7135 0.942548 -1.34278e-18)
(0.610056 0.879684 1.69654e-19)
(0.516925 0.808886 9.01134e-19)
(0.426121 0.733097 -1.13794e-18)
(0.340378 0.622024 -1.24602e-18)
(0.252557 0.527835 4.20043e-19)
(0.156166 0.715329 0)
(0.085181 1.6949 5.82833e-19)
(0.0972932 2.72542 6.51279e-19)
(0.102413 3.08558 -7.34692e-19)
(0.0908603 3.20933 8.01055e-19)
(0.42838 0.443279 0)
(0.926277 0.881964 3.5696e-19)
(1.11777 1.07336 -4.93982e-20)
(1.13777 1.13948 3.02333e-19)
(1.10208 1.15217 -8.74084e-20)
(1.03877 1.13614 0)
(0.969115 1.10376 0)
(0.894233 1.0627 0)
(0.803994 1.01847 4.66974e-19)
(0.699911 0.967239 6.22876e-20)
(0.591807 0.905619 0)
(0.491294 0.839387 -8.96298e-19)
(0.401048 0.766205 0)
(0.293769 0.677231 8.86917e-19)
(0.203719 0.762311 -6.01449e-19)
(0.143675 1.56518 -4.80543e-19)
(0.139322 2.72311 -1.12611e-18)
(0.154507 3.12545 -6.0587e-19)
(0.132755 3.25175 -8.616e-19)
(0.11678 3.28692 7.61733e-19)
(0.426794 0.452801 -1.26538e-19)
(0.920527 0.900415 1.70082e-20)
(1.10816 1.09572 -5.54201e-20)
(1.12704 1.16273 -2.3162e-19)
(1.09164 1.17501 0)
(1.02911 1.15844 0)
(0.959851 1.1261 0)
(0.884006 1.08563 3.59655e-20)
(0.792271 1.04231 -5.90126e-19)
(0.686361 0.992611 0)
(0.577991 0.934122 0)
(0.478202 0.871235 0)
(0.364923 0.796374 0)
(0.306444 0.785952 6.47449e-19)
(0.241592 1.26323 1.60169e-18)
(0.199064 2.50583 4.74015e-19)
(0.209058 3.09926 9.67026e-19)
(0.197246 3.2713 -7.43721e-19)
(0.160466 3.32427 2.66012e-19)
(0.141305 3.33525 0)
(0.424935 0.461436 1.30884e-19)
(0.915065 0.919122 -7.98656e-19)
(1.09875 1.11796 -2.15704e-19)
(1.11642 1.18528 -4.64209e-20)
(1.08156 1.19774 2.09204e-20)
(1.01995 1.18091 -6.01435e-20)
(0.950904 1.14854 -4.73294e-21)
(0.874332 1.10851 -4.01533e-19)
(0.781351 1.06609 0)
(0.674408 1.0176 -7.88636e-20)
(0.562522 0.960322 7.17387e-20)
(0.454831 0.901086 0)
(0.365668 0.856482 0)
(0.299822 1.03124 -8.12916e-19)
(0.235987 1.96793 1.03786e-19)
(0.228932 2.99003 -3.63198e-19)
(0.254717 3.27648 7.75115e-19)
(0.235003 3.35769 5.8725e-19)
(0.181665 3.37766 -8.85236e-19)
(0.162452 3.38677 4.44913e-19)
(0.422042 0.469565 2.59272e-19)
(0.90787 0.935881 7.81167e-19)
(1.08862 1.13979 2.57833e-19)
(1.10601 1.20866 0)
(1.07171 1.22065 0)
(1.01064 1.20322 4.76011e-20)
(0.941589 1.17098 7.59953e-20)
(0.864045 1.13182 3.58165e-19)
(0.770124 1.09071 2.31636e-20)
(0.661999 1.04417 1.01283e-18)
(0.551413 0.990928 -1.19157e-18)
(0.444031 0.934917 0)
(0.368016 0.942338 0)
(0.321582 1.39546 -5.50347e-19)
(0.288334 2.62893 -6.7224e-19)
(0.325243 3.20955 0)
(0.342888 3.34549 -8.66077e-19)
(0.269461 3.39631 -1.21432e-20)
(0.20278 3.42914 5.86896e-19)
(0.178398 3.44627 -2.49726e-19)
(0.418958 0.478334 -4.94542e-19)
(0.901167 0.955663 -3.75602e-19)
(1.07823 1.16371 0)
(1.09482 1.23304 0)
(1.06122 1.24523 0)
(1.00081 1.22724 0)
(0.931702 1.19467 -8.8785e-20)
(0.853687 1.15596 3.11109e-19)
(0.759249 1.11601 0)
(0.651468 1.07099 -9.22351e-19)
(0.539106 1.01833 2.13556e-18)
(0.439483 0.976653 8.6656e-20)
(0.379127 1.08878 1.12942e-19)
(0.346699 1.90319 8.89867e-19)
(0.339999 2.9785 -4.90483e-19)
(0.377102 3.31185 0)
(0.351003 3.40983 2.56651e-19)
(0.269987 3.48139 7.28106e-20)
(0.220853 3.5229 4.72594e-20)
(0.18663 3.51686 9.7507e-20)
(0.415048 0.488084 2.34955e-19)
(0.892547 0.973673 -3.85434e-19)
(1.06686 1.18727 0)
(1.08343 1.25857 -6.85879e-20)
(1.05032 1.27012 2.35816e-19)
(0.990178 1.25116 0)
(0.921024 1.21847 0)
(0.842436 1.18063 -5.37407e-19)
(0.747957 1.14219 -5.89652e-20)
(0.640088 1.09945 9.01273e-19)
(0.5271 1.0503 -1.01617e-18)
(0.44787 1.03132 5.80961e-19)
(0.402061 1.3189 0)
(0.384317 2.34433 -4.7042e-19)
(0.404887 3.191 3.06276e-19)
(0.451647 3.40604 2.12786e-19)
(0.424809 3.4818 0)
(0.366805 3.53171 1.74649e-20)
(0.317597 3.5448 -2.16804e-19)
(0.237594 3.48244 -3.65849e-20)
(0.411428 0.498576 -4.67522e-19)
(0.885065 0.9962 5.53115e-19)
(1.05532 1.21345 3.86585e-19)
(1.07079 1.28478 -9.54951e-20)
(1.03817 1.29667 -3.64142e-19)
(0.978625 1.27701 0)
(0.909622 1.24369 1.33094e-20)
(0.83119 1.20612 1.9379e-19)
(0.737101 1.16888 3.11119e-20)
(0.631014 1.12777 -7.7844e-19)
(0.519804 1.08168 -5.37776e-20)
(0.45501 1.10394 -6.56757e-19)
(0.427915 1.57051 6.85053e-19)
(0.432456 2.71705 1.55401e-19)
(0.47934 3.32853 -2.86014e-19)
(0.515058 3.45062 1.85242e-19)
(0.461502 3.48945 0)
(0.400385 3.47737 0)
(0.28547 3.39452 -4.53373e-19)
(0.0157805 3.07509 8.2009e-19)
(0.406734 0.509731 2.23562e-19)
(0.875015 1.01583 5.47833e-19)
(1.04248 1.23865 -3.9517e-19)
(1.05778 1.31201 3.51072e-19)
(1.02543 1.323 3.87676e-19)
(0.966229 1.3022 0)
(0.897615 1.26868 -4.80464e-21)
(0.819286 1.23182 1.52581e-19)
(0.726132 1.19599 0)
(0.620619 1.157 0)
(0.519505 1.12019 0)
(0.467958 1.19865 0)
(0.465679 1.85372 -7.6938e-19)
(0.492383 2.99957 -1.89006e-19)
(0.550163 3.40727 0)
(0.565574 3.47043 -4.96359e-20)
(0.541019 3.47057 0)
(0.545584 3.32126 1.36524e-19)
(0.501175 2.9755 -1.3726e-18)
(0.155612 2.36688 1.37629e-18)
(0.402342 0.520943 -4.54435e-19)
(0.866274 1.04134 -3.50933e-19)
(1.02931 1.26731 -2.65671e-19)
(1.04304 1.33994 -3.28341e-19)
(1.01106 1.35129 -1.90425e-19)
(0.952671 1.32979 0)
(0.884724 1.29544 2.93032e-21)
(0.807347 1.25856 -4.53724e-20)
(0.71555 1.22368 -2.2832e-19)
(0.610789 1.1855 0)
(0.520638 1.15827 5.1313e-20)
(0.487154 1.31341 -5.84602e-20)
(0.503288 2.15048 0)
(0.551749 3.18166 2.4951e-19)
(0.614515 3.44271 0)
(0.622748 3.46785 -9.30345e-20)
(0.61285 3.36447 2.80043e-19)
(0.578579 2.93967 -1.34632e-19)
(0.291523 1.8247 2.93151e-19)
(-0.287352 0.206775 -8.15131e-19)
(0.395491 0.532816 -1.47549e-20)
(0.853651 1.06218 -1.81001e-19)
(1.01408 1.29438 3.66329e-19)
(1.02766 1.36948 -2.00459e-20)
(0.995896 1.37966 -6.12425e-20)
(0.938062 1.35696 0)
(0.871056 1.32254 7.68797e-20)
(0.794478 1.28641 -7.42492e-20)
(0.704448 1.25278 4.05656e-19)
(0.600109 1.21712 -5.02461e-19)
(0.528395 1.20749 -6.04142e-19)
(0.511425 1.46059 0)
(0.552864 2.46179 3.63504e-19)
(0.621043 3.29452 -3.21821e-20)
(0.676191 3.43916 7.21544e-20)
(0.673735 3.41451 0)
(0.612524 3.13599 -1.5651e-19)
(0.418097 2.20964 2.57218e-19)
(-0.100953 0.1583 -3.06686e-19)
(-0.340212 -0.535273 -3.09787e-19)
(0.389801 0.543903 4.28831e-19)
(0.842591 1.09078 -1.7796e-19)
(0.998378 1.32611 2.60658e-19)
(1.01006 1.39992 2.01485e-19)
(0.978701 1.41074 1.24021e-19)
(0.921987 1.38757 2.4304e-19)
(0.856178 1.35235 -1.7051e-19)
(0.781401 1.31615 5.41826e-22)
(0.693727 1.28337 -2.87741e-19)
(0.593365 1.25053 4.14605e-20)
(0.533732 1.25932 1.08923e-19)
(0.541643 1.63156 -3.69423e-19)
(0.602435 2.7173 7.01285e-20)
(0.680809 3.34927 -1.27509e-19)
(0.720368 3.41291 -3.21473e-20)
(0.681122 3.29379 1.26374e-19)
(0.531308 2.67284 -3.27284e-19)
(0.183488 0.982162 2.10174e-19)
(-0.102267 -0.229032 0)
(-0.117772 -0.222817 -4.20175e-19)
(0.37973 0.553962 0)
(0.826192 1.11197 -6.7852e-19)
(0.979865 1.35491 2.24178e-20)
(0.99165 1.43211 -3.31872e-19)
(0.960652 1.44155 0)
(0.90491 1.41714 -1.79095e-19)
(0.840756 1.3821 1.72677e-19)
(0.767575 1.34677 -5.06868e-22)
(0.682064 1.31496 1.91792e-19)
(0.589718 1.28648 3.52044e-19)
(0.543992 1.32856 4.55584e-19)
(0.574941 1.81877 5.54552e-20)
(0.659517 2.95513 -2.50365e-19)
(0.738773 3.3644 5.892e-20)
(0.757635 3.36735 -8.39118e-20)
(0.660498 3.04709 1.9378e-19)
(0.414752 1.99399 1.60516e-19)
(0.0184553 0.0707468 -1.90151e-19)
(-0.154063 -0.29303 0)
(-0.110677 -0.183728 0)
(0.369983 0.565785 -4.19223e-19)
(0.811565 1.14276 6.7317e-19)
(0.960726 1.38935 0)
(0.970516 1.46476 0)
(0.940234 1.47517 0)
(0.886112 1.45055 0)
(0.823788 1.41474 -8.96165e-20)
(0.753339 1.3793 -1.64509e-20)
(0.669558 1.34765 -4.09756e-20)
(0.586943 1.32459 3.47147e-20)
(0.556137 1.3997 -3.44886e-19)
(0.614367 2.04476 2.49248e-19)
(0.712147 3.09099 0)
(0.780322 3.3482 4.02358e-20)
(0.7686 3.26699 2.08703e-19)
(0.59677 2.70586 -8.14674e-20)
(0.209923 1.01817 1.55949e-19)
(-0.104737 -0.258422 1.00135e-19)
(-0.163054 -0.289247 -4.21608e-19)
(-0.0838109 -0.143636 -4.98847e-19)
(0.355312 0.572162 2.14353e-19)
(0.789745 1.16246 3.1844e-19)
(0.937802 1.41881 -6.7276e-21)
(0.948269 1.4991 1.77502e-19)
(0.91871 1.50793 0)
(0.866204 1.482 3.45617e-19)
(0.806482 1.44654 -7.31458e-20)
(0.738491 1.41212 2.15513e-20)
(0.656199 1.38123 -4.0154e-20)
(0.587202 1.36454 2.32994e-20)
(0.573369 1.49396 2.33319e-19)
(0.655396 2.26999 -9.39739e-20)
(0.762249 3.18289 -5.46363e-20)
(0.822938 3.33453 3.04165e-20)
(0.76751 3.13371 -1.24212e-19)
(0.493574 2.17233 3.25114e-19)
(0.0627893 0.166727 -1.89629e-19)
(-0.175327 -0.294931 2.36195e-19)
(-0.164802 -0.272717 -7.06745e-19)
(-0.0739393 -0.123214 5.03043e-19)
(0.340037 0.580289 -2.00503e-19)
(0.769235 1.19277 0)
(0.914045 1.45468 -2.36494e-19)
(0.922729 1.53298 -3.42804e-19)
(0.894495 1.54317 0)
(0.844336 1.5173 -2.69441e-19)
(0.787177 1.48109 0)
(0.722944 1.44654 -1.41213e-19)
(0.644088 1.41638 -8.10453e-21)
(0.586469 1.40777 3.37325e-20)
(0.59115 1.58641 -8.35169e-20)
(0.699414 2.47466 6.02739e-20)
(0.808126 3.2227 3.72273e-20)
(0.844444 3.27809 7.19298e-20)
(0.730995 2.88773 -1.12933e-19)
(0.372029 1.57319 -1.01295e-19)
(-0.0547283 -0.189915 2.53881e-19)
(-0.192286 -0.303282 -2.97534e-19)
(-0.170986 -0.27019 -1.55314e-21)
(-0.0776661 -0.124276 -5.13552e-20)
(0.319009 0.580097 4.01604e-19)
(0.73952 1.20712 -3.07694e-19)
(0.885316 1.48272 2.50855e-19)
(0.895654 1.56819 1.65348e-19)
(0.86876 1.57679 2.9674e-20)
(0.821072 1.54962 1.68518e-19)
(0.767719 1.51378 0)
(0.70701 1.48027 -4.30692e-20)
(0.631417 1.452 0)
(0.587817 1.45169 -3.15491e-20)
(0.613348 1.69767 8.6706e-20)
(0.742688 2.65354 6.85834e-22)
(0.842023 3.23476 5.89856e-20)
(0.865845 3.22459 9.94975e-20)
(0.697299 2.65333 -4.77069e-20)
(0.248097 1.01525 1.0411e-19)
(-0.0599031 -0.257364 -3.44292e-19)
(-0.154322 -0.339509 -1.98153e-19)
(-0.145731 -0.279419 -7.21413e-20)
(-0.0759294 -0.127994 3.61667e-19)
(0.296125 0.578956 5.32471e-21)
(0.710716 1.23302 1.58211e-19)
(0.855054 1.51653 0)
(0.864817 1.60153 3.1447e-19)
(0.840203 1.61205 -4.50844e-19)
(0.795803 1.58529 1.70599e-19)
(0.745788 1.54863 -1.16195e-19)
(0.689284 1.5146 1.21123e-19)
(0.620839 1.48829 -1.15276e-19)
(0.587782 1.50001 4.65312e-21)
(0.634399 1.79773 -2.94418e-20)
(0.783743 2.7903 -4.51114e-20)
(0.869652 3.22908 2.78385e-20)
(0.867268 3.13045 -1.52563e-19)
(0.61948 2.31194 -1.33135e-19)
(0.132283 0.349015 2.39435e-19)
(-0.0603003 -0.258223 -1.94008e-19)
(-0.113094 -0.33184 1.15217e-19)
(-0.0850716 -0.259195 1.46228e-21)
(-0.044984 -0.107581 -3.20223e-19)
(0.266137 0.564581 7.5297e-19)
(0.670472 1.23554 -1.58915e-19)
(0.81874 1.53894 -4.35828e-19)
(0.832079 1.63496 3.54032e-19)
(0.809666 1.64482 -1.99186e-19)
(0.768633 1.61717 3.31235e-19)
(0.723667 1.58078 1.83469e-19)
(0.671295 1.54714 0)
(0.610801 1.52321 1.33484e-19)
(0.587873 1.54564 -2.01761e-20)
(0.657307 1.9045 -1.74936e-22)
(0.816684 2.89335 8.51549e-20)
(0.890805 3.22392 2.29645e-20)
(0.863635 3.03908 9.28035e-21)
(0.566751 2.01682 -1.7793e-19)
(0.0454473 -0.069009 -7.50338e-20)
(-0.12853 -0.323209 2.14012e-19)
(-0.108511 -0.318859 1.05289e-19)
(-0.0453641 -0.19104 3.14275e-20)
(-0.0105572 -0.0551047 2.92298e-19)
(0.232938 0.543951 0)
(0.630534 1.24875 1.47585e-19)
(0.780336 1.56555 -1.98831e-19)
(0.795282 1.66407 3.44612e-19)
(0.776508 1.67767 -4.3468e-19)
(0.739744 1.65119 1.81849e-19)
(0.698718 1.61395 0)
(0.651478 1.57931 0)
(0.599617 1.55665 0)
(0.588542 1.59218 3.68974e-20)
(0.678328 2.00749 -3.45093e-20)
(0.844312 2.95707 4.5486e-20)
(0.905155 3.20669 1.18685e-19)
(0.846258 2.92308 8.68254e-20)
(0.471578 1.66845 -1.55394e-19)
(-0.112306 -0.172328 1.32875e-19)
(-0.192209 -0.302222 5.20713e-21)
(-0.156239 -0.302423 -2.42872e-19)
(-0.0323249 -0.135339 3.0401e-20)
(0.0131541 -0.000226288 0)
(0.192061 0.502936 6.95635e-19)
(0.576596 1.22633 -1.38005e-19)
(0.735358 1.57518 5.38338e-21)
(0.756691 1.69138 0)
(0.740856 1.70676 -2.09917e-19)
(0.708521 1.681 1.91842e-20)
(0.673225 1.64441 0)
(0.631104 1.60933 5.9485e-20)
(0.587916 1.58745 -4.69432e-20)
(0.58754 1.63011 0)
(0.697579 2.08822 0)
(0.862984 3.00538 -8.47115e-20)
(0.914639 3.20291 -1.44386e-19)
(0.825335 2.82864 -1.19379e-20)
(0.409285 1.40128 -5.38764e-20)
(-0.166667 -0.159071 6.32669e-20)
(-0.247568 -0.363045 0)
(-0.221367 -0.376313 -1.44322e-19)
(-0.0698335 -0.165218 -2.36258e-19)
(0.0227173 0.044667 5.57685e-19)
(0.146905 0.446046 5.75303e-19)
(0.52277 1.21196 -1.32833e-19)
(0.687479 1.58467 1.90644e-19)
(0.713819 1.71062 -4.72046e-19)
(0.702829 1.733 0)
(0.676506 1.71068 0)
(0.645042 1.67365 0)
(0.60963 1.63829 6.24847e-20)
(0.573869 1.61505 -4.93039e-20)
(0.586361 1.66371 0)
(0.712081 2.14574 0)
(0.883541 3.03211 2.04516e-19)
(0.924888 3.19748 -9.19308e-20)
(0.809008 2.75265 9.20302e-20)
(0.318144 1.16843 2.02171e-19)
(-0.214413 -0.131209 0)
(-0.323247 -0.441807 -5.44283e-20)
(-0.31153 -0.495239 -4.96992e-20)
(-0.179274 -0.36273 5.2744e-19)
(-0.0064354 0.0235242 -6.34163e-19)
(0.0958862 0.35857 -5.34592e-19)
(0.451271 1.14072 1.39339e-19)
(0.632635 1.56894 3.97113e-19)
(0.669443 1.72473 2.74001e-19)
(0.662315 1.75358 -2.22044e-19)
(0.642098 1.73561 -1.50783e-19)
(0.616187 1.70092 1.05644e-19)
(0.585728 1.66539 0)
(0.557678 1.64034 0)
(0.579912 1.68463 0)
(0.723624 2.16398 -1.04333e-19)
(0.899694 3.04583 -2.0628e-19)
(0.945397 3.21422 9.28023e-20)
(0.805249 2.73916 -5.16313e-20)
(0.31822 1.12411 2.76716e-20)
(-0.199093 -0.0494831 0)
(-0.351669 -0.520297 1.21362e-19)
(-0.384691 -0.706489 -5.39621e-19)
(-0.313454 -0.704281 1.23898e-18)
(-0.076942 -0.173884 -6.94611e-19)
(0.0415158 0.242888 5.67348e-19)
(0.380103 1.07455 -4.66062e-19)
(0.571304 1.54265 0)
(0.619513 1.72416 1.35419e-19)
(0.620227 1.76729 9.92528e-20)
(0.607954 1.75592 2.12636e-19)
(0.58581 1.72243 -9.87408e-20)
(0.561559 1.68921 0)
(0.538847 1.66343 0)
(0.570272 1.69912 -1.8335e-19)
(0.728084 2.14909 -5.468e-21)
(0.927246 3.03571 1.31107e-19)
(0.97844 3.21538 8.15904e-20)
(0.873117 2.79454 2.42748e-19)
(0.446044 1.32773 -4.55107e-19)
(0.0237569 0.303207 5.89054e-19)
(-0.202725 -0.45505 -4.15339e-19)
(-0.343905 -0.846754 0)
(-0.328045 -0.961053 -2.46507e-20)
(-0.159495 -0.568781 8.42103e-19)
(0.00781194 0.145162 5.8321e-19)
(0.283115 0.917844 0)
(0.501041 1.47685 0)
(0.568196 1.71149 0)
(0.576782 1.7735 8.48379e-20)
(0.571826 1.77111 -2.09177e-19)
(0.555706 1.7427 -9.74124e-20)
(0.534145 1.70987 0)
(0.515458 1.68354 0)
(0.549796 1.70926 1.10981e-19)
(0.72076 2.09858 4.22935e-20)
(0.940049 2.98396 -6.29324e-20)
(1.02772 3.18567 1.52062e-20)
(0.94753 2.89416 9.68599e-20)
(0.594811 1.64102 -2.44646e-19)
(0.168523 0.393147 2.54386e-19)
(-0.0216427 -0.366272 -2.70481e-19)
(-0.194694 -0.829309 0)
(-0.273006 -1.10599 2.32089e-20)
(-0.172319 -0.851622 4.32717e-19)
(-0.00173745 0.0767354 -5.47187e-19)
(0.190007 0.762641 1.88644e-19)
(0.418462 1.37055 2.91845e-19)
(0.5107 1.66952 -1.39377e-20)
(0.532898 1.7674 -1.80214e-19)
(0.534745 1.77406 -1.20652e-19)
(0.526044 1.75303 2.74174e-19)
(0.508718 1.72235 -4.55721e-21)
(0.490117 1.69687 0)
(0.519551 1.71548 3.19113e-20)
(0.685877 2.01411 -1.48705e-20)
(0.94085 2.88298 4.47304e-20)
(1.05259 3.12144 0)
(1.06091 2.93126 -5.50965e-20)
(0.880851 2.21217 0)
(0.460976 0.940448 -5.30542e-20)
(0.227416 0.101621 -1.04001e-20)
(-0.00832545 -0.48963 0)
(-0.119079 -1.08844 0)
(-0.155081 -1.02593 2.61989e-19)
(-0.0019292 -0.00195607 4.41826e-19)
(0.0619924 0.386959 -1.65815e-19)
(0.334576 1.19483 1.31256e-19)
(0.454616 1.59868 -2.08054e-19)
(0.488707 1.74955 8.20731e-20)
(0.495424 1.77639 -2.88577e-20)
(0.493581 1.76344 1.92573e-20)
(0.479089 1.72888 -3.57002e-20)
(0.461847 1.69928 -2.45528e-20)
(0.47538 1.70815 -2.29237e-20)
(0.611438 1.9111 5.93012e-21)
(0.871936 2.69701 0)
(1.05874 3.00617 4.66584e-21)
(1.05525 2.89742 0)
(1.02827 2.50567 0)
(0.809823 1.7148 0)
(0.53326 0.878126 7.73682e-20)
(0.27819 0.122685 -1.54771e-19)
(0.0487302 -0.534261 -6.9617e-21)
(-0.0421212 -0.911047 1.46633e-19)
(-0.000741853 -0.0567638 7.82151e-20)
(0.00808122 0.124447 7.33923e-20)
(0.216641 0.886039 -5.9795e-20)
(0.383754 1.4591 -4.60748e-20)
(0.441084 1.69959 3.72409e-20)
(0.45459 1.76045 2.69232e-20)
(0.456045 1.75888 1.93427e-20)
(0.448163 1.73012 0)
(0.427891 1.68976 -1.06569e-20)
(0.426452 1.6863 -6.50304e-21)
(0.4969 1.8006 1.45931e-20)
(0.708526 2.45367 0)
(0.933087 2.86054 1.2096e-20)
(0.978477 2.8349 -1.80176e-20)
(0.964944 2.63578 0)
(0.875124 2.20961 0)
(0.661401 1.51806 -1.13844e-20)
(0.423534 0.834085 0)
(0.147145 0.0167874 -9.89681e-21)
(-0.00359884 -0.497505 0)
(-0.00209269 -0.0756573 0)
(-0.000614051 -0.0203595 0)
(0.0699401 0.389063 0)
(0.288534 1.20522 0)
(0.382596 1.61278 -9.33532e-34)
(0.406885 1.74416 7.23205e-34)
(0.410473 1.75289 0)
(0.408397 1.72996 0)
(0.385953 1.67423 0)
(0.373121 1.65293 0)
(0.395596 1.71637 0)
(0.49593 2.14808 0)
(0.750577 2.72493 0)
(0.818295 2.76155 0)
(0.813637 2.66326 0)
(0.770646 2.40196 0)
(0.635563 1.89504 0)
(0.433838 1.26203 0)
(0.185453 0.531283 0)
(0.0381995 -0.0437034 0)
(0.000209621 -0.0758871 0)
(0.00353135 -0.10311 0)
(0.00444948 0.0932045 0)
(0.181256 0.863453 0)
(0.315313 1.44896 0)
(0.357039 1.69202 0)
(0.360068 1.74077 0)
(0.358537 1.72563 0)
(0.338156 1.66289 0)
(0.315725 1.62202 0)
(0.310659 1.66189 0)
(0.344066 1.98196 0)
(0.584415 2.62083 0)
(0.661776 2.73329 0)
(0.645323 2.68946 0)
(0.615367 2.52132 0)
(0.536125 2.15894 0)
(0.387228 1.59408 0)
(0.18705 0.957816 0)
(0.0367029 0.35006 0)
(0.00106973 -0.0727844 0)
(0.00501977 -0.142101 0)
(-0.0043155 -0.0252429 0)
(0.0865222 0.579335 0)
(0.244006 1.31031 0)
(0.299109 1.64137 0)
(0.30202 1.72566 0)
(0.297651 1.71774 0)
(0.28181 1.65407 0)
(0.254468 1.59823 0)
(0.234802 1.63042 0)
(0.225599 1.89295 0)
(0.434689 2.53596 0)
(0.501124 2.74069 0)
(0.47944 2.73596 0)
(0.444867 2.63927 0)
(0.395318 2.37961 0)
(0.294079 1.90477 0)
(0.130692 1.33478 0)
(0.0141589 0.714061 0)
(0.00339789 -0.083851 0)
(0.0143439 -0.189231 0)
(0.0176212 -0.108407 0)
(0.0314788 0.295611 0)
(0.185026 1.13549 0)
(0.244806 1.58042 0)
(0.238894 1.70931 0)
(0.231831 1.7092 0)
(0.219061 1.65243 0)
(0.195121 1.58817 0)
(0.17403 1.61815 0)
(0.136988 1.8492 0)
(0.310815 2.47491 0)
(0.377837 2.75749 0)
(0.331899 2.79577 0)
(0.29813 2.75203 0)
(0.260079 2.56747 0)
(0.196727 2.17094 0)
(0.0770896 1.65133 0)
(-0.00343084 0.990083 0)
(0.00843864 -0.127428 0)
(0.0279366 -0.258643 0)
(0.0386372 -0.15688 0)
(0.00502935 0.231316 0)
(0.126525 1.05303 0)
(0.179478 1.53389 0)
(0.168425 1.69293 0)
(0.16008 1.70072 0)
(0.156354 1.65148 0)
(0.141065 1.58853 0)
(0.12297 1.62036 0)
(0.0633015 1.83344 0)
(0.215988 2.44152 0)
(0.280888 2.77681 0)
(0.229201 2.85645 0)
(0.190138 2.84292 0)
(0.163092 2.71226 0)
(0.122694 2.38208 0)
(0.0340817 1.91577 0)
(-0.0132768 1.21051 0)
(0.0125155 -0.205621 0)
(0.0288589 -0.336601 0)
(0.0315553 -0.180239 0)
(-0.00891212 0.2582 0)
(0.0653143 1.00738 0)
(0.10507 1.50513 0)
(0.0920311 1.67306 0)
(0.0877399 1.68568 0)
(0.0968101 1.64573 0)
(0.0958116 1.5921 0)
(0.0839232 1.62887 0)
(0.0111416 1.83611 0)
(0.140243 2.42613 0)
(0.210582 2.8002 0)
(0.159694 2.90959 0)
(0.119387 2.91865 0)
(0.0985936 2.8194 0)
(0.0729277 2.5215 0)
(0.00620852 2.06415 0)
(-0.0195217 1.25148 0)
(0.0101141 -0.286676 0)
(0.0205071 -0.373476 0)
(-0.00117038 -0.131954 0)
(-0.0374081 0.335637 0)
(-0.000266954 1.02409 0)
(0.0261562 1.49031 0)
(0.00795458 1.6512 0)
(0.0170828 1.66655 0)
(0.0442452 1.63678 0)
(0.0586549 1.59455 0)
(0.0521765 1.63866 0)
(-0.031171 1.84386 0)
(0.0865365 2.42985 0)
(0.15623 2.82476 0)
(0.108552 2.95232 0)
(0.0704716 2.97274 0)
(0.0564566 2.89109 0)
(0.0402337 2.61679 0)
(-0.00917041 2.15592 0)
(-0.0225999 1.2264 0)
(0.00651593 -0.325705 0)
(-0.00418186 -0.369938 0)
(-0.0392768 -0.0399183 0)
(-0.0783612 0.456611 0)
(-0.0627382 1.08389 0)
(-0.0618855 1.47397 0)
(-0.0733806 1.61796 0)
(-0.0445605 1.64361 0)
(0.00349831 1.62262 0)
(0.0297946 1.58809 0)
(0.0286455 1.64076 0)
(-0.0585552 1.85144 0)
(0.046976 2.42984 0)
(0.115343 2.84302 0)
(0.0698395 2.98318 0)
(0.0337273 3.0119 0)
(0.0219868 2.93497 0)
(0.00868396 2.65892 0)
(-0.0333574 2.16558 0)
(-0.0258929 1.1545 0)
(-0.00361413 -0.316795 0)
(-0.0303804 -0.276723 0)
(-0.0841952 0.0961266 0)
(-0.128921 0.599349 0)
(-0.131112 1.13305 0)
(-0.135012 1.44092 0)
(-0.133842 1.57385 0)
(-0.0876459 1.61761 0)
(-0.0282577 1.60329 0)
(0.0108726 1.57185 0)
(0.0147632 1.63388 0)
(-0.0766306 1.85202 0)
(0.017046 2.43212 0)
(0.083533 2.85303 0)
(0.0359015 3.0013 0)
(0.000614408 3.03325 0)
(-0.00821743 2.95683 0)
(-0.016234 2.67629 0)
(-0.0445339 2.14896 0)
(-0.0272085 1.03972 0)
(-0.0101765 -0.247836 0)
(-0.0471203 -0.162332 0)
(-0.109093 0.204732 0)
(-0.156922 0.680501 0)
(-0.159764 1.12969 0)
(-0.165238 1.38993 0)
(-0.156875 1.52311 0)
(-0.111462 1.58222 0)
(-0.0529611 1.57391 0)
(-0.00710152 1.54806 0)
(0.00619076 1.61287 0)
(-0.0860317 1.84411 0)
(-0.00301826 2.42844 0)
(0.0558594 2.85705 0)
(0.00717784 3.01093 0)
(-0.0252747 3.04639 0)
(-0.0288532 2.96596 0)
(-0.0348713 2.67462 0)
(-0.051373 2.10736 0)
(-0.0242229 0.92192 0)
(-0.0114172 -0.144634 0)
(-0.0485037 -0.0120997 0)
(-0.109354 0.328989 0)
(-0.156919 0.751865 0)
(-0.15568 1.1281 0)
(-0.160626 1.34822 0)
(-0.146122 1.47586 0)
(-0.116839 1.53901 0)
(-0.0706064 1.54135 0)
(-0.0266888 1.52293 0)
(0.00553327 1.5873 0)
(-0.0860559 1.82668 0)
(-0.016303 2.42002 0)
(0.0365108 2.85563 0)
(-0.0163534 3.0148 0)
(-0.0451876 3.05191 0)
(-0.046244 2.97062 0)
(-0.043294 2.66619 0)
(-0.0508994 2.05871 0)
(-0.017735 0.820188 0)
(-0.00926757 -0.0442419 0)
(-0.039442 0.121589 0)
(-0.0903763 0.434202 0)
(-0.134183 0.810865 0)
(-0.142624 1.13302 0)
(-0.139981 1.32606 0)
(-0.122067 1.43897 0)
(-0.1052 1.4968 0)
(-0.0770901 1.51025 0)
(-0.0412265 1.50402 0)
(-0.00112196 1.569 0)
(-0.0830805 1.81834 0)
(-0.0220619 2.41594 0)
(0.0203186 2.85355 0)
(-0.0320052 3.01676 0)
(-0.0542756 3.05611 0)
(-0.0483888 2.9672 0)
(-0.0437782 2.64662 0)
(-0.0453873 1.99392 0)
(-0.0101041 0.730125 0)
(-0.00591608 0.040465 0)
(-0.0277602 0.244047 0)
(-0.068516 0.533945 0)
(-0.106237 0.867908 0)
(-0.117509 1.14844 0)
(-0.116806 1.31805 0)
(-0.0994548 1.41513 0)
(-0.0878013 1.46196 0)
(-0.0728098 1.47717 0)
(-0.0500209 1.48436 0)
(-0.00677516 1.55845 0)
(-0.081715 1.82004 0)
(-0.0267916 2.41684 0)
(0.0107248 2.85375 0)
(-0.039387 3.01854 0)
(-0.0534976 3.05812 0)
(-0.0457439 2.96492 0)
(-0.0412271 2.63053 0)
(-0.0374047 1.93362 0)
(-0.00413157 0.661646 0)
(-0.00336857 0.0985668 0)
(-0.0179368 0.336412 0)
(-0.0495665 0.616634 0)
(-0.0823631 0.922224 0)
(-0.0946699 1.17102 0)
(-0.097324 1.32075 0)
(-0.0847896 1.40502 0)
(-0.0766895 1.44185 0)
(-0.0651104 1.45154 0)
(-0.0500347 1.46698 0)
(-0.00618177 1.55821 0)
(-0.0808489 1.82476 0)
(-0.0315428 2.42185 0)
(0.00271782 2.85649 0)
(-0.0420366 3.02209 0)
(-0.049647 3.05961 0)
(-0.0404355 2.95804 0)
(-0.0345556 2.60055 0)
(-0.0299302 1.86901 0)
(-0.00124297 0.608464 0)
(-0.00177458 0.136963 0)
(-0.0108668 0.405693 0)
(-0.0345048 0.682257 0)
(-0.0623602 0.96669 0)
(-0.0734257 1.19356 0)
(-0.0771351 1.32943 0)
(-0.0715382 1.40533 0)
(-0.0688675 1.43766 0)
(-0.058441 1.44422 0)
(-0.0461086 1.46108 0)
(-0.00421245 1.55851 0)
(-0.0814189 1.82837 0)
(-0.0355416 2.42612 0)
(-0.00275683 2.86248 0)
(-0.0408471 3.02643 0)
(-0.0462556 3.06049 0)
(-0.0378308 2.95156 0)
(-0.0313229 2.57925 0)
(-0.023441 1.81354 0)
(-0.00138898 0.571545 0)
(-0.000850758 0.159887 0)
(-0.00598672 0.453699 0)
(-0.0221411 0.733198 0)
(-0.0453404 1.00376 0)
(-0.0563663 1.21381 0)
(-0.0579315 1.3392 0)
(-0.0557653 1.40924 0)
(-0.0594897 1.43963 0)
(-0.053552 1.44603 0)
(-0.0424903 1.45924 0)
(-0.000773422 1.55727 0)
(-0.0793734 1.83431 0)
(-0.0381261 2.43667 0)
(-0.0050825 2.86828 0)
(-0.0417153 3.0286 0)
(-0.0435759 3.05801 0)
(-0.0343179 2.93747 0)
(-0.0276782 2.54283 0)
(-0.0197467 1.75219 0)
(-0.0018781 0.541076 0)
(-0.000302845 0.172523 0)
(-0.00291653 0.485127 0)
(-0.013152 0.770221 0)
(-0.0301527 1.0323 0)
(-0.041634 1.23042 0)
(-0.0420545 1.3474 0)
(-0.0409619 1.41026 0)
(-0.0483286 1.43762 0)
(-0.0500233 1.44451 0)
(-0.0422304 1.45728 0)
(0.00298138 1.551 0)
(-0.0713357 1.83771 0)
(-0.0359617 2.44118 0)
(-0.0117486 2.87121 0)
(-0.0438109 3.02859 0)
(-0.0433197 3.05537 0)
(-0.0339415 2.92903 0)
(-0.0261415 2.52201 0)
(-0.0174116 1.70556 0)
(-0.00127444 0.519374 0)
(-1.04972e-05 0.178176 0)
(-0.00122666 0.504102 0)
(-0.00757537 0.79674 0)
(-0.0196507 1.05433 0)
(-0.0307077 1.24366 0)
(-0.0322344 1.35407 0)
(-0.0289397 1.41009 0)
(-0.0365656 1.43282 0)
(-0.0438729 1.43921 0)
(-0.0432645 1.45472 0)
(0.00463245 1.54857 0)
(-0.0606317 1.835 0)
(-0.034968 2.43956 0)
(-0.0173568 2.87059 0)
(-0.0454418 3.02625 0)
(-0.0427123 3.05001 0)
(-0.0322992 2.91209 0)
(-0.0241494 2.48259 0)
(-0.0153309 1.64574 0)
(-0.000719061 0.496996 0)
(4.45943e-05 0.180878 0)
(-0.000826926 0.516621 0)
(-0.00551331 0.817241 0)
(-0.0140157 1.07308 0)
(-0.0230974 1.25548 0)
(-0.0277645 1.36059 0)
(-0.023872 1.41189 0)
(-0.0283441 1.42956 0)
(-0.0355613 1.43271 0)
(-0.0420323 1.45179 0)
(0.00433552 1.54982 0)
(-0.0508995 1.83259 0)
(-0.0336293 2.43825 0)
(-0.0208899 2.86881 0)
(-0.0440737 3.02396 0)
(-0.0405657 3.04561 0)
(-0.0306045 2.90263 0)
(-0.0231312 2.46072 0)
(-0.013317 1.60545 0)
(-0.000470488 0.482563 0)
(6.11042e-05 0.182318 0)
(-0.000517074 0.524969 0)
(-0.00424118 0.831764 0)
(-0.0106623 1.08694 0)
(-0.0169449 1.26492 0)
(-0.0235142 1.36702 0)
(-0.020987 1.41623 0)
(-0.0232692 1.43094 0)
(-0.0292182 1.43247 0)
(-0.0390179 1.45116 0)
(0.00402419 1.55365 0)
(-0.0463026 1.83874 0)
(-0.0338682 2.43933 0)
(-0.0238278 2.87111 0)
(-0.0424997 3.02401 0)
(-0.0368918 3.04156 0)
(-0.0289305 2.8854 0)
(-0.0224891 2.41968 0)
(-0.0118692 1.54601 0)
(-0.000830339 0.464291 0)
(-1.32889e-05 0.183725 0)
(-0.000523008 0.532101 0)
(-0.00394425 0.844721 0)
(-0.00991512 1.10016 0)
(-0.014394 1.27367 0)
(-0.0213378 1.37235 0)
(-0.0202205 1.42006 0)
(-0.0205805 1.43316 0)
(-0.025218 1.43412 0)
(-0.0347529 1.4533 0)
(0.00264093 1.55677 0)
(-0.0444872 1.84344 0)
(-0.0329841 2.44175 0)
(-0.0239634 2.87417 0)
(-0.0411762 3.02566 0)
(-0.0361172 3.03996 0)
(-0.0287225 2.87674 0)
(-0.0220179 2.39884 0)
(-0.0103994 1.51355 0)
(-0.00169646 0.455126 0)
(-0.000106252 0.185092 0)
(-0.000454126 0.538425 0)
(-0.00305117 0.85657 0)
(-0.00808508 1.11254 0)
(-0.0109502 1.28291 0)
(-0.017481 1.37832 0)
(-0.019274 1.42342 0)
(-0.0186358 1.43529 0)
(-0.0220894 1.43459 0)
(-0.0320596 1.45388 0)
(0.00268337 1.55719 0)
(-0.0455157 1.85329 0)
(-0.0331193 2.44774 0)
(-0.023074 2.88031 0)
(-0.0407918 3.02727 0)
(-0.0359586 3.0365 0)
(-0.0300936 2.85912 0)
(-0.0234762 2.35651 0)
(-0.0110172 1.45346 0)
(-0.00235658 0.437148 0)
(-0.000135061 0.186 0)
(-0.000616859 0.542165 0)
(-0.00264679 0.863347 0)
(-0.00713452 1.12033 0)
(-0.00916681 1.28797 0)
(-0.0139809 1.38144 0)
(-0.0172498 1.4251 0)
(-0.0168931 1.43599 0)
(-0.0182758 1.43333 0)
(-0.0314766 1.45309 0)
(0.00349387 1.55704 0)
(-0.0430515 1.86014 0)
(-0.0331561 2.45396 0)
(-0.0248687 2.88509 0)
(-0.0420884 3.02834 0)
(-0.037556 3.03462 0)
(-0.0315968 2.8493 0)
(-0.0237983 2.33389 0)
(-0.0106165 1.42312 0)
(-0.00225526 0.428567 0)
(-0.00016056 0.187385 0)
(-0.000648788 0.548108 0)
(-0.00252217 0.87367 0)
(-0.00666325 1.13108 0)
(-0.00857113 1.29709 0)
(-0.0123406 1.38683 0)
(-0.0165841 1.42833 0)
(-0.0160036 1.43841 0)
(-0.0166647 1.43388 0)
(-0.0318859 1.4528 0)
(0.00386015 1.55756 0)
(-0.0454442 1.86942 0)
(-0.0339375 2.464 0)
(-0.026575 2.89177 0)
(-0.0442874 3.0291 0)
(-0.0392923 3.03001 0)
(-0.0324441 2.82877 0)
(-0.0236513 2.28758 0)
(-0.0115296 1.36444 0)
(-0.00235715 0.410853 0)
(-0.00023478 0.187753 0)
(-0.000870932 0.550779 0)
(-0.00252806 0.878188 0)
(-0.00628461 1.13538 0)
(-0.0079503 1.30108 0)
(-0.0103337 1.38936 0)
(-0.0153525 1.42959 0)
(-0.0142421 1.44078 0)
(-0.0134073 1.43345 0)
(-0.0325597 1.45398 0)
(0.00492382 1.55898 0)
(-0.0464178 1.87366 0)
(-0.0346512 2.46894 0)
(-0.0301687 2.89331 0)
(-0.0465308 3.02753 0)
(-0.0409156 3.02724 0)
(-0.0342427 2.81737 0)
(-0.0243495 2.26274 0)
(-0.0108756 1.33549 0)
(-0.000928566 0.404702 0)
(-0.00037734 0.191118 0)
(-0.00142413 0.55928 0)
(-0.00327018 0.889664 0)
(-0.00647163 1.14505 0)
(-0.00853356 1.30985 0)
(-0.0101813 1.39559 0)
(-0.0141809 1.43313 0)
(-0.0150238 1.44369 0)
(-0.0112807 1.43694 0)
(-0.0331783 1.4546 0)
(0.00431614 1.56588 0)
(-0.0444907 1.88628 0)
(-0.0351332 2.47978 0)
(-0.0344123 2.89985 0)
(-0.0463307 3.02764 0)
(-0.0404744 3.01892 0)
(-0.0353204 2.78665 0)
(-0.0252217 2.19848 0)
(-0.0106678 1.26146 0)
(-0.00119722 0.380363 0)
(-0.39261 1.38657 6.55199e-23)
(0.247913 3.15915 5.49382e-20)
(0.147711 3.39392 -2.87758e-20)
(0.14185 3.4067 0)
(0.143696 3.35869 0)
(0.128395 3.31963 -3.97428e-19)
(0.111852 3.29655 4.36357e-19)
(0.0905505 3.26177 -4.29117e-19)
(0.0777325 3.19756 7.43799e-21)
(0.0315732 2.52358 5.32685e-19)
(-0.190416 2.14501 -1.24725e-23)
(0.0845591 3.24172 1.38818e-19)
(0.0626376 3.4009 0)
(0.0565083 3.36204 0)
(0.06166 3.32213 1.17977e-20)
(0.0587693 3.28895 8.082e-19)
(0.0516053 3.26545 -4.41515e-19)
(0.0406761 3.24328 -6.48064e-21)
(0.0355214 3.10038 6.48241e-21)
(-0.0152312 2.10519 0)
(-0.105062 2.00467 2.15407e-19)
(0.0433513 3.12394 -1.99806e-19)
(0.0440988 3.31042 0)
(0.0418417 3.30952 3.74157e-19)
(0.0376589 3.28917 -1.1356e-21)
(0.0352452 3.27183 -4.17537e-19)
(0.0321702 3.26295 -4.92106e-19)
(0.0329887 3.24858 -1.10353e-22)
(0.0265921 3.12475 6.59941e-21)
(-0.0349649 2.20358 0)
(-0.104539 1.97621 -7.25698e-20)
(-0.00647514 3.10583 0)
(0.00577696 3.28723 -2.00482e-19)
(0.00795718 3.29145 -1.67919e-19)
(0.0117336 3.2714 1.43033e-20)
(0.0170149 3.25502 -2.60556e-19)
(0.0254258 3.24415 2.30963e-19)
(0.0289827 3.23583 -8.23487e-21)
(0.0243646 3.12553 1.13026e-20)
(-0.0233293 2.23885 2.86665e-19)
(-0.090004 2.00676 -1.59368e-19)
(-0.0216468 3.08381 0)
(0.00036406 3.25156 4.2071e-19)
(0.00621083 3.25567 -2.30514e-19)
(0.0105223 3.24341 -5.61058e-22)
(0.0148552 3.23583 -1.01072e-21)
(0.0198998 3.2325 -1.58347e-20)
(0.0291125 3.2209 -2.93809e-19)
(0.0219084 3.11901 8.71363e-21)
(-0.0313439 2.29731 -5.99574e-19)
(-0.0838857 2.05496 0)
(-0.0364214 3.0789 -2.15006e-19)
(-0.0226901 3.23712 1.43441e-20)
(-0.0139837 3.23997 -1.56699e-20)
(-0.00334387 3.22779 1.59914e-20)
(0.00661354 3.21644 2.62839e-19)
(0.0178811 3.20851 2.74286e-19)
(0.023537 3.20348 5.79006e-19)
(0.0203616 3.11798 3.23385e-19)
(-0.0188989 2.34517 -1.52141e-20)
(-0.07087 2.13728 0)
(-0.0429513 3.08186 2.25587e-19)
(-0.0200673 3.20919 -2.43959e-19)
(-0.00780704 3.21072 -1.68087e-20)
(0.00153073 3.20001 3.47297e-20)
(0.0084989 3.19509 3.64432e-22)
(0.0149254 3.19345 -1.85915e-20)
(0.0244728 3.18664 -3.03275e-19)
(0.020552 3.1161 -3.15045e-19)
(-0.0217912 2.40974 -1.60404e-20)
(-0.064096 2.20855 2.673e-19)
(-0.0450463 3.08242 -1.22651e-20)
(-0.0321915 3.19433 8.45612e-21)
(-0.0215691 3.19313 0)
(-0.00908318 3.18384 0)
(0.00211096 3.1747 0)
(0.0139236 3.16868 0)
(0.0208238 3.16767 3.38458e-19)
(0.020895 3.10947 -3.49795e-19)
(-0.00975858 2.45753 3.42939e-19)
(-0.0532274 2.30435 2.45964e-20)
(-0.0449177 3.08498 2.75501e-19)
(-0.0264749 3.16789 0)
(-0.0129598 3.16468 -1.90788e-20)
(-0.00228445 3.15552 1.9517e-20)
(0.00560957 3.1523 0)
(0.0127491 3.15224 -1.05863e-20)
(0.0228433 3.14948 -3.28489e-19)
(0.0220811 3.10528 3.51042e-19)
(-0.010883 2.52388 0)
(-0.050753 2.39192 1.57448e-20)
(-0.0462143 3.08533 -4.22921e-19)
(-0.0351535 3.15134 0)
(-0.0233806 3.14602 0)
(-0.0108374 3.13815 2.0945e-20)
(0.000541379 3.13085 -1.76781e-19)
(0.0124552 3.12655 -2.21121e-20)
(0.0203196 3.12851 1.88396e-19)
(0.0230189 3.09422 0)
(-0.000477849 2.57492 0)
(-0.0412482 2.49033 -4.6015e-19)
(-0.0463442 3.08459 1.54978e-19)
(-0.0295496 3.12389 0)
(-0.0144579 3.11643 0)
(-0.00323393 3.10849 0)
(0.00515598 3.10652 3.6407e-19)
(0.0126901 3.10781 0)
(0.0229535 3.10819 -2.0101e-19)
(0.0244932 3.08668 1.24359e-20)
(-0.00103363 2.64325 2.10154e-19)
(-0.0366875 2.57506 1.64473e-19)
(-0.0437397 3.07211 -1.59386e-20)
(-0.0363185 3.10306 1.90705e-19)
(-0.024439 3.09559 1.8532e-19)
(-0.0115578 3.08882 0)
(0.000621012 3.08297 -1.87058e-19)
(0.0129742 3.08024 0)
(0.0215351 3.08455 0)
(0.0259135 3.07055 0)
(0.00764727 2.69754 -2.1113e-19)
(-0.0287833 2.67426 -1.74894e-19)
(-0.0419821 3.06372 1.79911e-19)
(-0.0298994 3.07221 -1.79618e-19)
(-0.01547 3.06338 -2.8321e-19)
(-0.00388158 3.05729 0)
(0.00574739 3.0567 2.53768e-20)
(0.0143733 3.05927 -1.29522e-20)
(0.0249404 3.06203 9.66487e-20)
(0.0278267 3.05835 1.20327e-19)
(0.00721442 2.76728 -1.23567e-19)
(-0.0256759 2.75845 1.79439e-19)
(-0.0391554 3.04066 -1.72866e-19)
(-0.0342673 3.04739 1.22169e-20)
(-0.0235707 3.04139 7.2024e-20)
(-0.0112518 3.03724 -1.04001e-19)
(0.00115138 3.03345 0)
(0.0140198 3.03192 1.11632e-19)
(0.0234658 3.03693 4.93351e-21)
(0.0290098 3.03666 -2.32722e-19)
(0.0139675 2.82402 -5.78355e-21)
(-0.019227 2.85407 -5.07594e-20)
(-0.0345627 3.02367 1.24759e-20)
(-0.024462 3.01781 -6.4756e-20)
(-0.0122682 3.01489 2.65343e-20)
(-0.00313346 3.01402 1.27322e-19)
(0.0054382 3.0132 -5.42983e-20)
(0.0128339 3.01462 -5.33813e-20)
(0.0227842 3.0163 -5.56872e-20)
(0.0275236 3.02023 1.19412e-19)
(0.0117595 2.89361 5.85043e-20)
(-0.012505 2.93682 4.07949e-20)
(-0.0206171 2.99834 1.81562e-20)
(-0.0156528 3.00114 3.57479e-20)
(-0.0101477 3.00151 -7.31591e-20)
(-0.00438101 3.00253 2.48088e-20)
(0.000475835 3.00222 5.02934e-20)
(0.00603552 3.00067 -5.22521e-20)
(0.0100389 2.9993 -5.48415e-20)
(0.0163152 2.99878 7.34869e-21)
(0.0107054 2.95086 5.18318e-20)
)
;

boundaryField
{
    wall-4
    {
        type            noSlip;
    }
    pressure-outlet-7
    {
        type            zeroGradient;
    }
    velocity-inlet-6
    {
        type            fixedValue;
        value           uniform (0 3 0);
    }
    velocity-inlet-5
    {
        type            fixedValue;
        value           uniform (1 0 0);
    }
    frontAndBackPlanes
    {
        type            empty;
    }
}


// ************************************************************************* //
