/*--------------------------------*- C++ -*----------------------------------*\
  =========                 |
  \\      /  F ield         | OpenFOAM: The Open Source CFD Toolbox
   \\    /   O peration     | Website:  https://openfoam.org
    \\  /    A nd           | Version:  6
     \\/     M anipulation  |
\*---------------------------------------------------------------------------*/
FoamFile
{
    version     2.0;
    format      ascii;
    class       volScalarField;
    location    "65.1";
    object      p;
}
// * * * * * * * * * * * * * * * * * * * * * * * * * * * * * * * * * * * * * //

dimensions      [0 2 -2 0 0 0 0];

internalField   nonuniform List<scalar> 
8800
(
0.858868
0.809551
0.771584
0.743511
0.723344
0.708748
0.698138
0.69058
0.685671
0.683571
0.684907
0.689223
0.695996
0.705404
0.71813
0.735445
0.759318
0.792413
0.835348
0.887862
0.693366
0.69971
0.708858
0.712403
0.709789
0.703693
0.696742
0.690484
0.685661
0.682763
0.682497
0.685094
0.689712
0.695823
0.702911
0.709937
0.71481
0.714682
0.708005
0.699105
0.666891
0.673125
0.677622
0.681488
0.684429
0.685368
0.684265
0.682124
0.680117
0.679244
0.68024
0.682664
0.685529
0.687784
0.688294
0.686499
0.683128
0.679111
0.674328
0.670612
0.662605
0.665369
0.667971
0.670123
0.671852
0.673409
0.674496
0.674828
0.674685
0.674747
0.675513
0.676623
0.677341
0.677174
0.676187
0.674825
0.67315
0.670843
0.668431
0.666864
0.657568
0.658992
0.660827
0.662901
0.664604
0.665883
0.666964
0.66792
0.668696
0.669392
0.670059
0.670484
0.670482
0.670099
0.669418
0.668294
0.666631
0.664732
0.663377
0.662574
0.652603
0.653505
0.654746
0.656365
0.658047
0.659564
0.660828
0.661923
0.662951
0.663921
0.664658
0.665008
0.664988
0.664598
0.663781
0.662581
0.661212
0.659941
0.659118
0.658594
0.647725
0.648381
0.649336
0.650644
0.652078
0.653578
0.65504
0.656372
0.657593
0.658744
0.659639
0.660088
0.660071
0.65961
0.658811
0.657856
0.656855
0.655945
0.655363
0.654979
0.642934
0.643439
0.644218
0.645348
0.646633
0.648031
0.649513
0.651019
0.652483
0.653877
0.654966
0.655522
0.655561
0.65521
0.654626
0.653923
0.653175
0.652505
0.652076
0.651777
0.638176
0.638577
0.63923
0.640239
0.641452
0.642795
0.64427
0.64587
0.647546
0.649219
0.650559
0.651303
0.651532
0.651408
0.651063
0.650579
0.650035
0.649559
0.649242
0.648999
0.633369
0.633697
0.634263
0.635193
0.636359
0.63769
0.639199
0.640899
0.642771
0.644741
0.646408
0.647454
0.647966
0.648106
0.647998
0.647741
0.647393
0.647079
0.646846
0.646642
0.628428
0.6287
0.629206
0.63009
0.63124
0.632599
0.634185
0.636028
0.638131
0.640446
0.642526
0.643963
0.644819
0.645256
0.645406
0.645377
0.645226
0.645055
0.644889
0.644714
0.623263
0.623492
0.62396
0.624828
0.626003
0.627431
0.629138
0.631179
0.633584
0.636328
0.638911
0.640816
0.642072
0.642851
0.643289
0.643499
0.643548
0.643506
0.643397
0.64324
0.617783
0.617978
0.618428
0.61931
0.620549
0.622091
0.623973
0.62628
0.629071
0.632351
0.635544
0.638005
0.63973
0.640899
0.641663
0.642129
0.642392
0.642474
0.642412
0.642269
0.611884
0.612053
0.6125
0.613425
0.614769
0.616477
0.618603
0.621258
0.624538
0.628476
0.63241
0.635538
0.637814
0.639433
0.640568
0.64134
0.641817
0.642019
0.641996
0.641861
0.605447
0.605593
0.606055
0.607051
0.608545
0.61048
0.612926
0.616028
0.619919
0.624669
0.629499
0.633421
0.636351
0.6385
0.640059
0.641168
0.641887
0.642214
0.642228
0.642097
0.598331
0.598454
0.598944
0.600043
0.601738
0.603972
0.60683
0.610496
0.615143
0.620884
0.626797
0.63167
0.635374
0.638147
0.640206
0.6417
0.642692
0.643148
0.643196
0.643066
0.590345
0.590452
0.590988
0.592223
0.59418
0.596795
0.600175
0.604547
0.610132
0.617082
0.624299
0.630306
0.634923
0.63843
0.641086
0.643036
0.644331
0.644923
0.645002
0.644868
0.581266
0.58137
0.581957
0.583366
0.585663
0.588762
0.5928
0.598052
0.604795
0.613218
0.622002
0.629359
0.635056
0.639427
0.642787
0.645265
0.646905
0.647641
0.647749
0.647608
0.570774
0.570864
0.571541
0.573185
0.575918
0.579635
0.584507
0.59087
0.599052
0.609273
0.619929
0.628871
0.635835
0.641221
0.645391
0.648495
0.650522
0.651406
0.651539
0.651387
0.558494
0.55857
0.559349
0.561306
0.5646
0.569115
0.575056
0.582825
0.592799
0.605212
0.618098
0.628892
0.637323
0.643891
0.649004
0.652824
0.655272
0.656306
0.656457
0.656291
0.543866
0.543935
0.544861
0.547231
0.551261
0.556826
0.564159
0.57373
0.585947
0.601028
0.616549
0.629484
0.63959
0.647508
0.653706
0.658327
0.661223
0.662396
0.662555
0.662372
0.526112
0.526174
0.527314
0.530271
0.53531
0.542289
0.551473
0.563383
0.578422
0.596734
0.615335
0.630708
0.642704
0.652141
0.659537
0.665048
0.668394
0.66968
0.669832
0.669629
0.504071
0.504137
0.505621
0.509453
0.515944
0.524914
0.536636
0.551641
0.570244
0.592434
0.614567
0.632657
0.646728
0.657835
0.666536
0.672975
0.67673
0.678083
0.67821
0.677986
0.475955
0.476051
0.478133
0.483382
0.492116
0.50402
0.519326
0.538458
0.56153
0.588303
0.614393
0.635424
0.651711
0.664591
0.674677
0.682015
0.686082
0.687427
0.687505
0.687263
0.438706
0.438927
0.442225
0.450086
0.462603
0.479023
0.499453
0.524017
0.55255
0.584584
0.614995
0.639124
0.65771
0.672391
0.68387
0.691977
0.696179
0.697417
0.697425
0.697169
0.386465
0.387556
0.39411
0.407368
0.426493
0.449895
0.477405
0.508818
0.543755
0.581616
0.616588
0.643876
0.664744
0.681153
0.693909
0.702553
0.70663
0.707657
0.707585
0.707321
0.310768
0.318192
0.333222
0.356378
0.385372
0.418121
0.45425
0.493505
0.535523
0.579704
0.619569
0.65022
0.673548
0.691817
0.705708
0.714612
0.718407
0.719205
0.71908
0.718846
0.230285
0.246499
0.270903
0.304716
0.344093
0.38635
0.431149
0.478415
0.52789
0.579031
0.624625
0.659393
0.685677
0.706092
0.721145
0.729913
0.73312
0.733652
0.733553
0.733406
0.161335
0.181147
0.213383
0.256384
0.305015
0.356226
0.409468
0.464608
0.521368
0.579213
0.630213
0.668783
0.69775
0.719946
0.735645
0.743996
0.746677
0.747106
0.747068
0.746973
0.104911
0.126948
0.164574
0.214162
0.270044
0.328771
0.389487
0.451888
0.51553
0.579764
0.635869
0.677988
0.70939
0.733117
0.749439
0.757754
0.760278
0.760665
0.76066
0.760594
0.0581665
0.0815247
0.123056
0.177794
0.239485
0.30442
0.371541
0.440385
0.510308
0.58051
0.641516
0.68705
0.720808
0.746134
0.763236
0.771697
0.77426
0.774645
0.774662
0.774618
0.0184754
0.042626
0.0870414
0.145973
0.212564
0.282802
0.355464
0.430012
0.505672
0.581485
0.647175
0.696052
0.732119
0.759015
0.777023
0.785946
0.788635
0.789029
0.789057
0.78903
-0.016199
0.00848271
0.0551577
0.117565
0.188346
0.26321
0.340812
0.420552
0.501536
0.582611
0.652768
0.704872
0.743234
0.771703
0.790705
0.800115
0.803016
0.803443
0.803473
0.80346
-0.0473569
-0.022238
0.0263002
0.0916703
0.16609
0.245039
0.327101
0.411597
0.497525
0.583622
0.658083
0.713309
0.753884
0.783888
0.803814
0.813756
0.816915
0.817402
0.817437
0.817429
-0.0760158
-0.0504929
-0.000359523
0.0675949
0.145216
0.227787
0.313869
0.402751
0.493362
0.584305
0.662953
0.721208
0.763894
0.795353
0.816167
0.826596
0.829994
0.830572
0.830585
0.830574
-0.102981
-0.0770202
-0.0254545
0.0448226
0.125272
0.211076
0.300816
0.393774
0.48882
0.584418
0.667205
0.728425
0.773161
0.805972
0.827575
0.838417
0.842002
0.842626
0.842617
0.842594
-0.128645
-0.10226
-0.0493712
0.0229704
0.105944
0.194661
0.287732
0.38445
0.483677
0.583823
0.670726
0.734933
0.781652
0.815724
0.837971
0.849067
0.852778
0.853422
0.853387
0.853345
-0.153443
-0.126551
-0.0724387
0.00177326
0.0870128
0.178347
0.274447
0.374638
0.477823
0.582411
0.673454
0.740702
0.789406
0.824622
0.847367
0.858621
0.862333
0.862963
0.862893
0.862832
-0.177511
-0.150106
-0.0948357
-0.0189359
0.0683285
0.16202
0.260873
0.364272
0.471182
0.580085
0.675337
0.745751
0.796499
0.832802
0.855886
0.867104
0.870761
0.871357
0.871264
0.871183
-0.200978
-0.173028
-0.116682
-0.0392486
0.0498286
0.145633
0.246978
0.353306
0.463694
0.576779
0.676314
0.750099
0.803038
0.840404
0.86367
0.874705
0.878209
0.878732
0.878617
0.87852
-0.223942
-0.195433
-0.138026
-0.0592009
0.0314812
0.129176
0.232756
0.341743
0.455351
0.572447
0.676323
0.753746
0.809138
0.847622
0.870925
0.881572
0.884797
0.885213
0.885061
0.884951
-0.24646
-0.217313
-0.158881
-0.0787972
0.0133086
0.112666
0.21824
0.329615
0.446166
0.567051
0.675293
0.756657
0.814891
0.854675
0.877864
0.88786
0.890618
0.890864
0.890685
0.890569
-0.26839
-0.23864
-0.179231
-0.0980252
-0.00466182
0.0961635
0.203484
0.316985
0.436183
0.560596
0.673151
0.758751
0.820318
0.861797
0.884843
0.893831
0.895815
0.89579
0.895585
0.895478
-0.289708
-0.259379
-0.199064
-0.116848
-0.0223805
0.0797212
0.188571
0.303918
0.425468
0.55309
0.669833
0.75991
0.825355
0.86916
0.892354
0.900051
0.900719
0.900107
0.899859
0.899812
-0.310467
-0.279502
-0.218355
-0.135237
-0.0397902
0.0634182
0.173584
0.290511
0.414104
0.544581
0.66527
0.759995
0.829828
0.876739
0.900877
0.907497
0.906223
0.904216
0.90364
0.903871
-0.330517
-0.298982
-0.237051
-0.153129
-0.0568355
0.0473368
0.158617
0.276869
0.402201
0.535154
0.659423
0.75884
0.833476
0.8842
0.910495
0.9173
0.914379
0.909845
0.907106
0.905977
-0.349949
-0.317824
-0.255159
-0.170556
-0.073551
0.0314377
0.14362
0.262936
0.389686
0.524745
0.652135
0.756189
0.836052
0.891042
0.920638
0.929796
0.927386
0.920246
0.91071
0.911101
-0.368679
-0.336095
-0.272812
-0.187714
-0.0902298
0.0153916
0.128178
0.248229
0.376019
0.512731
0.642755
0.751291
0.837123
0.896677
0.929791
0.942942
0.941801
0.930635
0.912146
0.910258
-0.386572
-0.353756
-0.289845
-0.204415
-0.106608
-0.000500569
0.112498
0.233067
0.361488
0.499345
0.631315
0.743448
0.83583
0.899906
0.933862
0.947458
0.948306
0.922953
0.865205
0.840257
-0.403506
-0.371676
-0.305856
-0.220213
-0.121915
-0.0157587
0.0968597
0.217726
0.346371
0.484754
0.617875
0.73205
0.831088
0.899775
0.928005
0.936422
0.922955
0.871421
0.809443
0.771679
-0.446499
-0.389127
-0.320583
-0.23599
-0.136897
-0.0313399
0.0814036
0.202082
0.330466
0.468606
0.602026
0.716448
0.818989
0.893023
0.909915
0.89661
0.848789
0.783463
0.714469
0.676552
-0.421677
-0.40349
-0.343026
-0.257759
-0.160055
-0.0547449
0.0572927
0.177293
0.304736
0.441452
0.573499
0.685982
0.780205
0.861458
0.844666
0.735722
0.644834
0.581691
0.517522
0.544252
-0.452617
-0.421118
-0.359817
-0.275039
-0.177692
-0.0725479
0.0396461
0.158969
0.285367
0.420295
0.549759
0.658756
0.742327
0.787766
0.735929
0.596105
0.486805
0.413125
0.330892
0.37609
-0.476649
-0.442715
-0.379657
-0.294808
-0.197522
-0.0924025
0.0196567
0.138166
0.263176
0.395688
0.521335
0.624396
0.696297
0.703859
0.597112
0.441669
0.312401
0.219786
0.124218
0.155419
-0.500063
-0.46505
-0.400593
-0.315071
-0.217708
-0.112714
-0.00118308
0.116342
0.239725
0.369398
0.490188
0.585157
0.639977
0.614891
0.456518
0.279308
0.11932
-0.0146028
-0.13898
-0.126358
-0.523219
-0.487793
-0.422403
-0.336272
-0.238766
-0.133993
-0.0231325
0.0932518
0.214707
0.341105
0.456169
0.543022
0.577169
0.506776
0.318229
0.120999
-0.0660753
-0.219962
-0.425398
-0.504516
-0.546803
-0.511405
-0.445453
-0.35888
-0.261206
-0.156612
-0.0463615
0.0688385
0.188228
0.311057
0.419919
0.497481
0.506098
0.384163
0.192117
-0.0171066
-0.209217
-0.370976
-0.49478
-0.613109
-0.571895
-0.536375
-0.470101
-0.383281
-0.285571
-0.181257
-0.0717192
0.042108
0.15907
0.277739
0.37997
0.444825
0.426093
0.267725
0.0741127
-0.129097
-0.304494
-0.4018
-0.427987
-0.441483
-0.598621
-0.562996
-0.496483
-0.409572
-0.31201
-0.208156
-0.0995844
0.0125439
0.126609
0.24035
0.335469
0.382784
0.344778
0.155816
-0.0358929
-0.218861
-0.351305
-0.389236
-0.398157
-0.398485
-0.627261
-0.591393
-0.524637
-0.43774
-0.340475
-0.237317
-0.129984
-0.0199138
0.090769
0.198852
0.285802
0.31693
0.247534
0.0535298
-0.132042
-0.290959
-0.365314
-0.379415
-0.380515
-0.380403
-0.657827
-0.621599
-0.55458
-0.467784
-0.370983
-0.268735
-0.16293
-0.0552883
0.051553
0.153346
0.230792
0.247328
0.139633
-0.0391607
-0.214843
-0.340886
-0.369663
-0.370316
-0.370795
-0.370368
-0.690063
-0.653443
-0.586211
-0.499621
-0.403449
-0.302358
-0.198402
-0.0935601
0.00900928
0.103957
0.171665
0.169277
0.0438503
-0.124564
-0.280314
-0.352151
-0.367056
-0.365144
-0.364858
-0.364421
-0.723402
-0.686577
-0.619263
-0.533017
-0.43768
-0.338025
-0.236249
-0.134607
-0.0366463
0.0510758
0.108852
0.0902147
-0.0444974
-0.199408
-0.323296
-0.360541
-0.360098
-0.360968
-0.36094
-0.360629
-0.757399
-0.720462
-0.653241
-0.567543
-0.473315
-0.375403
-0.276175
-0.178152
-0.0851218
-0.00438865
0.0409804
0.0155925
-0.124999
-0.257838
-0.346825
-0.355548
-0.357443
-0.358122
-0.357971
-0.357851
-0.791097
-0.7542
-0.687392
-0.602546
-0.509783
-0.413999
-0.317704
-0.223702
-0.135989
-0.0616029
-0.0270154
-0.0594131
-0.194413
-0.302296
-0.351173
-0.362149
-0.357509
-0.355491
-0.354818
-0.354708
-0.822575
-0.786476
-0.720661
-0.637112
-0.546281
-0.453088
-0.360148
-0.27051
-0.188466
-0.120188
-0.0902066
-0.138115
-0.252727
-0.34298
-0.365098
-0.363864
-0.357782
-0.352667
-0.351174
-0.350746
-0.850792
-0.815755
-0.751617
-0.670012
-0.58172
-0.491699
-0.402607
-0.317648
-0.241281
-0.179639
-0.151764
-0.207084
-0.299795
-0.370111
-0.393786
-0.378725
-0.364003
-0.356731
-0.354232
-0.353072
-0.872967
-0.839887
-0.778463
-0.699686
-0.614744
-0.528615
-0.443947
-0.364029
-0.29315
-0.238011
-0.213114
-0.261336
-0.333719
-0.37809
-0.381639
-0.388454
-0.391144
-0.387715
-0.38329
-0.381004
-0.886946
-0.856672
-0.799069
-0.72434
-0.643789
-0.562399
-0.482842
-0.408299
-0.343096
-0.292211
-0.269104
-0.305866
-0.359229
-0.387442
-0.385864
-0.401701
-0.411515
-0.409663
-0.406107
-0.4055
-0.889991
-0.863659
-0.811266
-0.74207
-0.667186
-0.591533
-0.517839
-0.448901
-0.389847
-0.341313
-0.315604
-0.343055
-0.381904
-0.415682
-0.406418
-0.396984
-0.391637
-0.390156
-0.390569
-0.390945
-0.879807
-0.858354
-0.812903
-0.751074
-0.683407
-0.614669
-0.547446
-0.484506
-0.430994
-0.387238
-0.346387
-0.373075
-0.376228
-0.428362
-0.412063
-0.386206
-0.376862
-0.37675
-0.376963
-0.376408
-0.853658
-0.837858
-0.801976
-0.7501
-0.691346
-0.630855
-0.570593
-0.514061
-0.464536
-0.428649
-0.378545
-0.362355
-0.314576
-0.310392
-0.340486
-0.355296
-0.366146
-0.373968
-0.377154
-0.377739
-0.81501
-0.804892
-0.779509
-0.73936
-0.691031
-0.639656
-0.587263
-0.536293
-0.491546
-0.459181
-0.42352
-0.370864
-0.268287
-0.188601
-0.234059
-0.328032
-0.387021
-0.411481
-0.420596
-0.423379
-0.771033
-0.765287
-0.750578
-0.721916
-0.684609
-0.64196
-0.597331
-0.551903
-0.510952
-0.478764
-0.456065
-0.433586
-0.418377
-0.34696
-0.404953
-0.49356
-0.557125
-0.570213
-0.571951
-0.574083
-0.732098
-0.728647
-0.721699
-0.703394
-0.675024
-0.640056
-0.601229
-0.561325
-0.521738
-0.492355
-0.468566
-0.550265
-0.797382
-1.15156
-1.26121
-1.1958
-1.0717
-0.905634
-0.809328
-0.798006
-0.704594
-0.702587
-0.69907
-0.688083
-0.666316
-0.636504
-0.601996
-0.563306
-0.524995
-0.490347
-0.471108
-0.524009
-0.677218
-0.841639
-0.994605
-0.980623
-0.929048
-0.837159
-0.745619
-0.702747
-0.684685
-0.684006
-0.682862
-0.677329
-0.660963
-0.634506
-0.60049
-0.562146
-0.519462
-0.474363
-0.45228
-0.42647
-0.36131
-0.267471
-0.164132
-0.0841994
-0.0351434
-0.00905926
0.0176349
0.036531
-0.673133
-0.6729
-0.67228
-0.669557
-0.658169
-0.633711
-0.598811
-0.558173
-0.508207
-0.457842
-0.411863
-0.340262
-0.158001
0.112255
0.354798
0.541474
0.639441
0.677404
0.694023
0.699085
-0.665398
-0.665197
-0.664653
-0.663693
-0.656828
-0.634622
-0.598434
-0.550812
-0.497513
-0.431494
-0.352175
-0.266122
-0.0156353
0.317671
0.666036
0.955832
1.07368
1.10126
1.08615
1.07422
-0.661527
-0.661318
-0.660812
-0.660545
-0.657203
-0.638513
-0.598793
-0.545518
-0.484449
-0.402797
-0.31584
-0.197517
0.0277297
0.33679
0.611316
0.822492
0.923077
0.96215
0.986252
0.99544
-0.659738
-0.660206
-0.661409
-0.662812
-0.662319
-0.645028
-0.600204
-0.542976
-0.471949
-0.387062
-0.286898
-0.174256
0.050126
0.294057
0.507206
0.670411
0.761709
0.8481
0.922258
0.954801
-0.65419
-0.655887
-0.659895
-0.665797
-0.66826
-0.647009
-0.601235
-0.545723
-0.473485
-0.377591
-0.272232
-0.174919
0.0255305
0.256915
0.504611
0.724479
0.891375
1.01576
1.08875
1.11293
-0.656748
-0.657877
-0.656036
-0.647023
-0.638397
-0.62587
-0.601585
-0.559371
-0.482823
-0.376224
-0.269607
-0.174837
-0.00921015
0.232092
0.481809
0.709964
0.898216
1.02612
1.08305
1.09823
-0.690612
-0.689092
-0.674547
-0.636042
-0.597281
-0.603035
-0.618628
-0.583454
-0.495775
-0.383078
-0.279738
-0.187775
-0.0723333
0.144388
0.380048
0.585488
0.746187
0.84544
0.885557
0.894949
-0.751532
-0.748687
-0.745595
-0.732726
-0.719411
-0.712596
-0.706391
-0.627562
-0.510075
-0.395692
-0.290802
-0.198918
-0.108307
0.0470578
0.250324
0.412334
0.540614
0.612296
0.640735
0.644754
-0.872081
-0.88335
-0.922241
-0.968171
-0.97776
-0.944141
-0.85344
-0.692217
-0.532087
-0.409399
-0.299084
-0.22073
-0.14896
-0.0318645
0.126371
0.24874
0.343997
0.393823
0.412397
0.412861
-0.998492
-1.02114
-1.06761
-1.10601
-1.11353
-1.07346
-0.939481
-0.721479
-0.54824
-0.413966
-0.308693
-0.236979
-0.195757
-0.105769
0.0107195
0.103354
0.172672
0.207256
0.218607
0.219604
-0.996843
-1.01544
-1.04854
-1.07775
-1.08399
-1.03928
-0.881758
-0.678187
-0.525265
-0.397046
-0.303503
-0.246975
-0.21322
-0.158343
-0.0794884
-0.0163115
0.0260368
0.0471914
0.054886
0.0537115
-0.808371
-0.828229
-0.862917
-0.898802
-0.91163
-0.861097
-0.718706
-0.574836
-0.45053
-0.350298
-0.292629
-0.244477
-0.223751
-0.184037
-0.144449
-0.116943
-0.099559
-0.0928415
-0.0905566
-0.0910919
-0.473569
-0.490283
-0.522201
-0.56018
-0.583066
-0.561166
-0.495311
-0.420601
-0.34297
-0.29607
-0.258893
-0.231393
-0.221643
-0.201597
-0.186767
-0.184449
-0.188802
-0.194959
-0.195713
-0.195517
-0.133507
-0.142881
-0.16411
-0.197326
-0.230196
-0.249151
-0.259614
-0.256975
-0.246767
-0.232116
-0.220234
-0.214016
-0.208198
-0.201998
-0.208733
-0.219743
-0.235942
-0.244195
-0.246016
-0.245907
0.0843418
0.0795005
0.0650489
0.0362268
-0.00846636
-0.0603165
-0.104211
-0.138247
-0.160808
-0.171832
-0.186536
-0.195178
-0.201796
-0.196895
-0.204139
-0.224653
-0.245787
-0.251989
-0.251058
-0.24951
0.170907
0.168009
0.157494
0.133266
0.0930766
0.0410914
-0.0130155
-0.0603325
-0.0963299
-0.125031
-0.15276
-0.184441
-0.202764
-0.188412
-0.18457
-0.189265
-0.194034
-0.193701
-0.192223
-0.192015
0.181628
0.179729
0.172331
0.154529
0.123496
0.082231
0.0360485
-0.00907972
-0.0486769
-0.0798606
-0.114418
-0.152858
-0.172444
-0.147386
-0.129768
-0.125741
-0.121317
-0.12036
-0.119733
-0.120278
0.162652
0.161494
0.156651
0.144639
0.123125
0.0928812
0.0570356
0.0208596
-0.0122247
-0.0405288
-0.0654202
-0.085858
-0.0927547
-0.0780901
-0.0671689
-0.0627244
-0.0577052
-0.0549636
-0.0557962
-0.0568445
0.135907
0.13528
0.132335
0.124741
0.110685
0.0902284
0.0647674
0.0380098
0.0130404
-0.00440656
-0.012677
-0.00914734
0.000551699
-0.00378211
-0.00983051
-0.013808
-0.014201
-0.0147956
-0.0156882
-0.0165746
0.109072
0.10886
0.107212
0.102692
0.0939702
0.0808152
0.0640171
0.0464983
0.0310687
0.0243725
0.0310417
0.0523569
0.0703427
0.0567132
0.0375646
0.0245766
0.0169339
0.0131698
0.0112041
0.0105087
0.0846623
0.0845767
0.0837459
0.0812218
0.0761007
0.068155
0.0578733
0.0474899
0.0400478
0.0423209
0.0604004
0.089563
0.108275
0.0904503
0.0671112
0.0509761
0.0415387
0.0353676
0.0328654
0.0323838
0.0622311
0.0622904
0.0619657
0.0607457
0.0580192
0.0536116
0.0479313
0.0426682
0.0408912
0.0489679
0.0725224
0.103699
0.122084
0.103487
0.0807534
0.0666743
0.059069
0.0546416
0.0521814
0.0515837
0.0415494
0.0416557
0.0416082
0.0412016
0.039956
0.0378269
0.0351111
0.0330924
0.0342507
0.0441851
0.0679482
0.0971099
0.11011
0.0930952
0.0767136
0.0682068
0.0649348
0.0626401
0.0607849
0.0599357
0.0222477
0.02236
0.0224213
0.022373
0.0220095
0.0211976
0.0201381
0.0196129
0.0212952
0.0290092
0.0476562
0.0690551
0.0766651
0.0629209
0.0521993
0.050313
0.0498649
0.0509071
0.0494406
0.0484055
0.00401308
0.00406343
0.00403833
0.00417487
0.00435956
0.00441534
0.00422826
0.00398451
0.00407013
0.0046713
0.00712287
0.0131147
0.015895
0.0260306
0.0181598
0.0168333
0.0153229
0.0112811
0.0109026
0.0106665
0.0058844
0.195197
0.369248
0.516794
0.635361
0.729343
0.807716
0.871418
0.88772
0.884067
0.297326
0.419169
0.533462
0.63282
0.71653
0.785716
0.840256
0.877136
0.89687
0.913444
0.495205
0.576603
0.65709
0.727705
0.787897
0.837839
0.877163
0.907114
0.929634
0.948866
0.641919
0.699496
0.757444
0.809518
0.854495
0.892754
0.924863
0.951796
0.97208
0.990969
0.758927
0.802196
0.845121
0.885376
0.921382
0.953192
0.981004
1.00457
1.02252
1.04055
0.855836
0.891598
0.926931
0.960705
0.991833
1.02001
1.04488
1.06574
1.08152
1.09899
0.944309
0.976302
1.00863
1.03986
1.06888
1.09525
1.11837
1.13731
1.15122
1.16824
1.03133
1.06391
1.09634
1.12755
1.15634
1.18213
1.20426
1.2218
1.23418
1.25071
1.12574
1.16215
1.19692
1.22938
1.25856
1.28392
1.30505
1.32134
1.33296
1.3491
1.2388
1.27939
1.31642
1.34939
1.37788
1.40188
1.42151
1.43679
1.44869
1.46476
1.38021
1.42127
1.45652
1.48612
1.51133
1.53295
1.55145
1.56694
1.58006
1.596
1.55174
1.58414
1.61102
1.63333
1.65342
1.67215
1.68989
1.70666
1.72158
1.7373
1.73807
1.75534
1.77246
1.78914
1.80524
1.81997
1.83388
1.84836
1.8636
1.88089
1.92145
1.93143
1.94463
1.95562
1.96502
1.97468
1.98529
1.99547
2.00476
2.03042
2.13936
2.13365
2.12071
2.10645
2.10015
2.10587
2.12401
2.15253
2.18629
2.22262
2.44217
2.30621
2.22671
2.1842
2.16687
2.17085
2.19828
2.25615
2.36381
2.54222
0.762563
0.75626
0.748529
0.737413
0.723841
0.711189
0.700789
0.692774
0.687052
0.683717
0.683365
0.6862
0.691435
0.698795
0.708346
0.720177
0.73374
0.74667
0.75566
0.763202
0.671632
0.677552
0.685623
0.691754
0.694821
0.694307
0.691218
0.687219
0.683626
0.681339
0.681206
0.683462
0.68722
0.691669
0.695774
0.698021
0.696949
0.692314
0.68526
0.677427
0.664883
0.667256
0.670523
0.673294
0.675743
0.67793
0.679106
0.678956
0.678015
0.677207
0.677424
0.678843
0.68063
0.681863
0.681792
0.680328
0.678172
0.675812
0.672831
0.669813
0.660096
0.661185
0.663101
0.665438
0.667307
0.668704
0.669919
0.670908
0.671505
0.671882
0.672441
0.673192
0.673665
0.673553
0.672929
0.672011
0.670683
0.668715
0.666609
0.665132
0.655076
0.65571
0.656838
0.658594
0.660436
0.662027
0.663275
0.664335
0.665314
0.666212
0.667005
0.667536
0.667682
0.667483
0.666953
0.665983
0.66456
0.662952
0.661616
0.660815
0.650155
0.650594
0.651382
0.652685
0.654204
0.655765
0.65724
0.658532
0.659684
0.660772
0.661733
0.662348
0.662539
0.662313
0.661657
0.660663
0.659514
0.658374
0.657472
0.656939
0.645324
0.645652
0.646264
0.647332
0.648626
0.650023
0.651498
0.652968
0.654356
0.655659
0.656817
0.657578
0.65782
0.657588
0.657
0.656224
0.655384
0.654534
0.653874
0.653483
0.640559
0.640813
0.641306
0.642217
0.643387
0.644693
0.646112
0.647635
0.64921
0.650773
0.652182
0.65312
0.65348
0.653397
0.653027
0.652491
0.651865
0.651243
0.650764
0.650465
0.635787
0.635989
0.6364
0.637201
0.638294
0.639553
0.640958
0.642526
0.644243
0.646054
0.64776
0.648965
0.649567
0.649732
0.649605
0.649297
0.64888
0.648451
0.648112
0.647877
0.630925
0.631088
0.63144
0.632168
0.633215
0.634457
0.635892
0.637546
0.639424
0.641495
0.643554
0.645128
0.646062
0.646525
0.646658
0.646584
0.646383
0.64613
0.645907
0.645719
0.625883
0.626015
0.626326
0.62701
0.628041
0.629309
0.630815
0.632599
0.634691
0.637084
0.639574
0.641603
0.642937
0.643744
0.644172
0.64435
0.644362
0.64428
0.644156
0.644004
0.620573
0.62068
0.620963
0.621628
0.622679
0.624017
0.625638
0.627607
0.629981
0.632781
0.635802
0.638379
0.640184
0.641389
0.642151
0.642604
0.642843
0.642931
0.642894
0.64277
0.614897
0.614982
0.61525
0.615921
0.617027
0.618476
0.620267
0.622489
0.625231
0.628543
0.632214
0.63545
0.637812
0.639477
0.640617
0.64139
0.64188
0.642131
0.642171
0.642068
0.608745
0.608811
0.609072
0.609772
0.61097
0.612579
0.614603
0.61716
0.620367
0.624315
0.628779
0.632808
0.635834
0.638041
0.639617
0.64075
0.641517
0.641944
0.642057
0.641971
0.601985
0.602033
0.602297
0.603049
0.604378
0.606201
0.608535
0.611521
0.615316
0.620049
0.625479
0.63046
0.634275
0.637121
0.639209
0.640746
0.64183
0.642449
0.642635
0.642562
0.594465
0.594492
0.594763
0.595588
0.597093
0.599197
0.601927
0.605454
0.60998
0.615679
0.622282
0.628406
0.633156
0.636757
0.639451
0.641474
0.642919
0.643743
0.644001
0.643937
0.585963
0.58598
0.586259
0.587187
0.588923
0.591386
0.594619
0.598828
0.604264
0.611146
0.619168
0.626661
0.632522
0.63701
0.64042
0.643021
0.644876
0.645926
0.646257
0.6462
0.576196
0.576189
0.576518
0.57759
0.579623
0.582544
0.586412
0.59148
0.598049
0.606389
0.616126
0.625244
0.632417
0.637952
0.642202
0.645475
0.647806
0.649105
0.649509
0.649454
0.564854
0.564825
0.565204
0.566468
0.568873
0.572384
0.577068
0.583224
0.591216
0.60135
0.613156
0.624198
0.632899
0.639656
0.64489
0.64894
0.651816
0.653378
0.653852
0.653794
0.55145
0.551399
0.551856
0.553371
0.556262
0.560541
0.566281
0.573834
0.583621
0.595973
0.610267
0.623561
0.634027
0.642188
0.648569
0.65351
0.656988
0.658823
0.659357
0.659291
0.535324
0.53525
0.535833
0.537699
0.54124
0.546543
0.553682
0.563055
0.575124
0.590212
0.607477
0.623389
0.635869
0.645623
0.653298
0.659241
0.663375
0.665477
0.666054
0.665973
0.515523
0.515432
0.516216
0.518594
0.52305
0.529775
0.538819
0.550618
0.565628
0.584094
0.604868
0.623765
0.638497
0.650025
0.659115
0.666173
0.670981
0.673314
0.673907
0.673804
0.490611
0.49052
0.491641
0.49481
0.500644
0.509449
0.5212
0.536303
0.555124
0.577728
0.602577
0.624799
0.641985
0.655433
0.66606
0.674281
0.679725
0.682218
0.682788
0.682655
0.458248
0.458203
0.459931
0.464466
0.472602
0.484647
0.500382
0.52004
0.543753
0.571334
0.600802
0.626626
0.64641
0.661866
0.674087
0.683471
0.689425
0.691956
0.692452
0.692284
0.414249
0.414406
0.417451
0.424821
0.437263
0.454636
0.476278
0.502083
0.531869
0.565228
0.599777
0.629405
0.65185
0.669323
0.683117
0.693549
0.69977
0.702159
0.702532
0.702331
0.350814
0.352145
0.359531
0.373422
0.393745
0.419581
0.44955
0.483161
0.520102
0.559882
0.599809
0.633294
0.658354
0.677752
0.692915
0.704105
0.710269
0.712293
0.712504
0.71229
0.275104
0.277721
0.292063
0.315969
0.347064
0.382945
0.421948
0.463826
0.508391
0.555218
0.60133
0.639515
0.667893
0.689725
0.706486
0.718221
0.724137
0.725897
0.726063
0.725945
0.197626
0.204562
0.22609
0.260024
0.301594
0.347279
0.395322
0.44554
0.497811
0.551752
0.604141
0.647106
0.678809
0.703061
0.721446
0.733412
0.738667
0.739937
0.74004
0.739993
0.134455
0.143255
0.169413
0.210451
0.260282
0.3143
0.370498
0.428538
0.488176
0.548956
0.607326
0.654753
0.689512
0.715842
0.735291
0.747316
0.752234
0.753399
0.75354
0.753547
0.0827262
0.0922416
0.121926
0.168252
0.224302
0.284992
0.348075
0.413033
0.479423
0.546607
0.61064
0.662311
0.699932
0.728238
0.748833
0.761216
0.766004
0.767111
0.767313
0.767361
0.0394463
0.0492685
0.0813603
0.131821
0.192975
0.259222
0.328139
0.399109
0.471533
0.544614
0.614024
0.669816
0.710236
0.740509
0.762316
0.775136
0.780061
0.781352
0.78158
0.781655
0.00214376
0.0121003
0.0459969
0.0997702
0.165196
0.23621
0.310212
0.38651
0.464432
0.543018
0.617516
0.677256
0.720433
0.752623
0.775705
0.78923
0.794519
0.795888
0.796114
0.796192
-0.030861
-0.0208553
0.0144611
0.0709777
0.140038
0.215192
0.29372
0.374864
0.457852
0.541581
0.620909
0.684463
0.730313
0.764406
0.788746
0.803026
0.808711
0.810191
0.810419
0.81048
-0.060828
-0.0507853
-0.0143121
0.0445663
0.116783
0.195578
0.278148
0.363698
0.451376
0.539997
0.624015
0.691256
0.739672
0.775592
0.801151
0.816127
0.822217
0.82382
0.824036
0.82408
-0.0887059
-0.0786076
-0.0411084
0.0198697
0.0948776
0.176888
0.263076
0.352662
0.444754
0.538047
0.626626
0.697462
0.74838
0.78601
0.812686
0.828319
0.834807
0.836494
0.836684
0.836698
-0.115057
-0.104894
-0.0664405
-0.00357428
0.073898
0.158777
0.248241
0.341537
0.437744
0.535507
0.628547
0.702991
0.75635
0.795631
0.823331
0.839452
0.846179
0.847944
0.848116
0.848098
-0.140341
-0.130046
-0.090698
-0.0261177
0.0535561
0.14101
0.233439
0.330126
0.430173
0.532232
0.629699
0.707775
0.763588
0.804429
0.832998
0.849493
0.856337
0.858117
0.85827
0.858222
-0.164854
-0.154349
-0.114148
-0.0479914
0.0336585
0.123414
0.218526
0.318321
0.421954
0.528131
0.629994
0.711782
0.770119
0.812497
0.841805
0.858524
0.86534
0.867073
0.867203
0.867131
-0.188699
-0.177958
-0.136935
-0.0693397
0.0140834
0.105907
0.203437
0.30607
0.413025
0.523116
0.62935
0.715001
0.776003
0.819951
0.84988
0.866622
0.87332
0.87497
0.875054
0.874959
-0.212003
-0.200993
-0.159179
-0.0902267
-0.00522004
0.0884468
0.18815
0.293352
0.403358
0.517151
0.627707
0.717396
0.781309
0.826938
0.857405
0.874004
0.880433
0.881929
0.881961
0.881845
-0.234762
-0.223507
-0.180896
-0.110681
-0.0242626
0.0710393
0.17268
0.280185
0.39297
0.510217
0.625003
0.718912
0.786078
0.833629
0.864599
0.880823
0.886797
0.88806
0.888013
0.887876
-0.257057
-0.245487
-0.202067
-0.130696
-0.0430308
0.0537107
0.157062
0.266621
0.381903
0.50232
0.621188
0.719474
0.790297
0.840173
0.871732
0.887328
0.892529
0.893409
0.893275
0.893133
-0.278683
-0.266897
-0.222682
-0.150261
-0.0614827
0.0365276
0.14136
0.252723
0.370218
0.493505
0.616227
0.718991
0.79389
0.84666
0.879151
0.893964
0.897957
0.898142
0.897851
0.897727
-0.299792
-0.287687
-0.242713
-0.169356
-0.0795936
0.0195254
0.125661
0.238568
0.357994
0.48384
0.610105
0.717356
0.796716
0.853038
0.887155
0.901424
0.903771
0.9026
0.901853
0.901803
-0.320204
-0.307822
-0.262145
-0.18793
-0.0972865
0.00278647
0.110047
0.224272
0.345333
0.473387
0.602839
0.714458
0.798588
0.859078
0.895767
0.910458
0.911364
0.908008
0.905795
0.905514
-0.340022
-0.327325
-0.280922
-0.20593
-0.114526
-0.013622
0.0946023
0.209916
0.332342
0.462274
0.594483
0.71017
0.79929
0.864386
0.904491
0.921215
0.922358
0.91724
0.911258
0.902669
-0.35913
-0.346191
-0.299133
-0.223521
-0.131533
-0.0299797
0.078995
0.195098
0.318577
0.450009
0.58454
0.703944
0.798456
0.868737
0.912747
0.933109
0.937032
0.931317
0.920282
0.919075
-0.377488
-0.364494
-0.316773
-0.240646
-0.148294
-0.04625
0.0632538
0.179799
0.304003
0.436466
0.572822
0.695271
0.795318
0.87134
0.918613
0.94205
0.948227
0.944934
0.910895
0.872418
-0.394864
-0.382098
-0.333774
-0.257187
-0.1648
-0.0624392
0.04738
0.164152
0.288687
0.421673
0.559245
0.683777
0.788703
0.871287
0.920121
0.939424
0.945379
0.924832
0.872412
0.817569
-0.413962
-0.397799
-0.349807
-0.272672
-0.180772
-0.0783065
0.0310226
0.1482
0.272718
0.405737
0.543737
0.669204
0.776733
0.868668
0.915636
0.935615
0.91072
0.86341
0.798061
0.738411
-0.40368
-0.379875
-0.32778
-0.246383
-0.147718
-0.0421991
0.072625
0.193122
0.321249
0.459043
0.592322
0.706546
0.807779
0.897728
0.92041
0.853144
0.804155
0.742077
0.67574
0.63348
-0.417715
-0.410048
-0.369677
-0.297355
-0.205424
-0.10386
0.00576235
0.122629
0.246622
0.37878
0.51571
0.640473
0.744968
0.83777
0.898576
0.87848
0.77136
0.694173
0.636167
0.562871
-0.439165
-0.428583
-0.384802
-0.311111
-0.218646
-0.117564
-0.00899572
0.106892
0.22998
0.360843
0.4962
0.619626
0.720464
0.800347
0.82335
0.738231
0.612371
0.530383
0.466198
0.391298
-0.462507
-0.45075
-0.403859
-0.329296
-0.236895
-0.135608
-0.0269768
0.0886753
0.210902
0.340348
0.472948
0.592248
0.684209
0.744559
0.721295
0.591193
0.456249
0.359759
0.282332
0.174395
-0.485651
-0.473842
-0.425194
-0.349466
-0.257039
-0.15567
-0.0471692
0.0679166
0.189038
0.316598
0.445732
0.559454
0.641922
0.676922
0.613157
0.442228
0.28397
0.159223
0.0566306
-0.0826545
-0.508697
-0.496923
-0.447164
-0.370365
-0.277605
-0.176259
-0.0681658
0.0460551
0.165784
0.291024
0.416118
0.523276
0.596685
0.595002
0.479169
0.293198
0.10688
-0.0578559
-0.197986
-0.444852
-0.532074
-0.520436
-0.470001
-0.392477
-0.299399
-0.19804
-0.0903773
0.0229356
0.141115
0.263719
0.384301
0.483524
0.543938
0.510154
0.348162
0.151922
-0.0500895
-0.227396
-0.395643
-0.656374
-0.556372
-0.544856
-0.494075
-0.416077
-0.322768
-0.221403
-0.114141
-0.00173174
0.114802
0.234509
0.350253
0.440925
0.483995
0.426225
0.227832
0.0261242
-0.173194
-0.342678
-0.428379
-0.4774
-0.582281
-0.570824
-0.519756
-0.44148
-0.348138
-0.246947
-0.140257
-0.0290046
0.0855135
0.201735
0.31193
0.39307
0.415515
0.313921
0.115018
-0.0839378
-0.260452
-0.372468
-0.408038
-0.414015
-0.609986
-0.598526
-0.547156
-0.468697
-0.375456
-0.274635
-0.168754
-0.0589486
0.0531394
0.165272
0.269007
0.340158
0.332414
0.201344
0.0094002
-0.175677
-0.32363
-0.376045
-0.385523
-0.38798
-0.639632
-0.628078
-0.576338
-0.49774
-0.404721
-0.304473
-0.199644
-0.0916171
0.0176333
0.125141
0.221433
0.281832
0.24946
0.0949293
-0.0845916
-0.256568
-0.352079
-0.374595
-0.374896
-0.375099
-0.671096
-0.659417
-0.607263
-0.52858
-0.435903
-0.336421
-0.232923
-0.127008
-0.0209939
0.0813539
0.169651
0.216639
0.174248
-0.00189427
-0.167319
-0.313308
-0.364424
-0.366828
-0.367522
-0.367433
-0.704007
-0.692234
-0.63971
-0.561053
-0.468868
-0.370374
-0.268501
-0.165054
-0.0626779
0.0341234
0.113907
0.148462
0.0901607
-0.0859257
-0.239803
-0.341086
-0.363263
-0.36309
-0.362904
-0.362575
-0.737903
-0.72607
-0.67329
-0.594808
-0.503312
-0.406076
-0.306137
-0.205548
-0.107212
-0.0161052
0.0545296
0.0774956
-0.00299086
-0.160161
-0.29508
-0.345374
-0.357218
-0.358751
-0.359478
-0.359431
-0.772016
-0.760221
-0.707355
-0.629266
-0.538742
-0.443091
-0.345456
-0.248114
-0.15424
-0.0688996
-0.00674912
-8.24524e-05
-0.0872711
-0.222149
-0.325646
-0.362497
-0.358125
-0.357338
-0.356844
-0.356675
-0.805262
-0.793594
-0.740941
-0.663584
-0.574428
-0.48078
-0.385861
-0.292149
-0.203122
-0.123854
-0.0675195
-0.0743433
-0.162842
-0.276453
-0.347128
-0.361221
-0.359307
-0.355236
-0.353331
-0.352904
-0.835659
-0.82444
-0.772688
-0.696618
-0.609371
-0.518254
-0.426551
-0.336859
-0.252916
-0.180016
-0.128172
-0.140559
-0.229532
-0.320653
-0.374677
-0.376141
-0.365447
-0.355365
-0.35129
-0.350367
-0.861708
-0.851203
-0.800946
-0.726858
-0.642267
-0.554359
-0.466474
-0.381243
-0.302531
-0.235761
-0.190033
-0.199138
-0.281823
-0.350235
-0.382035
-0.388327
-0.377291
-0.3715
-0.367069
-0.364588
-0.880745
-0.871186
-0.823516
-0.752461
-0.671547
-0.587697
-0.504355
-0.424066
-0.350882
-0.289393
-0.249118
-0.252893
-0.319688
-0.367474
-0.378511
-0.387378
-0.404283
-0.408117
-0.403012
-0.398948
-0.890506
-0.881887
-0.83797
-0.771417
-0.695454
-0.616716
-0.53874
-0.463941
-0.396527
-0.340009
-0.301158
-0.302514
-0.349516
-0.389573
-0.398217
-0.398451
-0.402559
-0.401569
-0.399885
-0.399486
-0.887171
-0.879852
-0.84234
-0.781725
-0.71217
-0.639905
-0.568124
-0.499471
-0.43755
-0.38713
-0.345692
-0.342722
-0.369385
-0.41211
-0.427521
-0.401755
-0.386594
-0.381985
-0.382322
-0.382472
-0.868588
-0.863567
-0.83424
-0.78179
-0.720295
-0.655968
-0.591339
-0.529223
-0.472576
-0.428227
-0.389385
-0.371738
-0.356455
-0.353447
-0.387676
-0.379379
-0.372499
-0.373853
-0.375194
-0.375042
-0.835441
-0.831903
-0.812047
-0.770773
-0.719319
-0.664157
-0.607856
-0.552105
-0.501381
-0.459977
-0.433788
-0.389083
-0.31628
-0.227605
-0.252757
-0.310757
-0.352227
-0.374995
-0.385762
-0.389585
-0.79291
-0.790694
-0.779553
-0.750959
-0.710495
-0.665155
-0.61738
-0.568632
-0.522605
-0.484647
-0.457841
-0.420841
-0.367493
-0.248295
-0.192517
-0.299216
-0.40966
-0.466536
-0.481518
-0.484844
-0.750082
-0.748784
-0.743525
-0.727089
-0.697618
-0.661045
-0.620789
-0.578847
-0.53645
-0.501094
-0.471556
-0.476689
-0.527168
-0.674277
-0.783297
-0.808667
-0.777811
-0.72761
-0.682562
-0.671968
-0.716545
-0.715832
-0.713246
-0.704116
-0.684012
-0.654931
-0.620676
-0.582476
-0.54387
-0.506363
-0.483975
-0.500064
-0.696565
-1.00062
-1.30059
-1.35318
-1.25367
-1.12355
-0.98957
-0.905141
-0.693712
-0.693021
-0.69168
-0.687915
-0.674098
-0.650233
-0.618731
-0.583027
-0.542277
-0.502127
-0.473442
-0.450297
-0.483208
-0.488062
-0.52998
-0.507915
-0.464527
-0.424158
-0.372404
-0.317657
-0.678343
-0.678114
-0.677606
-0.67574
-0.667848
-0.647803
-0.617638
-0.580354
-0.537636
-0.492008
-0.44651
-0.416942
-0.340008
-0.156098
0.0407003
0.207483
0.303352
0.342454
0.367148
0.383279
-0.668799
-0.668758
-0.668383
-0.667643
-0.663688
-0.647182
-0.617302
-0.576773
-0.530899
-0.473068
-0.412774
-0.356444
-0.204404
0.0825103
0.385876
0.674842
0.860235
0.925588
0.9466
0.943161
-0.662949
-0.662886
-0.662449
-0.661863
-0.660349
-0.648711
-0.618685
-0.574358
-0.519967
-0.456059
-0.378214
-0.281073
-0.131404
0.179866
0.519406
0.839748
1.0314
1.08854
1.0894
1.07798
-0.660722
-0.660701
-0.660709
-0.660706
-0.660417
-0.653594
-0.622931
-0.573167
-0.511379
-0.440413
-0.346596
-0.248943
-0.0745429
0.180066
0.42406
0.627879
0.753981
0.818481
0.882866
0.926605
-0.657265
-0.657964
-0.659887
-0.663555
-0.667215
-0.660996
-0.62677
-0.573167
-0.510828
-0.428
-0.329051
-0.232395
-0.0850421
0.163058
0.397769
0.606718
0.760368
0.875644
0.971741
1.02474
-0.651747
-0.653073
-0.6552
-0.658249
-0.660904
-0.654029
-0.622514
-0.578468
-0.518106
-0.42863
-0.323345
-0.222028
-0.0887598
0.128834
0.36779
0.622413
0.835286
0.995366
1.09425
1.13229
-0.669429
-0.670317
-0.667865
-0.650359
-0.62142
-0.608725
-0.609693
-0.593301
-0.533932
-0.435798
-0.32668
-0.223012
-0.129519
0.0759292
0.320209
0.554052
0.753182
0.901318
0.979847
1.00664
-0.717074
-0.71573
-0.708854
-0.683209
-0.642485
-0.622473
-0.643907
-0.632958
-0.556325
-0.44681
-0.335575
-0.23626
-0.152742
-0.00528193
0.204035
0.412607
0.577636
0.695092
0.750401
0.768322
-0.805446
-0.801759
-0.813034
-0.835769
-0.854056
-0.840274
-0.816678
-0.725603
-0.588495
-0.458897
-0.347069
-0.250458
-0.170884
-0.0714103
0.102895
0.262502
0.390401
0.475732
0.514433
0.525871
-0.945326
-0.948905
-0.984439
-1.03962
-1.06953
-1.05436
-0.984059
-0.817299
-0.620326
-0.475231
-0.357012
-0.262408
-0.203829
-0.133974
0.00191157
0.120346
0.217744
0.279852
0.306425
0.313031
-1.0174
-1.02682
-1.05955
-1.09728
-1.11939
-1.10431
-1.02142
-0.815147
-0.617554
-0.474796
-0.352169
-0.273836
-0.21965
-0.181829
-0.0826909
0.00515315
0.0729109
0.112721
0.13035
0.134332
-0.923456
-0.932315
-0.959996
-0.993876
-1.01693
-1.00356
-0.902157
-0.712895
-0.562794
-0.427913
-0.338446
-0.269882
-0.230256
-0.201682
-0.142942
-0.0917718
-0.0527427
-0.0310942
-0.0220523
-0.020825
-0.648615
-0.660018
-0.68789
-0.727491
-0.760718
-0.75363
-0.671085
-0.558384
-0.447314
-0.356157
-0.301501
-0.253813
-0.230767
-0.21171
-0.178703
-0.159923
-0.15143
-0.149344
-0.150581
-0.150096
-0.290992
-0.298614
-0.318234
-0.350743
-0.384178
-0.397833
-0.38537
-0.355331
-0.312644
-0.279588
-0.249561
-0.230867
-0.217711
-0.209123
-0.201584
-0.202595
-0.210429
-0.221911
-0.225945
-0.226057
-0.00449842
-0.00840108
-0.0197175
-0.0435658
-0.0809766
-0.122911
-0.156345
-0.181625
-0.199587
-0.200671
-0.200612
-0.203375
-0.204065
-0.202044
-0.201621
-0.218582
-0.237411
-0.252869
-0.256606
-0.255584
0.141884
0.139719
0.132685
0.11362
0.0784474
0.0276737
-0.0281211
-0.0763088
-0.111925
-0.136975
-0.158163
-0.181026
-0.199938
-0.200381
-0.194506
-0.201643
-0.219853
-0.228429
-0.228412
-0.226271
0.18277
0.181485
0.176651
0.162298
0.133707
0.0914545
0.0418028
-0.0083165
-0.0528075
-0.0869524
-0.118217
-0.153732
-0.189604
-0.182629
-0.168072
-0.159358
-0.159277
-0.157414
-0.155515
-0.15543
0.174271
0.173556
0.170335
0.160438
0.140134
0.108633
0.0695985
0.028015
-0.0112594
-0.0450719
-0.0747049
-0.105947
-0.134171
-0.121925
-0.104171
-0.0955875
-0.0893433
-0.0856231
-0.0848407
-0.0861382
0.149648
0.149336
0.147352
0.14099
0.12754
0.106066
0.0779067
0.0463086
0.0152268
-0.0108776
-0.0300308
-0.0440794
-0.0465575
-0.040604
-0.037733
-0.03783
-0.0347581
-0.0327784
-0.0324012
-0.0334521
0.122234
0.122218
0.121106
0.117311
0.108908
0.094989
0.0760181
0.0541533
0.0324565
0.015729
0.00948817
0.0150412
0.033585
0.0341313
0.0234264
0.0104522
0.00400753
0.000805265
-0.000988007
-0.00207527
0.0965156
0.0965377
0.0960394
0.0939083
0.0889243
0.08037
0.0683927
0.0545448
0.04163
0.0339822
0.0392299
0.0585979
0.0863298
0.0838819
0.0650958
0.0466122
0.0338188
0.0274899
0.0234618
0.0220778
0.0731248
0.0732603
0.0730393
0.0719867
0.0692531
0.064333
0.0573233
0.0492927
0.0427877
0.0423529
0.0559157
0.0831056
0.11227
0.109845
0.0862288
0.0669337
0.0549856
0.0476559
0.0438664
0.0426053
0.0516233
0.0517742
0.0517553
0.0513414
0.05006
0.0475418
0.04388
0.039951
0.0376727
0.0414657
0.058728
0.0888248
0.116167
0.113596
0.0905574
0.0750711
0.0672273
0.0626843
0.0595589
0.0581203
0.0316954
0.0318418
0.0319204
0.031864
0.0313824
0.0303047
0.0286503
0.0270373
0.0270127
0.0315335
0.047456
0.0737997
0.095382
0.0883227
0.071749
0.0631142
0.0610435
0.0601823
0.0588145
0.0573414
0.00405173
0.00404511
0.00407452
0.00430515
0.0044207
0.00434895
0.00408944
0.00396135
0.00439844
0.00560327
0.00990747
0.0157125
0.0205849
0.0201616
0.0175804
0.0163865
0.0138191
0.0109725
0.0109305
0.0338423
-0.626901
-0.192856
0.142727
0.362089
0.523926
0.648292
0.745332
0.826056
0.912247
0.964684
0.0797172
0.245285
0.389831
0.520183
0.629916
0.71986
0.793174
0.850935
0.882499
0.889692
0.36147
0.452901
0.552303
0.642184
0.719249
0.783991
0.83619
0.87494
0.901503
0.921357
0.540839
0.606797
0.675995
0.740543
0.796582
0.844058
0.883108
0.914657
0.939811
0.959496
0.678984
0.72808
0.778036
0.825711
0.868365
0.905545
0.937603
0.965175
0.987725
1.00517
0.790023
0.829064
0.867498
0.904913
0.939762
0.971241
0.999192
1.02346
1.04297
1.05907
0.88568
0.917345
0.95092
0.983701
1.01468
1.04318
1.0687
1.0907
1.10798
1.12256
0.973575
1.00343
1.03548
1.06702
1.09691
1.12436
1.14871
1.16926
1.18477
1.19809
1.062
1.09412
1.12813
1.16078
1.19119
1.21859
1.24232
1.26176
1.27594
1.28836
1.1626
1.19882
1.23645
1.271
1.30205
1.32904
1.35167
1.36979
1.38314
1.39563
1.28775
1.32675
1.36641
1.40068
1.43015
1.45514
1.47602
1.49306
1.50648
1.51991
1.44673
1.48242
1.51766
1.54623
1.57042
1.59178
1.61099
1.62826
1.6432
1.65764
1.63474
1.65711
1.68078
1.70064
1.71894
1.73632
1.75285
1.76925
1.78545
1.80104
1.82727
1.83543
1.84925
1.86412
1.87857
1.89153
1.90318
1.91442
1.92614
1.94223
2.02282
2.02275
2.03278
2.03626
2.03724
2.04164
2.05215
2.06707
2.0814
2.09582
2.31997
2.26445
2.20994
2.1703
2.14805
2.14394
2.15746
2.19126
2.24911
2.32946
0.884654
0.832161
0.789278
0.756268
0.732526
0.71541
0.702976
0.693984
0.687776
0.684207
0.683813
0.686769
0.692331
0.700375
0.711335
0.726173
0.746501
0.77468
0.812715
0.862069
0.695748
0.704696
0.711453
0.711698
0.706996
0.700219
0.693488
0.687882
0.683955
0.682259
0.683477
0.68717
0.692587
0.699271
0.706522
0.712824
0.715579
0.712131
0.703047
0.69673
0.668419
0.670622
0.675482
0.679624
0.683168
0.685203
0.685029
0.683245
0.681029
0.679469
0.679503
0.681349
0.684109
0.686804
0.688305
0.68765
0.684912
0.681194
0.676799
0.67214
0.663221
0.664178
0.666676
0.669132
0.671016
0.672665
0.674048
0.674758
0.674778
0.674641
0.675039
0.676076
0.677069
0.677372
0.676749
0.675529
0.674045
0.672071
0.669588
0.667483
0.657893
0.658372
0.65982
0.6619
0.663819
0.665287
0.66644
0.667465
0.668332
0.669043
0.669732
0.670317
0.670535
0.670327
0.669798
0.66892
0.667512
0.665657
0.663963
0.662905
0.652825
0.653123
0.654046
0.655536
0.657219
0.658841
0.660229
0.661391
0.662445
0.663448
0.664326
0.66488
0.66504
0.66484
0.664241
0.663214
0.661896
0.660545
0.659466
0.658825
0.64789
0.648102
0.648791
0.649962
0.651352
0.652828
0.654325
0.655727
0.656996
0.65818
0.659233
0.65992
0.660135
0.659889
0.659238
0.658341
0.65736
0.656376
0.655607
0.655154
0.643061
0.643222
0.643769
0.644751
0.645976
0.647322
0.648767
0.650271
0.651762
0.653194
0.65447
0.655312
0.655598
0.655422
0.654937
0.654283
0.653553
0.65282
0.652257
0.651916
0.638275
0.638402
0.638849
0.639699
0.640828
0.64211
0.643518
0.645059
0.646706
0.648393
0.649945
0.651003
0.651469
0.651502
0.651255
0.650833
0.650308
0.649782
0.649378
0.649114
0.633448
0.63355
0.633929
0.634689
0.635756
0.637005
0.638423
0.640028
0.641819
0.643755
0.645629
0.647007
0.647765
0.648073
0.648075
0.647881
0.647569
0.647228
0.64695
0.64674
0.628491
0.628575
0.628904
0.629605
0.630641
0.631894
0.633363
0.635076
0.637051
0.639273
0.641536
0.643327
0.644452
0.645079
0.64536
0.645406
0.645309
0.64514
0.644969
0.6448
0.623312
0.623382
0.623677
0.624347
0.625384
0.626687
0.628248
0.630116
0.632339
0.634923
0.637664
0.639955
0.641514
0.642511
0.643105
0.643414
0.643539
0.643536
0.643456
0.643319
0.617821
0.617879
0.618152
0.618816
0.61989
0.621284
0.622986
0.625071
0.627616
0.630658
0.633986
0.636878
0.638948
0.640373
0.641324
0.641926
0.642286
0.642453
0.642455
0.642342
0.611911
0.611959
0.612222
0.612902
0.614049
0.615579
0.617482
0.61986
0.622819
0.626431
0.630478
0.634093
0.636771
0.638694
0.640052
0.640999
0.641614
0.641949
0.642026
0.641933
0.605464
0.605504
0.605764
0.606483
0.60774
0.609458
0.611632
0.614389
0.617872
0.622191
0.627115
0.631598
0.634998
0.637511
0.639343
0.640668
0.641576
0.642096
0.642247
0.642168
0.598335
0.598365
0.598632
0.599412
0.600822
0.602788
0.605314
0.608553
0.612691
0.61788
0.623868
0.629396
0.633656
0.636863
0.639255
0.641018
0.642262
0.642982
0.643205
0.643138
0.590343
0.590364
0.590645
0.591508
0.593118
0.595406
0.598378
0.602225
0.607179
0.613439
0.620717
0.627495
0.632774
0.6368
0.639852
0.642143
0.643771
0.644706
0.645003
0.644943
0.581251
0.581272
0.581577
0.582542
0.584412
0.587112
0.590649
0.595259
0.601227
0.608799
0.617637
0.625909
0.632399
0.637388
0.641219
0.644128
0.646198
0.647373
0.647744
0.647688
0.570745
0.570757
0.571104
0.572219
0.574426
0.577652
0.581909
0.587484
0.594721
0.60391
0.614633
0.624674
0.632581
0.638704
0.643446
0.647069
0.649654
0.651086
0.651529
0.651474
0.558449
0.558453
0.55884
0.560152
0.562797
0.566704
0.571886
0.578691
0.587524
0.598707
0.6117
0.623826
0.633379
0.640814
0.646621
0.651071
0.654232
0.655937
0.656446
0.656385
0.543802
0.543801
0.544253
0.54583
0.549048
0.553853
0.560246
0.568642
0.579497
0.593143
0.608857
0.623415
0.63486
0.643789
0.650827
0.656209
0.660005
0.661983
0.662546
0.662475
0.526025
0.526016
0.526561
0.528523
0.532538
0.538561
0.546577
0.557065
0.570507
0.587194
0.606143
0.623504
0.637085
0.647703
0.656096
0.662533
0.667004
0.669237
0.669832
0.669742
0.50395
0.503934
0.504639
0.507194
0.512373
0.520129
0.530401
0.543713
0.560502
0.580933
0.603672
0.624194
0.640135
0.652607
0.66248
0.670059
0.675194
0.67763
0.678224
0.678107
0.475787
0.475765
0.476759
0.480305
0.487325
0.497689
0.511225
0.528416
0.549534
0.57452
0.601612
0.625605
0.644081
0.658524
0.669973
0.678723
0.684451
0.686993
0.687541
0.68739
0.438463
0.43845
0.440075
0.445533
0.455821
0.470346
0.48874
0.51125
0.537847
0.56822
0.600177
0.627888
0.649008
0.665478
0.678528
0.688389
0.694538
0.697041
0.697487
0.697299
0.386141
0.38634
0.390029
0.399915
0.416332
0.437705
0.463179
0.492687
0.52593
0.562433
0.599645
0.631205
0.654982
0.673439
0.687996
0.698803
0.705092
0.707372
0.707675
0.707451
0.311479
0.313794
0.32465
0.343896
0.370376
0.401362
0.435841
0.473577
0.514281
0.557485
0.600348
0.636014
0.662637
0.683243
0.69933
0.710833
0.717032
0.719012
0.719181
0.718955
0.232642
0.238112
0.257443
0.286831
0.324038
0.364979
0.40852
0.454575
0.503005
0.55341
0.602694
0.643312
0.673398
0.696546
0.714351
0.726322
0.732029
0.733544
0.733623
0.733474
0.163716
0.17015
0.195714
0.233872
0.280376
0.330456
0.382708
0.436927
0.492935
0.550329
0.605742
0.650974
0.684247
0.709624
0.728677
0.740697
0.745799
0.74701
0.747104
0.74702
0.107331
0.114314
0.143964
0.188273
0.241728
0.299253
0.359024
0.420632
0.483729
0.547772
0.609009
0.658573
0.694784
0.722143
0.74226
0.754519
0.759472
0.760574
0.760676
0.76063
0.060588
0.0678976
0.10023
0.149252
0.208205
0.271778
0.337873
0.405932
0.475413
0.545595
0.612347
0.666095
0.705125
0.734456
0.755765
0.768432
0.773433
0.774559
0.774664
0.774644
0.0208873
0.0283723
0.0625319
0.115229
0.178773
0.247485
0.319009
0.392705
0.467928
0.543805
0.615793
0.67358
0.715386
0.746639
0.769162
0.782491
0.78779
0.788932
0.789054
0.789047
-0.0137999
-0.00621524
0.0292983
0.0849797
0.152394
0.225544
0.301861
0.380634
0.461137
0.542331
0.619265
0.680925
0.725457
0.758616
0.782429
0.796446
0.802097
0.803337
0.80347
0.803469
-0.0449813
-0.0373046
-0.00068309
0.0575068
0.128259
0.205288
0.285886
0.369279
0.454648
0.540846
0.622531
0.687946
0.735086
0.770118
0.795136
0.809875
0.815891
0.817278
0.817436
0.817433
-0.0736355
-0.0658734
-0.0283065
0.0320429
0.105731
0.186181
0.2706
0.358205
0.448123
0.539105
0.625418
0.69446
0.744138
0.780926
0.807109
0.822512
0.828867
0.830427
0.830595
0.830578
-0.100553
-0.0926935
-0.0542431
0.00802506
0.0843268
0.16781
0.255669
0.347148
0.441333
0.536882
0.627697
0.700335
0.752475
0.790947
0.818177
0.834166
0.840797
0.842476
0.84264
0.842601
-0.126204
-0.118228
-0.0789355
-0.0149302
0.0636911
0.149892
0.24087
0.335899
0.434054
0.533984
0.62924
0.705495
0.760076
0.800149
0.828318
0.844712
0.851523
0.853274
0.853423
0.853359
-0.150948
-0.142811
-0.102726
-0.0371156
0.043586
0.132222
0.226023
0.324296
0.426165
0.530307
0.629975
0.709892
0.766954
0.808567
0.837529
0.85421
0.861082
0.862827
0.862944
0.862854
-0.174947
-0.166656
-0.1258
-0.0587143
0.0238568
0.114676
0.211022
0.31227
0.417597
0.525755
0.629806
0.713508
0.773152
0.81631
0.84595
0.862728
0.869535
0.871235
0.871327
0.871213
-0.198352
-0.189892
-0.148267
-0.0798297
0.00442097
0.0971891
0.195833
0.299784
0.4083
0.520266
0.628671
0.716317
0.778738
0.823509
0.85372
0.87043
0.87705
0.878638
0.878688
0.878558
-0.221266
-0.212617
-0.170203
-0.100504
-0.0147552
0.0797523
0.180451
0.286838
0.398262
0.513811
0.6265
0.718278
0.783772
0.830325
0.861049
0.877501
0.88375
0.885158
0.885146
0.884995
-0.243683
-0.234825
-0.191628
-0.12074
-0.03367
0.0623797
0.164894
0.27346
0.387525
0.506398
0.623245
0.719327
0.788271
0.836927
0.868171
0.884119
0.889764
0.890866
0.890776
0.890615
-0.265544
-0.256489
-0.212505
-0.140536
-0.0522884
0.0451079
0.149229
0.259714
0.376141
0.498034
0.618861
0.71938
0.792192
0.843437
0.875402
0.890616
0.895283
0.895878
0.895677
0.895521
-0.286811
-0.277561
-0.232815
-0.159875
-0.0705747
0.0280034
0.133517
0.245678
0.364174
0.488783
0.613317
0.718333
0.795423
0.849886
0.883087
0.897562
0.900776
0.900395
0.899938
0.899829
-0.30749
-0.29802
-0.25254
-0.178715
-0.08849
0.011134
0.117845
0.231442
0.351716
0.478708
0.606622
0.716081
0.797797
0.856137
0.891419
0.90573
0.907258
0.90507
0.903776
0.903714
-0.32748
-0.317804
-0.27165
-0.197012
-0.105968
-0.00544974
0.102297
0.217095
0.33887
0.467907
0.598792
0.712503
0.799115
0.861867
0.900186
0.915681
0.916416
0.911965
0.908261
0.906347
-0.346831
-0.336949
-0.290118
-0.214771
-0.123041
-0.0217666
0.0868537
0.202608
0.325609
0.456345
0.589765
0.707365
0.799137
0.866733
0.908772
0.927155
0.929433
0.924117
0.915955
0.904624
-0.36552
-0.355509
-0.308055
-0.232171
-0.139957
-0.0381215
0.071137
0.187515
0.311392
0.443397
0.57891
0.699946
0.797264
0.870337
0.916131
0.938274
0.943777
0.937263
0.926763
0.898857
-0.383616
-0.373524
-0.325391
-0.249027
-0.156562
-0.0543281
0.0553561
0.172038
0.296455
0.429244
0.566285
0.68991
0.792591
0.871729
0.920009
0.942605
0.948571
0.941196
0.894607
0.844581
-0.402735
-0.390091
-0.341983
-0.26523
-0.173009
-0.0705176
0.0392693
0.156195
0.280765
0.413817
0.551706
0.676862
0.783554
0.870212
0.918208
0.930467
0.932803
0.900342
0.840303
0.782966
-0.426059
-0.422338
-0.362959
-0.278671
-0.18659
-0.0843386
0.02317
0.140611
0.265009
0.397891
0.535755
0.661226
0.768813
0.867954
0.891059
0.902929
0.874541
0.816485
0.748854
0.68679
-0.404545
-0.396663
-0.337504
-0.253413
-0.155321
-0.049911
0.0626688
0.182977
0.310792
0.448084
0.580913
0.694402
0.793073
0.883906
0.887403
0.79943
0.725797
0.666198
0.601083
0.476513
-0.439292
-0.41164
-0.350832
-0.265729
-0.168253
-0.0630342
0.0490585
0.168735
0.295717
0.431636
0.562542
0.673601
0.761973
0.826583
0.793472
0.66852
0.566843
0.498694
0.42701
0.290276
-0.465017
-0.431783
-0.369558
-0.284851
-0.18754
-0.0824245
0.0297657
0.148699
0.274433
0.408195
0.535895
0.642166
0.720578
0.747549
0.667419
0.520048
0.402897
0.32218
0.230669
0.0459548
-0.488682
-0.453958
-0.390076
-0.30489
-0.207571
-0.102497
0.0093447
0.127383
0.251606
0.382747
0.506076
0.60518
0.669253
0.659732
0.52713
0.360709
0.217123
0.107441
-0.0027624
-0.280686
-0.511911
-0.476451
-0.4114
-0.325515
-0.228083
-0.123188
-0.0119926
0.104977
0.227432
0.355516
0.473533
0.564303
0.609261
0.565286
0.386624
0.199016
0.0199914
-0.125064
-0.305136
-0.663332
-0.535152
-0.499606
-0.433813
-0.347407
-0.249805
-0.145131
-0.0345892
0.081196
0.20163
0.326255
0.438224
0.520622
0.543316
0.444133
0.253273
0.0485008
-0.142403
-0.309114
-0.500402
-0.840744
-0.559532
-0.523858
-0.457629
-0.37086
-0.27313
-0.168654
-0.0587429
0.0558142
0.174043
0.294883
0.400464
0.471853
0.466774
0.325597
0.132106
-0.0764838
-0.264587
-0.397266
-0.453106
-0.492157
-0.585441
-0.549657
-0.483152
-0.396215
-0.298535
-0.194429
-0.0853385
0.0276836
0.143248
0.259544
0.358282
0.414679
0.385593
0.210824
0.0174855
-0.175115
-0.330467
-0.392834
-0.411571
-0.414842
-0.613175
-0.577182
-0.510438
-0.423453
-0.325996
-0.222459
-0.114471
-0.00333215
0.109104
0.22009
0.311266
0.349951
0.299305
0.103413
-0.0854235
-0.257064
-0.364821
-0.382449
-0.387451
-0.387684
-0.642874
-0.606517
-0.539519
-0.452559
-0.355482
-0.252753
-0.14615
-0.0372472
0.0715702
0.176572
0.258801
0.28316
0.192898
0.00610891
-0.174983
-0.318503
-0.367635
-0.374897
-0.375133
-0.37484
-0.674414
-0.637608
-0.570355
-0.483528
-0.386985
-0.285289
-0.180369
-0.0740757
0.030672
0.129101
0.201457
0.208916
0.0902086
-0.0828055
-0.248794
-0.352816
-0.366982
-0.367239
-0.367572
-0.367234
-0.707349
-0.670205
-0.60277
-0.516191
-0.420368
-0.319963
-0.217058
-0.113765
-0.0134577
0.0778786
0.140527
0.129795
-0.00123075
-0.16274
-0.304348
-0.35274
-0.363559
-0.36302
-0.362753
-0.362395
-0.741303
-0.703875
-0.636386
-0.550228
-0.455363
-0.356539
-0.255996
-0.15611
-0.0605652
0.0235752
0.075176
0.0518407
-0.0860269
-0.229778
-0.336474
-0.358168
-0.357804
-0.359312
-0.359493
-0.359353
-0.775342
-0.73797
-0.670577
-0.585103
-0.4915
-0.394603
-0.296798
-0.200741
-0.110314
-0.0328304
0.00613591
-0.0209513
-0.161211
-0.279119
-0.351364
-0.359055
-0.357716
-0.357035
-0.356729
-0.356671
-0.808318
-0.771435
-0.704445
-0.620032
-0.528101
-0.433554
-0.338882
-0.247024
-0.162123
-0.0907619
-0.0595243
-0.0991155
-0.22472
-0.321682
-0.352544
-0.361325
-0.357102
-0.353994
-0.353024
-0.352847
-0.83873
-0.802744
-0.736751
-0.653953
-0.564224
-0.472543
-0.381466
-0.294121
-0.214949
-0.149917
-0.121087
-0.174696
-0.277157
-0.357481
-0.381747
-0.371285
-0.359694
-0.352632
-0.350706
-0.350017
-0.864553
-0.830249
-0.765887
-0.685458
-0.598643
-0.510476
-0.423523
-0.341029
-0.267428
-0.209218
-0.183151
-0.236018
-0.317609
-0.374333
-0.390263
-0.383062
-0.374081
-0.369053
-0.365631
-0.363777
-0.883383
-0.851486
-0.789862
-0.71285
-0.629886
-0.546018
-0.463817
-0.386547
-0.31845
-0.265819
-0.242401
-0.284786
-0.345877
-0.379004
-0.379802
-0.396505
-0.408123
-0.406021
-0.400415
-0.398491
-0.892778
-0.863867
-0.806477
-0.734253
-0.656318
-0.577668
-0.500949
-0.429184
-0.367036
-0.317347
-0.294234
-0.325473
-0.370645
-0.397382
-0.395339
-0.401304
-0.402361
-0.400647
-0.399478
-0.399803
-0.889784
-0.86493
-0.813796
-0.747712
-0.676294
-0.603957
-0.533428
-0.46742
-0.411373
-0.364679
-0.333599
-0.359944
-0.382971
-0.430646
-0.413536
-0.392805
-0.383139
-0.381971
-0.382507
-0.382326
-0.870643
-0.852422
-0.809932
-0.751761
-0.688438
-0.623719
-0.559887
-0.500135
-0.448774
-0.40901
-0.369047
-0.373927
-0.341906
-0.376021
-0.385183
-0.374728
-0.372658
-0.374818
-0.375236
-0.374759
-0.837175
-0.82477
-0.793426
-0.745854
-0.69205
-0.636209
-0.579785
-0.526191
-0.478731
-0.445767
-0.406627
-0.362168
-0.262019
-0.224538
-0.283171
-0.333996
-0.365558
-0.381538
-0.388323
-0.390002
-0.794316
-0.786787
-0.767379
-0.73165
-0.688249
-0.641525
-0.593183
-0.544964
-0.502518
-0.470172
-0.442255
-0.396194
-0.321873
-0.190047
-0.234952
-0.360599
-0.445267
-0.477086
-0.483728
-0.485301
-0.751112
-0.747031
-0.736986
-0.713652
-0.679983
-0.641489
-0.59995
-0.557546
-0.517451
-0.486663
-0.465788
-0.494827
-0.591295
-0.747389
-0.80325
-0.800595
-0.75258
-0.70199
-0.672503
-0.673601
-0.717165
-0.714968
-0.709905
-0.695383
-0.670422
-0.638127
-0.602042
-0.563237
-0.524123
-0.493714
-0.471358
-0.57714
-0.837856
-1.17358
-1.35819
-1.30909
-1.19104
-1.05535
-0.935112
-0.898436
-0.693442
-0.692442
-0.69049
-0.682428
-0.663238
-0.635238
-0.60158
-0.562791
-0.523211
-0.483341
-0.462847
-0.463629
-0.485188
-0.511512
-0.529861
-0.484482
-0.442763
-0.403459
-0.337686
-0.314266
-0.678276
-0.677871
-0.677125
-0.673049
-0.659282
-0.633898
-0.599537
-0.560528
-0.514055
-0.465878
-0.438226
-0.387647
-0.257826
-0.0567374
0.132512
0.259421
0.33076
0.354773
0.376975
0.387771
-0.668806
-0.668615
-0.668045
-0.666468
-0.657282
-0.633643
-0.598302
-0.554396
-0.502731
-0.446272
-0.379555
-0.301961
-0.0728612
0.236771
0.536578
0.784228
0.900116
0.942146
0.945374
0.942701
-0.662948
-0.662723
-0.662103
-0.661671
-0.656495
-0.635855
-0.598038
-0.547766
-0.491755
-0.415903
-0.332227
-0.228215
0.0138239
0.349684
0.686481
0.959949
1.07048
1.0928
1.08345
1.0752
-0.660704
-0.660706
-0.660712
-0.660701
-0.659043
-0.641254
-0.599757
-0.544267
-0.477122
-0.393764
-0.300305
-0.179896
0.0459611
0.3071
0.533537
0.702276
0.787817
0.85134
0.908966
0.935407
-0.657526
-0.658707
-0.661569
-0.665556
-0.66637
-0.647314
-0.601507
-0.543578
-0.470888
-0.381532
-0.277687
-0.174399
0.0321021
0.283652
0.507553
0.692113
0.820161
0.927203
1.00466
1.03466
-0.652362
-0.653994
-0.656627
-0.659696
-0.660198
-0.641241
-0.601322
-0.551138
-0.477727
-0.375648
-0.269261
-0.172972
0.0209669
0.239851
0.499795
0.734421
0.921876
1.05402
1.11923
1.1381
-0.669941
-0.670014
-0.661458
-0.636175
-0.611633
-0.610205
-0.604619
-0.569811
-0.488829
-0.379077
-0.273755
-0.182015
-0.0466851
0.199084
0.439941
0.658436
0.834722
0.949653
0.997764
1.00996
-0.716639
-0.713776
-0.698817
-0.662457
-0.628396
-0.630257
-0.647513
-0.601894
-0.502742
-0.388493
-0.285927
-0.192091
-0.0908394
0.0914513
0.314193
0.499506
0.644426
0.729232
0.763122
0.770027
-0.803144
-0.805029
-0.822983
-0.849087
-0.849816
-0.829453
-0.78077
-0.659872
-0.519871
-0.403306
-0.29442
-0.209165
-0.126687
0.00708102
0.18914
0.329474
0.440123
0.499711
0.522905
0.525565
-0.944072
-0.962779
-1.01269
-1.05882
-1.06799
-1.02825
-0.911556
-0.715138
-0.543138
-0.413127
-0.304958
-0.230281
-0.174454
-0.0703479
0.0647414
0.171702
0.254346
0.29596
0.311546
0.312857
-1.01916
-1.04082
-1.07911
-1.11132
-1.11745
-1.07589
-0.928916
-0.708496
-0.543087
-0.409597
-0.307319
-0.242144
-0.207479
-0.135672
-0.0360894
0.0424197
0.0968244
0.124075
0.133702
0.133284
-0.925476
-0.944528
-0.977018
-1.00793
-1.01665
-0.96838
-0.80813
-0.633305
-0.494249
-0.376022
-0.299654
-0.248435
-0.218675
-0.173602
-0.116318
-0.0708324
-0.0398321
-0.0254545
-0.0206048
-0.0215974
-0.652606
-0.671854
-0.707064
-0.746207
-0.764871
-0.721499
-0.614229
-0.503126
-0.397655
-0.323646
-0.278554
-0.238132
-0.224994
-0.193647
-0.167428
-0.155503
-0.148965
-0.150507
-0.150233
-0.150335
-0.293775
-0.306692
-0.33317
-0.368672
-0.394183
-0.394524
-0.372098
-0.335323
-0.292646
-0.265578
-0.238855
-0.223824
-0.214965
-0.203787
-0.200862
-0.20579
-0.216972
-0.224626
-0.226245
-0.226183
-0.00609498
-0.0127151
-0.0299679
-0.0607348
-0.102288
-0.140447
-0.170274
-0.191113
-0.202536
-0.199654
-0.203037
-0.203658
-0.202934
-0.199399
-0.21075
-0.226147
-0.247605
-0.255638
-0.256224
-0.255374
0.14093
0.137277
0.124963
0.098096
0.05479
-0.000652496
-0.0532845
-0.0956192
-0.125253
-0.147962
-0.169942
-0.189269
-0.203744
-0.193713
-0.197019
-0.210873
-0.225528
-0.229503
-0.226989
-0.22594
0.182224
0.179871
0.170974
0.14991
0.113944
0.0672799
0.0164264
-0.0315032
-0.0712797
-0.102018
-0.134648
-0.173056
-0.195225
-0.174057
-0.16064
-0.15992
-0.158079
-0.156116
-0.155325
-0.155573
0.174003
0.172497
0.166455
0.151711
0.125641
0.0898786
0.0487428
0.00789853
-0.0288253
-0.059248
-0.091059
-0.122334
-0.13624
-0.113297
-0.0977612
-0.0925271
-0.0875505
-0.0848463
-0.0855453
-0.0864478
0.14956
0.148703
0.144881
0.135255
0.117766
0.0927213
0.0621917
0.030699
0.00141106
-0.0220955
-0.0382793
-0.04756
-0.0460836
-0.0411143
-0.0376944
-0.0364634
-0.0335451
-0.0323504
-0.0327873
-0.0338926
0.122259
0.121871
0.119656
0.11377
0.102625
0.0860911
0.0652374
0.0432105
0.0230263
0.0112759
0.010556
0.0242456
0.0399754
0.0295928
0.0157795
0.00662723
0.00219406
-0.000175572
-0.00159957
-0.00231721
0.096572
0.0964083
0.0952446
0.0918328
0.085095
0.0747942
0.061517
0.047871
0.0367545
0.0345852
0.0472262
0.0733185
0.0928427
0.0764971
0.0550022
0.0394675
0.0299168
0.025007
0.022537
0.0218906
0.0732073
0.0731994
0.0726689
0.070871
0.0670693
0.0610777
0.0533044
0.0456935
0.041428
0.047097
0.0683225
0.0989746
0.116961
0.0989075
0.0757066
0.0600611
0.0510121
0.0454401
0.0429671
0.0424819
0.0517054
0.0517955
0.0516274
0.0508379
0.0489599
0.0458341
0.0418404
0.0384866
0.0384566
0.048045
0.0727703
0.104534
0.120373
0.101601
0.0817549
0.0706359
0.0647324
0.0608402
0.0586305
0.0578849
0.0317721
0.0318877
0.0319111
0.0316956
0.0309272
0.029535
0.0277781
0.0267007
0.0283026
0.0378389
0.0604914
0.0864824
0.0952307
0.0788819
0.0659517
0.0614907
0.0606927
0.0596218
0.0579833
0.0570119
0.0130766
0.0131873
0.0132294
0.0132403
0.0132241
0.0129249
0.0123713
0.0118601
0.0122867
0.0150086
0.0237423
0.038693
0.0500611
0.0532059
0.038039
0.0330599
0.0330676
0.0356839
0.0349273
0.0334369
-0.387756
-0.00743711
0.261776
0.446742
0.589461
0.698809
0.787795
0.866554
0.950869
0.942232
0.166505
0.31843
0.457636
0.577736
0.677245
0.758346
0.824371
0.871017
0.886158
0.89935
0.405064
0.502957
0.598886
0.682301
0.753144
0.811716
0.857265
0.889506
0.911698
0.930702
0.573231
0.641373
0.709275
0.769663
0.821381
0.86461
0.899714
0.928073
0.949701
0.969263
0.703114
0.753058
0.802407
0.847734
0.887626
0.922172
0.951923
0.977238
0.996176
1.01489
0.809366
0.848348
0.886427
0.922741
0.955939
0.985657
1.01182
1.03392
1.05079
1.06868
0.900688
0.934161
0.967482
0.999472
1.02927
1.05634
1.08019
1.10003
1.11485
1.13223
0.987589
1.01947
1.05139
1.08223
1.11098
1.13695
1.15952
1.17771
1.19086
1.20771
1.07694
1.1113
1.14466
1.17632
1.20531
1.23095
1.25262
1.26954
1.28146
1.29785
1.17931
1.21805
1.25411
1.287
1.31607
1.34091
1.3613
1.37703
1.38869
1.40485
1.30563
1.34727
1.38418
1.41599
1.44318
1.46607
1.485
1.50017
1.51263
1.52874
1.46278
1.50096
1.53267
1.55874
1.5814
1.60164
1.61988
1.63604
1.65009
1.66597
1.64462
1.66949
1.69105
1.7099
1.72775
1.74466
1.76102
1.77749
1.79313
1.80911
1.83024
1.84203
1.85666
1.87149
1.88526
1.89746
1.90878
1.92016
1.93305
1.95376
2.01829
2.02832
2.03527
2.03665
2.03874
2.04615
2.05931
2.07466
2.08774
2.11601
2.29475
2.23568
2.18804
2.15692
2.1438
2.14837
2.17161
2.21694
2.28747
2.36609
0.759951
0.752449
0.743532
0.730712
0.717313
0.705722
0.69652
0.689652
0.685086
0.683133
0.684421
0.688524
0.694823
0.703254
0.713944
0.726794
0.740502
0.751708
0.759496
0.765822
0.673909
0.681792
0.688939
0.693706
0.694962
0.692977
0.689246
0.685323
0.682285
0.680959
0.682076
0.685189
0.689401
0.693844
0.697246
0.69798
0.695068
0.689049
0.681052
0.675153
0.665845
0.668907
0.671999
0.674522
0.676901
0.678674
0.679172
0.678529
0.677541
0.67715
0.678023
0.679744
0.681374
0.682028
0.681214
0.679289
0.677032
0.674398
0.671212
0.66885
0.660523
0.662042
0.664279
0.666444
0.668039
0.669324
0.670452
0.671251
0.671695
0.672127
0.672821
0.673492
0.673692
0.673292
0.672507
0.671423
0.669784
0.667612
0.665786
0.664701
0.655341
0.656182
0.65767
0.659521
0.661271
0.662683
0.663816
0.664831
0.66577
0.666634
0.667319
0.667658
0.667624
0.667267
0.666535
0.665323
0.663765
0.662209
0.661178
0.660543
0.650345
0.650916
0.651992
0.653428
0.654983
0.656518
0.657906
0.659117
0.660231
0.661288
0.662098
0.662496
0.662483
0.66204
0.661194
0.660101
0.658932
0.657869
0.657184
0.65674
0.645468
0.645897
0.646757
0.647967
0.64931
0.650752
0.652237
0.653671
0.655014
0.656278
0.657266
0.657764
0.657761
0.657331
0.656629
0.655807
0.654946
0.654164
0.653665
0.653328
0.64067
0.641007
0.641719
0.642782
0.644025
0.645386
0.64686
0.648417
0.649993
0.651526
0.652732
0.653367
0.653487
0.653241
0.652777
0.652184
0.651544
0.650976
0.650607
0.650339
0.635875
0.636149
0.636755
0.63772
0.638905
0.640233
0.641719
0.643365
0.645138
0.646957
0.64845
0.649333
0.649696
0.649699
0.649471
0.649099
0.648659
0.648266
0.647993
0.647771
0.630995
0.631223
0.631757
0.632661
0.633811
0.635147
0.636689
0.638455
0.640436
0.64257
0.644433
0.645665
0.646344
0.646626
0.646642
0.6465
0.646255
0.646013
0.645816
0.645627
0.625939
0.626133
0.626618
0.627491
0.628645
0.630028
0.631668
0.633603
0.635849
0.638367
0.640686
0.642347
0.643397
0.643997
0.644286
0.644377
0.644327
0.644224
0.644087
0.643922
0.620616
0.620784
0.621242
0.622115
0.623313
0.624787
0.626573
0.628738
0.631326
0.634323
0.637197
0.639368
0.640852
0.641816
0.642411
0.642742
0.642905
0.642928
0.642843
0.642694
0.614929
0.615079
0.615527
0.616429
0.617711
0.619322
0.621316
0.623788
0.626811
0.630404
0.63395
0.636729
0.638721
0.640102
0.641042
0.641665
0.642034
0.642177
0.642134
0.641996
0.608767
0.608902
0.609357
0.610317
0.611725
0.613531
0.615805
0.618672
0.622241
0.626566
0.630927
0.634434
0.637028
0.638895
0.640229
0.641173
0.641774
0.642037
0.642032
0.6419
0.601997
0.602123
0.602599
0.603649
0.60523
0.607295
0.609934
0.613305
0.617555
0.622776
0.628122
0.632499
0.635805
0.638246
0.640033
0.641343
0.642201
0.64259
0.642621
0.642491
0.594467
0.594579
0.595091
0.596263
0.598072
0.600472
0.603576
0.607577
0.612671
0.618987
0.625522
0.630937
0.635084
0.638201
0.640533
0.642269
0.643412
0.643933
0.643996
0.643864
0.585955
0.586067
0.586624
0.587961
0.590065
0.592893
0.596583
0.601374
0.607508
0.615159
0.623124
0.629777
0.634918
0.638829
0.641814
0.644043
0.645507
0.646167
0.646259
0.646122
0.576173
0.576292
0.576938
0.578492
0.580974
0.584344
0.588774
0.594554
0.601979
0.611258
0.620936
0.629052
0.635365
0.640212
0.643957
0.646761
0.648591
0.649397
0.649517
0.649371
0.564817
0.564938
0.565703
0.56753
0.570492
0.574561
0.579936
0.586963
0.595993
0.607257
0.618981
0.628811
0.636491
0.642433
0.647055
0.650534
0.652766
0.653721
0.653862
0.653704
0.551396
0.551533
0.552455
0.554642
0.55823
0.563207
0.5698
0.578417
0.589453
0.603137
0.617287
0.629109
0.638358
0.645564
0.651211
0.655446
0.658113
0.659212
0.659366
0.659192
0.535249
0.535423
0.536578
0.539252
0.543672
0.549859
0.558053
0.568719
0.582267
0.598888
0.615894
0.630007
0.641039
0.649676
0.656475
0.661559
0.664677
0.665903
0.666058
0.665866
0.515425
0.515672
0.517176
0.520547
0.52613
0.53398
0.544335
0.557687
0.574408
0.594576
0.614887
0.631581
0.6446
0.65483
0.662889
0.668893
0.672443
0.673761
0.673901
0.673688
0.490487
0.490878
0.492936
0.497369
0.504678
0.514928
0.528293
0.545219
0.565937
0.590332
0.614394
0.633926
0.649097
0.661057
0.670468
0.677393
0.681312
0.682661
0.682764
0.682531
0.458099
0.458784
0.461804
0.468057
0.478148
0.492031
0.509688
0.531367
0.557048
0.586374
0.614585
0.637144
0.654579
0.668331
0.67915
0.686922
0.691066
0.692361
0.692404
0.692156
0.414104
0.415485
0.420542
0.4304
0.445378
0.464911
0.488637
0.516458
0.548088
0.582978
0.615651
0.641356
0.66109
0.676619
0.688799
0.697226
0.701357
0.702489
0.702459
0.702204
0.350839
0.355071
0.365666
0.382801
0.406053
0.434051
0.465867
0.501182
0.539609
0.580533
0.617824
0.646664
0.668622
0.685798
0.69908
0.707842
0.711665
0.712514
0.712413
0.712175
0.275259
0.283533
0.302998
0.330691
0.364508
0.402011
0.442456
0.485705
0.531461
0.579156
0.621929
0.654673
0.679487
0.698671
0.713084
0.721882
0.72538
0.726065
0.726012
0.725883
0.199503
0.213495
0.241868
0.279992
0.324011
0.370933
0.420061
0.471329
0.524492
0.579023
0.627364
0.664066
0.691699
0.712973
0.728337
0.73679
0.739593
0.740039
0.74002
0.739964
0.136892
0.154199
0.188487
0.234495
0.286856
0.342045
0.399178
0.458053
0.518325
0.57942
0.633006
0.673376
0.703562
0.726422
0.742325
0.750515
0.753074
0.753511
0.75355
0.753535
0.0852619
0.104657
0.143468
0.195323
0.254161
0.316149
0.380205
0.44594
0.51281
0.580083
0.638664
0.682498
0.715068
0.739503
0.756134
0.764383
0.766778
0.767257
0.767344
0.767364
0.0419821
0.0626036
0.104805
0.161365
0.225558
0.293257
0.363249
0.435027
0.507879
0.580933
0.644314
0.691533
0.726442
0.752486
0.769922
0.778351
0.780955
0.781514
0.781623
0.781672
0.00464415
0.0260943
0.0709388
0.131368
0.200104
0.272744
0.347946
0.425153
0.50353
0.58202
0.649967
0.700473
0.737683
0.765328
0.783719
0.792663
0.795474
0.796052
0.796156
0.796218
-0.0284083
-0.00636386
0.0406362
0.104311
0.176957
0.253936
0.333834
0.416008
0.49951
0.583118
0.655448
0.709124
0.748605
0.777811
0.797174
0.806709
0.809741
0.810364
0.810448
0.810511
-0.0584037
-0.0359046
0.0129233
0.0794027
0.155466
0.236288
0.320415
0.407149
0.49545
0.583998
0.660563
0.717317
0.758952
0.789686
0.809973
0.820056
0.823334
0.823996
0.824054
0.824109
-0.0863102
-0.0633669
-0.0129374
0.0560401
0.135111
0.219349
0.307304
0.398268
0.491132
0.584425
0.665147
0.724885
0.768602
0.800729
0.82187
0.832493
0.835998
0.83666
0.836684
0.836722
-0.112686
-0.0892933
-0.0374321
0.0337738
0.115513
0.202816
0.294264
0.389145
0.486314
0.584195
0.669044
0.731752
0.777484
0.810935
0.832828
0.843751
0.847432
0.848105
0.848099
0.848112
-0.137965
-0.114095
-0.0609253
0.0122817
0.0964105
0.186474
0.281101
0.379591
0.480825
0.583211
0.672176
0.737892
0.7856
0.820247
0.842731
0.853871
0.857606
0.858273
0.858239
0.858224
-0.162429
-0.138057
-0.0836635
-0.00865193
0.0776204
0.170169
0.26768
0.369511
0.474589
0.581354
0.674491
0.743301
0.793013
0.828773
0.851695
0.8629
0.866583
0.867214
0.867161
0.86712
-0.186228
-0.161321
-0.105795
-0.0291524
0.0590365
0.153816
0.253949
0.358851
0.467535
0.578545
0.675929
0.747999
0.799816
0.836646
0.859827
0.870937
0.874517
0.875086
0.874999
0.874939
-0.209482
-0.18403
-0.1274
-0.0492791
0.0406164
0.137397
0.239893
0.347587
0.459619
0.574731
0.676433
0.751997
0.806121
0.844029
0.867328
0.87818
0.881534
0.88201
0.881894
0.881817
-0.232187
-0.206221
-0.148511
-0.0690537
0.0223569
0.120911
0.225518
0.335737
0.450849
0.569873
0.675928
0.755283
0.812041
0.851138
0.874392
0.884744
0.887755
0.888088
0.887933
0.887842
-0.254373
-0.227872
-0.169115
-0.088464
0.00428151
0.104396
0.210875
0.323348
0.441262
0.56395
0.674355
0.7578
0.817634
0.858198
0.8813
0.890829
0.893241
0.893372
0.893191
0.893098
-0.275967
-0.248946
-0.189209
-0.107495
-0.0135702
0.087918
0.196032
0.310488
0.430907
0.556963
0.671636
0.759444
0.822882
0.865428
0.888479
0.896834
0.898236
0.89798
0.897771
0.897701
-0.296982
-0.269397
-0.208778
-0.126102
-0.0311391
0.071539
0.181074
0.297249
0.419852
0.548949
0.667703
0.760086
0.827665
0.87292
0.896449
0.90352
0.903269
0.902099
0.901781
0.901845
-0.317329
-0.289222
-0.227778
-0.144243
-0.048375
0.0553362
0.166076
0.283703
0.408202
0.539973
0.662502
0.759571
0.831761
0.880504
0.905555
0.912028
0.909773
0.906622
0.905437
0.905905
-0.337045
-0.308395
-0.246156
-0.161861
-0.0652058
0.039397
0.151161
0.269984
0.396075
0.530122
0.656007
0.757724
0.834883
0.887681
0.915489
0.923157
0.920152
0.914227
0.907995
0.894828
-0.356087
-0.32696
-0.264051
-0.179166
-0.0819291
0.0233971
0.135919
0.255637
0.38296
0.518901
0.647688
0.754037
0.836814
0.894088
0.92555
0.936647
0.935085
0.926537
0.915678
0.927881
-0.374456
-0.344916
-0.281424
-0.196115
-0.0984972
0.00738391
0.120349
0.240679
0.368827
0.506183
0.637281
0.747758
0.836794
0.898629
0.932682
0.946885
0.947525
0.93654
0.886399
0.877785
-0.392652
-0.362426
-0.298019
-0.212429
-0.114482
-0.00827167
0.104626
0.225381
0.353972
0.492169
0.624824
0.738183
0.83396
0.900329
0.932085
0.945223
0.938806
0.90195
0.842015
0.806009
-0.413847
-0.381254
-0.313368
-0.227713
-0.129053
-0.0231811
0.0891837
0.210028
0.33861
0.476969
0.610365
0.724872
0.826439
0.897567
0.934843
0.91877
0.891071
0.830304
0.765489
0.7267
0.0163732
0.133789
0.258079
0.39076
0.528146
0.653047
0.759163
0.62095
-0.427863
-0.418611
-0.376897
-0.303934
-0.211724
-0.110548
-0.00162006
0.114603
0.23813
0.369653
0.505955
0.630454
0.733504
0.821603
0.867245
0.813763
0.688109
0.61175
0.551163
-0.45071
-0.439224
-0.393782
-0.319707
-0.227234
-0.126055
-0.0174955
0.0982647
0.220945
0.351142
0.485232
0.606862
0.703899
0.774758
0.770987
0.665099
0.536043
0.447733
0.374907
-0.473951
-0.46217
-0.41434
-0.339277
-0.246914
-0.145577
-0.0369551
0.0784786
0.200191
0.328758
0.459697
0.576357
0.663294
0.711729
0.671865
0.516881
0.372072
0.262989
0.174635
-0.497012
-0.485227
-0.436024
-0.359783
-0.267214
-0.165858
-0.0575431
0.0571357
0.177581
0.30403
0.431224
0.541792
0.620293
0.638096
0.546629
0.367365
0.195394
0.0488148
-0.0736086
-0.520125
-0.508448
-0.458354
-0.381222
-0.288322
-0.186967
-0.0791055
0.0346534
0.153622
0.277566
0.400437
0.503763
0.57171
0.551051
0.412748
0.220397
0.0235196
-0.145249
-0.30761
-0.543802
-0.532288
-0.481737
-0.404025
-0.310829
-0.209444
-0.101973
0.0109093
0.128312
0.249545
0.367804
0.462925
0.514857
0.47165
0.287148
0.0880886
-0.115752
-0.29631
-0.433776
-0.558048
-0.568856
-0.557445
-0.506572
-0.42852
-0.335204
-0.233898
-0.1269
-0.0150296
0.100544
0.218588
0.331671
0.417818
0.451292
0.372301
0.170505
-0.0315812
-0.221607
-0.365418
-0.416101
-0.437157
-0.595577
-0.584219
-0.53308
-0.454823
-0.361545
-0.260525
-0.154197
-0.0436306
0.0697227
0.183977
0.29108
0.367384
0.374913
0.256662
0.0609442
-0.131151
-0.297213
-0.372845
-0.395957
-0.398736
-0.624191
-0.6128
-0.561344
-0.482939
-0.389835
-0.289284
-0.183889
-0.0749389
0.0357857
0.145683
0.245808
0.312066
0.290098
0.147468
-0.0390784
-0.218345
-0.341504
-0.381329
-0.379721
-0.380719
-0.654672
-0.643207
-0.591384
-0.512872
-0.420069
-0.320177
-0.215982
-0.108963
-0.00128176
0.103718
0.196077
0.250227
0.211053
0.0446711
-0.12747
-0.289684
-0.356807
-0.369659
-0.370689
-0.370639
-0.686794
-0.675221
-0.62308
-0.544544
-0.452162
-0.353151
-0.250423
-0.14569
-0.0414557
0.0581594
0.142317
0.182959
0.134475
-0.0445126
-0.206688
-0.329122
-0.37053
-0.365568
-0.365022
-0.364642
-0.720051
-0.708427
-0.656141
-0.577691
-0.485913
-0.388022
-0.287067
-0.184995
-0.0845879
0.00936852
0.0847014
0.113909
0.0437172
-0.124763
-0.271478
-0.346603
-0.359571
-0.360679
-0.361011
-0.360791
-0.753926
-0.742276
-0.69005
-0.611859
-0.520923
-0.424441
-0.325603
-0.226584
-0.130426
-0.0421906
0.0240621
0.039239
-0.0462638
-0.193054
-0.314124
-0.351722
-0.356621
-0.357948
-0.358068
-0.357897
-0.787459
-0.775827
-0.723989
-0.646342
-0.556584
-0.461888
-0.365549
-0.26997
-0.178478
-0.0961348
-0.0371048
-0.0380956
-0.125537
-0.251573
-0.336025
-0.366282
-0.359258
-0.356302
-0.355035
-0.354736
-0.818888
-0.807608
-0.756789
-0.680174
-0.592037
-0.499594
-0.406212
-0.314452
-0.227949
-0.151857
-0.0975372
-0.108459
-0.197455
-0.301879
-0.361763
-0.364179
-0.361308
-0.354688
-0.351637
-0.35094
-0.847094
-0.836188
-0.786921
-0.712028
-0.626131
-0.536541
-0.446663
-0.359141
-0.277784
-0.208028
-0.158846
-0.170913
-0.257448
-0.338938
-0.384147
-0.386953
-0.370696
-0.359593
-0.355101
-0.353639
-0.869321
-0.8591
-0.812454
-0.740217
-0.657425
-0.571448
-0.485733
-0.402918
-0.326911
-0.262896
-0.22004
-0.226034
-0.302089
-0.361216
-0.378544
-0.385575
-0.390227
-0.38986
-0.38536
-0.381804
-0.883451
-0.874272
-0.831104
-0.76281
-0.684251
-0.602821
-0.522045
-0.444451
-0.374126
-0.315066
-0.275879
-0.278289
-0.335426
-0.378885
-0.386625
-0.392842
-0.40874
-0.41118
-0.407692
-0.405442
-0.886926
-0.879201
-0.840565
-0.777781
-0.704798
-0.629106
-0.554094
-0.482324
-0.417705
-0.364053
-0.323852
-0.324028
-0.361373
-0.405481
-0.414963
-0.400927
-0.393882
-0.390479
-0.390328
-0.39079
-0.87754
-0.871228
-0.83865
-0.783127
-0.717419
-0.648874
-0.580494
-0.515122
-0.455808
-0.408633
-0.366677
-0.35502
-0.372017
-0.404064
-0.428477
-0.397058
-0.379707
-0.376485
-0.376947
-0.376743
-0.851836
-0.847366
-0.822681
-0.777309
-0.721053
-0.661021
-0.600421
-0.541472
-0.487719
-0.445278
-0.409199
-0.370833
-0.336157
-0.309664
-0.326386
-0.348944
-0.361004
-0.370612
-0.376036
-0.377636
-0.813478
-0.810654
-0.794637
-0.760757
-0.715833
-0.66543
-0.61344
-0.561077
-0.512915
-0.473155
-0.446071
-0.39783
-0.324978
-0.219522
-0.198632
-0.282824
-0.362668
-0.402234
-0.417046
-0.422548
-0.769721
-0.767955
-0.760005
-0.737592
-0.704171
-0.663603
-0.619622
-0.574543
-0.530275
-0.494026
-0.46586
-0.444875
-0.430432
-0.380982
-0.361057
-0.4502
-0.532317
-0.566527
-0.571152
-0.573193
-0.731174
-0.730017
-0.726346
-0.71414
-0.690216
-0.658028
-0.621003
-0.581154
-0.540973
-0.505062
-0.476849
-0.496598
-0.651546
-0.979312
-1.2443
-1.23407
-1.14454
-0.986139
-0.845048
-0.797328
-0.704093
-0.70345
-0.701172
-0.695101
-0.678385
-0.6522
-0.61972
-0.582925
-0.544203
-0.505297
-0.483175
-0.475648
-0.606418
-0.751117
-0.932895
-1.00151
-0.957912
-0.887451
-0.786789
-0.716168
-0.684823
-0.684406
-0.683586
-0.68121
-0.670652
-0.648832
-0.618084
-0.582083
-0.54007
-0.498226
-0.461101
-0.432993
-0.403689
-0.311958
-0.216575
-0.114941
-0.0586091
-0.0220189
0.00571798
0.0288779
-0.673157
-0.673055
-0.672687
-0.671265
-0.665661
-0.647387
-0.617414
-0.578778
-0.534957
-0.483106
-0.429045
-0.392358
-0.269544
-0.019093
0.235647
0.458477
0.605264
0.659245
0.68855
0.697034
-0.665384
-0.665348
-0.664951
-0.664439
-0.661901
-0.647759
-0.618175
-0.575619
-0.525728
-0.463952
-0.396894
-0.314029
-0.162185
0.148547
0.48969
0.829703
1.03414
1.09494
1.09554
1.07802
-0.661548
-0.66146
-0.661092
-0.660611
-0.659532
-0.650675
-0.620963
-0.573553
-0.514482
-0.448275
-0.360428
-0.262617
-0.0963969
0.182932
0.478349
0.728854
0.88517
0.945103
0.976049
0.992481
-0.659668
-0.659895
-0.660726
-0.662141
-0.663438
-0.657403
-0.625522
-0.571884
-0.510157
-0.433028
-0.336114
-0.238125
-0.0747585
0.177838
0.404443
0.597683
0.720208
0.804512
0.889106
0.943954
-0.653706
-0.654862
-0.657509
-0.662761
-0.66848
-0.662036
-0.625644
-0.574455
-0.513354
-0.426908
-0.325285
-0.228099
-0.0882739
0.143061
0.378967
0.620454
0.814591
0.958265
1.05957
1.10514
-0.656115
-0.65738
-0.657825
-0.652302
-0.641862
-0.634576
-0.614734
-0.58453
-0.525191
-0.431547
-0.323568
-0.219374
-0.105181
0.110382
0.357087
0.600193
0.810934
0.971039
1.06167
1.09383
-0.69043
-0.69046
-0.684632
-0.657875
-0.613072
-0.5924
-0.615562
-0.608738
-0.54422
-0.44125
-0.331042
-0.229199
-0.144566
0.0337703
0.26232
0.488712
0.67186
0.804628
0.870605
0.892406
-0.752941
-0.749975
-0.747567
-0.739973
-0.727197
-0.712911
-0.717257
-0.672984
-0.570933
-0.45237
-0.340786
-0.24383
-0.160394
-0.039747
0.152224
0.335827
0.482304
0.583687
0.630137
0.64499
-0.874296
-0.873566
-0.899831
-0.948515
-0.978927
-0.965571
-0.910282
-0.777949
-0.606771
-0.466931
-0.353342
-0.256245
-0.186662
-0.102362
0.0520178
0.189767
0.301348
0.374065
0.406425
0.412475
-0.998147
-1.00553
-1.04299
-1.0896
-1.11538
-1.1002
-1.02338
-0.831835
-0.62465
-0.479781
-0.35628
-0.269036
-0.215356
-0.162114
-0.0429817
0.0592286
0.142317
0.193147
0.215337
0.220492
-0.994341
-1.00347
-1.03149
-1.06481
-1.08544
-1.07081
-0.979688
-0.772384
-0.597576
-0.456906
-0.346826
-0.274285
-0.224122
-0.193673
-0.116986
-0.0459847
0.00779655
0.038808
0.0520998
0.0546857
-0.805003
-0.816049
-0.844377
-0.881992
-0.910579
-0.898083
-0.796981
-0.642147
-0.511748
-0.392912
-0.323423
-0.262574
-0.233046
-0.20766
-0.161935
-0.129414
-0.106924
-0.0952188
-0.0914919
-0.090594
-0.47018
-0.479908
-0.504531
-0.541773
-0.575155
-0.580494
-0.529855
-0.460095
-0.377937
-0.318726
-0.275702
-0.243317
-0.225092
-0.212582
-0.193307
-0.184053
-0.185398
-0.192498
-0.195685
-0.19543
-0.131378
-0.136916
-0.151859
-0.179497
-0.215463
-0.240734
-0.256279
-0.25897
-0.253774
-0.239194
-0.224222
-0.216915
-0.210245
-0.204702
-0.203659
-0.214222
-0.227395
-0.241299
-0.245775
-0.245812
0.085561
0.0826712
0.0739099
0.0526242
0.015775
-0.0350374
-0.0833797
-0.122912
-0.151443
-0.166549
-0.178621
-0.191449
-0.201089
-0.201115
-0.197795
-0.212341
-0.237183
-0.249997
-0.252088
-0.250002
0.171634
0.169975
0.164166
0.147429
0.115029
0.0680326
0.0134551
-0.038031
-0.0799227
-0.110818
-0.138515
-0.169569
-0.198089
-0.194887
-0.188521
-0.184742
-0.192612
-0.194763
-0.192311
-0.192078
0.182022
0.181046
0.177068
0.165033
0.140671
0.103685
0.0593291
0.0130209
-0.0298772
-0.0650424
-0.0969371
-0.132767
-0.16879
-0.157516
-0.137194
-0.127705
-0.123366
-0.12068
-0.11984
-0.120106
0.162818
0.162325
0.15977
0.151774
0.135115
0.10888
0.0753426
0.0387481
0.00347774
-0.0270605
-0.0523659
-0.0762219
-0.0910131
-0.0821689
-0.0709777
-0.0656962
-0.0595209
-0.0559791
-0.0551256
-0.0563823
0.135926
0.135752
0.134251
0.129284
0.118568
0.10119
0.0779262
0.0512888
0.0248111
0.00335728
-0.00941272
-0.0125493
-0.00338865
-0.000646423
-0.00530898
-0.0126751
-0.0140849
-0.0144981
-0.0152246
-0.0162499
0.10905
0.109059
0.108296
0.105421
0.0989097
0.0879205
0.0727032
0.0551586
0.0381228
0.0260875
0.0259422
0.0402733
0.0632472
0.0620666
0.0469909
0.0303103
0.0202334
0.014894
0.0119651
0.0107295
0.0845817
0.0846899
0.0843155
0.0827687
0.079026
0.0724627
0.0631998
0.0525063
0.0430204
0.0393775
0.0495684
0.0737275
0.102889
0.0999862
0.0780279
0.0583113
0.045644
0.037961
0.0337543
0.0325085
0.0621481
0.0622958
0.0621868
0.0615159
0.0595997
0.0560102
0.0508465
0.0451045
0.0409805
0.0430113
0.05905
0.0880785
0.117286
0.115047
0.0911351
0.0723443
0.0622499
0.0566608
0.0530857
0.0517516
0.0414712
0.0416183
0.0416624
0.0414859
0.0406981
0.0389978
0.036491
0.0338547
0.0329842
0.0376332
0.0545079
0.0823456
0.107965
0.103872
0.0845895
0.0712958
0.06626
0.0638357
0.0616184
0.0602159
0.0221806
0.0223116
0.0224053
0.0224045
0.022259
0.0216485
0.0206586
0.0197432
0.0201209
0.0238416
0.0369438
0.0589217
0.0764964
0.0694825
0.0560452
0.0511521
0.0499469
0.0510248
0.05023
0.0487875
0.0131395
0.0132091
0.0132556
0.0132343
0.0131025
0.0126803
0.0120603
0.0118559
0.0133472
0.0184042
0.0310887
0.0457903
0.0532291
0.0444412
0.0347811
0.0325822
0.0347362
0.0352871
0.0344123
0.0108367
-0.161366
0.107415
0.282384
0.446409
0.578843
0.684832
0.770054
0.84215
0.888104
0.877849
0.239471
0.35864
0.477854
0.585176
0.676575
0.752862
0.81495
0.861101
0.888621
0.904777
0.457588
0.535266
0.617792
0.693755
0.759069
0.814166
0.858823
0.893129
0.919332
0.939402
0.613137
0.670418
0.728919
0.784383
0.832872
0.874431
0.909521
0.938937
0.963276
0.981307
0.736738
0.780754
0.823763
0.865753
0.903916
0.937795
0.967587
0.993387
1.01426
1.031
0.839496
0.873746
0.909348
0.944118
0.97662
1.00631
1.03289
1.05589
1.07423
1.08941
0.930082
0.960201
0.992476
1.02449
1.05467
1.08242
1.10726
1.12845
1.1448
1.15861
1.01705
1.04757
1.08016
1.11221
1.14229
1.16964
1.1937
1.21369
1.2285
1.24114
1.10994
1.14403
1.17975
1.21353
1.24442
1.27174
1.29504
1.31385
1.32753
1.33975
1.2213
1.25933
1.29838
1.33346
1.3642
1.39043
1.41223
1.42971
1.44291
1.45572
1.36276
1.40118
1.43969
1.47193
1.49922
1.52254
1.54258
1.55958
1.5736
1.58742
1.53837
1.56828
1.59833
1.62255
1.64358
1.66293
1.68113
1.69845
1.71433
1.7292
1.73201
1.74641
1.76403
1.78081
1.79734
1.81278
1.82694
1.84099
1.85586
1.87203
1.92102
1.92532
1.93823
1.95041
1.96041
1.96972
1.97991
1.99057
1.99991
2.01213
2.15048
2.13688
2.12807
2.11303
2.10195
2.10142
2.11344
2.13724
2.16907
2.20484
2.52467
2.36617
2.26066
2.20182
2.17275
2.1662
2.18136
2.22259
2.30182
2.44694
-0.407275
-0.403889
-0.361664
-0.287984
-0.195418
-0.0935045
0.856219
0.910071
0.89903
0.828434
0.759064
0.691972
0.490747
0.298136
0.0758022
-0.213051
-0.557884
)
;

boundaryField
{
    wall-4
    {
        type            zeroGradient;
    }
    pressure-outlet-7
    {
        type            fixedValue;
        value           uniform 0;
    }
    velocity-inlet-6
    {
        type            zeroGradient;
    }
    velocity-inlet-5
    {
        type            zeroGradient;
    }
    frontAndBackPlanes
    {
        type            empty;
    }
}


// ************************************************************************* //
