/*--------------------------------*- C++ -*----------------------------------*\
  =========                 |
  \\      /  F ield         | OpenFOAM: The Open Source CFD Toolbox
   \\    /   O peration     | Website:  https://openfoam.org
    \\  /    A nd           | Version:  6
     \\/     M anipulation  |
\*---------------------------------------------------------------------------*/
FoamFile
{
    version     2.0;
    format      ascii;
    class       volScalarField;
    location    "48.9";
    object      p;
}
// * * * * * * * * * * * * * * * * * * * * * * * * * * * * * * * * * * * * * //

dimensions      [0 2 -2 0 0 0 0];

internalField   nonuniform List<scalar> 
8800
(
0.780588
0.73127
0.693298
0.66522
0.645044
0.630435
0.619807
0.612226
0.607284
0.605139
0.606424
0.610697
0.617439
0.626823
0.639532
0.656833
0.680698
0.713788
0.75672
0.809232
0.615095
0.621437
0.630582
0.634122
0.631501
0.625395
0.618429
0.612149
0.607295
0.604357
0.60404
0.606588
0.611165
0.617246
0.624313
0.631325
0.636188
0.636053
0.62937
0.620466
0.588637
0.594869
0.59936
0.603219
0.60615
0.607076
0.605954
0.603785
0.601739
0.600815
0.601755
0.60413
0.606957
0.609184
0.609674
0.607864
0.604482
0.600457
0.595669
0.591952
0.584378
0.58714
0.589736
0.59188
0.593597
0.595138
0.596202
0.596502
0.596316
0.596321
0.597023
0.598079
0.598755
0.598555
0.597544
0.596163
0.594473
0.592157
0.589738
0.588171
0.579378
0.5808
0.582628
0.584691
0.58638
0.587641
0.588695
0.589614
0.590339
0.590967
0.591562
0.591925
0.591873
0.591452
0.590741
0.589594
0.587913
0.586001
0.584639
0.583837
0.574459
0.57536
0.576594
0.5782
0.579866
0.581361
0.582593
0.583644
0.584612
0.585503
0.586154
0.586431
0.586351
0.585914
0.585059
0.583832
0.58244
0.581152
0.580322
0.579798
0.569642
0.570296
0.571244
0.572538
0.573952
0.575425
0.576851
0.578132
0.579283
0.580341
0.581133
0.581491
0.581401
0.58088
0.580035
0.579044
0.578013
0.577083
0.576493
0.57611
0.564925
0.565429
0.5662
0.567313
0.568576
0.569943
0.571383
0.572831
0.574214
0.575497
0.576462
0.576906
0.576852
0.576426
0.575782
0.575033
0.574247
0.573552
0.573114
0.572816
0.560258
0.560659
0.561303
0.562294
0.563482
0.56479
0.566216
0.567749
0.569334
0.570881
0.572067
0.572668
0.57278
0.57256
0.572139
0.571595
0.571002
0.570494
0.570166
0.569926
0.555564
0.555891
0.556447
0.557357
0.558494
0.559784
0.561238
0.56286
0.56462
0.566433
0.567918
0.568794
0.569161
0.569181
0.568976
0.568642
0.568233
0.567879
0.567635
0.567434
0.550757
0.551028
0.551524
0.552387
0.553505
0.554817
0.556339
0.558088
0.560058
0.562186
0.564045
0.565274
0.565953
0.566241
0.566269
0.56614
0.565911
0.565691
0.565513
0.565342
0.545758
0.545987
0.546444
0.547288
0.548426
0.5498
0.551428
0.553353
0.555596
0.558113
0.560431
0.562087
0.56313
0.563728
0.564016
0.564103
0.56405
0.563951
0.563827
0.563676
0.540478
0.540673
0.541111
0.541967
0.543164
0.544645
0.546437
0.548612
0.551214
0.554225
0.557099
0.559257
0.560718
0.561661
0.562235
0.562543
0.562679
0.562693
0.562614
0.562478
0.534824
0.534992
0.535427
0.536325
0.537624
0.539264
0.541289
0.543796
0.54686
0.550486
0.554038
0.556793
0.558741
0.560076
0.56097
0.561542
0.561861
0.561979
0.56194
0.561814
0.528686
0.528831
0.52928
0.530247
0.531692
0.533552
0.535886
0.538821
0.542461
0.546843
0.55122
0.554695
0.557222
0.559016
0.560274
0.56113
0.561655
0.561883
0.56188
0.561761
0.52193
0.522051
0.522528
0.523597
0.525239
0.527387
0.530114
0.53358
0.537936
0.54325
0.548628
0.552967
0.556189
0.558537
0.560223
0.561401
0.562156
0.562498
0.56253
0.562413
0.514395
0.514492
0.515011
0.516213
0.51811
0.520628
0.523856
0.527997
0.533236
0.539683
0.546281
0.551671
0.555719
0.558708
0.560904
0.562464
0.563475
0.563938
0.564002
0.563886
0.505845
0.505946
0.506514
0.507885
0.510115
0.513105
0.516977
0.521979
0.528346
0.536202
0.544266
0.550884
0.555895
0.559634
0.562434
0.564432
0.565732
0.566324
0.566421
0.566301
0.495993
0.496078
0.496732
0.498337
0.501
0.504597
0.509282
0.515363
0.523122
0.532704
0.542534
0.550621
0.556778
0.561412
0.564913
0.56743
0.569059
0.569792
0.56992
0.569794
0.484486
0.484554
0.485312
0.487222
0.49043
0.494806
0.500536
0.507981
0.517473
0.529174
0.541132
0.550952
0.558461
0.564151
0.568468
0.571599
0.5736
0.574482
0.574639
0.574503
0.470776
0.470834
0.471738
0.474057
0.477989
0.483391
0.490483
0.499691
0.511367
0.525649
0.54016
0.552021
0.561072
0.567977
0.573244
0.577072
0.579482
0.580519
0.580701
0.580551
0.454125
0.454177
0.455291
0.458185
0.463105
0.469898
0.478814
0.490336
0.504815
0.522284
0.539758
0.553926
0.564737
0.57302
0.579361
0.583975
0.586823
0.588009
0.588207
0.588039
0.433405
0.433459
0.434906
0.438652
0.444989
0.453732
0.465137
0.479689
0.497642
0.518907
0.539871
0.556704
0.569517
0.57936
0.586904
0.592395
0.595697
0.597013
0.597212
0.597023
0.406842
0.406925
0.408955
0.414085
0.422609
0.434238
0.449175
0.467814
0.490214
0.516032
0.540896
0.560588
0.575546
0.587095
0.595947
0.602363
0.606096
0.607502
0.60768
0.607466
0.371414
0.371618
0.374843
0.382545
0.394785
0.410859
0.430852
0.454852
0.482651
0.513691
0.542874
0.565676
0.58291
0.596226
0.606486
0.613815
0.617893
0.619314
0.61944
0.6192
0.321365
0.32242
0.328848
0.34185
0.360574
0.383513
0.410474
0.441242
0.475398
0.512261
0.546038
0.57204
0.591588
0.606702
0.618374
0.626529
0.630791
0.632118
0.632159
0.631891
0.248284
0.255553
0.270336
0.293081
0.321523
0.353678
0.389161
0.427713
0.468946
0.51218
0.550938
0.580434
0.602555
0.619705
0.632843
0.641739
0.646135
0.647379
0.647369
0.647127
0.170312
0.186245
0.210299
0.243558
0.282246
0.323791
0.367873
0.414423
0.463175
0.513551
0.558345
0.592317
0.617798
0.637503
0.652444
0.662097
0.666465
0.667547
0.667566
0.667435
0.103552
0.123057
0.154879
0.197185
0.244992
0.29538
0.34785
0.402293
0.45843
0.515704
0.566211
0.604335
0.632881
0.654899
0.671302
0.681431
0.685691
0.686685
0.686762
0.686698
0.0489018
0.0706295
0.107813
0.156631
0.211579
0.269399
0.329296
0.390994
0.454069
0.517885
0.573792
0.61582
0.647145
0.671193
0.688931
0.699772
0.704423
0.705504
0.705591
0.705569
0.00349431
0.0265628
0.0676363
0.121561
0.182245
0.246195
0.312442
0.38057
0.449996
0.519937
0.580923
0.626606
0.660574
0.686522
0.705652
0.717449
0.722547
0.72371
0.723843
0.723855
-0.0352669
-0.0113693
0.0325988
0.0906883
0.156201
0.225393
0.297142
0.370968
0.446143
0.521747
0.587476
0.63657
0.672998
0.700773
0.721186
0.733819
0.739404
0.740756
0.740949
0.740975
-0.0693752
-0.0448908
0.0013566
0.0628927
0.132533
0.206291
0.282922
0.361885
0.442332
0.523181
0.593376
0.645628
0.684287
0.713635
0.735121
0.748436
0.75442
0.756067
0.756344
0.756375
-0.100286
-0.0753039
-0.0271621
0.037308
0.11052
0.188284
0.269302
0.352965
0.438317
0.524106
0.598509
0.653749
0.694402
0.725128
0.747502
0.761347
0.76767
0.769551
0.769871
0.769896
-0.12898
-0.103526
-0.053769
0.0132827
0.0896226
0.170931
0.255906
0.343885
0.433841
0.524368
0.602829
0.660913
0.703432
0.7354
0.75851
0.772673
0.779247
0.781268
0.78159
0.781591
-0.156231
-0.130247
-0.0790047
-0.00966279
0.0694329
0.153904
0.242462
0.334428
0.42872
0.523832
0.606289
0.667152
0.711482
0.744572
0.768199
0.782545
0.789231
0.791328
0.791638
0.791606
-0.182372
-0.1559
-0.103284
-0.0318864
0.0496753
0.136988
0.2288
0.324445
0.422834
0.522392
0.608833
0.672517
0.718682
0.752801
0.776812
0.791246
0.797978
0.800114
0.800422
0.800362
-0.207812
-0.180759
-0.126869
-0.0536098
0.0301675
0.120035
0.21481
0.313848
0.416098
0.519967
0.610433
0.677066
0.725151
0.760293
0.784636
0.799124
0.80584
0.807919
0.80821
0.808136
-0.23265
-0.205007
-0.149914
-0.0749593
0.0108058
0.102974
0.200439
0.302598
0.408465
0.516518
0.611074
0.680854
0.730996
0.767174
0.791832
0.806328
0.812974
0.814975
0.815194
0.815079
-0.256983
-0.228738
-0.172509
-0.0959935
-0.00844511
0.0857861
0.185679
0.290688
0.399923
0.512005
0.610728
0.683902
0.736293
0.773584
0.798556
0.812997
0.819452
0.821305
0.821444
0.82129
-0.280879
-0.252001
-0.194664
-0.116728
-0.0275949
0.0684861
0.170559
0.278151
0.390489
0.506411
0.609353
0.686181
0.741107
0.779672
0.804961
0.819224
0.82536
0.82698
0.827029
0.826851
-0.304368
-0.274779
-0.216371
-0.137149
-0.0465992
0.0511174
0.155135
0.265041
0.380201
0.499732
0.606892
0.687619
0.745453
0.785602
0.811253
0.825142
0.830747
0.832049
0.832004
0.83181
-0.327277
-0.297021
-0.237592
-0.157225
-0.0654118
0.0337549
0.139478
0.251438
0.369123
0.491995
0.603281
0.68811
0.749286
0.791522
0.81773
0.830996
0.835719
0.836542
0.836393
0.836201
-0.349566
-0.318675
-0.258296
-0.176898
-0.0839669
0.0164659
0.123684
0.237425
0.357343
0.483231
0.598471
0.687528
0.752477
0.797484
0.824777
0.837313
0.840592
0.840542
0.840226
0.840077
-0.371285
-0.339701
-0.278448
-0.196122
-0.102194
-0.000660537
0.107847
0.223111
0.344956
0.473505
0.592413
0.685742
0.754814
0.803327
0.832701
0.845012
0.846347
0.844493
0.843576
0.843639
-0.392266
-0.360065
-0.297983
-0.214823
-0.120029
-0.0175352
0.0920685
0.208608
0.332082
0.462922
0.585088
0.682606
0.756035
0.80862
0.841347
0.855046
0.855156
0.850572
0.847072
0.845389
-0.412602
-0.379766
-0.316903
-0.233031
-0.137505
-0.0342005
0.0762939
0.193856
0.318646
0.451408
0.576338
0.677856
0.755861
0.812777
0.849855
0.867373
0.869114
0.862999
0.852514
0.851953
-0.432202
-0.398876
-0.335345
-0.25094
-0.154924
-0.0510032
0.0600958
0.17835
0.30408
0.438305
0.56547
0.670681
0.753722
0.814966
0.856222
0.879025
0.88363
0.874027
0.856031
0.85238
-0.450922
-0.417356
-0.353133
-0.268343
-0.172025
-0.0676345
0.0436924
0.162422
0.288693
0.423873
0.552582
0.66053
0.748954
0.814033
0.85605
0.878709
0.886863
0.864189
0.805712
0.78003
-0.468639
-0.436016
-0.369856
-0.284717
-0.188104
-0.083603
0.0273575
0.146347
0.272765
0.40829
0.537759
0.646902
0.740686
0.809302
0.844727
0.861725
0.854443
0.806213
0.744921
0.707277
-0.513124
-0.454029
-0.385387
-0.300686
-0.203951
-0.0998325
0.0112233
0.130005
0.256102
0.391227
0.520627
0.62932
0.725348
0.799012
0.821128
0.815018
0.774227
0.713081
0.645763
0.608775
-0.487965
-0.469489
-0.408913
-0.324202
-0.228065
-0.124159
-0.013836
0.104254
0.229353
0.36289
0.490434
0.596612
0.683552
0.763599
0.752626
0.651894
0.566548
0.507104
0.445192
0.474007
-0.52001
-0.487859
-0.42641
-0.342244
-0.246225
-0.142618
-0.0321494
0.0852727
0.209319
0.341038
0.465842
0.568299
0.645311
0.6899
0.644234
0.511537
0.40747
0.337268
0.257204
0.304689
-0.545016
-0.510346
-0.44701
-0.362665
-0.266706
-0.163151
-0.0527731
0.0638561
0.186543
0.315864
0.436823
0.533249
0.59941
0.606919
0.506893
0.357347
0.232719
0.14358
0.0501084
0.0831845
-0.569444
-0.533615
-0.4688
-0.383744
-0.287633
-0.184171
-0.0742551
0.0414291
0.162548
0.289091
0.405277
0.494436
0.544068
0.519852
0.368156
0.196163
0.0401984
-0.0904199
-0.212491
-0.198483
-0.59363
-0.557325
-0.491523
-0.405828
-0.309485
-0.206183
-0.0968676
0.0177382
0.137024
0.260414
0.371099
0.452933
0.482474
0.415356
0.231998
0.0395275
-0.143881
-0.294668
-0.497908
-0.57634
-0.618255
-0.581946
-0.515525
-0.429339
-0.332744
-0.229548
-0.120764
-0.00725671
0.110089
0.230098
0.334976
0.407581
0.413396
0.29516
0.108092
-0.096688
-0.285069
-0.444287
-0.566494
-0.68453
-0.644409
-0.607969
-0.541175
-0.454679
-0.357968
-0.254968
-0.146805
-0.0345626
0.0805133
0.196615
0.295237
0.355788
0.335429
0.181007
-0.00765635
-0.206619
-0.378487
-0.473504
-0.499285
-0.512803
-0.672234
-0.635685
-0.56861
-0.481961
-0.385315
-0.282675
-0.175377
-0.0647013
0.0476656
0.159141
0.251035
0.294874
0.256328
0.071541
-0.11531
-0.29399
-0.423626
-0.460617
-0.469317
-0.469648
-0.70202
-0.665225
-0.597872
-0.511169
-0.414732
-0.312681
-0.206506
-0.097737
0.0114633
0.117614
0.201832
0.230185
0.161333
-0.028464
-0.209237
-0.364413
-0.436601
-0.450551
-0.451387
-0.451131
-0.73378
-0.696629
-0.628974
-0.542298
-0.446235
-0.344979
-0.240211
-0.133699
-0.0280944
0.0721041
0.147398
0.161613
0.0554942
-0.119106
-0.289799
-0.411958
-0.439634
-0.440612
-0.441319
-0.440826
-0.767254
-0.729716
-0.661808
-0.575262
-0.479732
-0.379516
-0.276472
-0.172582
-0.07097
0.0226999
0.088842
0.0846719
-0.0391001
-0.203382
-0.353307
-0.420968
-0.435942
-0.434817
-0.434805
-0.434513
-0.801857
-0.764132
-0.6961
-0.609819
-0.515026
-0.416129
-0.315144
-0.214282
-0.116984
-0.0302013
0.0262147
0.00683649
-0.126908
-0.278901
-0.39615
-0.431204
-0.430221
-0.429903
-0.429493
-0.429247
-0.83714
-0.799325
-0.73135
-0.645533
-0.551743
-0.454481
-0.355944
-0.258543
-0.165918
-0.0856969
-0.0420161
-0.0662623
-0.206573
-0.338385
-0.422651
-0.4288
-0.429085
-0.427949
-0.427048
-0.42649
-0.872084
-0.834368
-0.766778
-0.681731
-0.589303
-0.494066
-0.398397
-0.304903
-0.217411
-0.143073
-0.110369
-0.141805
-0.27454
-0.385106
-0.431549
-0.439549
-0.433004
-0.430304
-0.42866
-0.427746
-0.90482
-0.867937
-0.801312
-0.717477
-0.626878
-0.534138
-0.4418
-0.352666
-0.270741
-0.202071
-0.174508
-0.221914
-0.331008
-0.426177
-0.449602
-0.444075
-0.436707
-0.431167
-0.429371
-0.428642
-0.934206
-0.898458
-0.833487
-0.751508
-0.663346
-0.573695
-0.485206
-0.400915
-0.324818
-0.26214
-0.238663
-0.294896
-0.375143
-0.44303
-0.471888
-0.456797
-0.442744
-0.435557
-0.434607
-0.434074
-0.957455
-0.923744
-0.86146
-0.782207
-0.697301
-0.611463
-0.527408
-0.448488
-0.378504
-0.32186
-0.302919
-0.361212
-0.410529
-0.432325
-0.448809
-0.470585
-0.478286
-0.48015
-0.478964
-0.47732
-0.972376
-0.941548
-0.883042
-0.807706
-0.727076
-0.645922
-0.566958
-0.493892
-0.430587
-0.380074
-0.360735
-0.431925
-0.469732
-0.444083
-0.481773
-0.542524
-0.58523
-0.590517
-0.582177
-0.579039
-0.976092
-0.949313
-0.895988
-0.825998
-0.750829
-0.675405
-0.602248
-0.535242
-0.47953
-0.436615
-0.413683
-0.511007
-0.621145
-0.613516
-0.625065
-0.647135
-0.657116
-0.658537
-0.653089
-0.652278
-0.966379
-0.944484
-0.898013
-0.835138
-0.766839
-0.6982
-0.631649
-0.570584
-0.522512
-0.490857
-0.469941
-0.578059
-0.796969
-0.943727
-0.835984
-0.732119
-0.683999
-0.669217
-0.666139
-0.665677
-0.940273
-0.924055
-0.887013
-0.833704
-0.773842
-0.712871
-0.653445
-0.598408
-0.556038
-0.535185
-0.529627
-0.626114
-0.713882
-0.855044
-0.719251
-0.673028
-0.664871
-0.648944
-0.642255
-0.639319
-0.900906
-0.890464
-0.863745
-0.821675
-0.771546
-0.71878
-0.666318
-0.617313
-0.577302
-0.561865
-0.557232
-0.560609
-0.453321
-0.338133
-0.286909
-0.419251
-0.518071
-0.542521
-0.548712
-0.550623
-0.854991
-0.849087
-0.832963
-0.801916
-0.761742
-0.716662
-0.669998
-0.624932
-0.587129
-0.564964
-0.564665
-0.534812
-0.443201
-0.41828
-0.639969
-0.799924
-0.827806
-0.73159
-0.657127
-0.657274
-0.812345
-0.808879
-0.800868
-0.779783
-0.747487
-0.708517
-0.665693
-0.622303
-0.581993
-0.555472
-0.569736
-0.588971
-0.766615
-0.968295
-1.09485
-1.26558
-1.3267
-1.27755
-1.16714
-1.10329
-0.779857
-0.777768
-0.773605
-0.759989
-0.733729
-0.69763
-0.656281
-0.60949
-0.562245
-0.525837
-0.501217
-0.522274
-0.654807
-0.963759
-1.24177
-1.33523
-1.27173
-1.16784
-1.05862
-0.997549
-0.754293
-0.753454
-0.752085
-0.744831
-0.723301
-0.688356
-0.643557
-0.592114
-0.534069
-0.46549
-0.39481
-0.34813
-0.440612
-0.571406
-0.62287
-0.486095
-0.273478
-0.0476174
0.12491
0.190225
-0.738613
-0.738213
-0.73769
-0.734287
-0.717258
-0.681253
-0.631401
-0.571053
-0.494561
-0.402805
-0.28683
-0.107744
0.0551065
0.267335
0.566962
0.850175
1.15643
1.40547
1.53551
1.58179
-0.727882
-0.727826
-0.727628
-0.726587
-0.713322
-0.677407
-0.622657
-0.552153
-0.464184
-0.347125
-0.216726
-0.0465488
0.216433
0.56399
1.06014
1.5494
1.93347
2.16556
2.26474
2.29147
-0.719635
-0.71925
-0.717655
-0.715957
-0.708034
-0.678777
-0.622682
-0.541647
-0.443768
-0.319739
-0.187352
-0.0456283
0.18758
0.568661
1.07525
1.5387
1.87484
2.06677
2.1485
2.16662
-0.725177
-0.722086
-0.71392
-0.706984
-0.708633
-0.692393
-0.633337
-0.539473
-0.432586
-0.313943
-0.177593
-0.0552859
0.119079
0.450523
0.848837
1.19635
1.45756
1.60413
1.66149
1.67514
-0.767044
-0.762769
-0.75676
-0.756509
-0.759863
-0.735756
-0.653026
-0.542493
-0.422416
-0.307822
-0.187628
-0.0846531
0.0166064
0.24639
0.55979
0.82145
1.00394
1.10136
1.14088
1.14994
-0.845213
-0.849307
-0.866941
-0.878026
-0.869836
-0.804862
-0.673627
-0.538279
-0.413358
-0.297853
-0.200589
-0.11942
-0.0421156
0.125642
0.3355
0.501169
0.622007
0.688019
0.714444
0.719766
-0.890346
-0.906178
-0.932686
-0.946969
-0.925143
-0.821952
-0.658598
-0.5151
-0.395781
-0.289157
-0.211588
-0.155694
-0.115356
0.0119745
0.163088
0.281506
0.356586
0.394385
0.409715
0.412853
-0.788167
-0.804663
-0.828988
-0.842086
-0.814767
-0.711939
-0.579362
-0.461553
-0.35755
-0.273709
-0.214649
-0.179114
-0.158648
-0.0729949
0.0294766
0.111861
0.163106
0.191977
0.202242
0.204218
-0.532763
-0.545057
-0.564193
-0.57816
-0.564229
-0.508542
-0.441455
-0.370177
-0.301949
-0.244199
-0.20312
-0.175044
-0.169706
-0.0885549
-0.0042563
0.0355794
0.0608517
0.0724207
0.0765376
0.0769437
-0.250928
-0.256604
-0.268437
-0.285004
-0.295698
-0.297893
-0.288198
-0.267272
-0.239539
-0.200939
-0.174112
-0.151511
-0.127305
-0.0850444
-0.0384587
-0.0141081
-0.00157315
0.00526433
0.00800565
0.0082453
-0.0615651
-0.0642461
-0.0732885
-0.0930369
-0.122496
-0.151899
-0.172421
-0.181845
-0.179454
-0.159295
-0.139759
-0.116042
-0.0908549
-0.0577184
-0.0399362
-0.0297052
-0.0226892
-0.0177947
-0.0155688
-0.015901
0.0228172
0.0210537
0.0135514
-0.00522411
-0.0354846
-0.0702863
-0.100793
-0.122559
-0.131501
-0.126181
-0.108076
-0.0830363
-0.0594232
-0.0418745
-0.0293164
-0.0250793
-0.0224463
-0.0216125
-0.0210075
-0.0216549
0.0435562
0.0422545
0.036588
0.0220722
-0.00230396
-0.0315886
-0.0605057
-0.0840253
-0.0981683
-0.098901
-0.0845418
-0.0588049
-0.0353783
-0.0289744
-0.027778
-0.0275561
-0.0226016
-0.017636
-0.0165308
-0.01773
0.0366007
0.0356907
0.0317577
0.0216255
0.00413938
-0.0181442
-0.0417738
-0.0632839
-0.0785736
-0.0828341
-0.0719993
-0.0474451
-0.0251658
-0.0276073
-0.0297658
-0.028252
-0.0249451
-0.0228591
-0.0231892
-0.0245914
0.0206818
0.0200753
0.0174309
0.0105753
-0.00152947
-0.0178607
-0.036441
-0.0546844
-0.07006
-0.0779191
-0.0729858
-0.0564852
-0.039741
-0.0490114
-0.0548865
-0.0528523
-0.0465279
-0.0417505
-0.0409476
-0.042615
0.00374659
0.00334755
0.00156263
-0.00306098
-0.0114779
-0.0233411
-0.0378497
-0.0536208
-0.0693774
-0.0828663
-0.089016
-0.0876397
-0.0840622
-0.0942218
-0.098368
-0.0920009
-0.0843161
-0.0806716
-0.0802247
-0.0816772
-0.0110646
-0.0113578
-0.0125897
-0.015774
-0.0217204
-0.0306035
-0.0422075
-0.056372
-0.0732104
-0.0931851
-0.11527
-0.137518
-0.156389
-0.166119
-0.158503
-0.146532
-0.137489
-0.134746
-0.134691
-0.135586
-0.0224571
-0.0227134
-0.0236105
-0.0258328
-0.030104
-0.0368144
-0.046439
-0.0594013
-0.0772925
-0.103387
-0.141864
-0.192874
-0.234069
-0.238243
-0.217043
-0.198909
-0.19063
-0.188947
-0.189218
-0.18938
-0.02991
-0.0301345
-0.0308209
-0.0323729
-0.0354329
-0.0405228
-0.0484473
-0.0600039
-0.0779634
-0.107277
-0.155423
-0.224296
-0.275645
-0.267394
-0.240939
-0.225037
-0.221871
-0.223577
-0.223797
-0.223279
-0.0332081
-0.0334224
-0.0339363
-0.0349878
-0.0371013
-0.0408549
-0.0471814
-0.0570742
-0.0732763
-0.100761
-0.146661
-0.209671
-0.24793
-0.233603
-0.218022
-0.214254
-0.217641
-0.221763
-0.222123
-0.22153
-0.0324506
-0.0326533
-0.0330491
-0.0337229
-0.035099
-0.0377345
-0.0424129
-0.0499939
-0.0626936
-0.0842643
-0.117168
-0.159713
-0.177784
-0.168595
-0.165668
-0.173957
-0.182628
-0.187834
-0.18836
-0.188037
-0.0280977
-0.0282826
-0.0285661
-0.0289894
-0.0298065
-0.0315457
-0.0346138
-0.0397802
-0.048158
-0.0612609
-0.0770199
-0.093749
-0.097269
-0.0929405
-0.10344
-0.119564
-0.131546
-0.136177
-0.136584
-0.136408
-0.0210437
-0.0211744
-0.0213725
-0.0216171
-0.0220301
-0.0230336
-0.0248264
-0.027928
-0.0322383
-0.0373362
-0.0369486
-0.0284834
-0.00596727
-0.014352
-0.0401209
-0.0615997
-0.0731428
-0.0755782
-0.0766423
-0.0768468
-0.0122035
-0.0122974
-0.0124141
-0.012517
-0.012668
-0.0131206
-0.0139846
-0.0154927
-0.0170196
-0.0175272
-0.00867973
0.0181521
0.0454689
0.0306491
0.00324941
-0.0170567
-0.0216768
-0.0224954
-0.0227037
-0.0238565
-0.00235943
-0.00237919
-0.0023855
-0.00243679
-0.0025068
-0.00255741
-0.00262001
-0.00271739
-0.00303533
-0.0032222
-0.00231787
0.00526604
0.0167785
0.0207547
0.0079075
0.00644549
0.00630206
0.00558022
0.000629507
-0.000913174
-0.0641651
0.12555
0.30016
0.448727
0.568894
0.664968
0.745523
0.810995
0.82783
0.823957
0.229584
0.352026
0.466999
0.567356
0.652339
0.722893
0.778616
0.816275
0.836359
0.852854
0.429234
0.511097
0.592193
0.663636
0.724789
0.775589
0.81557
0.845946
0.868692
0.88792
0.576916
0.634676
0.693448
0.74632
0.79198
0.830772
0.863255
0.890435
0.91087
0.929768
0.694493
0.738202
0.782061
0.822875
0.859243
0.891342
0.919374
0.943089
0.961128
0.97917
0.79321
0.829216
0.864543
0.898564
0.929897
0.95823
0.983223
1.00417
1.02001
1.03749
0.881888
0.914193
0.9466
0.977899
1.00702
1.03348
1.05668
1.07567
1.08962
1.10665
0.969187
1.00187
1.0344
1.06568
1.09451
1.12036
1.14254
1.16011
1.17252
1.18906
1.06376
1.1002
1.13501
1.16752
1.19675
1.22215
1.2433
1.25962
1.27126
1.28741
1.17689
1.21746
1.25453
1.28754
1.31608
1.3401
1.35975
1.37505
1.38696
1.40304
1.31827
1.3594
1.39468
1.42431
1.44954
1.47118
1.48969
1.50519
1.51831
1.53427
1.48988
1.52237
1.54924
1.57156
1.59165
1.61038
1.62813
1.64491
1.65982
1.67555
1.67627
1.69356
1.71069
1.72737
1.74347
1.75821
1.77211
1.7866
1.80184
1.81914
1.85966
1.86965
1.88285
1.89384
1.90325
1.91291
1.92352
1.9337
1.943
1.96866
2.07758
2.07188
2.05894
2.04468
2.03838
2.0441
2.06224
2.09077
2.12453
2.16086
2.3804
2.24444
2.16494
2.12243
2.10511
2.10909
2.13652
2.19438
2.30205
2.48045
0.684286
0.677982
0.670249
0.659128
0.645549
0.632888
0.622472
0.614435
0.608684
0.60531
0.604908
0.607694
0.61289
0.620221
0.629752
0.641569
0.655123
0.668046
0.677032
0.684571
0.593369
0.599287
0.607355
0.61348
0.616539
0.616015
0.612911
0.608889
0.605265
0.602936
0.60275
0.604954
0.60867
0.613088
0.61717
0.619402
0.618319
0.613675
0.606616
0.598781
0.586642
0.589014
0.592277
0.595042
0.597481
0.599655
0.600813
0.600638
0.599662
0.598807
0.598966
0.600329
0.60207
0.603269
0.603172
0.601688
0.599518
0.597147
0.594159
0.591138
0.581887
0.582975
0.584887
0.587216
0.589074
0.590455
0.591649
0.592609
0.593166
0.593489
0.593981
0.594668
0.59509
0.594938
0.594283
0.59334
0.591995
0.590014
0.587899
0.586419
0.576908
0.577541
0.578665
0.580412
0.582241
0.583814
0.585038
0.586064
0.586996
0.58783
0.588545
0.589001
0.589087
0.588839
0.58827
0.587272
0.585826
0.584201
0.582854
0.58205
0.57204
0.572479
0.573263
0.574555
0.576059
0.577599
0.579045
0.580297
0.581392
0.582404
0.583272
0.583799
0.583916
0.583631
0.582929
0.581899
0.580722
0.579559
0.578645
0.578109
0.567276
0.567604
0.568212
0.569268
0.570544
0.571917
0.573358
0.574782
0.576107
0.577323
0.578371
0.579021
0.57917
0.578863
0.578218
0.577395
0.576517
0.575639
0.574964
0.57457
0.562593
0.562848
0.563336
0.564234
0.565384
0.566662
0.568042
0.569511
0.571012
0.572474
0.573752
0.574554
0.574798
0.574622
0.574177
0.573581
0.572906
0.572249
0.571751
0.57145
0.557922
0.558125
0.558531
0.559318
0.560389
0.561616
0.562977
0.564483
0.566116
0.567807
0.569356
0.570395
0.570852
0.570898
0.570677
0.570291
0.569813
0.569339
0.568977
0.56874
0.553183
0.553347
0.553694
0.554408
0.55543
0.556633
0.558019
0.559601
0.561377
0.563305
0.565174
0.566546
0.567304
0.567619
0.567633
0.567461
0.56718
0.566871
0.566621
0.566432
0.548292
0.548425
0.548731
0.549398
0.550401
0.551626
0.553072
0.554769
0.556736
0.558951
0.561211
0.563002
0.564126
0.564754
0.565035
0.565089
0.565002
0.564849
0.564693
0.56454
0.543164
0.543272
0.54355
0.544198
0.545216
0.546505
0.548055
0.549922
0.552149
0.554743
0.55749
0.559774
0.561321
0.562306
0.562886
0.563181
0.563293
0.563296
0.563222
0.563097
0.537709
0.537795
0.538057
0.538709
0.53978
0.541176
0.542887
0.544993
0.547565
0.550631
0.553974
0.55686
0.558908
0.560301
0.56121
0.561785
0.562111
0.562256
0.562254
0.562151
0.531827
0.531894
0.532149
0.53283
0.533991
0.535541
0.537479
0.539907
0.542925
0.546595
0.550675
0.554275
0.55691
0.558775
0.56006
0.560943
0.561504
0.561802
0.561867
0.561782
0.525397
0.525445
0.525703
0.526434
0.527723
0.529481
0.531715
0.534551
0.538123
0.542527
0.547503
0.551981
0.555328
0.557763
0.55949
0.560715
0.561546
0.562006
0.562138
0.562068
0.518272
0.518301
0.518565
0.519368
0.520829
0.52286
0.525476
0.528829
0.533093
0.538408
0.544481
0.55001
0.554209
0.557316
0.559569
0.561201
0.562339
0.562976
0.563176
0.563119
0.510267
0.510285
0.51055
0.511453
0.513136
0.515518
0.518623
0.522635
0.527774
0.534212
0.54162
0.548424
0.553633
0.557528
0.560396
0.562515
0.563999
0.564829
0.565098
0.565051
0.501081
0.501073
0.501393
0.502436
0.504413
0.507245
0.510973
0.515827
0.522074
0.529926
0.538961
0.547273
0.553666
0.558481
0.562074
0.564763
0.566646
0.56769
0.568032
0.567993
0.490447
0.490416
0.490783
0.492011
0.494356
0.497767
0.502291
0.508198
0.51582
0.525407
0.536425
0.546541
0.554348
0.560264
0.56472
0.568075
0.570419
0.571702
0.572119
0.572084
0.477889
0.477836
0.478277
0.479749
0.482571
0.486732
0.492288
0.499564
0.508926
0.520648
0.534066
0.546343
0.555803
0.563001
0.568459
0.572585
0.575458
0.577001
0.577492
0.577457
0.462775
0.4627
0.46326
0.465076
0.468536
0.473702
0.480631
0.489695
0.501312
0.515734
0.532041
0.546816
0.558156
0.566813
0.573426
0.578427
0.581888
0.583704
0.584265
0.584226
0.44419
0.444095
0.444848
0.44716
0.451515
0.458078
0.466884
0.478336
0.492844
0.510584
0.530326
0.547994
0.561489
0.571796
0.579718
0.58571
0.589814
0.591905
0.592522
0.592471
0.420713
0.420614
0.421696
0.424778
0.430474
0.439074
0.450529
0.465225
0.483482
0.505293
0.529062
0.550014
0.565899
0.578037
0.587406
0.594508
0.599286
0.60163
0.602278
0.602205
0.39003
0.389975
0.391654
0.396077
0.404033
0.415814
0.431205
0.450409
0.473524
0.500289
0.528637
0.553142
0.571567
0.585662
0.596568
0.604837
0.61026
0.612796
0.613434
0.613327
0.348024
0.348166
0.351146
0.358351
0.370533
0.38755
0.408748
0.434005
0.463109
0.495596
0.52903
0.557383
0.578502
0.594623
0.607141
0.616597
0.622553
0.62515
0.625716
0.625566
0.287026
0.288317
0.29557
0.309183
0.329096
0.35444
0.38384
0.41681
0.453023
0.491931
0.530764
0.563015
0.586802
0.604897
0.618945
0.629428
0.635737
0.63818
0.638578
0.638394
0.213829
0.216378
0.230506
0.254006
0.284538
0.319793
0.358129
0.399313
0.443143
0.489169
0.534365
0.57157
0.598967
0.619803
0.635825
0.647498
0.654155
0.656614
0.65703
0.656951
0.13875
0.145561
0.166795
0.20019
0.241066
0.285985
0.333264
0.382752
0.434335
0.487616
0.539355
0.581681
0.612776
0.636485
0.654673
0.667429
0.674177
0.676388
0.676712
0.676709
0.0775713
0.0862208
0.112089
0.152528
0.20152
0.254653
0.310016
0.367309
0.426307
0.486541
0.544494
0.591633
0.62613
0.652343
0.672313
0.686034
0.69292
0.695065
0.695577
0.695661
0.0274083
0.0367673
0.0661516
0.111848
0.166979
0.2267
0.28888
0.353051
0.418812
0.485561
0.549384
0.601059
0.638748
0.667261
0.688905
0.703627
0.711054
0.713674
0.71431
0.714432
-0.0147345
-0.00505959
0.0267446
0.076565
0.136739
0.20194
0.269895
0.340052
0.411875
0.484609
0.553923
0.609837
0.650515
0.681246
0.70451
0.720403
0.728566
0.731528
0.732249
0.73237
-0.0512867
-0.0414558
-0.00781646
0.0453175
0.109703
0.17961
0.252598
0.328049
0.405337
0.483556
0.557986
0.617863
0.661305
0.69404
0.718744
0.73562
0.744523
0.747769
0.748584
0.748697
-0.0838845
-0.0739753
-0.0388713
0.017007
0.0849691
0.158951
0.236393
0.31662
0.398923
0.482245
0.561462
0.625075
0.671048
0.70554
0.731474
0.749146
0.758607
0.762199
0.763074
0.763181
-0.113738
-0.103765
-0.0674781
-0.0092107
0.0618561
0.139399
0.220808
0.305381
0.392321
0.48046
0.564244
0.63141
0.679743
0.715818
0.742825
0.761099
0.770972
0.774791
0.775714
0.775806
-0.14176
-0.131712
-0.0943258
-0.0339447
0.0398493
0.120531
0.20549
0.294028
0.385284
0.478007
0.566248
0.636849
0.687455
0.725009
0.752919
0.771623
0.781686
0.78566
0.78661
0.786675
-0.1685
-0.158326
-0.11993
-0.0576522
0.0185626
0.102042
0.190204
0.282367
0.37765
0.474756
0.567366
0.641397
0.694258
0.733237
0.761877
0.780834
0.790984
0.794996
0.795967
0.796024
-0.194354
-0.184001
-0.14465
-0.080637
-0.00225812
0.0837332
0.17479
0.270271
0.369314
0.47061
0.567522
0.645055
0.700255
0.740668
0.769957
0.789099
0.799293
0.803299
0.80423
0.804227
-0.219582
-0.208971
-0.168704
-0.103092
-0.0227615
0.0654768
0.159156
0.257673
0.360205
0.465505
0.566679
0.64784
0.705533
0.747437
0.777346
0.796633
0.806819
0.810756
0.811631
0.81161
-0.244243
-0.233362
-0.19222
-0.12513
-0.0430323
0.0472264
0.143267
0.244547
0.350307
0.459396
0.564796
0.649766
0.710163
0.75365
0.784194
0.803599
0.813711
0.817513
0.818292
0.818228
-0.268434
-0.257267
-0.21527
-0.146781
-0.0630984
0.0289651
0.127127
0.230907
0.339629
0.45228
0.561839
0.650805
0.714176
0.759424
0.790657
0.810123
0.820042
0.823623
0.824265
0.82415
-0.292151
-0.280691
-0.237835
-0.168053
-0.0829503
0.0107223
0.11078
0.2168
0.328209
0.444163
0.557779
0.650895
0.717558
0.764863
0.796913
0.816353
0.82589
0.829115
0.829588
0.829433
-0.315434
-0.303613
-0.259884
-0.188922
-0.102554
-0.00745432
0.094282
0.202297
0.316109
0.435079
0.552589
0.649953
0.720239
0.770044
0.803188
0.822512
0.831376
0.834046
0.834309
0.834122
-0.338038
-0.325972
-0.281387
-0.209351
-0.12185
-0.0254827
0.0777099
0.187478
0.30341
0.425094
0.546251
0.647887
0.722105
0.774963
0.809729
0.828991
0.83678
0.838513
0.83845
0.838246
-0.360117
-0.347702
-0.3023
-0.229301
-0.140795
-0.0433147
0.0611629
0.172431
0.290208
0.414296
0.538772
0.6446
0.722992
0.779473
0.816682
0.836388
0.842807
0.842886
0.842087
0.841864
-0.381479
-0.368757
-0.322599
-0.248714
-0.1593
-0.0608583
0.0447305
0.157282
0.276615
0.40276
0.530189
0.640001
0.722717
0.783281
0.823891
0.845274
0.850857
0.848564
0.845826
0.845124
-0.402219
-0.389157
-0.342218
-0.267526
-0.17732
-0.0780401
0.028504
0.142119
0.262744
0.390628
0.520572
0.633991
0.721091
0.785985
0.830705
0.855498
0.862401
0.85883
0.852436
0.84301
-0.422216
-0.408894
-0.361251
-0.285902
-0.195083
-0.095155
0.012132
0.126518
0.248124
0.37737
0.509376
0.625954
0.717619
0.787179
0.836257
0.865931
0.877247
0.874403
0.86387
0.861431
-0.441425
-0.428046
-0.379689
-0.303775
-0.212561
-0.112174
-0.00434907
0.110464
0.232728
0.36287
0.496432
0.615446
0.711632
0.786074
0.838435
0.871676
0.885957
0.887351
0.853797
0.814584
-0.459604
-0.446472
-0.397475
-0.321013
-0.229728
-0.129115
-0.0209247
0.0940937
0.216633
0.347178
0.481685
0.602182
0.702123
0.781966
0.835277
0.863327
0.877651
0.861962
0.810658
0.755291
-0.479493
-0.462888
-0.414288
-0.337118
-0.246379
-0.14572
-0.0379366
0.0774551
0.199934
0.330409
0.465076
0.58597
0.687411
0.775388
0.825311
0.854076
0.835785
0.793724
0.730836
0.671797
-0.469385
-0.445176
-0.393258
-0.311339
-0.21512
-0.110944
0.00214568
0.12074
0.246559
0.381278
0.510371
0.618647
0.713119
0.801439
0.831479
0.770101
0.727356
0.669571
0.605332
0.564296
-0.483841
-0.476068
-0.435216
-0.363026
-0.272416
-0.17218
-0.0641313
0.0509399
0.172851
0.302359
0.435626
0.555206
0.652656
0.74054
0.803386
0.791215
0.691046
0.618469
0.56356
0.491942
-0.506008
-0.495245
-0.450946
-0.377485
-0.286359
-0.186482
-0.0795809
0.0345278
0.155522
0.283704
0.415264
0.533128
0.626662
0.702127
0.727538
0.650508
0.531055
0.453516
0.392146
0.319115
-0.530287
-0.518273
-0.470805
-0.3963
-0.305198
-0.205185
-0.098235
0.0156573
0.135797
0.262563
0.391314
0.50488
0.589886
0.646524
0.625937
0.503576
0.374351
0.282021
0.207442
0.101235
-0.554416
-0.542323
-0.493006
-0.417276
-0.326009
-0.225965
-0.119087
-0.0057236
0.113344
0.238268
0.363575
0.47168
0.54822
0.580012
0.520797
0.355748
0.20246
0.0815575
-0.0182673
-0.155632
-0.578475
-0.566385
-0.51589
-0.439075
-0.347357
-0.24731
-0.140764
-0.0282139
0.0895245
0.212215
0.333584
0.435449
0.50284
0.500155
0.389127
0.208522
0.0264558
-0.134777
-0.272097
-0.517086
-0.602883
-0.590913
-0.539685
-0.462119
-0.369982
-0.269873
-0.163677
-0.0519664
0.0643108
0.184498
0.301549
0.396164
0.450946
0.417226
0.260559
0.0692609
-0.128686
-0.302786
-0.468596
-0.72806
-0.628234
-0.61638
-0.564763
-0.486677
-0.394209
-0.294039
-0.188155
-0.0772623
0.0374851
0.154952
0.267442
0.354018
0.392462
0.335758
0.142397
-0.0544702
-0.249706
-0.416197
-0.500076
-0.548821
-0.655228
-0.643431
-0.5915
-0.513087
-0.420487
-0.320425
-0.215014
-0.105175
0.00769985
0.121899
0.229162
0.30668
0.325732
0.226236
0.0319136
-0.162258
-0.33497
-0.444476
-0.479225
-0.485245
-0.684058
-0.672259
-0.620006
-0.541362
-0.448768
-0.348994
-0.244284
-0.135772
-0.0251576
0.0851991
0.18639
0.254382
0.244387
0.11598
-0.0712182
-0.251732
-0.396273
-0.447624
-0.456773
-0.459014
-0.714879
-0.702988
-0.650344
-0.571511
-0.479045
-0.379752
-0.275979
-0.169111
-0.061139
0.044863
0.139072
0.196805
0.163255
0.011687
-0.163063
-0.33052
-0.423109
-0.445259
-0.445611
-0.445688
-0.747564
-0.735553
-0.682478
-0.603502
-0.511283
-0.412656
-0.310095
-0.205197
-0.100243
0.000895773
0.0875463
0.132447
0.0896611
-0.0833162
-0.24397
-0.384545
-0.434043
-0.436516
-0.437757
-0.437828
-0.781734
-0.769636
-0.716177
-0.637164
-0.545342
-0.447598
-0.346545
-0.24397
-0.142429
-0.0465003
0.0319174
0.0652334
0.0061813
-0.167014
-0.31557
-0.411359
-0.432533
-0.432402
-0.432108
-0.431949
-0.816914
-0.804767
-0.751043
-0.672142
-0.580909
-0.484315
-0.385092
-0.285236
-0.187528
-0.0969176
-0.0275127
-0.00550197
-0.086006
-0.241353
-0.372714
-0.416943
-0.428425
-0.428373
-0.427895
-0.427596
-0.852327
-0.840224
-0.786412
-0.707842
-0.61748
-0.522362
-0.425355
-0.32864
-0.23522
-0.150029
-0.0888808
-0.0835393
-0.16878
-0.303514
-0.405714
-0.440242
-0.432755
-0.430058
-0.428315
-0.427263
-0.886823
-0.874876
-0.821295
-0.743398
-0.654304
-0.561083
-0.466721
-0.373603
-0.284913
-0.205533
-0.149895
-0.158492
-0.243351
-0.357721
-0.431297
-0.441039
-0.43737
-0.432605
-0.43014
-0.42893
-0.91845
-0.906981
-0.854315
-0.777641
-0.690354
-0.599567
-0.508361
-0.419317
-0.335763
-0.262541
-0.211323
-0.226697
-0.310463
-0.397396
-0.459083
-0.457634
-0.444898
-0.434652
-0.430641
-0.429875
-0.94564
-0.934909
-0.883773
-0.809019
-0.724284
-0.636614
-0.549175
-0.464719
-0.38672
-0.319825
-0.273763
-0.290703
-0.368108
-0.4163
-0.448127
-0.462318
-0.456055
-0.450011
-0.448356
-0.448273
-0.965697
-0.95594
-0.907428
-0.835625
-0.754455
-0.670762
-0.587807
-0.508465
-0.436593
-0.376241
-0.333294
-0.35495
-0.427424
-0.427029
-0.442586
-0.478143
-0.514375
-0.530455
-0.529135
-0.524734
-0.976323
-0.967532
-0.922798
-0.855388
-0.778994
-0.700325
-0.622704
-0.548948
-0.483793
-0.430492
-0.390021
-0.417734
-0.511354
-0.508108
-0.498617
-0.562705
-0.621044
-0.640499
-0.634208
-0.626689
-0.973585
-0.96611
-0.927823
-0.866186
-0.795936
-0.723548
-0.652207
-0.584469
-0.525989
-0.481325
-0.44824
-0.476396
-0.637643
-0.777929
-0.773152
-0.714625
-0.676549
-0.664594
-0.66085
-0.659909
-0.955283
-0.950171
-0.920005
-0.866289
-0.803694
-0.738843
-0.674616
-0.613473
-0.560658
-0.525036
-0.509978
-0.554172
-0.685002
-0.917379
-0.921468
-0.782149
-0.719262
-0.679994
-0.666703
-0.662264
-0.921847
-0.918234
-0.89755
-0.854669
-0.801596
-0.745254
-0.688616
-0.634255
-0.586074
-0.556442
-0.549007
-0.583959
-0.583998
-0.575139
-0.533687
-0.496574
-0.56985
-0.606588
-0.60471
-0.600619
-0.878083
-0.875842
-0.863909
-0.833368
-0.79056
-0.743179
-0.693732
-0.645236
-0.601658
-0.570197
-0.566357
-0.562992
-0.467847
-0.286396
-0.234806
-0.428328
-0.556675
-0.549749
-0.534213
-0.537736
-0.832449
-0.831167
-0.825363
-0.806805
-0.774319
-0.734141
-0.691046
-0.646414
-0.604025
-0.571532
-0.564084
-0.561535
-0.586558
-0.700241
-0.884943
-1.05984
-1.15409
-1.09609
-0.976594
-0.89758
-0.794385
-0.793695
-0.790927
-0.779896
-0.756119
-0.722305
-0.682867
-0.639022
-0.595456
-0.557214
-0.536195
-0.563628
-0.628526
-0.856278
-1.05038
-1.22009
-1.34575
-1.36495
-1.29658
-1.2345
-0.76615
-0.765372
-0.76384
-0.75898
-0.74159
-0.711555
-0.671954
-0.626816
-0.574938
-0.520291
-0.478383
-0.435091
-0.503529
-0.682593
-0.99652
-1.09175
-0.947991
-0.765513
-0.589363
-0.469609
-0.745599
-0.745239
-0.744547
-0.742614
-0.731624
-0.703824
-0.662124
-0.610313
-0.549584
-0.478357
-0.387521
-0.266969
-0.198184
-0.182426
-0.0506627
0.120251
0.334248
0.592567
0.800234
0.897589
-0.73296
-0.732854
-0.732536
-0.731897
-0.72565
-0.69963
-0.654295
-0.595188
-0.522213
-0.427134
-0.313499
-0.164425
0.0623093
0.331855
0.682783
1.10313
1.49508
1.808
1.98272
2.05005
-0.723147
-0.7233
-0.723097
-0.722803
-0.719089
-0.697231
-0.652005
-0.585617
-0.502066
-0.395551
-0.264934
-0.129456
0.0706905
0.365056
0.844824
1.37799
1.81428
2.1049
2.24931
2.29943
-0.719137
-0.718811
-0.715837
-0.710805
-0.708523
-0.698459
-0.65934
-0.585767
-0.489685
-0.381319
-0.246112
-0.115053
0.0410916
0.329827
0.753094
1.19091
1.54995
1.78386
1.9001
1.93578
-0.741251
-0.739069
-0.731626
-0.72157
-0.720274
-0.722185
-0.681813
-0.594453
-0.483627
-0.37049
-0.24764
-0.121845
-0.0123586
0.183457
0.530593
0.862788
1.12819
1.29668
1.37558
1.40141
-0.805026
-0.802137
-0.80279
-0.810902
-0.814999
-0.802099
-0.723466
-0.602869
-0.479712
-0.358793
-0.250922
-0.145499
-0.0609776
0.0610165
0.30539
0.551893
0.734549
0.848338
0.902476
0.920054
-0.880186
-0.88307
-0.903435
-0.925272
-0.92682
-0.880855
-0.752384
-0.597014
-0.466883
-0.347749
-0.248201
-0.168595
-0.11132
-0.0116652
0.168256
0.317669
0.433679
0.505275
0.538083
0.548476
-0.860306
-0.868207
-0.891753
-0.914649
-0.913675
-0.851175
-0.703787
-0.557101
-0.433592
-0.328935
-0.2458
-0.188424
-0.156973
-0.10599
0.0205163
0.142414
0.225133
0.270628
0.292843
0.299485
-0.670792
-0.679855
-0.700143
-0.721031
-0.720082
-0.664501
-0.564801
-0.468044
-0.372968
-0.29381
-0.233032
-0.19174
-0.179065
-0.128741
-0.0341857
0.0402422
0.0843721
0.113765
0.126487
0.130364
-0.383238
-0.388828
-0.400982
-0.417314
-0.425983
-0.411868
-0.382325
-0.340712
-0.294866
-0.245998
-0.205951
-0.17876
-0.157526
-0.126633
-0.0529524
-0.0037748
0.0197991
0.031735
0.0362988
0.0375629
-0.140479
-0.142993
-0.149327
-0.163587
-0.185398
-0.207167
-0.22142
-0.22398
-0.216676
-0.194723
-0.16755
-0.146289
-0.122454
-0.0950938
-0.0552802
-0.0358949
-0.0226458
-0.014636
-0.00993348
-0.00856117
-0.00784697
-0.00927894
-0.0135979
-0.0272562
-0.0532896
-0.0875526
-0.119472
-0.142253
-0.15308
-0.150498
-0.132926
-0.111328
-0.0842577
-0.0638416
-0.0386229
-0.0275223
-0.0239877
-0.0206404
-0.0191101
-0.0192233
0.0389165
0.0379829
0.0346759
0.0234661
0.000692877
-0.0305005
-0.062931
-0.0902465
-0.108817
-0.114313
-0.103939
-0.0827775
-0.0556902
-0.0404347
-0.0325942
-0.0286585
-0.025862
-0.021887
-0.0193255
-0.0194344
0.0422728
0.0416744
0.039276
0.0311964
0.0144977
-0.00939158
-0.0359296
-0.0611635
-0.0805939
-0.0900083
-0.0847838
-0.0653658
-0.0378464
-0.0255113
-0.024762
-0.0268918
-0.0236823
-0.0197768
-0.0178699
-0.0187036
0.029227
0.0288846
0.0272426
0.0217568
0.0102272
-0.006991
-0.0274625
-0.0482166
-0.0663191
-0.0779455
-0.0766964
-0.0616549
-0.0367268
-0.0296829
-0.0381593
-0.0391624
-0.035821
-0.0313436
-0.0298698
-0.0309944
0.0121304
0.0119511
0.0108367
0.00716499
-0.000697007
-0.0128184
-0.0281884
-0.0451281
-0.0615524
-0.0755327
-0.0803944
-0.0755799
-0.0614513
-0.0606419
-0.0720312
-0.0733956
-0.0674405
-0.0604442
-0.0576669
-0.0586377
-0.00405166
-0.00412966
-0.00488442
-0.00738088
-0.0127848
-0.0214765
-0.03314
-0.0471215
-0.0627224
-0.0795827
-0.0945999
-0.107099
-0.113249
-0.123224
-0.128958
-0.121897
-0.112885
-0.107465
-0.106157
-0.107128
-0.0172418
-0.0173178
-0.0178716
-0.0196081
-0.0233999
-0.0297284
-0.0388948
-0.0508449
-0.0661882
-0.0861677
-0.112578
-0.147693
-0.181945
-0.204782
-0.198776
-0.182835
-0.168974
-0.163877
-0.162867
-0.163265
-0.0267017
-0.0267621
-0.0272308
-0.0284616
-0.0311337
-0.0358061
-0.0430362
-0.053407
-0.0682981
-0.0906238
-0.125845
-0.181638
-0.243355
-0.268048
-0.247443
-0.224327
-0.211989
-0.209477
-0.210493
-0.210097
-0.0320636
-0.032139
-0.0325253
-0.0334077
-0.0352596
-0.0386666
-0.0443024
-0.0530736
-0.0667411
-0.0886246
-0.12666
-0.187582
-0.253003
-0.267693
-0.244637
-0.226519
-0.223362
-0.225761
-0.228014
-0.22726
-0.0332951
-0.0333898
-0.0337218
-0.0343318
-0.035535
-0.0379053
-0.042071
-0.049087
-0.0604327
-0.0792639
-0.111451
-0.161159
-0.207966
-0.210354
-0.197106
-0.194288
-0.199762
-0.206039
-0.208539
-0.208073
-0.0306406
-0.0307429
-0.0310174
-0.0314543
-0.0321935
-0.0337568
-0.0366224
-0.0416975
-0.0498387
-0.0632007
-0.0845414
-0.112395
-0.135716
-0.134122
-0.131519
-0.14137
-0.153741
-0.162024
-0.164086
-0.16393
-0.0248133
-0.0249023
-0.025119
-0.0254071
-0.025817
-0.026712
-0.028534
-0.0317631
-0.0367214
-0.0442225
-0.0532677
-0.0571064
-0.0562115
-0.0521917
-0.0619072
-0.0804885
-0.097305
-0.105141
-0.106756
-0.106966
-0.0167759
-0.0168551
-0.0169902
-0.0171411
-0.0173373
-0.0177689
-0.0187841
-0.0205083
-0.0230054
-0.025892
-0.0256235
-0.0109857
0.0157551
0.0214363
-0.00205813
-0.0268843
-0.0421533
-0.0456235
-0.0472555
-0.0481541
-0.00237196
-0.00238004
-0.00240338
-0.0024724
-0.00253789
-0.00256805
-0.0026848
-0.00285229
-0.00316681
-0.00294229
0.000109323
0.0112543
0.0196631
0.011439
0.00527648
0.00671505
0.00612646
0.0032665
-0.000367712
-0.00664525
-0.698941
-0.263922
0.0718114
0.29175
0.454785
0.581162
0.680733
0.764488
0.852807
0.905281
0.0104407
0.17672
0.321813
0.453004
0.564011
0.65557
0.730607
0.789788
0.822156
0.829471
0.294502
0.386398
0.486414
0.577047
0.655134
0.720994
0.774186
0.813664
0.840645
0.860623
0.475372
0.541524
0.611222
0.676509
0.733393
0.781646
0.821283
0.853238
0.87864
0.898435
0.614135
0.66303
0.714015
0.762578
0.80582
0.843456
0.875855
0.903664
0.926382
0.94388
0.725988
0.765931
0.804587
0.842442
0.877621
0.909331
0.93747
0.96188
0.981486
0.997624
0.822893
0.855103
0.888769
0.921596
0.952715
0.981351
1.00698
1.02906
1.0464
1.06101
0.9113
0.941259
0.97345
1.00509
1.03504
1.06256
1.08697
1.10758
1.12312
1.13646
0.99995
1.03211
1.06618
1.09889
1.12936
1.1568
1.18056
1.20004
1.21425
1.22668
1.10066
1.13689
1.17454
1.20913
1.24022
1.26724
1.2899
1.30805
1.32141
1.33392
1.22586
1.26483
1.30451
1.33883
1.36834
1.39336
1.41425
1.43131
1.44474
1.45818
1.38482
1.42063
1.45585
1.48443
1.50863
1.53
1.54922
1.5665
1.58145
1.5959
1.57291
1.59532
1.61902
1.63886
1.65716
1.67455
1.69109
1.70749
1.7237
1.73929
1.76548
1.77365
1.78748
1.80235
1.8168
1.82975
1.84141
1.85265
1.86438
1.88047
1.96104
1.96097
1.97101
1.97449
1.97547
1.97986
1.99038
2.0053
2.01964
2.03405
2.2582
2.20268
2.14817
2.10853
2.08628
2.08217
2.09569
2.12949
2.18735
2.2677
0.806374
0.753881
0.710995
0.677981
0.654232
0.637105
0.624655
0.615642
0.609407
0.6058
0.605355
0.608264
0.613788
0.621805
0.632746
0.647568
0.667885
0.696057
0.734088
0.78344
0.617476
0.626421
0.633175
0.633414
0.628703
0.621914
0.615166
0.609533
0.605571
0.603828
0.604994
0.608642
0.614024
0.620682
0.627915
0.634206
0.636953
0.633499
0.62441
0.618091
0.590165
0.592367
0.597224
0.601359
0.604895
0.606919
0.606729
0.604921
0.602672
0.601067
0.601045
0.602837
0.605555
0.608218
0.609694
0.609022
0.606271
0.602543
0.598141
0.593479
0.584994
0.585951
0.588445
0.590893
0.592767
0.594402
0.595766
0.59645
0.596432
0.596245
0.596582
0.597557
0.598503
0.598769
0.598118
0.596876
0.595375
0.593389
0.590898
0.58879
0.579703
0.580182
0.581625
0.583696
0.585603
0.587055
0.588185
0.589179
0.590003
0.590654
0.591271
0.591788
0.59195
0.591697
0.591134
0.590231
0.588803
0.586932
0.585228
0.584168
0.574682
0.57498
0.575898
0.577378
0.579047
0.580649
0.582011
0.583136
0.584139
0.585072
0.585866
0.586338
0.586432
0.586178
0.585537
0.584477
0.583134
0.581763
0.580672
0.580028
0.569807
0.570019
0.570704
0.571863
0.573237
0.57469
0.576156
0.577515
0.578723
0.579827
0.580779
0.581367
0.581499
0.581187
0.580484
0.579546
0.578532
0.577523
0.576739
0.576283
0.565052
0.565213
0.565756
0.566725
0.56793
0.56925
0.57066
0.572114
0.573536
0.574874
0.57603
0.576749
0.576932
0.576673
0.576121
0.575414
0.574643
0.573878
0.573297
0.572954
0.560358
0.560485
0.560928
0.561764
0.562871
0.564124
0.56549
0.566975
0.568543
0.570123
0.571532
0.572437
0.572773
0.5727
0.572367
0.571877
0.571298
0.570731
0.570305
0.570039
0.555643
0.555746
0.55612
0.556864
0.557907
0.559121
0.560492
0.562031
0.563729
0.565532
0.567232
0.568429
0.569028
0.569204
0.569099
0.568819
0.568439
0.568045
0.567742
0.56753
0.550821
0.550905
0.551229
0.551914
0.552924
0.554138
0.555552
0.557187
0.559051
0.561114
0.563168
0.564739
0.565671
0.566135
0.56628
0.566216
0.56603
0.565796
0.565595
0.565425
0.545808
0.545878
0.546168
0.54682
0.547828
0.549086
0.550581
0.552353
0.554438
0.55683
0.559319
0.561346
0.562673
0.563475
0.563903
0.564075
0.564088
0.564004
0.56389
0.563752
0.540517
0.540575
0.540843
0.541488
0.542529
0.543872
0.545499
0.547475
0.549862
0.552677
0.555706
0.558276
0.560063
0.561243
0.561987
0.562415
0.562631
0.562698
0.562661
0.562548
0.534852
0.5349
0.535157
0.535817
0.536929
0.538403
0.540224
0.542479
0.545259
0.548611
0.552303
0.555529
0.557855
0.559473
0.560569
0.561295
0.56173
0.561941
0.561973
0.56188
0.528704
0.528744
0.528997
0.529695
0.530915
0.532572
0.534654
0.537273
0.540551
0.544566
0.549071
0.55309
0.556064
0.558198
0.559702
0.560751
0.561431
0.561802
0.561901
0.561825
0.521936
0.521965
0.522224
0.522982
0.524352
0.526251
0.52867
0.531747
0.535643
0.54048
0.545978
0.550953
0.554704
0.557458
0.559452
0.560871
0.561831
0.562373
0.56254
0.562478
0.514393
0.51441
0.514678
0.515517
0.517081
0.519292
0.522143
0.525802
0.530474
0.536314
0.54302
0.549162
0.553847
0.557328
0.559892
0.561756
0.563039
0.563767
0.564003
0.563952
0.505831
0.505852
0.506146
0.507083
0.508902
0.511515
0.514918
0.519324
0.524985
0.532094
0.540277
0.547798
0.553572
0.557902
0.561137
0.563522
0.565172
0.566105
0.566413
0.566371
0.495965
0.495975
0.496309
0.497392
0.499549
0.502681
0.506787
0.512132
0.519025
0.527695
0.537671
0.546847
0.55392
0.55926
0.563289
0.566282
0.56836
0.569521
0.569904
0.569869
0.484442
0.484444
0.484815
0.486096
0.488676
0.492472
0.497483
0.504025
0.512463
0.523061
0.535223
0.546367
0.554969
0.561503
0.566468
0.570171
0.572746
0.574158
0.574616
0.574584
0.470713
0.470708
0.471142
0.472687
0.475833
0.480507
0.486702
0.494804
0.505214
0.518201
0.532998
0.54649
0.55686
0.564756
0.57081
0.575326
0.57846
0.580141
0.580674
0.58064
0.454037
0.454024
0.454554
0.456475
0.460402
0.46627
0.474064
0.48423
0.497206
0.513212
0.531162
0.547321
0.559704
0.56915
0.576431
0.581876
0.585625
0.587583
0.58818
0.588138
0.433284
0.433264
0.433948
0.436444
0.441505
0.449067
0.459074
0.472008
0.488254
0.50791
0.529591
0.548871
0.563549
0.574758
0.583411
0.589907
0.594322
0.596548
0.597192
0.597132
0.406675
0.406649
0.407614
0.411079
0.417933
0.428053
0.441272
0.458036
0.478581
0.502771
0.528761
0.551442
0.568574
0.581684
0.591849
0.599468
0.604561
0.607016
0.607673
0.607586
0.371172
0.371156
0.372739
0.378085
0.388153
0.402364
0.420371
0.442384
0.46834
0.497864
0.5287
0.555109
0.57488
0.589988
0.601725
0.610538
0.616245
0.618842
0.619458
0.619329
0.321042
0.321231
0.324844
0.334546
0.350623
0.371562
0.396533
0.425447
0.457984
0.493611
0.529718
0.560018
0.582485
0.599618
0.612962
0.622925
0.629111
0.631703
0.632212
0.632029
0.248968
0.251233
0.261904
0.28083
0.306807
0.337222
0.37108
0.408144
0.448109
0.490464
0.53229
0.566811
0.592247
0.61166
0.626783
0.637855
0.64444
0.64701
0.647439
0.647245
0.172617
0.177987
0.19703
0.225983
0.262539
0.302776
0.3456
0.390941
0.438651
0.488321
0.536823
0.57663
0.605924
0.628275
0.64559
0.657958
0.664841
0.667242
0.667604
0.667498
0.105882
0.112208
0.137439
0.175055
0.220768
0.270015
0.321466
0.374947
0.430299
0.487098
0.541982
0.586748
0.619577
0.64461
0.663835
0.677162
0.684147
0.6864
0.686767
0.68673
0.0512741
0.0581517
0.0874483
0.131171
0.183734
0.240323
0.299227
0.360071
0.422531
0.486079
0.547007
0.596449
0.632569
0.659965
0.68089
0.695202
0.702716
0.70521
0.705583
0.705581
0.00587504
0.0130884
0.0450662
0.0934725
0.151474
0.214032
0.279192
0.346448
0.415318
0.485121
0.551737
0.605565
0.644776
0.674427
0.696969
0.712472
0.720686
0.723383
0.723815
0.723851
-0.032888
-0.025485
0.00834583
0.0604203
0.122956
0.190582
0.261121
0.333992
0.408607
0.484134
0.556047
0.613974
0.656063
0.687842
0.711899
0.728476
0.737338
0.740369
0.740899
0.740964
-0.0670002
-0.059477
-0.0242478
0.0308062
0.0971578
0.169161
0.244432
0.322324
0.402164
0.482972
0.559829
0.621598
0.666334
0.69998
0.725368
0.742788
0.752164
0.755549
0.756279
0.756361
-0.0979251
-0.090288
-0.0538965
0.00366212
0.0733005
0.149111
0.228584
0.311029
0.395691
0.48145
0.562967
0.628376
0.675542
0.71085
0.737359
0.755469
0.765251
0.76894
0.769797
0.769886
-0.1266
-0.118854
-0.0814657
-0.0217389
0.0507887
0.129938
0.213164
0.29976
0.388893
0.479348
0.56537
0.63426
0.683738
0.720565
0.748065
0.766664
0.776714
0.780611
0.781519
0.781595
-0.153788
-0.145909
-0.107551
-0.045905
0.0291746
0.111286
0.19788
0.288268
0.381571
0.476507
0.566942
0.639253
0.690981
0.729254
0.757556
0.776459
0.786649
0.790639
0.79158
0.791625
-0.179904
-0.17188
-0.132641
-0.0692154
0.0081394
0.0929035
0.182543
0.276401
0.373594
0.472816
0.567583
0.643351
0.697367
0.73706
0.766039
0.785125
0.795376
0.799409
0.800369
0.800396
-0.205278
-0.197067
-0.156967
-0.0919135
-0.0125154
0.0746264
0.167024
0.264056
0.364874
0.468196
0.567243
0.646571
0.702993
0.744146
0.773752
0.792993
0.803251
0.807243
0.808158
0.808181
-0.230039
-0.221648
-0.180706
-0.114149
-0.0329008
0.0563748
0.15126
0.251192
0.35537
0.46259
0.565883
0.648926
0.707941
0.750621
0.78085
0.800213
0.81042
0.814336
0.815179
0.81514
-0.254303
-0.245722
-0.203942
-0.135993
-0.0530696
0.0381133
0.13524
0.237804
0.34508
0.455975
0.563467
0.650411
0.712258
0.7566
0.787483
0.806939
0.816995
0.820732
0.821461
0.821365
-0.278133
-0.269334
-0.226712
-0.15746
-0.0730346
0.0198552
0.11899
0.223924
0.334018
0.448351
0.559958
0.650983
0.71596
0.762194
0.793814
0.813289
0.823062
0.826505
0.827076
0.826936
-0.301506
-0.292478
-0.249002
-0.178535
-0.092774
0.00163875
0.102553
0.209604
0.322245
0.439749
0.555335
0.650567
0.719002
0.767498
0.800048
0.819445
0.828703
0.831698
0.83208
0.8319
-0.324339
-0.31509
-0.270765
-0.199192
-0.112234
-0.0164814
0.0860112
0.194927
0.309836
0.430205
0.549572
0.649076
0.721294
0.772555
0.806427
0.825699
0.83409
0.836369
0.836495
0.836288
-0.346571
-0.337108
-0.291962
-0.219393
-0.131361
-0.0344247
0.069439
0.179982
0.296872
0.4198
0.542658
0.64641
0.722693
0.777296
0.813168
0.832552
0.839674
0.840699
0.840358
0.84014
-0.3682
-0.358497
-0.312563
-0.239083
-0.150099
-0.0521124
0.0529335
0.164873
0.283457
0.408615
0.534624
0.642479
0.723022
0.781501
0.820297
0.840645
0.846496
0.845428
0.843867
0.84355
-0.389117
-0.37919
-0.332529
-0.258206
-0.168373
-0.0694857
0.0365852
0.149696
0.269705
0.396762
0.525504
0.637186
0.722096
0.78481
0.827423
0.850297
0.856189
0.852928
0.848572
0.846005
-0.409366
-0.399219
-0.35183
-0.276764
-0.186212
-0.0865648
0.0203711
0.134417
0.255581
0.384201
0.515229
0.630294
0.719653
0.786833
0.833756
0.860868
0.869644
0.866537
0.858385
0.845967
-0.428923
-0.418639
-0.370578
-0.294933
-0.203867
-0.103672
0.00389983
0.118553
0.240523
0.370273
0.503128
0.621036
0.715005
0.786984
0.837922
0.869749
0.883298
0.880193
0.870548
0.841878
-0.447854
-0.43749
-0.388704
-0.312515
-0.22116
-0.120628
-0.0126035
0.102337
0.224784
0.35519
0.489303
0.609189
0.70743
0.784456
0.837613
0.8696
0.883821
0.882051
0.835593
0.784739
-0.467826
-0.454846
-0.406096
-0.329385
-0.238247
-0.137567
-0.0293688
0.0857884
0.208339
0.338897
0.473589
0.594433
0.695537
0.77886
0.830677
0.851497
0.861397
0.833812
0.775625
0.71841
-0.492072
-0.487657
-0.427495
-0.343306
-0.252661
-0.152115
-0.0461056
0.0695347
0.191875
0.322165
0.456563
0.577218
0.678236
0.772715
0.799655
0.817384
0.796858
0.744414
0.679566
0.618427
-0.470352
-0.462365
-0.403057
-0.31917
-0.223054
-0.11897
-0.00808971
0.11031
0.235803
0.36997
0.498452
0.605859
0.697449
0.786177
0.797035
0.715607
0.647944
0.592276
0.529424
0.40575
-0.50618
-0.477983
-0.417071
-0.332616
-0.236509
-0.132777
-0.0224118
0.0953575
0.219987
0.352704
0.47901
0.583614
0.66499
0.728638
0.700861
0.584279
0.487993
0.423419
0.353928
0.218481
-0.532897
-0.49896
-0.436516
-0.352361
-0.256384
-0.152829
-0.042348
0.0746925
0.198086
0.328645
0.451655
0.551335
0.623571
0.65008
0.576478
0.435455
0.323254
0.24603
0.156714
-0.0265887
-0.557556
-0.522053
-0.457845
-0.373139
-0.277117
-0.173596
-0.0634039
0.0527712
0.174697
0.302671
0.421341
0.514121
0.572773
0.563532
0.437804
0.2769
0.137643
0.0312933
-0.07666
-0.35266
-0.581811
-0.545495
-0.480057
-0.394625
-0.2984
-0.195009
-0.0853942
0.0297627
0.149997
0.275004
0.388518
0.473972
0.513911
0.4721
0.299299
0.11667
-0.0586859
-0.200386
-0.378222
-0.734933
-0.606086
-0.569639
-0.503402
-0.417412
-0.320932
-0.217693
-0.108658
0.00538897
0.123711
0.245415
0.353192
0.430565
0.449512
0.35406
0.168152
-0.0320354
-0.219234
-0.383275
-0.572437
-0.912435
-0.631516
-0.594922
-0.528193
-0.441781
-0.345093
-0.241974
-0.133485
-0.0205688
0.0956914
0.213829
0.315623
0.382311
0.375094
0.237685
0.0492061
-0.15513
-0.339422
-0.469659
-0.524578
-0.563585
-0.658508
-0.621795
-0.554743
-0.4681
-0.37138
-0.26854
-0.160775
-0.0492741
0.0644944
0.178368
0.273678
0.326246
0.295994
0.125345
-0.0631534
-0.251431
-0.403529
-0.464235
-0.48278
-0.486068
-0.687366
-0.65044
-0.58311
-0.496355
-0.399772
-0.297396
-0.190625
-0.0808653
0.0299778
0.138859
0.227035
0.262617
0.211994
0.0203107
-0.163724
-0.331109
-0.436343
-0.453864
-0.458552
-0.458696
-0.718237
-0.680946
-0.613324
-0.526525
-0.430233
-0.328552
-0.223048
-0.115362
-0.00790713
0.0953337
0.175106
0.197007
0.107748
-0.0747887
-0.25112
-0.390784
-0.438611
-0.445602
-0.445797
-0.445371
-0.750995
-0.713259
-0.645342
-0.5586
-0.462749
-0.361985
-0.258039
-0.152788
-0.0491402
0.0478596
0.11837
0.123719
0.00683222
-0.16208
-0.322763
-0.422118
-0.436391
-0.437254
-0.437929
-0.437639
-0.785182
-0.74712
-0.678981
-0.592408
-0.49718
-0.39759
-0.295534
-0.193107
-0.093611
-0.00338579
0.057874
0.0458187
-0.0839361
-0.241558
-0.3769
-0.422713
-0.432892
-0.432187
-0.432036
-0.431853
-0.820416
-0.782088
-0.713854
-0.62762
-0.533248
-0.435128
-0.33532
-0.236134
-0.141117
-0.0577196
-0.0075779
-0.030784
-0.168142
-0.309889
-0.410708
-0.428981
-0.428442
-0.428158
-0.427726
-0.427452
-0.855724
-0.817494
-0.749324
-0.663689
-0.570474
-0.474176
-0.377022
-0.281523
-0.191396
-0.114208
-0.0770025
-0.102776
-0.242136
-0.360855
-0.429198
-0.435149
-0.431259
-0.429107
-0.427719
-0.426913
-0.889965
-0.852258
-0.784465
-0.699809
-0.608164
-0.514118
-0.420052
-0.328688
-0.243927
-0.172452
-0.143115
-0.182424
-0.30406
-0.405538
-0.43539
-0.440117
-0.434659
-0.431148
-0.429434
-0.42858
-0.921592
-0.884847
-0.818016
-0.734889
-0.645345
-0.554079
-0.463595
-0.376828
-0.297783
-0.232108
-0.206498
-0.259936
-0.353827
-0.438276
-0.465503
-0.451141
-0.439119
-0.431868
-0.430178
-0.429501
-0.948542
-0.913547
-0.848331
-0.767482
-0.680751
-0.592922
-0.50657
-0.4249
-0.35182
-0.292234
-0.271635
-0.328625
-0.390926
-0.441087
-0.459708
-0.460365
-0.452597
-0.448593
-0.44845
-0.447696
-0.968381
-0.935861
-0.873358
-0.795817
-0.712839
-0.629241
-0.54765
-0.471595
-0.404874
-0.351271
-0.333093
-0.395525
-0.429058
-0.43457
-0.456683
-0.498066
-0.525909
-0.530938
-0.526857
-0.52324
-0.978617
-0.949158
-0.890847
-0.817939
-0.739837
-0.661428
-0.585287
-0.515219
-0.45563
-0.408636
-0.387661
-0.469749
-0.527939
-0.479127
-0.528783
-0.594538
-0.636177
-0.63885
-0.629673
-0.625538
-0.976234
-0.950876
-0.898755
-0.831764
-0.759909
-0.687774
-0.61785
-0.553786
-0.502081
-0.463992
-0.442255
-0.545033
-0.718099
-0.794861
-0.744914
-0.691464
-0.668112
-0.662445
-0.659958
-0.660521
-0.957344
-0.938705
-0.895072
-0.83567
-0.771498
-0.706647
-0.643665
-0.585543
-0.540664
-0.515149
-0.508085
-0.611882
-0.795306
-0.969613
-0.836843
-0.746854
-0.696052
-0.671207
-0.663923
-0.66153
-0.923574
-0.910827
-0.87817
-0.828912
-0.773718
-0.716956
-0.661027
-0.609256
-0.568279
-0.552349
-0.550956
-0.603903
-0.565235
-0.58869
-0.48873
-0.531695
-0.596445
-0.606823
-0.602686
-0.598987
-0.879469
-0.871687
-0.85086
-0.812908
-0.767197
-0.718682
-0.669246
-0.62263
-0.58347
-0.565989
-0.561894
-0.535491
-0.386538
-0.229527
-0.315553
-0.518126
-0.558282
-0.539722
-0.534015
-0.540699
-0.83346
-0.829302
-0.817952
-0.791927
-0.754868
-0.71313
-0.668807
-0.624661
-0.58716
-0.560121
-0.570089
-0.561444
-0.63247
-0.781959
-0.972133
-1.12836
-1.14024
-1.03664
-0.925537
-0.894635
-0.795008
-0.792835
-0.786893
-0.769458
-0.740322
-0.703019
-0.661515
-0.617268
-0.573142
-0.547218
-0.546321
-0.576183
-0.732085
-0.968983
-1.12927
-1.29693
-1.36872
-1.33813
-1.25767
-1.22528
-0.765841
-0.764734
-0.762351
-0.75202
-0.727946
-0.692698
-0.650104
-0.601015
-0.549884
-0.496714
-0.450458
-0.454253
-0.574091
-0.8405
-1.0843
-1.03748
-0.855292
-0.675154
-0.519931
-0.44402
-0.745488
-0.744886
-0.744063
-0.738939
-0.719736
-0.684495
-0.637319
-0.582105
-0.514424
-0.433326
-0.337241
-0.216817
-0.196857
-0.135667
0.0342879
0.216398
0.463359
0.709611
0.860871
0.916714
-0.732929
-0.732711
-0.732327
-0.730397
-0.715315
-0.67901
-0.626302
-0.560457
-0.477715
-0.373445
-0.245416
-0.0533515
0.192192
0.494409
0.887919
1.30471
1.66622
1.91393
2.02619
2.06067
-0.723243
-0.723255
-0.722913
-0.722036
-0.711119
-0.677313
-0.621278
-0.546098
-0.452778
-0.328675
-0.19927
-0.0470526
0.201433
0.576809
1.11753
1.61154
1.98109
2.19212
2.28381
2.30549
-0.719184
-0.717709
-0.71332
-0.70942
-0.70605
-0.682971
-0.626597
-0.53932
-0.437603
-0.316309
-0.179194
-0.047998
0.164891
0.529818
0.97576
1.38427
1.68339
1.85552
1.92476
1.94033
-0.740646
-0.736133
-0.726199
-0.719442
-0.723229
-0.708905
-0.642348
-0.541044
-0.427349
-0.311368
-0.181783
-0.0676706
0.0630039
0.347444
0.703824
1.00486
1.2261
1.34536
1.39304
1.40455
-0.803468
-0.802053
-0.806001
-0.813485
-0.813992
-0.771205
-0.664827
-0.542225
-0.418053
-0.30294
-0.193842
-0.102734
-0.0145095
0.172259
0.435228
0.651222
0.800301
0.881743
0.914523
0.921553
-0.879718
-0.891489
-0.91578
-0.929338
-0.912735
-0.825536
-0.673338
-0.529471
-0.406607
-0.29352
-0.20677
-0.136746
-0.0777214
0.0767212
0.248725
0.379438
0.475576
0.525562
0.545226
0.549544
-0.862461
-0.87853
-0.904541
-0.918614
-0.893227
-0.78412
-0.627113
-0.493219
-0.379442
-0.282997
-0.214403
-0.171587
-0.142499
-0.0455434
0.0835387
0.1902
0.251162
0.284377
0.297519
0.29972
-0.673715
-0.688939
-0.711513
-0.725078
-0.700212
-0.616294
-0.516153
-0.419683
-0.331229
-0.260828
-0.211313
-0.179271
-0.169783
-0.0801254
0.00778502
0.0642058
0.10151
0.121501
0.12933
0.130388
-0.385386
-0.394063
-0.409043
-0.42366
-0.421778
-0.398406
-0.362762
-0.317863
-0.271016
-0.223761
-0.190136
-0.165994
-0.15215
-0.0926455
-0.022241
0.00938726
0.027357
0.0345095
0.0372527
0.0373192
-0.141632
-0.145359
-0.155377
-0.173846
-0.196829
-0.215568
-0.224019
-0.221325
-0.208576
-0.178729
-0.156923
-0.133757
-0.105786
-0.0732509
-0.0448668
-0.0282015
-0.0183132
-0.0118274
-0.00889586
-0.00867113
-0.00857121
-0.0106728
-0.0189707
-0.0388178
-0.0699323
-0.104331
-0.132006
-0.14926
-0.153589
-0.142231
-0.123214
-0.0994555
-0.0749624
-0.0466282
-0.0319031
-0.025609
-0.0224355
-0.0195108
-0.0189315
-0.0197271
0.0384658
0.0369498
0.0303455
0.0135067
-0.0142741
-0.0469193
-0.0773949
-0.100878
-0.113048
-0.111318
-0.0949887
-0.0696687
-0.0457844
-0.0358085
-0.0294427
-0.0277555
-0.0237022
-0.0202755
-0.0191169
-0.0199106
0.0420153
0.0409159
0.0361606
0.0239614
0.00316421
-0.0224969
-0.0489539
-0.0717467
-0.0867828
-0.0894617
-0.0768915
-0.0509333
-0.0280695
-0.0259083
-0.0262055
-0.0257365
-0.021775
-0.0183716
-0.0180545
-0.0194495
0.0291027
0.0283599
0.0251363
0.0167853
0.00220504
-0.0169719
-0.0379279
-0.0577971
-0.073117
-0.0789578
-0.0705536
-0.0492834
-0.028696
-0.0351827
-0.0392751
-0.037954
-0.0333753
-0.0302703
-0.0301569
-0.0316997
0.0120845
0.0115928
0.00942623
0.00380286
-0.00628165
-0.0201555
-0.0365867
-0.0534585
-0.06895
-0.0794543
-0.0793001
-0.0692524
-0.058323
-0.067829
-0.0747685
-0.070943
-0.0633828
-0.0585365
-0.0577114
-0.0593623
-0.004063
-0.00436583
-0.00584299
-0.00967557
-0.0167322
-0.0269673
-0.0398556
-0.0547502
-0.0709774
-0.0876125
-0.101348
-0.110914
-0.11742
-0.127326
-0.125999
-0.117555
-0.109473
-0.10657
-0.10647
-0.107679
-0.0172397
-0.0175077
-0.0185415
-0.0212091
-0.0262331
-0.0339429
-0.0445097
-0.0580323
-0.0754721
-0.0987244
-0.129262
-0.164247
-0.197855
-0.205686
-0.190518
-0.174793
-0.165403
-0.162928
-0.163057
-0.163608
-0.026699
-0.0269344
-0.027713
-0.0295769
-0.033198
-0.0390534
-0.0478005
-0.0601016
-0.0782489
-0.106464
-0.151151
-0.214782
-0.262455
-0.261129
-0.23496
-0.216076
-0.210325
-0.210041
-0.210354
-0.210143
-0.0320708
-0.0322882
-0.0328851
-0.0341753
-0.0367415
-0.0411426
-0.0482647
-0.0591383
-0.0762969
-0.105393
-0.154103
-0.223014
-0.269679
-0.257263
-0.234523
-0.223458
-0.224065
-0.227419
-0.227728
-0.227101
-0.0333149
-0.0335282
-0.0339824
-0.0348252
-0.0365472
-0.0397011
-0.0452025
-0.053997
-0.0686458
-0.093679
-0.134016
-0.188269
-0.215603
-0.202647
-0.194042
-0.196475
-0.203073
-0.207913
-0.208397
-0.20793
-0.0306688
-0.0308613
-0.0312126
-0.0317632
-0.0328385
-0.0349901
-0.03886
-0.0451973
-0.0557699
-0.0731531
-0.0976894
-0.126741
-0.13743
-0.132219
-0.136114
-0.148044
-0.158482
-0.163666
-0.164073
-0.163849
-0.024843
-0.0249958
-0.0252572
-0.0255829
-0.0261644
-0.0275206
-0.0299029
-0.0339785
-0.0402358
-0.0489519
-0.0558393
-0.0587449
-0.0523032
-0.0517624
-0.0704386
-0.0905381
-0.102263
-0.106398
-0.106915
-0.106923
-0.0168058
-0.0169179
-0.0170653
-0.0172287
-0.0174956
-0.018216
-0.0194928
-0.0217452
-0.02441
-0.0267566
-0.0203713
0.00123305
0.0296661
0.0136082
-0.0143419
-0.03633
-0.0449619
-0.0464365
-0.0476876
-0.0482938
-0.0073865
-0.00743634
-0.00749648
-0.00754795
-0.0076042
-0.0077255
-0.00810425
-0.00864582
-0.00959183
-0.0103389
-0.00848255
0.00603999
0.0330343
0.0470965
0.0179337
0.00138494
-0.00283959
-0.00526744
-0.00455864
-0.00706675
-0.45912
-0.0784549
0.191099
0.376895
0.521198
0.632888
0.724647
0.806276
0.891607
0.88225
0.0976229
0.250124
0.389988
0.511144
0.612115
0.694929
0.762575
0.810367
0.825951
0.838985
0.338311
0.436754
0.533342
0.617648
0.689592
0.749241
0.795664
0.828473
0.850944
0.86992
0.507905
0.576313
0.64485
0.706048
0.758601
0.802516
0.838113
0.866797
0.888615
0.90818
0.638029
0.68847
0.738878
0.784921
0.825321
0.860268
0.890304
0.915818
0.934867
0.953594
0.74605
0.785269
0.823742
0.860452
0.89392
0.923846
0.950176
0.972398
0.989333
1.00723
0.838162
0.87201
0.905336
0.937435
0.967377
0.994569
1.01851
1.03842
1.05328
1.07068
0.92536
0.957369
0.989414
1.02033
1.04914
1.07519
1.09782
1.11605
1.12922
1.14608
1.01491
1.04931
1.08274
1.11446
1.14349
1.16917
1.19089
1.20783
1.21978
1.23618
1.11738
1.15612
1.19221
1.22515
1.25426
1.27913
1.29955
1.3153
1.32697
1.34314
1.24372
1.28534
1.3223
1.35415
1.38139
1.4043
1.42325
1.43842
1.4509
1.46701
1.40089
1.43917
1.47086
1.49694
1.51962
1.53987
1.55812
1.57429
1.58834
1.60422
1.58281
1.60772
1.62928
1.64812
1.66598
1.68289
1.69926
1.71573
1.73137
1.74736
1.76845
1.78025
1.79489
1.80972
1.82349
1.83569
1.84702
1.8584
1.87129
1.892
1.95651
1.96654
1.9735
1.97487
1.97697
1.98438
1.99754
2.01289
2.02597
2.05425
2.23298
2.17391
2.12627
2.09515
2.08203
2.0866
2.10984
2.15517
2.22571
2.30432
0.681674
0.67417
0.665249
0.652424
0.639017
0.627414
0.618193
0.6113
0.6067
0.6047
0.605939
0.609997
0.616262
0.624669
0.635343
0.648181
0.661881
0.673082
0.680866
0.68719
0.595646
0.603526
0.610669
0.615428
0.616676
0.614678
0.610929
0.606978
0.603904
0.60253
0.603593
0.606659
0.610835
0.615251
0.618634
0.619355
0.616434
0.610407
0.602407
0.596506
0.587605
0.590664
0.59375
0.596266
0.598634
0.60039
0.600868
0.600195
0.599166
0.598722
0.599536
0.601205
0.602796
0.60342
0.602584
0.600642
0.598372
0.595729
0.592537
0.590175
0.582313
0.583831
0.586061
0.588216
0.589799
0.591066
0.592169
0.592934
0.593331
0.5937
0.594327
0.594941
0.595095
0.59466
0.593847
0.592743
0.591089
0.588905
0.587073
0.585988
0.577173
0.578012
0.579494
0.581333
0.583068
0.584459
0.585563
0.586539
0.587422
0.588213
0.58882
0.589092
0.589003
0.588602
0.587837
0.5866
0.585022
0.583452
0.582413
0.581778
0.572231
0.5728
0.573868
0.575291
0.576828
0.578338
0.579692
0.580856
0.581904
0.582874
0.583591
0.583909
0.583829
0.583334
0.582448
0.581322
0.580128
0.579046
0.578354
0.57791
0.56742
0.567848
0.5687
0.569895
0.571217
0.57263
0.574075
0.575456
0.576724
0.577889
0.578762
0.579158
0.579071
0.578575
0.577822
0.576958
0.576065
0.57526
0.574752
0.574416
0.562705
0.56304
0.563743
0.56479
0.566009
0.567337
0.568765
0.570259
0.571749
0.573163
0.574231
0.57474
0.574755
0.574426
0.573895
0.573248
0.572566
0.571971
0.571592
0.571325
0.558011
0.558283
0.558881
0.559828
0.560986
0.562276
0.56371
0.565284
0.566957
0.568635
0.569961
0.570687
0.570919
0.570815
0.570502
0.57006
0.569567
0.569139
0.568855
0.568636
0.553254
0.55348
0.554005
0.554889
0.556008
0.5573
0.558782
0.560463
0.562324
0.564288
0.56595
0.566992
0.567509
0.567658
0.567566
0.567334
0.567021
0.566737
0.566527
0.566342
0.548348
0.54854
0.549016
0.549866
0.550985
0.552318
0.553885
0.555716
0.557813
0.560122
0.562201
0.563638
0.564493
0.564931
0.565085
0.565061
0.564927
0.564771
0.564621
0.564461
0.543208
0.543375
0.543822
0.544669
0.545828
0.547242
0.548944
0.550986
0.553399
0.556153
0.558735
0.560629
0.561874
0.562639
0.563064
0.56325
0.563306
0.563268
0.563168
0.563025
0.537742
0.53789
0.538326
0.539201
0.540439
0.541986
0.543884
0.546215
0.549033
0.552333
0.555531
0.557978
0.559675
0.560806
0.561533
0.561972
0.562205
0.562273
0.562214
0.562084
0.53185
0.531984
0.532426
0.533359
0.53472
0.536454
0.538623
0.541334
0.544674
0.548662
0.552605
0.555701
0.557926
0.559479
0.560543
0.561256
0.561686
0.561861
0.561839
0.561717
0.525409
0.525532
0.525997
0.527017
0.528546
0.53053
0.533047
0.536234
0.540213
0.545037
0.549892
0.553782
0.556646
0.558702
0.560154
0.561175
0.561823
0.562108
0.562122
0.562004
0.518274
0.518387
0.518884
0.520024
0.521775
0.524085
0.527047
0.530834
0.535609
0.541463
0.547421
0.552261
0.555882
0.558534
0.56045
0.56183
0.562722
0.563123
0.56317
0.563054
0.510261
0.510365
0.510905
0.512204
0.514242
0.516968
0.520499
0.525047
0.530817
0.537931
0.54523
0.551209
0.555723
0.559073
0.561536
0.563336
0.564498
0.565022
0.565101
0.564983
0.501059
0.501173
0.501802
0.503314
0.505724
0.508983
0.51324
0.518756
0.525786
0.534462
0.543367
0.550687
0.556245
0.560408
0.563522
0.565806
0.567274
0.567933
0.568044
0.567922
0.49041
0.490525
0.491266
0.493046
0.495931
0.499873
0.505047
0.51177
0.52035
0.530942
0.541788
0.550705
0.557511
0.562646
0.566525
0.569377
0.571194
0.571997
0.572138
0.572007
0.477836
0.477966
0.478858
0.48099
0.484487
0.489316
0.495683
0.503956
0.514473
0.527396
0.540579
0.551387
0.559645
0.565912
0.570676
0.574186
0.576394
0.577348
0.577515
0.577373
0.462701
0.462865
0.463982
0.466594
0.470908
0.476923
0.484863
0.495154
0.508156
0.523958
0.539893
0.552863
0.56277
0.570335
0.57611
0.580364
0.582997
0.584103
0.58429
0.584133
0.444091
0.444323
0.445779
0.449068
0.454523
0.462175
0.472242
0.485177
0.501295
0.520579
0.539735
0.555194
0.566977
0.576016
0.582931
0.588019
0.591101
0.592349
0.592545
0.592368
0.420587
0.420958
0.422953
0.427276
0.434415
0.444418
0.457435
0.473883
0.493932
0.517382
0.540253
0.558492
0.572359
0.583025
0.591221
0.597214
0.600743
0.602104
0.602292
0.602092
0.389879
0.390538
0.393479
0.399587
0.409456
0.423037
0.4403
0.461457
0.486446
0.514797
0.541769
0.562984
0.579058
0.59147
0.601016
0.607938
0.611856
0.613276
0.613428
0.613205
0.347876
0.349221
0.35417
0.363811
0.37848
0.397615
0.420847
0.448058
0.478922
0.512809
0.544274
0.56868
0.587066
0.601278
0.612256
0.620048
0.624217
0.625596
0.625683
0.625439
0.287042
0.29119
0.301587
0.318369
0.341168
0.368635
0.399846
0.434481
0.472118
0.512054
0.548164
0.575755
0.59642
0.612373
0.624644
0.633148
0.637359
0.638524
0.638515
0.638271
0.213968
0.2221
0.241266
0.26846
0.301677
0.33853
0.378295
0.420833
0.465827
0.512655
0.554471
0.586245
0.610053
0.628352
0.642254
0.651471
0.655799
0.656958
0.657008
0.656894
0.140586
0.154372
0.182331
0.219831
0.263106
0.309256
0.357635
0.408193
0.460686
0.514557
0.562252
0.598335
0.625381
0.646221
0.661785
0.671551
0.67569
0.676655
0.676717
0.676696
0.0799549
0.0970412
0.1309
0.176174
0.227651
0.281973
0.338313
0.396493
0.456173
0.516773
0.57002
0.610127
0.640072
0.66307
0.680018
0.690316
0.694354
0.695429
0.695636
0.695674
0.0298888
0.049053
0.0874199
0.138486
0.196352
0.257395
0.320602
0.385624
0.451959
0.518898
0.577393
0.621278
0.653938
0.678896
0.697194
0.708204
0.71276
0.714131
0.714387
0.714465
-0.0122512
0.00815281
0.0499148
0.105649
0.168798
0.235481
0.304578
0.375642
0.448018
0.520852
0.584249
0.631672
0.66689
0.693751
0.713456
0.725388
0.730488
0.732046
0.732327
0.73241
-0.0488319
-0.0275682
0.0168558
0.0764306
0.144056
0.215622
0.289888
0.366348
0.444214
0.522491
0.59049
0.64119
0.678763
0.707338
0.728205
0.741041
0.746626
0.748359
0.748659
0.748735
-0.0814681
-0.0595651
-0.0129581
0.0498303
0.121302
0.197139
0.276027
0.357394
0.44034
0.523692
0.59602
0.649787
0.689463
0.719505
0.741392
0.754851
0.760923
0.762843
0.76315
0.763213
-0.111341
-0.0889478
-0.0404923
0.0250977
0.0999136
0.179513
0.262563
0.348434
0.436126
0.524307
0.600752
0.65743
0.699024
0.73038
0.753094
0.767015
0.773435
0.775468
0.775786
0.775822
-0.139393
-0.11649
-0.0663833
0.00166913
0.0794189
0.162361
0.249173
0.33919
0.431347
0.524188
0.604653
0.664128
0.707552
0.740091
0.763457
0.777624
0.784256
0.786356
0.786675
0.786672
-0.166137
-0.142701
-0.0911456
-0.0208759
0.0594805
0.145415
0.235641
0.329488
0.42586
0.523212
0.607661
0.669924
0.715163
0.748767
0.772575
0.786897
0.793572
0.795704
0.796034
0.796006
-0.191967
-0.167999
-0.11508
-0.0428233
0.0398687
0.128496
0.22183
0.319209
0.419558
0.521291
0.609736
0.674874
0.721985
0.756611
0.78078
0.795196
0.801884
0.803992
0.804265
0.804189
-0.21713
-0.192594
-0.138405
-0.0643449
0.0204476
0.111501
0.207655
0.30829
0.412379
0.51836
0.610862
0.67904
0.728131
0.763784
0.788274
0.802738
0.809378
0.811413
0.81166
0.811557
-0.241742
-0.216615
-0.16124
-0.0855296
0.00114684
0.094377
0.193089
0.296711
0.404297
0.514384
0.611015
0.68246
0.733694
0.770413
0.79522
0.809681
0.816202
0.818117
0.818294
0.818161
-0.265889
-0.240162
-0.18363
-0.106409
-0.0180528
0.0771322
0.178148
0.284485
0.395306
0.509331
0.610162
0.685128
0.738744
0.776643
0.801766
0.816124
0.822417
0.824145
0.824233
0.824073
-0.289524
-0.263237
-0.20557
-0.12699
-0.0371322
0.0597928
0.162868
0.271654
0.385436
0.503197
0.608248
0.686998
0.743327
0.782631
0.808086
0.82218
0.828068
0.829528
0.829528
0.82935
-0.31268
-0.285796
-0.22704
-0.147239
-0.0560467
0.0424167
0.147318
0.258285
0.374747
0.495989
0.605224
0.687979
0.747428
0.788543
0.814429
0.828026
0.833233
0.834315
0.834223
0.834037
-0.335243
-0.307787
-0.248007
-0.167121
-0.0747397
0.0250841
0.131583
0.244464
0.36331
0.487729
0.601022
0.687951
0.750963
0.794488
0.82114
0.834023
0.838095
0.83855
0.83834
0.838171
-0.357217
-0.329148
-0.268443
-0.186573
-0.0931373
0.00786885
0.115758
0.230297
0.351209
0.478475
0.595593
0.686785
0.753757
0.800428
0.828605
0.840895
0.843224
0.842422
0.841916
0.841852
-0.378504
-0.349866
-0.288293
-0.205537
-0.111178
-0.00914289
0.0999283
0.215867
0.338562
0.46831
0.588902
0.684341
0.755571
0.806069
0.836958
0.849676
0.850168
0.846974
0.845217
0.845395
-0.399132
-0.369911
-0.307496
-0.223951
-0.128782
-0.0258587
0.0842227
0.201312
0.325494
0.457337
0.580947
0.680472
0.756131
0.810847
0.845642
0.860894
0.86138
0.855757
0.84871
0.834886
-0.419058
-0.389324
-0.326192
-0.242025
-0.146257
-0.0426209
0.0682118
0.186153
0.311465
0.445013
0.571142
0.674578
0.755062
0.814193
0.85354
0.8737
0.877188
0.87007
0.858547
0.869634
-0.438277
-0.40811
-0.344338
-0.259705
-0.163553
-0.0593825
0.0519016
0.170412
0.296455
0.431227
0.559262
0.665995
0.751682
0.814924
0.857199
0.880931
0.888701
0.879466
0.829022
0.81928
-0.457305
-0.426416
-0.361667
-0.276679
-0.180273
-0.075765
0.0354703
0.154365
0.280766
0.416193
0.545387
0.654137
0.745322
0.812172
0.851614
0.8738
0.873888
0.840102
0.780023
0.743747
-0.479393
-0.445896
-0.377719
-0.292387
-0.195674
-0.0913617
0.0193409
0.138296
0.264617
0.400033
0.529588
0.638686
0.734407
0.804987
0.848357
0.840507
0.81914
0.762205
0.698725
0.660516
-0.0532496
0.0623634
0.184576
0.31462
0.448403
0.568246
0.667454
0.550792
-0.494297
-0.484942
-0.4427
-0.370028
-0.279094
-0.179157
-0.0718532
0.0425834
0.164022
0.292877
0.425441
0.544558
0.640439
0.723886
0.771401
0.72651
0.607308
0.535468
0.477838
-0.518011
-0.50629
-0.460318
-0.386373
-0.295246
-0.195294
-0.0884223
0.0255668
0.146154
0.273663
0.40392
0.519877
0.60954
0.676508
0.675143
0.577271
0.454331
0.370332
0.300254
-0.542218
-0.530168
-0.481714
-0.406668
-0.315533
-0.215507
-0.108541
0.00514872
0.124787
0.25069
0.377782
0.488739
0.569374
0.614104
0.577871
0.429719
0.290256
0.185194
0.0996473
-0.566278
-0.554193
-0.504288
-0.428037
-0.336566
-0.236527
-0.129798
-0.0168174
0.101602
0.225452
0.348857
0.453987
0.526404
0.542291
0.45542
0.281738
0.114356
-0.0285418
-0.148134
-0.590414
-0.578411
-0.527554
-0.450396
-0.358487
-0.258408
-0.152054
-0.0399331
0.0770851
0.198541
0.317771
0.416097
0.478116
0.457163
0.323964
0.136724
-0.0561076
-0.221351
-0.381141
-0.61513
-0.603282
-0.551917
-0.474141
-0.381836
-0.281673
-0.175626
-0.064305
0.0512496
0.170149
0.285006
0.375814
0.422531
0.379752
0.200648
0.00645012
-0.193323
-0.370813
-0.506076
-0.629583
-0.64125
-0.629502
-0.577782
-0.499618
-0.407093
-0.30695
-0.201281
-0.0908783
0.0229766
0.138886
0.24887
0.331162
0.360606
0.283289
0.0862173
-0.111115
-0.297172
-0.438044
-0.487499
-0.508483
-0.669074
-0.65738
-0.605369
-0.526954
-0.43437
-0.334438
-0.229336
-0.120126
-0.00833429
0.104018
0.208375
0.281297
0.286022
0.170159
-0.0209049
-0.208268
-0.370705
-0.4445
-0.467163
-0.469896
-0.698835
-0.68711
-0.634764
-0.556153
-0.463648
-0.364098
-0.259818
-0.152096
-0.0427495
0.0655016
0.163311
0.226664
0.202947
0.0632152
-0.11861
-0.29343
-0.413578
-0.452363
-0.450728
-0.451497
-0.73051
-0.718716
-0.66599
-0.587216
-0.494917
-0.395929
-0.292732
-0.186802
-0.08029
0.0233435
0.113846
0.165569
0.12586
-0.0375196
-0.204965
-0.362249
-0.427108
-0.439753
-0.441164
-0.441136
-0.763871
-0.751974
-0.698915
-0.620059
-0.528085
-0.429877
-0.328027
-0.224241
-0.120948
-0.0223859
0.0602857
0.0992482
0.0502853
-0.125712
-0.282635
-0.399699
-0.438862
-0.434876
-0.434849
-0.434672
-0.798395
-0.786456
-0.733245
-0.654413
-0.562946
-0.46575
-0.365561
-0.264294
-0.164608
-0.0713384
0.00271024
0.0308611
-0.0397708
-0.20596
-0.348091
-0.416471
-0.43014
-0.430187
-0.429648
-0.429373
-0.833558
-0.821602
-0.768454
-0.689817
-0.59909
-0.503195
-0.405025
-0.306686
-0.211059
-0.123129
-0.0580042
-0.044206
-0.128427
-0.274356
-0.392222
-0.426834
-0.429205
-0.428516
-0.427424
-0.426753
-0.868338
-0.856428
-0.803699
-0.725542
-0.635893
-0.541676
-0.445925
-0.350951
-0.259844
-0.177497
-0.119279
-0.121903
-0.206366
-0.333178
-0.418279
-0.444772
-0.43548
-0.431444
-0.429374
-0.428125
-0.901034
-0.889489
-0.83779
-0.7606
-0.672474
-0.580407
-0.487545
-0.396399
-0.310238
-0.233901
-0.180219
-0.193247
-0.278148
-0.381632
-0.446701
-0.446007
-0.44069
-0.433376
-0.42999
-0.42897
-0.93042
-0.919281
-0.86917
-0.793634
-0.707646
-0.618337
-0.528923
-0.442097
-0.361283
-0.291185
-0.242415
-0.258958
-0.340004
-0.410495
-0.460756
-0.464922
-0.449157
-0.438129
-0.434718
-0.434474
-0.953732
-0.943316
-0.89586
-0.822901
-0.739914
-0.654129
-0.568831
-0.486846
-0.411859
-0.348191
-0.303904
-0.322361
-0.397049
-0.420795
-0.437304
-0.461892
-0.474573
-0.480155
-0.479604
-0.478155
-0.968825
-0.959486
-0.915523
-0.846411
-0.76752
-0.686199
-0.605797
-0.52917
-0.460623
-0.403651
-0.361538
-0.386941
-0.467061
-0.452172
-0.45954
-0.512246
-0.568794
-0.59089
-0.586696
-0.579588
-0.972981
-0.96514
-0.925776
-0.862051
-0.788517
-0.712804
-0.638203
-0.567393
-0.505624
-0.456371
-0.418513
-0.445688
-0.57581
-0.632229
-0.614842
-0.636496
-0.653225
-0.659195
-0.655714
-0.651903
-0.964087
-0.957647
-0.924317
-0.867678
-0.801096
-0.732237
-0.664347
-0.599877
-0.544295
-0.504421
-0.479539
-0.513457
-0.6802
-0.902771
-0.903026
-0.775558
-0.702891
-0.67404
-0.667214
-0.665699
-0.93845
-0.933874
-0.90838
-0.861609
-0.804033
-0.743157
-0.682634
-0.625054
-0.574503
-0.542329
-0.527841
-0.578528
-0.65753
-0.813133
-0.795345
-0.682705
-0.670316
-0.656228
-0.644814
-0.640482
-0.89939
-0.896514
-0.879648
-0.844064
-0.797166
-0.74523
-0.692189
-0.640945
-0.595308
-0.56586
-0.560109
-0.566684
-0.516506
-0.377504
-0.289043
-0.346045
-0.477141
-0.536718
-0.545336
-0.550621
-0.853699
-0.851938
-0.84328
-0.818859
-0.782756
-0.739441
-0.693273
-0.646843
-0.604617
-0.571469
-0.56741
-0.559561
-0.492406
-0.39869
-0.525853
-0.736104
-0.828742
-0.787489
-0.68501
-0.65203
-0.811416
-0.810268
-0.806294
-0.792075
-0.764835
-0.728264
-0.687535
-0.643679
-0.600621
-0.568267
-0.553743
-0.572447
-0.655088
-0.890984
-1.02438
-1.18709
-1.30991
-1.31501
-1.22236
-1.12193
-0.779322
-0.77866
-0.776219
-0.768596
-0.748226
-0.716663
-0.67745
-0.633325
-0.586722
-0.538864
-0.511155
-0.5181
-0.555236
-0.791057
-1.12582
-1.31207
-1.31296
-1.22311
-1.11064
-1.01894
-0.75447
-0.753945
-0.752941
-0.749989
-0.736006
-0.707304
-0.666792
-0.618816
-0.562394
-0.502046
-0.435291
-0.341681
-0.387645
-0.504942
-0.616548
-0.567889
-0.383115
-0.160767
0.0521173
0.168169
-0.73869
-0.738448
-0.73798
-0.736701
-0.72838
-0.701342
-0.657712
-0.602363
-0.535872
-0.451199
-0.346722
-0.209986
-0.0226873
0.147399
0.415044
0.708766
1.00417
1.29352
1.48415
1.56671
-0.727857
-0.727883
-0.727728
-0.727605
-0.722799
-0.698064
-0.652116
-0.589346
-0.510845
-0.408836
-0.285689
-0.140269
0.0768971
0.371546
0.804208
1.31659
1.75648
2.06988
2.22668
2.2837
-0.719513
-0.719592
-0.718569
-0.716756
-0.713889
-0.696704
-0.654355
-0.584413
-0.495002
-0.386883
-0.252258
-0.121292
0.0596069
0.358831
0.819824
1.32067
1.72523
1.98645
2.11881
2.16143
-0.725364
-0.724253
-0.718544
-0.709403
-0.707025
-0.705636
-0.668297
-0.589579
-0.48605
-0.376194
-0.245299
-0.114908
0.0158236
0.265128
0.654377
1.03132
1.34064
1.54403
1.64084
1.67118
-0.768151
-0.76517
-0.75968
-0.75601
-0.758299
-0.755299
-0.700548
-0.599135
-0.481944
-0.36455
-0.250234
-0.133276
-0.038104
0.110332
0.405724
0.699794
0.924035
1.06135
1.12638
1.14763
-0.846625
-0.845683
-0.856479
-0.874712
-0.87756
-0.847939
-0.743758
-0.603197
-0.475183
-0.353424
-0.249632
-0.156679
-0.0848809
0.0283316
0.233971
0.424547
0.568158
0.66107
0.704773
0.718614
-0.889273
-0.895998
-0.919631
-0.942823
-0.943119
-0.88629
-0.740953
-0.582188
-0.453498
-0.340119
-0.247444
-0.180744
-0.136363
-0.0641287
0.0920869
0.226426
0.324917
0.379019
0.404026
0.412316
-0.786242
-0.794209
-0.816968
-0.838609
-0.836151
-0.773538
-0.643213
-0.519351
-0.406496
-0.313412
-0.241151
-0.191188
-0.172289
-0.122742
-0.0212163
0.0753167
0.140185
0.180707
0.198257
0.204028
-0.529987
-0.537657
-0.554287
-0.573158
-0.57661
-0.539968
-0.475162
-0.406215
-0.334947
-0.271051
-0.221517
-0.188484
-0.17324
-0.133766
-0.0424073
0.0196458
0.0493616
0.068101
0.0751362
0.0770675
-0.249352
-0.253112
-0.261698
-0.276532
-0.292121
-0.297531
-0.295124
-0.278509
-0.254849
-0.219943
-0.18713
-0.16376
-0.139764
-0.110876
-0.0580863
-0.0245313
-0.00671369
0.00230134
0.0070224
0.00838383
-0.0606744
-0.0625184
-0.0675713
-0.0817039
-0.106951
-0.138059
-0.163579
-0.178762
-0.182273
-0.171557
-0.149339
-0.128542
-0.103753
-0.0773723
-0.0465856
-0.0343987
-0.0259485
-0.0201306
-0.0162929
-0.0155456
0.0233904
0.0222448
0.0184553
0.00582147
-0.0192447
-0.0529724
-0.086607
-0.113045
-0.128859
-0.131275
-0.117653
-0.0956576
-0.0683384
-0.0524849
-0.0357019
-0.0261705
-0.0237725
-0.0216762
-0.0211322
-0.0212563
0.0439022
0.0431468
0.0403039
0.0306745
0.010897
-0.0167367
-0.0465093
-0.0732282
-0.0927248
-0.100479
-0.0929927
-0.0724916
-0.0453782
-0.0308887
-0.0275038
-0.0286074
-0.025111
-0.0198929
-0.0166476
-0.0170415
0.0367842
0.0363249
0.0343316
0.0276421
0.0137226
-0.00666664
-0.0300363
-0.053108
-0.0720155
-0.0826176
-0.0793262
-0.0615204
-0.0343928
-0.0246822
-0.0287409
-0.0296484
-0.0266795
-0.0235386
-0.0227958
-0.0239082
0.0207618
0.0205102
0.0191548
0.0146659
0.0051493
-0.00927936
-0.0270725
-0.0457742
-0.0629832
-0.0756907
-0.0770069
-0.066263
-0.0456755
-0.0417412
-0.0523072
-0.0547151
-0.0500316
-0.0435985
-0.0408486
-0.0418675
0.00376158
0.00364812
0.00272257
-0.000295607
-0.0067909
-0.0170302
-0.0303481
-0.0457078
-0.0616099
-0.0769835
-0.0864886
-0.0894026
-0.0841519
-0.0877411
-0.0978962
-0.0951853
-0.0880365
-0.0820043
-0.0800692
-0.0810402
-0.0110605
-0.0111414
-0.0117979
-0.0138625
-0.0183792
-0.0257917
-0.0361148
-0.0489611
-0.0644195
-0.0828329
-0.10371
-0.127263
-0.147271
-0.163686
-0.164293
-0.152836
-0.14106
-0.135644
-0.134408
-0.135129
-0.0224632
-0.0225216
-0.0230436
-0.0244967
-0.0276836
-0.033121
-0.0412536
-0.0524245
-0.0676437
-0.0889926
-0.120328
-0.167097
-0.215911
-0.2412
-0.227434
-0.207716
-0.193279
-0.189329
-0.189197
-0.189182
-0.0299075
-0.0299754
-0.0304066
-0.0314454
-0.033678
-0.0376779
-0.0440855
-0.0536523
-0.0678794
-0.0905989
-0.128133
-0.188759
-0.256103
-0.277507
-0.252796
-0.230997
-0.222803
-0.222326
-0.224083
-0.223369
-0.0331947
-0.0332798
-0.0336323
-0.0343674
-0.0358712
-0.0387273
-0.0436228
-0.0515423
-0.0642685
-0.0849318
-0.120835
-0.177648
-0.235268
-0.243469
-0.224632
-0.214479
-0.215647
-0.220005
-0.222367
-0.221699
-0.0324263
-0.0325251
-0.0328259
-0.0333355
-0.0342797
-0.0362293
-0.0397296
-0.0457729
-0.0555656
-0.071841
-0.0990788
-0.138377
-0.174035
-0.173507
-0.165225
-0.169207
-0.178598
-0.185963
-0.188409
-0.188138
-0.0280685
-0.0281705
-0.0284144
-0.0287501
-0.0293155
-0.0305412
-0.0328286
-0.0369569
-0.0434539
-0.0538407
-0.0691391
-0.0854221
-0.0973159
-0.0938142
-0.0964345
-0.110657
-0.126372
-0.134811
-0.136544
-0.136489
-0.0210151
-0.0210974
-0.0212691
-0.0214852
-0.0217836
-0.0224232
-0.0238141
-0.0262428
-0.0298479
-0.0348456
-0.0386377
-0.0326541
-0.0174416
-0.0134173
-0.0295743
-0.0517813
-0.0683007
-0.0750461
-0.0762165
-0.0768291
-0.0121774
-0.0122447
-0.0123574
-0.012464
-0.0125833
-0.0128215
-0.0135268
-0.0146358
-0.0162925
-0.0176298
-0.0152774
0.00243658
0.0312819
0.0444812
0.016087
-0.00944814
-0.0204131
-0.0224207
-0.0222036
-0.0235224
-0.00740864
-0.00746551
-0.00752584
-0.00756738
-0.0076551
-0.00787677
-0.0083349
-0.00912091
-0.0100141
-0.0101684
-0.00304592
0.0186631
0.0470304
0.0294862
0.00719408
-0.000308395
-0.00472417
-0.00484806
-0.00576137
-0.000750724
-0.232082
0.0375822
0.212973
0.377755
0.511527
0.619348
0.706786
0.780953
0.828091
0.817953
0.171424
0.291198
0.411019
0.519172
0.611724
0.689357
0.75276
0.799905
0.827992
0.844268
0.391479
0.469494
0.552569
0.629244
0.695481
0.751509
0.796929
0.831778
0.858295
0.878487
0.547945
0.605335
0.664495
0.720801
0.770031
0.812204
0.847744
0.877467
0.901996
0.920121
0.672247
0.716352
0.760276
0.803012
0.841611
0.875808
0.905857
0.931842
0.952842
0.969627
0.776292
0.811457
0.846905
0.88185
0.91459
0.944454
0.971174
0.994281
1.01269
1.0279
0.86752
0.897966
0.930425
0.962491
0.99276
1.02061
1.04554
1.06679
1.08318
1.09702
0.954882
0.985476
1.01817
1.05031
1.08044
1.10785
1.13196
1.15199
1.16682
1.17948
1.04795
1.08206
1.11781
1.15164
1.18259
1.20995
1.23328
1.25213
1.26582
1.27805
1.1594
1.1974
1.23647
1.27159
1.30238
1.32864
1.35047
1.36796
1.38118
1.394
1.30084
1.33928
1.37783
1.41011
1.43742
1.46076
1.48081
1.49783
1.51186
1.52568
1.47649
1.50649
1.53655
1.56077
1.58181
1.60116
1.61936
1.63669
1.65257
1.66745
1.6702
1.68463
1.70226
1.71904
1.73557
1.75101
1.76517
1.77923
1.7941
1.81027
1.85923
1.86353
1.87645
1.88864
1.89864
1.90795
1.91814
1.9288
1.93815
1.95036
2.08871
2.07511
2.0663
2.05126
2.04018
2.03965
2.05167
2.07548
2.10731
2.14308
2.4629
2.3044
2.19889
2.14005
2.11099
2.10444
2.1196
2.16082
2.24006
2.38518
-0.473172
-0.469527
-0.427002
-0.352693
-0.262071
-0.161585
0.759193
0.816592
0.812966
0.748944
0.684603
0.620469
0.419174
0.225353
0.00232415
-0.285752
-0.629714
)
;

boundaryField
{
    wall-4
    {
        type            zeroGradient;
    }
    pressure-outlet-7
    {
        type            fixedValue;
        value           uniform 0;
    }
    velocity-inlet-6
    {
        type            zeroGradient;
    }
    velocity-inlet-5
    {
        type            zeroGradient;
    }
    frontAndBackPlanes
    {
        type            empty;
    }
}


// ************************************************************************* //
