/*--------------------------------*- C++ -*----------------------------------*\
  =========                 |
  \\      /  F ield         | OpenFOAM: The Open Source CFD Toolbox
   \\    /   O peration     | Website:  https://openfoam.org
    \\  /    A nd           | Version:  6
     \\/     M anipulation  |
\*---------------------------------------------------------------------------*/
FoamFile
{
    version     2.0;
    format      ascii;
    class       volScalarField;
    location    "76.8";
    object      p;
}
// * * * * * * * * * * * * * * * * * * * * * * * * * * * * * * * * * * * * * //

dimensions      [0 2 -2 0 0 0 0];

internalField   nonuniform List<scalar> 
8800
(
0.871687
0.822372
0.784406
0.756336
0.736174
0.721585
0.710984
0.70344
0.698549
0.696473
0.697837
0.702174
0.708964
0.718385
0.731121
0.748441
0.772318
0.805416
0.848353
0.900867
0.706181
0.712525
0.721675
0.725223
0.722613
0.716523
0.70958
0.703335
0.698528
0.695653
0.695414
0.698036
0.702675
0.708801
0.7159
0.722933
0.727812
0.727688
0.721013
0.712115
0.679696
0.685931
0.690431
0.694301
0.697248
0.698195
0.697103
0.694978
0.692992
0.692146
0.693172
0.695621
0.698505
0.700774
0.701295
0.699507
0.696141
0.692129
0.687349
0.683633
0.675395
0.678161
0.680766
0.682923
0.684659
0.686225
0.687325
0.687674
0.687555
0.687647
0.688446
0.689585
0.690325
0.690174
0.6892
0.687847
0.686178
0.683878
0.681468
0.679901
0.670339
0.671764
0.673603
0.675682
0.677393
0.678684
0.679779
0.680755
0.681559
0.68229
0.682996
0.683453
0.683476
0.683114
0.682448
0.681335
0.679681
0.677788
0.676436
0.675634
0.665348
0.666251
0.667497
0.669122
0.670814
0.672344
0.673626
0.674744
0.675804
0.676816
0.677598
0.677987
0.677998
0.677632
0.676833
0.675648
0.674289
0.673026
0.672207
0.671683
0.660438
0.661094
0.662054
0.663371
0.664817
0.666332
0.667814
0.669175
0.670434
0.671634
0.672583
0.673078
0.673099
0.672667
0.671892
0.670955
0.669967
0.669067
0.668489
0.668104
0.655606
0.656111
0.656896
0.658036
0.659335
0.660751
0.662258
0.663797
0.665306
0.666759
0.667914
0.668527
0.668612
0.668298
0.667742
0.667061
0.666331
0.665673
0.665248
0.664949
0.650798
0.6512
0.651859
0.65288
0.654109
0.655474
0.656978
0.658617
0.660347
0.66209
0.663509
0.664323
0.664609
0.664531
0.664222
0.663766
0.663245
0.662783
0.662471
0.662227
0.645932
0.646259
0.646832
0.647775
0.648961
0.650318
0.651862
0.653608
0.655543
0.657596
0.659359
0.660492
0.661075
0.661273
0.66121
0.660987
0.660669
0.660372
0.660144
0.659939
0.640918
0.64119
0.641703
0.642602
0.643776
0.645164
0.646792
0.648689
0.650868
0.653284
0.655479
0.657021
0.657964
0.658474
0.658681
0.658699
0.658584
0.658432
0.658272
0.658095
0.635666
0.635894
0.63637
0.637256
0.638457
0.639921
0.641675
0.643782
0.646276
0.649142
0.651864
0.653896
0.65526
0.656127
0.656637
0.6569
0.656997
0.656983
0.65688
0.656721
0.63008
0.630275
0.630733
0.631635
0.632904
0.634488
0.636426
0.63881
0.641708
0.645133
0.648494
0.65111
0.652965
0.654244
0.655097
0.655638
0.655956
0.656069
0.656013
0.655868
0.624055
0.624223
0.624681
0.625627
0.627005
0.628761
0.630951
0.633697
0.637101
0.641213
0.645348
0.648663
0.651101
0.652856
0.654104
0.654971
0.655515
0.655753
0.655738
0.6556
0.617466
0.617613
0.618085
0.619105
0.620637
0.622626
0.625146
0.628351
0.632387
0.637339
0.642411
0.646563
0.649692
0.65201
0.653708
0.654933
0.655738
0.656108
0.656131
0.655996
0.61017
0.610293
0.610794
0.611918
0.613656
0.615949
0.61889
0.622674
0.62749
0.633469
0.639669
0.644818
0.648765
0.651747
0.653981
0.655621
0.656719
0.657225
0.657282
0.657146
0.601973
0.602081
0.602622
0.603883
0.605886
0.608567
0.612041
0.616547
0.622327
0.629556
0.637112
0.64345
0.648361
0.652123
0.654998
0.657128
0.658552
0.659202
0.659289
0.659148
0.592623
0.592727
0.593328
0.594763
0.597112
0.600283
0.604426
0.609833
0.616802
0.625552
0.634733
0.642479
0.648529
0.65321
0.65684
0.659542
0.661336
0.662136
0.662251
0.662101
0.581809
0.581896
0.582583
0.584263
0.587051
0.590848
0.595837
0.602375
0.610814
0.621411
0.632533
0.641936
0.649321
0.655084
0.659581
0.662957
0.665165
0.666118
0.666256
0.666094
0.569142
0.569216
0.570007
0.571998
0.575349
0.57995
0.586022
0.593986
0.604252
0.617096
0.630523
0.641858
0.650787
0.657805
0.663314
0.667461
0.670115
0.671217
0.671368
0.67119
0.554042
0.554108
0.555047
0.557454
0.561544
0.567201
0.574677
0.584466
0.597013
0.612586
0.628729
0.642293
0.65298
0.661433
0.668098
0.673105
0.676223
0.677458
0.677609
0.677413
0.535706
0.535765
0.536921
0.539917
0.54502
0.5521
0.561443
0.573603
0.58902
0.607891
0.627196
0.643289
0.655953
0.666015
0.673955
0.679898
0.68347
0.684799
0.684934
0.684718
0.512936
0.513
0.514507
0.518388
0.524947
0.53403
0.545933
0.561223
0.580256
0.603078
0.626004
0.644904
0.659743
0.671566
0.680883
0.68779
0.69175
0.693111
0.693208
0.692973
0.483904
0.484
0.486111
0.491422
0.500245
0.51228
0.527804
0.547267
0.570822
0.598303
0.625282
0.647222
0.664375
0.678055
0.688824
0.696637
0.700849
0.702153
0.702189
0.701939
0.44546
0.445687
0.44904
0.456995
0.469643
0.486243
0.506942
0.531898
0.560984
0.593806
0.625201
0.650338
0.669874
0.685435
0.697657
0.706194
0.710437
0.711573
0.711531
0.711273
0.391606
0.392735
0.399416
0.412858
0.432199
0.455866
0.483732
0.515619
0.551191
0.589916
0.625954
0.654345
0.67625
0.693628
0.707149
0.716105
0.720075
0.720944
0.720822
0.720566
0.313673
0.321319
0.33667
0.360192
0.389529
0.422655
0.459234
0.499037
0.541748
0.586845
0.627821
0.65966
0.684121
0.703426
0.71803
0.727066
0.730579
0.731168
0.730994
0.730775
0.230793
0.247493
0.27242
0.306771
0.346635
0.389362
0.434671
0.482507
0.532649
0.584654
0.63129
0.667183
0.694628
0.716086
0.731668
0.740244
0.742973
0.743267
0.743114
0.742973
0.159746
0.180163
0.213083
0.256742
0.305957
0.357723
0.411529
0.467255
0.524647
0.583242
0.635102
0.674622
0.704599
0.727654
0.743577
0.751358
0.75346
0.753655
0.753544
0.753436
0.10157
0.124262
0.16267
0.212999
0.269525
0.328862
0.390173
0.45314
0.517319
0.582107
0.638832
0.681614
0.713716
0.737933
0.753951
0.761215
0.763048
0.763238
0.763175
0.763085
0.053376
0.0774174
0.119797
0.175329
0.237704
0.303271
0.370976
0.440339
0.510713
0.58129
0.642601
0.688461
0.722536
0.747801
0.763956
0.770911
0.772598
0.772803
0.772786
0.772711
0.0125276
0.037362
0.0826673
0.14243
0.209733
0.28062
0.353872
0.428918
0.504937
0.580942
0.646645
0.695488
0.731492
0.757857
0.774217
0.780983
0.782627
0.782874
0.782898
0.78284
-0.0230373
0.0023148
0.0499021
0.113175
0.184702
0.260243
0.338441
0.418644
0.499895
0.581027
0.650993
0.702782
0.740748
0.76821
0.784958
0.791825
0.793475
0.793714
0.793766
0.793725
-0.054838
-0.029075
0.0203872
0.086655
0.161855
0.241501
0.32417
0.409133
0.49531
0.581361
0.655499
0.710233
0.750186
0.778897
0.796222
0.803333
0.805017
0.805242
0.805287
0.805254
-0.0839208
-0.0577839
-0.00672564
0.062151
0.140591
0.223898
0.310626
0.4
0.490861
0.581705
0.659956
0.717651
0.759637
0.78967
0.807664
0.815055
0.816813
0.817008
0.817031
0.817013
-0.111115
-0.0845811
-0.0320967
0.0391333
0.12045
0.20704
0.297465
0.390947
0.486274
0.581813
0.66417
0.724842
0.768875
0.800219
0.818914
0.826572
0.828413
0.828583
0.828579
0.828566
-0.136837
-0.109925
-0.0561298
0.0171952
0.101084
0.190634
0.284442
0.381747
0.481322
0.58146
0.667979
0.731654
0.777726
0.810343
0.829644
0.83757
0.839477
0.839611
0.839562
0.839541
-0.161561
-0.134192
-0.0791842
-0.00395746
0.0822426
0.174467
0.271373
0.372222
0.475835
0.580505
0.671244
0.738002
0.786091
0.81988
0.839691
0.847764
0.849681
0.849772
0.849683
0.849652
-0.185441
-0.157608
-0.101458
-0.0245145
0.0637599
0.1584
0.258129
0.362265
0.469707
0.578825
0.673864
0.743835
0.793961
0.82879
0.848932
0.857011
0.858886
0.85893
0.858804
0.85876
-0.208629
-0.1803
-0.123093
-0.0445902
0.0455454
0.142355
0.244644
0.351809
0.462851
0.576294
0.675747
0.749126
0.801376
0.83713
0.857354
0.865302
0.867069
0.867063
0.866909
0.866855
-0.231237
-0.202395
-0.14416
-0.064241
0.0275438
0.126302
0.230902
0.340824
0.455213
0.572839
0.676798
0.753867
0.808442
0.845067
0.865148
0.872712
0.874288
0.874221
0.874048
0.873986
-0.253342
-0.22392
-0.164682
-0.083486
0.00976162
0.110241
0.216908
0.329312
0.446784
0.568396
0.676921
0.758011
0.815278
0.85284
0.872512
0.879405
0.880637
0.880486
0.880304
0.880237
-0.274818
-0.244847
-0.184654
-0.102329
-0.00778878
0.0942104
0.202694
0.317323
0.437586
0.562933
0.676016
0.761487
0.821952
0.860742
0.879826
0.885623
0.886227
0.88594
0.885776
0.885717
-0.295661
-0.265158
-0.204083
-0.120745
-0.0250704
0.0782526
0.188332
0.304905
0.427664
0.556439
0.673997
0.764165
0.828452
0.869063
0.887674
0.891927
0.891342
0.890696
0.890608
0.890627
-0.315926
-0.284836
-0.222955
-0.138716
-0.0420353
0.0624359
0.173893
0.292139
0.417084
0.548943
0.670767
0.765892
0.834635
0.877909
0.896731
0.899414
0.896868
0.895136
0.895052
0.895479
-0.335478
-0.30386
-0.241224
-0.156185
-0.0586374
0.0468337
0.159461
0.279118
0.40594
0.540507
0.666259
0.76647
0.840239
0.887056
0.907335
0.909489
0.904916
0.900789
0.899018
0.89846
-0.35441
-0.322245
-0.258902
-0.173191
-0.0749159
0.0314043
0.144985
0.265788
0.394163
0.531067
0.660314
0.765645
0.84503
0.896092
0.91918
0.922866
0.917883
0.910272
0.901163
0.902341
-0.372645
-0.340057
-0.276126
-0.189928
-0.0911618
0.015825
0.13006
0.251679
0.38123
0.520029
0.652324
0.762718
0.848677
0.904617
0.9311
0.938097
0.933186
0.920599
0.901091
0.900607
-0.390058
-0.357268
-0.292738
-0.206214
-0.107115
0.000391437
0.114881
0.237097
0.36741
0.507592
0.642256
0.756879
0.850167
0.911333
0.939079
0.946758
0.942403
0.914893
0.857677
0.833282
-0.406536
-0.374803
-0.308345
-0.221615
-0.121991
-0.0144138
0.099729
0.222318
0.352983
0.493917
0.630141
0.747459
0.84824
0.915012
0.938006
0.940495
0.922503
0.868543
0.806243
0.768439
-0.448868
-0.391974
-0.322653
-0.237048
-0.136542
-0.0295657
0.0847493
0.207216
0.337733
0.478628
0.615521
0.733717
0.838914
0.911579
0.924589
0.905937
0.853084
0.784874
0.714911
0.676417
-0.423736
-0.405431
-0.344429
-0.258105
-0.159099
-0.0523452
0.061305
0.183177
0.312901
0.452633
0.588585
0.705503
0.80299
0.883281
0.862119
0.74739
0.652884
0.587263
0.521662
0.54668
-0.454117
-0.42265
-0.360793
-0.274965
-0.176332
-0.0697232
0.0441215
0.165363
0.29412
0.432195
0.565752
0.67937
0.765632
0.811013
0.75408
0.609352
0.496603
0.420597
0.336993
0.38026
-0.477594
-0.443759
-0.380198
-0.294329
-0.195748
-0.0891527
0.0245786
0.14504
0.272464
0.408198
0.537984
0.645631
0.720263
0.72731
0.615265
0.455863
0.323609
0.228687
0.1319
0.161315
-0.500398
-0.465542
-0.400641
-0.314132
-0.215484
-0.109016
0.00419199
0.123687
0.249516
0.382443
0.507306
0.606308
0.66408
0.637397
0.474178
0.293751
0.131377
-0.00438783
-0.130058
-0.119233
-0.522911
-0.487691
-0.421904
-0.334821
-0.236057
-0.129824
-0.0172949
0.101062
0.22497
0.354611
0.47359
0.563954
0.60062
0.526885
0.3352
0.135293
-0.0535616
-0.208917
-0.414988
-0.494466
-0.54582
-0.510671
-0.444372
-0.356891
-0.257992
-0.151964
-0.0400635
0.0770957
0.198919
0.324934
0.437455
0.518385
0.52825
0.403275
0.208296
-0.00318435
-0.196863
-0.359474
-0.483645
-0.600963
-0.570196
-0.534969
-0.468402
-0.380725
-0.28183
-0.176116
-0.0649578
0.0508018
0.170157
0.291911
0.397479
0.465181
0.447049
0.285902
0.0894865
-0.115901
-0.292879
-0.390973
-0.417218
-0.430628
-0.596166
-0.560875
-0.494124
-0.406415
-0.307718
-0.202507
-0.0923569
0.0216616
0.138055
0.254743
0.352919
0.402323
0.364538
0.172931
-0.0213535
-0.20655
-0.340353
-0.378614
-0.387461
-0.387787
-0.624011
-0.588516
-0.52158
-0.433949
-0.335607
-0.231148
-0.122291
-0.0103897
0.102535
0.213403
0.30311
0.335697
0.265448
0.0695974
-0.11828
-0.27932
-0.354675
-0.368796
-0.369814
-0.369668
-0.653738
-0.617924
-0.55079
-0.463328
-0.365519
-0.262037
-0.154777
-0.0453792
0.0635999
0.167994
0.247901
0.265421
0.156344
-0.0241112
-0.201568
-0.329431
-0.358838
-0.359482
-0.360035
-0.359594
-0.685094
-0.648934
-0.581656
-0.494476
-0.397371
-0.295125
-0.189797
-0.0832933
0.0212973
0.11865
0.188589
0.186807
0.0596227
-0.110057
-0.266954
-0.340338
-0.355516
-0.354023
-0.353908
-0.353549
-0.71752
-0.681197
-0.613914
-0.52716
-0.430978
-0.330259
-0.227204
-0.124016
-0.0241546
0.065777
0.125603
0.107436
-0.0296672
-0.185371
-0.309844
-0.348434
-0.348363
-0.349309
-0.349409
-0.349201
-0.750571
-0.714179
-0.647073
-0.56096
-0.465982
-0.36711
-0.266711
-0.167269
-0.0724679
0.010296
0.0576738
0.0325453
-0.111077
-0.245426
-0.334128
-0.343564
-0.34578
-0.346407
-0.346403
-0.346344
-0.78328
-0.746994
-0.680396
-0.595231
-0.501824
-0.405193
-0.307849
-0.212558
-0.123231
-0.0469363
-0.0103993
-0.042429
-0.181267
-0.292867
-0.341332
-0.352828
-0.347603
-0.345273
-0.344559
-0.344361
-0.813824
-0.778346
-0.712835
-0.629073
-0.53771
-0.443788
-0.349935
-0.259142
-0.175663
-0.105502
-0.0736083
-0.120116
-0.239112
-0.337125
-0.35783
-0.355717
-0.350299
-0.346591
-0.345359
-0.344796
-0.841099
-0.806709
-0.742974
-0.661269
-0.572563
-0.481937
-0.392075
-0.306095
-0.228512
-0.164907
-0.135009
-0.187269
-0.281395
-0.36555
-0.386013
-0.367673
-0.358779
-0.355064
-0.353127
-0.352123
-0.86238
-0.829962
-0.769034
-0.690272
-0.605044
-0.518436
-0.433154
-0.35233
-0.280492
-0.223267
-0.196027
-0.237926
-0.3038
-0.356606
-0.361681
-0.362956
-0.363664
-0.362773
-0.361367
-0.360928
-0.875572
-0.845946
-0.78891
-0.71431
-0.633605
-0.551874
-0.471844
-0.396585
-0.330497
-0.277859
-0.251688
-0.27788
-0.308029
-0.335099
-0.341092
-0.351
-0.355658
-0.356947
-0.357629
-0.358032
-0.877942
-0.852241
-0.800466
-0.731505
-0.656581
-0.580768
-0.506683
-0.437391
-0.377252
-0.328114
-0.297742
-0.315602
-0.316947
-0.319272
-0.336102
-0.348163
-0.354013
-0.356147
-0.357124
-0.357384
-0.867184
-0.846303
-0.801553
-0.740078
-0.672456
-0.603724
-0.536307
-0.473214
-0.419014
-0.375449
-0.332448
-0.355861
-0.349893
-0.342624
-0.351038
-0.358977
-0.362715
-0.36435
-0.364965
-0.365169
-0.840786
-0.82546
-0.790222
-0.738765
-0.680162
-0.619693
-0.559703
-0.502865
-0.454058
-0.418031
-0.372483
-0.38792
-0.406823
-0.430372
-0.413331
-0.393644
-0.381211
-0.377981
-0.377346
-0.377163
-0.802177
-0.792384
-0.767558
-0.727773
-0.679675
-0.628383
-0.576274
-0.525739
-0.481595
-0.451498
-0.422916
-0.413279
-0.416643
-0.457013
-0.453805
-0.417917
-0.393655
-0.385676
-0.383655
-0.382989
-0.758416
-0.752848
-0.738515
-0.710164
-0.673045
-0.630684
-0.586028
-0.541528
-0.50101
-0.47145
-0.444224
-0.415531
-0.375071
-0.345005
-0.329849
-0.337758
-0.361619
-0.373742
-0.37541
-0.374992
-0.719556
-0.716189
-0.709382
-0.691335
-0.663232
-0.628439
-0.590096
-0.550134
-0.51117
-0.478996
-0.452064
-0.419052
-0.370018
-0.316277
-0.308121
-0.352153
-0.382064
-0.393262
-0.392438
-0.396812
-0.69156
-0.68957
-0.68607
-0.675378
-0.654046
-0.624755
-0.590534
-0.552634
-0.513395
-0.477048
-0.447928
-0.430374
-0.455226
-0.536479
-0.636468
-0.702207
-0.709828
-0.671265
-0.608284
-0.589869
-0.670984
-0.670263
-0.669053
-0.663766
-0.648159
-0.622488
-0.589527
-0.551664
-0.509693
-0.467182
-0.436911
-0.416626
-0.435601
-0.50716
-0.613563
-0.643316
-0.608789
-0.566741
-0.516069
-0.491853
-0.659158
-0.658914
-0.658295
-0.655815
-0.64512
-0.621496
-0.588125
-0.54841
-0.501911
-0.451134
-0.407901
-0.355782
-0.301016
-0.254794
-0.241506
-0.18817
-0.144073
-0.119591
-0.0998694
-0.0888995
-0.651096
-0.650983
-0.650659
-0.649964
-0.643282
-0.621708
-0.587615
-0.544214
-0.492447
-0.429192
-0.366509
-0.286864
-0.161445
0.00613311
0.171439
0.280381
0.337628
0.375501
0.392664
0.401191
-0.64553
-0.645505
-0.645378
-0.64523
-0.641025
-0.622983
-0.588269
-0.540842
-0.482239
-0.407827
-0.325723
-0.225868
-0.0551454
0.172479
0.399338
0.588448
0.730348
0.821505
0.876939
0.90136
-0.641341
-0.641216
-0.640765
-0.639995
-0.638287
-0.625025
-0.591266
-0.539029
-0.473076
-0.392437
-0.295275
-0.18977
0.0134446
0.296817
0.615002
0.907766
1.13522
1.27553
1.34464
1.36911
-0.639926
-0.639808
-0.639338
-0.638236
-0.637701
-0.63076
-0.598383
-0.540604
-0.470271
-0.383736
-0.281868
-0.173892
0.0190164
0.314111
0.651485
0.969733
1.23079
1.39348
1.46504
1.48417
-0.640377
-0.641245
-0.643517
-0.647416
-0.651533
-0.647264
-0.609325
-0.544864
-0.472742
-0.385862
-0.283975
-0.183079
-0.0277133
0.243011
0.542879
0.808915
1.03106
1.17283
1.23125
1.24546
-0.635074
-0.637428
-0.644762
-0.659946
-0.676572
-0.667416
-0.615127
-0.549875
-0.483378
-0.398026
-0.299602
-0.209808
-0.0952329
0.12495
0.368961
0.575849
0.74051
0.838464
0.877161
0.885528
-0.638984
-0.64111
-0.645007
-0.644756
-0.639915
-0.630247
-0.595166
-0.555207
-0.500835
-0.416817
-0.321501
-0.242977
-0.155339
0.010766
0.19845
0.34797
0.460681
0.524686
0.548999
0.552097
-0.669193
-0.670061
-0.66613
-0.631112
-0.569876
-0.540755
-0.55832
-0.56612
-0.521232
-0.436405
-0.349999
-0.281897
-0.216063
-0.0940636
0.0343926
0.136601
0.213696
0.254476
0.267733
0.269883
-0.706577
-0.704501
-0.697326
-0.663201
-0.603374
-0.566929
-0.601722
-0.610101
-0.552195
-0.456812
-0.380015
-0.316248
-0.262978
-0.175857
-0.0851947
-0.0218779
0.0179929
0.0352537
0.0415697
0.0418974
-0.782054
-0.782956
-0.808622
-0.845169
-0.856171
-0.830662
-0.795538
-0.718229
-0.598969
-0.48394
-0.407865
-0.347366
-0.299668
-0.23945
-0.18504
-0.151148
-0.135552
-0.127299
-0.12387
-0.122188
-0.935113
-0.954663
-1.00946
-1.0706
-1.09793
-1.07368
-0.989766
-0.829605
-0.64386
-0.51552
-0.427928
-0.368376
-0.334037
-0.282761
-0.234477
-0.212339
-0.204345
-0.200445
-0.196476
-0.194729
-1.04591
-1.0687
-1.11307
-1.15554
-1.17759
-1.15419
-1.05978
-0.848034
-0.653407
-0.525452
-0.430174
-0.380689
-0.357603
-0.31091
-0.264746
-0.23361
-0.214536
-0.203688
-0.198494
-0.198054
-1.00841
-1.0249
-1.05651
-1.08936
-1.10847
-1.0884
-0.979425
-0.769752
-0.613423
-0.492544
-0.410868
-0.380675
-0.361538
-0.315881
-0.264601
-0.227537
-0.198675
-0.181626
-0.177238
-0.177846
-0.802565
-0.820313
-0.853149
-0.891492
-0.91724
-0.898649
-0.79277
-0.648851
-0.522766
-0.422598
-0.376691
-0.348533
-0.340912
-0.297329
-0.248723
-0.21539
-0.187116
-0.172477
-0.168337
-0.169479
-0.47493
-0.490409
-0.521604
-0.563182
-0.596924
-0.595814
-0.543105
-0.470447
-0.397511
-0.347702
-0.316595
-0.297046
-0.290395
-0.255252
-0.222936
-0.199852
-0.18003
-0.169966
-0.167434
-0.168473
-0.143665
-0.153236
-0.174952
-0.209434
-0.249105
-0.273702
-0.285062
-0.284391
-0.276355
-0.263389
-0.243709
-0.234412
-0.226082
-0.205129
-0.191319
-0.179309
-0.169053
-0.163557
-0.162459
-0.163685
0.079247
0.0739995
0.0592734
0.0305131
-0.0131117
-0.0671545
-0.115039
-0.149998
-0.171259
-0.177621
-0.178267
-0.168731
-0.162248
-0.160127
-0.160487
-0.160079
-0.159358
-0.15939
-0.159922
-0.160974
0.17507
0.171979
0.161515
0.137795
0.0981602
0.0457094
-0.0103285
-0.0604427
-0.0938737
-0.114912
-0.118703
-0.10893
-0.107889
-0.120109
-0.132646
-0.1432
-0.151231
-0.156723
-0.158763
-0.159461
0.18778
0.185716
0.17817
0.160501
0.129029
0.0864722
0.0392216
-0.0067628
-0.0430776
-0.0649909
-0.0710428
-0.0654196
-0.0682041
-0.0847553
-0.105949
-0.124274
-0.13914
-0.148437
-0.151016
-0.151204
0.163127
0.161807
0.156675
0.144418
0.12257
0.0911982
0.0546357
0.0183035
-0.0112388
-0.0307484
-0.0371711
-0.0338272
-0.039248
-0.0577466
-0.0803741
-0.0997534
-0.115436
-0.124339
-0.126616
-0.126704
0.126056
0.125324
0.1221
0.11422
0.0998686
0.0790687
0.0536709
0.0263692
0.00333328
-0.0107058
-0.0134076
-0.0096654
-0.0168637
-0.0347471
-0.0543798
-0.0698281
-0.0816954
-0.0876505
-0.0893237
-0.089591
0.0865775
0.0862815
0.084477
0.0797527
0.0709084
0.0576711
0.0413379
0.0241544
0.00923837
0.000603708
-0.00054259
0.00396475
-0.0011123
-0.0159097
-0.0304816
-0.0408813
-0.0471945
-0.0497239
-0.0505109
-0.050914
0.0476344
0.0476249
0.0468888
0.0445503
0.0399998
0.0331738
0.024477
0.0151781
0.00693984
0.00290677
0.00211562
0.00207359
-0.000333254
-0.00713378
-0.0140848
-0.0172114
-0.0182272
-0.0186119
-0.0191497
-0.0198156
0.009253
0.00936986
0.00959886
0.00977366
0.00935643
0.0081117
0.00618339
0.00410355
0.0022257
0.000705129
9.8926e-05
-0.00252879
-0.00138228
-0.000171225
-0.00178195
-0.00342422
-0.00395113
-0.00392902
-0.00343961
-0.00360311
0.0109322
0.198973
0.371638
0.51768
0.634366
0.726196
0.802368
0.864195
0.879752
0.876294
0.29909
0.419892
0.533069
0.631065
0.713283
0.780981
0.834258
0.870268
0.889571
0.90624
0.494678
0.57527
0.654737
0.724272
0.783436
0.832468
0.871101
0.900606
0.922854
0.942094
0.639889
0.696764
0.753769
0.805059
0.849389
0.887135
0.918845
0.945493
0.965633
0.984519
0.755236
0.798085
0.840529
0.880333
0.915954
0.947465
0.97504
0.998422
1.01629
1.03434
0.851279
0.886694
0.921821
0.955361
0.986263
1.01426
1.03898
1.05975
1.07547
1.09294
0.939308
0.971119
1.00326
1.03434
1.06323
1.0895
1.11254
1.13142
1.14529
1.1623
1.02602
1.05851
1.09084
1.12197
1.15069
1.17642
1.1985
1.21598
1.22833
1.24485
1.12026
1.15666
1.19139
1.2238
1.25293
1.27824
1.29932
1.31557
1.32717
1.34331
1.23329
1.27396
1.31093
1.3438
1.37224
1.3962
1.41579
1.43105
1.44293
1.459
1.37474
1.41573
1.45096
1.48049
1.50566
1.52726
1.54574
1.56121
1.57432
1.59027
1.54619
1.57841
1.60533
1.62766
1.64774
1.66645
1.68419
1.70095
1.71586
1.73158
1.73242
1.74966
1.76677
1.78345
1.79954
1.81428
1.82818
1.84265
1.85789
1.87519
1.91581
1.92576
1.93894
1.94992
1.95933
1.96899
1.97959
1.98977
1.99906
2.02472
2.13366
2.12796
2.11502
2.10076
2.09446
2.10017
2.11831
2.14683
2.1806
2.21692
2.43648
2.30053
2.22103
2.1785
2.16117
2.16515
2.19258
2.25045
2.35811
2.53651
0.77538
0.769078
0.761349
0.750235
0.736666
0.724021
0.713629
0.705626
0.69992
0.696607
0.696282
0.699142
0.704396
0.711771
0.721332
0.733171
0.746739
0.759673
0.768665
0.776208
0.684442
0.690362
0.698436
0.70457
0.707642
0.707134
0.704054
0.700067
0.696492
0.694228
0.694122
0.696406
0.700184
0.70465
0.708765
0.71102
0.709954
0.705323
0.698272
0.69044
0.677682
0.680054
0.683323
0.686099
0.688553
0.690747
0.691933
0.691797
0.690875
0.690092
0.69034
0.691789
0.693599
0.694851
0.694792
0.693338
0.691189
0.688834
0.685857
0.682841
0.672878
0.673966
0.675885
0.678226
0.680102
0.681507
0.682734
0.683739
0.684358
0.684764
0.685358
0.686143
0.686643
0.686552
0.685944
0.685037
0.683717
0.681756
0.679655
0.678179
0.667834
0.668468
0.669599
0.671361
0.67321
0.674812
0.676073
0.677152
0.678157
0.679089
0.679922
0.680493
0.680671
0.680497
0.679985
0.67903
0.677617
0.676018
0.674688
0.673887
0.662884
0.663323
0.664114
0.665423
0.666952
0.668526
0.670017
0.671331
0.672513
0.67364
0.67465
0.675313
0.675541
0.675346
0.674712
0.673737
0.672602
0.671472
0.670577
0.670045
0.658017
0.658345
0.658959
0.660035
0.66134
0.662752
0.664247
0.665743
0.667167
0.668517
0.669733
0.670551
0.670839
0.670644
0.670085
0.669332
0.668509
0.667672
0.66702
0.66663
0.653207
0.653461
0.653957
0.654876
0.65606
0.657383
0.658825
0.660379
0.661997
0.663616
0.665094
0.666102
0.66652
0.666482
0.666148
0.66564
0.665036
0.66443
0.66396
0.663662
0.648381
0.648583
0.648997
0.649807
0.650915
0.652195
0.653627
0.655232
0.656999
0.658877
0.660667
0.661957
0.662629
0.662851
0.66277
0.662498
0.662109
0.6617
0.661371
0.661138
0.643453
0.643615
0.643971
0.644709
0.645775
0.64704
0.648508
0.650205
0.652142
0.654293
0.656453
0.65813
0.659152
0.659685
0.659875
0.659847
0.65968
0.659453
0.659242
0.659056
0.638332
0.638463
0.638777
0.639473
0.640525
0.641821
0.643365
0.645201
0.647363
0.649851
0.652462
0.654617
0.656058
0.656951
0.657451
0.657687
0.657744
0.657694
0.657584
0.657433
0.632926
0.633031
0.633318
0.633997
0.635072
0.636442
0.638107
0.640137
0.642595
0.64551
0.648677
0.651405
0.65334
0.654651
0.655501
0.656025
0.656324
0.656451
0.65643
0.656307
0.627135
0.627219
0.62749
0.628176
0.629309
0.630796
0.632637
0.634931
0.63777
0.641218
0.645065
0.648483
0.651004
0.652801
0.654052
0.654916
0.65548
0.655779
0.655836
0.655734
0.620846
0.62091
0.621175
0.621891
0.623119
0.62477
0.626853
0.629491
0.632813
0.63692
0.641594
0.645842
0.649063
0.651433
0.653148
0.654396
0.655253
0.655738
0.655873
0.655787
0.613921
0.613966
0.614233
0.615003
0.616366
0.618237
0.620636
0.623715
0.627641
0.632559
0.638237
0.643483
0.647535
0.650584
0.652845
0.654525
0.655723
0.656412
0.656623
0.656549
0.606209
0.606228
0.606499
0.607346
0.608887
0.611042
0.613846
0.61748
0.622158
0.628073
0.634967
0.641407
0.646444
0.650291
0.6532
0.655403
0.656987
0.657896
0.658182
0.658116
0.597457
0.597472
0.597764
0.59871
0.600482
0.603001
0.606316
0.610645
0.616255
0.623391
0.631754
0.63962
0.645825
0.650612
0.654284
0.657111
0.659137
0.660287
0.660648
0.660587
0.587399
0.587388
0.587724
0.588821
0.590895
0.593877
0.597837
0.60304
0.60981
0.618441
0.628577
0.638134
0.645715
0.651611
0.656183
0.659732
0.66227
0.663683
0.664117
0.664056
0.575705
0.575673
0.57606
0.577346
0.579794
0.583371
0.588156
0.594464
0.602681
0.613149
0.625418
0.636972
0.646157
0.653347
0.658973
0.663357
0.666478
0.668168
0.668668
0.668603
0.561874
0.561819
0.562286
0.563825
0.566758
0.571108
0.576958
0.58468
0.594719
0.607449
0.622274
0.636168
0.6472
0.655874
0.662723
0.668061
0.671825
0.673794
0.674349
0.674271
0.545224
0.545147
0.545741
0.547634
0.551218
0.556596
0.563854
0.573416
0.585774
0.601293
0.619163
0.635762
0.648895
0.659249
0.667474
0.673881
0.678334
0.680565
0.681151
0.681054
0.524773
0.52468
0.52548
0.527887
0.532389
0.539197
0.548376
0.560388
0.575728
0.594684
0.616141
0.635814
0.651294
0.663512
0.67324
0.68082
0.685966
0.688405
0.688987
0.688864
0.499047
0.498954
0.500095
0.503301
0.509192
0.518087
0.529995
0.545348
0.564543
0.587702
0.613318
0.636411
0.654441
0.668672
0.680021
0.68882
0.694587
0.697138
0.69767
0.697514
0.465635
0.465592
0.467352
0.471937
0.480155
0.492327
0.508255
0.528208
0.55235
0.58055
0.610875
0.637676
0.658397
0.67473
0.687747
0.697738
0.703955
0.706467
0.706896
0.706705
0.420251
0.420421
0.423534
0.431002
0.443575
0.461137
0.483041
0.509211
0.539505
0.573562
0.609051
0.639747
0.663221
0.681651
0.696321
0.707344
0.713702
0.715974
0.716254
0.716034
0.35489
0.356277
0.363847
0.377963
0.398538
0.42468
0.455012
0.489081
0.526611
0.567166
0.608104
0.642742
0.668933
0.689368
0.705467
0.717172
0.723292
0.725105
0.725217
0.724996
0.276907
0.279633
0.294349
0.318683
0.350212
0.386505
0.425956
0.468352
0.51353
0.561133
0.608243
0.64758
0.677139
0.700071
0.717763
0.729797
0.735439
0.736886
0.736938
0.736804
0.197122
0.204272
0.226368
0.260917
0.303058
0.349268
0.397837
0.44861
0.501488
0.556153
0.609437
0.653422
0.686206
0.711527
0.730679
0.74264
0.747343
0.748248
0.748234
0.748155
0.132001
0.141098
0.167912
0.209686
0.260166
0.314782
0.371566
0.430191
0.490415
0.551805
0.610878
0.659092
0.694698
0.721834
0.741747
0.753318
0.757441
0.758197
0.758219
0.758177
0.078672
0.0884982
0.118903
0.166043
0.222797
0.284134
0.347827
0.41335
0.480253
0.547907
0.612397
0.664554
0.702696
0.731407
0.751887
0.763209
0.767009
0.767715
0.767786
0.767784
0.0340821
0.0442239
0.0770768
0.128403
0.190297
0.257214
0.326744
0.398263
0.47115
0.544583
0.614197
0.670121
0.710694
0.740926
0.761993
0.773195
0.776776
0.777458
0.777593
0.777636
-0.00425039
0.00602217
0.0406987
0.095373
0.16157
0.233283
0.307917
0.384762
0.463081
0.541879
0.616381
0.675954
0.718943
0.750698
0.772437
0.783633
0.787148
0.787917
0.788087
0.788169
-0.0380284
-0.0277181
0.00838363
0.0658296
0.135699
0.211581
0.290755
0.372435
0.455786
0.539645
0.618845
0.68203
0.727427
0.760757
0.783287
0.794765
0.798408
0.799174
0.799344
0.799449
-0.0685274
-0.0581995
-0.0209491
0.0388776
0.111937
0.191491
0.274734
0.360845
0.448902
0.53761
0.62139
0.688155
0.735989
0.770979
0.794463
0.806374
0.810172
0.810936
0.811074
0.811168
-0.0967395
-0.0863746
-0.0481108
0.0138283
0.0897183
0.172534
0.25944
0.349623
0.442106
0.535503
0.623803
0.694134
0.744438
0.781097
0.805563
0.817985
0.821955
0.822698
0.822792
0.822866
-0.123243
-0.112827
-0.0736371
-0.00979706
0.0686014
0.154335
0.244563
0.338497
0.435149
0.533067
0.625865
0.699795
0.752581
0.790909
0.816366
0.829196
0.833356
0.834091
0.834126
0.83417
-0.148512
-0.138003
-0.0979441
-0.0323783
0.0482649
0.136621
0.229871
0.327263
0.427829
0.530108
0.627406
0.705016
0.760287
0.800225
0.826574
0.839754
0.844049
0.844756
0.844729
0.844738
-0.17289
-0.162204
-0.121323
-0.0541707
0.0284916
0.119202
0.2152
0.315773
0.420001
0.526508
0.628306
0.709692
0.767522
0.808996
0.83609
0.849507
0.853787
0.854453
0.854379
0.854356
-0.196498
-0.185605
-0.143937
-0.0753402
0.00913761
0.10197
0.200448
0.303937
0.41159
0.522138
0.628441
0.713766
0.774263
0.817237
0.844875
0.858313
0.862521
0.863117
0.863003
0.862953
-0.219503
-0.208351
-0.165925
-0.0959733
-0.00987247
0.0848552
0.185569
0.291712
0.402531
0.51692
0.627705
0.717177
0.780554
0.825052
0.853046
0.866295
0.870282
0.870781
0.870627
0.870557
-0.241884
-0.230511
-0.187332
-0.116114
-0.0285675
0.0678446
0.170563
0.279093
0.392803
0.510805
0.626016
0.719846
0.786439
0.832617
0.860814
0.87357
0.877165
0.87751
0.877321
0.877238
-0.263737
-0.252088
-0.208142
-0.135769
-0.0469494
0.0509485
0.155442
0.266108
0.382431
0.503776
0.62329
0.721684
0.791927
0.84013
0.868469
0.880394
0.883303
0.8834
0.883177
0.883092
-0.284894
-0.273059
-0.228358
-0.154942
-0.0649906
0.0342185
0.140251
0.252803
0.371459
0.495848
0.619464
0.722585
0.796968
0.847753
0.876445
0.887218
0.888943
0.888535
0.888282
0.888241
-0.305515
-0.29339
-0.247969
-0.173626
-0.0826756
0.0176786
0.125068
0.239242
0.359946
0.487072
0.614503
0.722416
0.801428
0.855525
0.885185
0.894842
0.894792
0.893244
0.892792
0.892942
-0.325427
-0.313051
-0.266968
-0.191782
-0.099937
0.00140198
0.109963
0.225528
0.347979
0.477492
0.608397
0.721041
0.80511
0.863281
0.894907
0.904255
0.902348
0.898696
0.897237
0.897566
-0.344742
-0.332076
-0.285308
-0.20936
-0.116747
-0.0145526
0.0950159
0.211735
0.335656
0.467221
0.601177
0.7183
0.807767
0.870644
0.905279
0.915921
0.913516
0.907623
0.902195
0.894474
-0.363351
-0.350464
-0.303078
-0.226527
-0.133327
-0.0304597
0.079901
0.197474
0.322553
0.455797
0.592388
0.713709
0.809121
0.87753
0.915969
0.929678
0.92901
0.92138
0.909694
0.909018
-0.381214
-0.368294
-0.320282
-0.243231
-0.149668
-0.0462854
0.0646436
0.182719
0.308627
0.443078
0.581814
0.70671
0.808329
0.883131
0.925141
0.941828
0.942685
0.935972
0.901249
0.863163
-0.398124
-0.385425
-0.336867
-0.259355
-0.165768
-0.0620385
0.0492378
0.167597
0.293934
0.429076
0.569337
0.696868
0.804085
0.886378
0.930722
0.944203
0.944218
0.920044
0.866821
0.812464
-0.416769
-0.400702
-0.352545
-0.274449
-0.181342
-0.0774792
0.0333238
0.152148
0.278558
0.413892
0.554861
0.683866
0.794416
0.887047
0.931145
0.944609
0.915101
0.86399
0.797005
0.737099
-0.406167
-0.382213
-0.329585
-0.247283
-0.147212
-0.0402688
0.0761775
0.19849
0.3288
0.469437
0.606336
0.724559
0.82867
0.917862
0.935144
0.863643
0.810292
0.745272
0.677662
0.634655
-0.419904
-0.412191
-0.371645
-0.29853
-0.20539
-0.102451
0.00869168
0.12727
0.253274
0.387954
0.528199
0.657158
0.765577
0.859831
0.917937
0.892031
0.780263
0.700023
0.639946
0.565733
-0.440921
-0.430356
-0.386356
-0.311817
-0.218156
-0.115713
-0.00560074
0.112033
0.237199
0.370703
0.509579
0.637522
0.7424
0.823766
0.844134
0.752972
0.622921
0.537995
0.47193
0.395969
-0.463784
-0.452071
-0.40498
-0.329592
-0.235992
-0.13333
-0.0231326
0.0943017
0.218662
0.350838
0.487077
0.611019
0.70643
0.768994
0.743024
0.607029
0.468301
0.369063
0.289746
0.180952
-0.486342
-0.474602
-0.425825
-0.349316
-0.25571
-0.152959
-0.0428844
0.0740038
0.197292
0.327636
0.46045
0.578641
0.664501
0.701168
0.633146
0.458312
0.296918
0.169758
0.0654523
-0.0749055
-0.508764
-0.49708
-0.447248
-0.36971
-0.275801
-0.173083
-0.0634241
0.0526038
0.174516
0.302559
0.431308
0.542691
0.619578
0.618099
0.49817
0.308958
0.120219
-0.0464017
-0.187999
-0.43494
-0.531486
-0.519957
-0.469497
-0.391277
-0.297086
-0.194379
-0.0851673
0.0299445
0.150302
0.275694
0.399854
0.502781
0.566327
0.532441
0.366175
0.16713
-0.0368281
-0.215475
-0.384572
-0.644074
-0.555094
-0.543703
-0.492946
-0.414302
-0.319923
-0.217243
-0.10846
0.00572827
0.124417
0.246865
0.366053
0.459849
0.50555
0.446728
0.245137
0.0406362
-0.160493
-0.331131
-0.417459
-0.466416
-0.580272
-0.568954
-0.51796
-0.439095
-0.344733
-0.242268
-0.134094
-0.0210954
0.0955376
0.214424
0.327864
0.411862
0.435886
0.332518
0.131467
-0.0701486
-0.248599
-0.361631
-0.397355
-0.403269
-0.607205
-0.595897
-0.544652
-0.465664
-0.371462
-0.269417
-0.162101
-0.0505972
0.0635471
0.178239
0.285002
0.358626
0.351475
0.218839
0.0248369
-0.162704
-0.312441
-0.365436
-0.374872
-0.377284
-0.636035
-0.62465
-0.573085
-0.494025
-0.40011
-0.298698
-0.192496
-0.0828348
0.0283956
0.138336
0.23743
0.299884
0.267837
0.11133
-0.0700767
-0.244163
-0.341294
-0.36392
-0.36419
-0.364351
-0.666641
-0.655148
-0.603224
-0.524152
-0.430651
-0.330077
-0.225278
-0.117811
-0.00990835
0.0947292
0.185583
0.234234
0.19179
0.013688
-0.15341
-0.300983
-0.353054
-0.355704
-0.356641
-0.356637
-0.698653
-0.687085
-0.634854
-0.555884
-0.462956
-0.363453
-0.260364
-0.155462
-0.0513062
0.0476317
0.129743
0.165873
0.106537
-0.0711587
-0.225918
-0.328536
-0.351423
-0.351537
-0.351598
-0.351413
-0.731619
-0.720007
-0.667586
-0.588876
-0.496726
-0.398575
-0.297521
-0.195583
-0.0955988
-0.00250004
0.0702735
0.0947592
0.0126597
-0.14645
-0.281636
-0.332717
-0.345316
-0.346945
-0.347734
-0.34779
-0.764775
-0.753215
-0.70078
-0.622554
-0.531477
-0.435015
-0.336378
-0.237803
-0.142434
-0.0552163
0.00890506
0.0173197
-0.0720002
-0.210304
-0.314248
-0.351031
-0.347375
-0.346252
-0.345616
-0.345489
-0.797039
-0.785628
-0.733493
-0.65609
-0.566488
-0.472138
-0.376342
-0.28153
-0.191163
-0.110121
-0.0519649
-0.0567518
-0.147118
-0.266868
-0.339181
-0.353209
-0.350622
-0.34646
-0.344765
-0.344313
-0.826488
-0.815531
-0.764365
-0.688353
-0.600772
-0.509071
-0.416621
-0.325971
-0.240851
-0.166289
-0.112619
-0.122626
-0.211114
-0.311544
-0.369832
-0.367063
-0.357732
-0.351624
-0.348954
-0.347873
-0.851611
-0.841366
-0.791768
-0.717844
-0.63304
-0.544671
-0.456174
-0.370137
-0.290391
-0.222151
-0.174332
-0.180366
-0.258196
-0.332437
-0.376326
-0.373589
-0.364721
-0.361774
-0.359395
-0.357894
-0.869788
-0.860474
-0.813525
-0.742742
-0.661739
-0.577562
-0.49373
-0.412829
-0.338656
-0.276143
-0.233253
-0.232473
-0.286213
-0.327453
-0.344812
-0.351977
-0.359306
-0.360984
-0.360785
-0.360645
-0.878807
-0.870395
-0.827236
-0.761066
-0.685119
-0.606215
-0.527861
-0.452656
-0.384346
-0.327159
-0.285295
-0.280709
-0.306955
-0.31484
-0.333892
-0.343314
-0.351664
-0.354626
-0.35598
-0.356616
-0.874786
-0.867699
-0.831003
-0.770836
-0.701393
-0.629096
-0.557145
-0.488129
-0.425846
-0.37448
-0.331693
-0.322529
-0.335318
-0.322918
-0.328566
-0.34548
-0.355002
-0.358625
-0.359922
-0.360346
-0.855805
-0.850932
-0.822344
-0.770487
-0.709205
-0.644884
-0.580376
-0.517964
-0.461558
-0.416397
-0.378632
-0.36381
-0.373014
-0.369115
-0.375004
-0.373898
-0.371824
-0.370926
-0.370984
-0.371027
-0.822562
-0.819136
-0.799859
-0.759175
-0.707972
-0.652926
-0.596743
-0.541371
-0.49049
-0.450511
-0.425666
-0.40216
-0.403355
-0.43853
-0.454188
-0.429162
-0.399569
-0.386381
-0.383249
-0.382357
-0.78017
-0.778027
-0.76724
-0.739177
-0.698957
-0.653812
-0.606135
-0.557938
-0.512276
-0.475739
-0.452482
-0.42919
-0.40322
-0.406128
-0.410406
-0.395564
-0.387251
-0.383741
-0.381478
-0.380635
-0.737561
-0.736307
-0.731201
-0.715079
-0.685904
-0.649444
-0.609596
-0.567635
-0.526314
-0.490483
-0.464636
-0.436196
-0.389499
-0.328165
-0.278638
-0.273618
-0.31771
-0.360666
-0.37425
-0.377006
-0.703849
-0.703162
-0.700587
-0.691622
-0.67181
-0.643098
-0.609098
-0.571531
-0.532496
-0.495088
-0.466155
-0.437315
-0.416473
-0.406974
-0.435827
-0.496791
-0.554604
-0.553365
-0.502022
-0.481455
-0.680296
-0.679605
-0.678211
-0.674528
-0.661241
-0.637978
-0.607313
-0.571731
-0.532287
-0.491518
-0.457389
-0.430498
-0.439652
-0.503863
-0.624382
-0.699624
-0.707565
-0.684637
-0.626561
-0.583023
-0.664477
-0.664233
-0.66367
-0.661794
-0.654466
-0.63531
-0.606122
-0.570127
-0.52859
-0.482578
-0.44106
-0.404764
-0.379598
-0.379417
-0.429019
-0.478369
-0.443789
-0.401268
-0.358837
-0.327576
-0.654737
-0.654699
-0.654391
-0.653816
-0.650229
-0.634459
-0.60557
-0.567561
-0.522601
-0.469342
-0.413798
-0.360773
-0.277234
-0.171481
-0.0585213
0.0492192
0.116539
0.138451
0.151243
0.157483
-0.648073
-0.648088
-0.64793
-0.647798
-0.646176
-0.634432
-0.606125
-0.565968
-0.515921
-0.45509
-0.381935
-0.306278
-0.187527
-0.00353131
0.197733
0.362272
0.475919
0.56085
0.609304
0.637592
-0.643166
-0.643178
-0.64303
-0.642661
-0.641692
-0.63442
-0.608668
-0.566101
-0.510445
-0.441283
-0.35464
-0.263403
-0.117839
0.107288
0.384268
0.648739
0.866532
1.01674
1.10593
1.15054
-0.640201
-0.640157
-0.639812
-0.638906
-0.637935
-0.634474
-0.613826
-0.569534
-0.507461
-0.430584
-0.338992
-0.235458
-0.091841
0.165119
0.490215
0.824247
1.11698
1.32392
1.43348
1.47546
-0.640233
-0.640361
-0.64064
-0.640957
-0.641228
-0.641479
-0.625691
-0.575747
-0.507045
-0.42983
-0.334134
-0.228374
-0.103266
0.135509
0.446968
0.76048
1.03734
1.24325
1.35247
1.38911
-0.638334
-0.639339
-0.642368
-0.650085
-0.661564
-0.666318
-0.642595
-0.580959
-0.512443
-0.437254
-0.342087
-0.24085
-0.142139
0.0544462
0.328449
0.584296
0.799799
0.959174
1.03918
1.06493
-0.632608
-0.634187
-0.63816
-0.647814
-0.664407
-0.671716
-0.637717
-0.578984
-0.524638
-0.452913
-0.358441
-0.266347
-0.18498
-0.0405342
0.17663
0.37459
0.533834
0.643374
0.695394
0.711141
-0.651843
-0.652985
-0.654882
-0.647143
-0.6178
-0.589326
-0.579482
-0.568767
-0.540798
-0.471237
-0.380064
-0.296108
-0.228645
-0.121849
0.0397794
0.180164
0.29041
0.363483
0.396819
0.403553
-0.687561
-0.687497
-0.685847
-0.664218
-0.599292
-0.531907
-0.536754
-0.58167
-0.56453
-0.49301
-0.404035
-0.330614
-0.2736
-0.19582
-0.0800837
0.0141768
0.0840785
0.127542
0.144478
0.1494
-0.73538
-0.73192
-0.731832
-0.734014
-0.72301
-0.695724
-0.677494
-0.68158
-0.62029
-0.521164
-0.428529
-0.361951
-0.3065
-0.247881
-0.172316
-0.113968
-0.0776025
-0.0596966
-0.0520236
-0.0499963
-0.856254
-0.854561
-0.884168
-0.940381
-0.987891
-0.989486
-0.94095
-0.847618
-0.702676
-0.554058
-0.458609
-0.385767
-0.338859
-0.291558
-0.23579
-0.19844
-0.182468
-0.17768
-0.174518
-0.170902
-1.00554
-1.01199
-1.052
-1.10999
-1.1506
-1.15473
-1.10081
-0.960445
-0.745474
-0.582322
-0.47683
-0.397558
-0.361744
-0.326294
-0.273871
-0.237115
-0.220669
-0.21053
-0.20428
-0.202144
-1.04565
-1.05514
-1.08547
-1.12292
-1.15286
-1.15479
-1.10135
-0.931533
-0.715901
-0.576557
-0.461193
-0.399017
-0.373347
-0.342154
-0.291362
-0.248443
-0.219011
-0.199595
-0.189802
-0.187693
-0.923257
-0.931003
-0.956063
-0.990231
-1.02058
-1.0263
-0.970773
-0.80112
-0.640344
-0.51282
-0.42158
-0.379648
-0.362767
-0.334823
-0.282362
-0.237012
-0.205309
-0.181309
-0.172435
-0.171318
-0.64469
-0.654958
-0.68077
-0.72053
-0.760509
-0.774372
-0.725324
-0.618201
-0.514741
-0.415245
-0.365927
-0.335806
-0.322035
-0.301186
-0.256714
-0.222706
-0.195094
-0.176193
-0.168775
-0.168365
-0.298355
-0.305672
-0.324877
-0.358014
-0.397688
-0.423042
-0.418153
-0.393051
-0.35168
-0.320697
-0.294056
-0.27172
-0.263376
-0.246007
-0.215526
-0.198716
-0.181244
-0.170119
-0.165549
-0.16577
-0.0136222
-0.0177705
-0.029601
-0.0541861
-0.0922746
-0.137512
-0.173876
-0.201038
-0.216686
-0.22164
-0.214612
-0.205174
-0.196813
-0.18985
-0.177733
-0.17251
-0.166236
-0.161904
-0.160404
-0.161189
0.141951
0.139573
0.132311
0.113521
0.0791451
0.0294838
-0.029112
-0.0807719
-0.116334
-0.137815
-0.147969
-0.142168
-0.132954
-0.136104
-0.143521
-0.149153
-0.153694
-0.157008
-0.159014
-0.160051
0.189117
0.187693
0.182737
0.16863
0.140269
0.0975562
0.0466247
-0.00505158
-0.0504569
-0.0795289
-0.0920499
-0.0898761
-0.0849565
-0.093497
-0.109647
-0.127293
-0.140811
-0.150884
-0.155853
-0.156744
0.178419
0.177574
0.174142
0.164065
0.143633
0.111027
0.0708428
0.0282474
-0.00965622
-0.0364807
-0.0503259
-0.0513386
-0.048202
-0.0606531
-0.0821204
-0.103246
-0.121407
-0.134507
-0.140359
-0.14097
0.145404
0.144992
0.142798
0.136148
0.122409
0.100515
0.071909
0.0393682
0.00978503
-0.0123441
-0.0230039
-0.0229174
-0.0221194
-0.0364149
-0.0571185
-0.0766958
-0.0929395
-0.104039
-0.108496
-0.109055
0.106349
0.106225
0.104978
0.10088
0.0921873
0.077951
0.0589765
0.0372097
0.0162034
0.000416298
-0.00629853
-0.00425051
-0.00258635
-0.0152003
-0.033256
-0.0486396
-0.0600425
-0.0667829
-0.0692591
-0.0698259
0.0668912
0.0669529
0.066424
0.0642249
0.0592544
0.0510128
0.0396342
0.0265881
0.0141933
0.00473686
0.00140617
0.00392058
0.00467913
-0.00330479
-0.0160847
-0.0248034
-0.030014
-0.0320583
-0.0329485
-0.0337204
0.0093105
0.00945134
0.00971493
0.00967559
0.00881587
0.00726629
0.00507114
0.00311933
0.00132451
0.000457271
-0.00076689
-0.00388399
-0.00117172
-0.00125954
-0.0024047
-0.00369525
-0.00416974
-0.00356376
-0.00341839
-0.00892095
-0.617015
-0.186705
0.147422
0.365467
0.525596
0.647769
0.742315
0.820171
0.90409
0.956202
0.0838288
0.247958
0.391344
0.520378
0.628515
0.716671
0.788192
0.844433
0.875054
0.88205
0.362266
0.452959
0.551373
0.640111
0.715929
0.779431
0.83056
0.868535
0.89462
0.91432
0.539739
0.605197
0.673429
0.736997
0.792144
0.838863
0.877304
0.908425
0.933314
0.952867
0.676515
0.725031
0.774217
0.821207
0.863303
0.900042
0.931757
0.959056
0.981392
0.998841
0.786354
0.824523
0.862754
0.899855
0.934395
0.965602
0.993346
1.01745
1.03687
1.05293
0.881004
0.912426
0.945758
0.978349
1.00915
1.03749
1.06288
1.08479
1.10202
1.11657
0.968448
0.998199
1.03009
1.06152
1.0913
1.11866
1.14295
1.16344
1.1789
1.1922
1.05661
1.08869
1.12263
1.15522
1.18559
1.21292
1.2366
1.25599
1.27014
1.28254
1.15707
1.19334
1.23098
1.26546
1.29645
1.32338
1.34597
1.36405
1.37738
1.38986
1.2822
1.3213
1.36095
1.39511
1.42452
1.44948
1.47032
1.48734
1.50074
1.51417
1.44126
1.47676
1.512
1.54059
1.56475
1.58609
1.60529
1.62255
1.63748
1.65192
1.62916
1.65144
1.67508
1.69495
1.71325
1.73062
1.74715
1.76355
1.77974
1.79533
1.82161
1.82976
1.84357
1.85843
1.87288
1.88583
1.89748
1.90872
1.92044
1.93653
2.01713
2.01706
2.02709
2.03057
2.03155
2.03595
2.04646
2.06137
2.0757
2.09012
2.31427
2.25876
2.20425
2.16461
2.14236
2.13824
2.15176
2.18556
2.24341
2.32376
0.897473
0.844981
0.802099
0.769092
0.745354
0.728243
0.715817
0.706836
0.700644
0.697097
0.696729
0.699711
0.705291
0.71335
0.724322
0.739167
0.7595
0.787682
0.825719
0.875074
0.708563
0.717512
0.724272
0.72452
0.719822
0.713052
0.706332
0.70074
0.696833
0.695163
0.696407
0.700123
0.705558
0.712255
0.719514
0.725823
0.728583
0.725138
0.716057
0.70974
0.681224
0.683427
0.68829
0.692435
0.695984
0.698026
0.697861
0.69609
0.693893
0.692356
0.692419
0.694293
0.697076
0.699788
0.701301
0.700654
0.697923
0.69421
0.689818
0.685161
0.676011
0.676969
0.679469
0.681929
0.683819
0.685476
0.686869
0.687595
0.687635
0.687525
0.687956
0.689024
0.690043
0.690365
0.689756
0.688547
0.68707
0.685103
0.682624
0.680521
0.670664
0.671143
0.672594
0.674679
0.676604
0.678082
0.679247
0.68029
0.68118
0.681922
0.68265
0.683271
0.683518
0.683332
0.68282
0.681956
0.680558
0.678711
0.677022
0.675965
0.66557
0.665868
0.666794
0.668289
0.669981
0.671614
0.673018
0.6742
0.675281
0.676321
0.677244
0.677841
0.678035
0.677863
0.677284
0.676273
0.674968
0.673626
0.672554
0.671914
0.660602
0.660814
0.661506
0.662684
0.664084
0.665573
0.667088
0.668514
0.669816
0.671044
0.67215
0.672889
0.673145
0.672933
0.672308
0.671431
0.670466
0.669494
0.668732
0.66828
0.655732
0.655893
0.656443
0.657434
0.65867
0.660032
0.661499
0.663032
0.664561
0.666045
0.667385
0.668289
0.668626
0.668492
0.668039
0.66741
0.666701
0.665983
0.665428
0.665088
0.650897
0.651024
0.651475
0.652333
0.653476
0.654777
0.65621
0.657786
0.659478
0.661227
0.662855
0.66399
0.66452
0.664604
0.664398
0.664006
0.663507
0.663001
0.662606
0.662343
0.64601
0.646112
0.646494
0.647264
0.648348
0.649619
0.651067
0.652712
0.654558
0.656566
0.658532
0.660004
0.66084
0.661212
0.661266
0.661111
0.660831
0.660513
0.660247
0.660039
0.64098
0.641064
0.641396
0.642109
0.643165
0.644444
0.645948
0.647708
0.649748
0.652057
0.65443
0.656335
0.657556
0.658263
0.658607
0.658705
0.658652
0.658509
0.65835
0.658182
0.635714
0.635783
0.636082
0.636765
0.637824
0.639158
0.640759
0.642684
0.644983
0.647671
0.650546
0.652975
0.65465
0.655745
0.656419
0.656791
0.656966
0.657002
0.656937
0.656801
0.630117
0.630174
0.630452
0.63113
0.632229
0.633659
0.635408
0.63756
0.640195
0.643362
0.646851
0.649909
0.652121
0.653666
0.654716
0.655401
0.655824
0.656036
0.656055
0.655943
0.624081
0.624129
0.624396
0.625092
0.626267
0.627838
0.629796
0.632249
0.635314
0.639074
0.643313
0.647128
0.64998
0.652053
0.653533
0.654585
0.655282
0.65567
0.655767
0.655673
0.617482
0.617522
0.617787
0.618523
0.619812
0.621575
0.623812
0.626656
0.630261
0.634752
0.639903
0.644629
0.648243
0.650941
0.652925
0.654379
0.655388
0.655974
0.656148
0.656069
0.610173
0.610203
0.610475
0.611272
0.612716
0.614733
0.617329
0.620667
0.624946
0.630336
0.636593
0.64241
0.64693
0.650364
0.652946
0.654871
0.656242
0.65704
0.65729
0.657221
0.60197
0.601995
0.602273
0.603152
0.604798
0.607142
0.610192
0.614152
0.619268
0.625761
0.633355
0.640479
0.64607
0.650371
0.653659
0.656149
0.657935
0.658964
0.65929
0.659227
0.592606
0.592625
0.592942
0.593923
0.595833
0.598594
0.602218
0.606955
0.613111
0.620955
0.630162
0.63884
0.645701
0.651023
0.655142
0.658298
0.660562
0.661845
0.662246
0.662186
0.581778
0.581789
0.582138
0.583276
0.585529
0.588822
0.593175
0.598893
0.606342
0.615843
0.626996
0.637513
0.645863
0.652385
0.657479
0.661404
0.664221
0.665776
0.666247
0.666185
0.569095
0.569098
0.56949
0.570825
0.573514
0.577492
0.58278
0.589745
0.598816
0.610355
0.623844
0.636526
0.6466
0.65451
0.660742
0.665555
0.66899
0.670827
0.67136
0.67129
0.553975
0.553972
0.55443
0.556033
0.559297
0.564176
0.570684
0.579257
0.590381
0.604431
0.620713
0.635915
0.647965
0.657456
0.66499
0.670813
0.674917
0.677029
0.677607
0.677522
0.535615
0.535605
0.536157
0.538148
0.542211
0.548316
0.556458
0.567147
0.580897
0.598044
0.617637
0.63573
0.650007
0.661273
0.670249
0.677189
0.681995
0.684349
0.684944
0.684835
0.512811
0.512793
0.51351
0.516103
0.521337
0.529182
0.539596
0.553138
0.570278
0.591231
0.614695
0.636041
0.652776
0.665986
0.676531
0.684667
0.690144
0.692666
0.693236
0.693097
0.483732
0.483709
0.484718
0.488312
0.495408
0.505873
0.519582
0.537043
0.558561
0.584132
0.612037
0.636956
0.656322
0.671599
0.683793
0.693147
0.699181
0.701748
0.702241
0.702067
0.445213
0.445201
0.446856
0.452392
0.46279
0.477466
0.496082
0.518917
0.545981
0.577012
0.60987
0.638605
0.660707
0.678096
0.691969
0.702443
0.708811
0.711247
0.71161
0.711401
0.39128
0.391488
0.395261
0.40531
0.421927
0.443534
0.469316
0.499235
0.533026
0.570266
0.608454
0.641129
0.665984
0.685438
0.700894
0.712266
0.718619
0.720727
0.720925
0.720688
0.314415
0.316805
0.327926
0.347526
0.374364
0.4057
0.440591
0.478822
0.520138
0.564135
0.608018
0.644861
0.672661
0.694349
0.711355
0.723301
0.729358
0.731056
0.731107
0.730874
0.233242
0.238883
0.258689
0.288621
0.326348
0.367753
0.411781
0.458375
0.507414
0.558571
0.608813
0.650535
0.681775
0.706047
0.724691
0.736829
0.742106
0.743245
0.7432
0.743036
0.162219
0.168868
0.195066
0.233913
0.281037
0.331677
0.384487
0.439278
0.49589
0.553962
0.610184
0.65633
0.69059
0.71695
0.736599
0.748402
0.752827
0.753644
0.753605
0.753485
0.104077
0.111285
0.141666
0.186756
0.240898
0.299041
0.359417
0.421605
0.485254
0.54983
0.61165
0.661862
0.698765
0.726773
0.747047
0.758525
0.762504
0.763214
0.763213
0.76313
0.0558809
0.0634218
0.0965441
0.146408
0.206093
0.270319
0.337025
0.405636
0.475603
0.546199
0.613279
0.667339
0.706708
0.736237
0.757085
0.768375
0.7721
0.772761
0.772802
0.772752
0.0150176
0.0227313
0.0577107
0.111291
0.175597
0.244986
0.317133
0.391378
0.467035
0.54319
0.615273
0.673027
0.714813
0.745838
0.76734
0.77855
0.782126
0.782811
0.782894
0.782877
-0.0205649
-0.0127592
0.0235823
0.0801772
0.148389
0.222248
0.299206
0.378517
0.45939
0.540748
0.617614
0.678998
0.723192
0.755749
0.777946
0.789347
0.792991
0.793645
0.793749
0.793755
-0.0523971
-0.0445104
-0.00706627
0.0520618
0.123646
0.201414
0.282667
0.366605
0.452344
0.538646
0.620144
0.685122
0.731733
0.765903
0.788984
0.800759
0.80453
0.80518
0.805273
0.805277
-0.0814794
-0.073521
-0.0351468
0.0261537
0.100708
0.181936
0.26705
0.355236
0.445535
0.536605
0.622647
0.691196
0.740263
0.776102
0.800153
0.812376
0.816309
0.816963
0.817025
0.817027
-0.108634
-0.100595
-0.061366
0.00187138
0.0790815
0.163394
0.251993
0.344087
0.438684
0.53436
0.62491
0.697032
0.748577
0.786081
0.811113
0.823797
0.827886
0.828555
0.828583
0.828574
-0.134352
-0.126217
-0.086169
-0.0211897
0.0583831
0.145461
0.237229
0.332927
0.431565
0.531678
0.626725
0.702484
0.75651
0.795656
0.821612
0.834685
0.83893
0.839611
0.839584
0.83955
-0.15903
-0.150755
-0.109948
-0.0433499
0.0383447
0.127908
0.222562
0.321577
0.424001
0.528413
0.627959
0.707443
0.763982
0.804701
0.831467
0.84484
0.849135
0.849796
0.849722
0.849662
-0.182848
-0.174437
-0.132896
-0.0648153
0.018791
0.110591
0.207855
0.309919
0.415889
0.52444
0.62849
0.711824
0.770968
0.813196
0.840603
0.854099
0.858362
0.85898
0.858858
0.858774
-0.205977
-0.197412
-0.155151
-0.0857113
-0.000385229
0.0934178
0.19304
0.29789
0.407161
0.519651
0.628201
0.715571
0.777475
0.821206
0.849049
0.862453
0.86659
0.867135
0.866975
0.866873
-0.228544
-0.219814
-0.176802
-0.1061
-0.0192392
0.0763541
0.178097
0.285468
0.39776
0.513983
0.626995
0.71862
0.783558
0.828869
0.856987
0.870043
0.873883
0.874312
0.874121
0.874007
-0.250562
-0.241638
-0.19789
-0.125999
-0.0377852
0.0593983
0.163023
0.272655
0.387702
0.507416
0.624796
0.720885
0.789246
0.836384
0.864652
0.877046
0.880359
0.880602
0.880379
0.88026
-0.271979
-0.262878
-0.218384
-0.145416
-0.0560037
0.0425707
0.147863
0.259497
0.377025
0.499933
0.621526
0.722271
0.794523
0.843935
0.872407
0.88379
0.886187
0.886085
0.885839
0.885739
-0.292775
-0.283498
-0.238283
-0.164352
-0.0738705
0.0259251
0.132666
0.246056
0.365772
0.491572
0.617132
0.722652
0.799296
0.85164
0.880716
0.89089
0.891799
0.890934
0.890616
0.890622
-0.312969
-0.303491
-0.257581
-0.182777
-0.0913559
0.00951921
0.117508
0.232409
0.354017
0.48238
0.611601
0.721898
0.803396
0.859439
0.889947
0.899294
0.898255
0.895765
0.894969
0.895259
-0.332466
-0.322796
-0.276254
-0.200653
-0.108402
-0.00660557
0.102465
0.218636
0.341854
0.472438
0.604923
0.71986
0.806602
0.867056
0.900079
0.909851
0.907438
0.902561
0.899677
0.89861
-0.351324
-0.341463
-0.294283
-0.217989
-0.125048
-0.0224713
0.0875137
0.204706
0.329255
0.461713
0.597032
0.716301
0.808677
0.874186
0.91066
0.92265
0.920881
0.914229
0.906159
0.895391
-0.369525
-0.359548
-0.311779
-0.234966
-0.14154
-0.0383782
0.0722863
0.190164
0.315695
0.449601
0.587334
0.71055
0.809094
0.880575
0.920901
0.936287
0.936757
0.927692
0.916173
0.888483
-0.38714
-0.377089
-0.328687
-0.251404
-0.157731
-0.0541441
0.0569822
0.175224
0.301394
0.436256
0.575834
0.702186
0.806798
0.885143
0.928478
0.944727
0.945071
0.933461
0.886703
0.837336
-0.405771
-0.39319
-0.344877
-0.267194
-0.17378
-0.0699035
0.0413519
0.159895
0.286312
0.421601
0.562323
0.690757
0.800105
0.886971
0.93122
0.937565
0.934477
0.898429
0.837107
0.779852
-0.428642
-0.425366
-0.365685
-0.280293
-0.186927
-0.0832807
0.0256864
0.144804
0.271137
0.406412
0.547373
0.676634
0.787589
0.887873
0.907702
0.915157
0.881044
0.819028
0.749589
0.687082
-0.406871
-0.398803
-0.339153
-0.254043
-0.154606
-0.0477647
0.066415
0.188565
0.318608
0.458823
0.595405
0.71314
0.814998
0.905247
0.903182
0.810719
0.733102
0.670834
0.604311
0.479668
-0.441041
-0.413385
-0.352016
-0.265853
-0.167092
-0.0604175
0.0533078
0.174881
0.304188
0.443196
0.578118
0.693728
0.785208
0.849165
0.811867
0.680968
0.575774
0.505236
0.432166
0.295182
-0.466246
-0.433083
-0.370324
-0.284581
-0.185976
-0.0793899
0.0344642
0.155334
0.283458
0.42041
0.552241
0.663199
0.74399
0.771054
0.685606
0.533878
0.413471
0.330421
0.237569
0.0526737
-0.489324
-0.454732
-0.39038
-0.304189
-0.205577
-0.0990255
0.014492
0.134493
0.261149
0.395533
0.522978
0.626416
0.693449
0.682887
0.545064
0.375094
0.228811
0.117015
0.00549835
-0.27262
-0.511925
-0.476652
-0.411181
-0.324325
-0.22562
-0.119257
-0.00638705
0.112555
0.237463
0.368802
0.490821
0.585322
0.633126
0.586505
0.403969
0.213428
0.0323154
-0.114381
-0.295529
-0.651515
-0.534508
-0.499194
-0.433028
-0.345691
-0.246846
-0.140723
-0.0285203
0.0892329
0.212113
0.339958
0.455722
0.541569
0.566153
0.46361
0.269848
0.062629
-0.129879
-0.297697
-0.489235
-0.826056
-0.558192
-0.522794
-0.456245
-0.368592
-0.269656
-0.163762
-0.0522133
0.0642915
0.184936
0.308917
0.418005
0.492552
0.488346
0.344277
0.147899
-0.0628898
-0.25256
-0.386108
-0.442263
-0.481078
-0.583366
-0.547898
-0.48113
-0.393363
-0.294522
-0.189037
-0.0783433
0.0365924
0.154519
0.273835
0.37576
0.434604
0.405942
0.228458
0.0324443
-0.162368
-0.319241
-0.38217
-0.400839
-0.404096
-0.610324
-0.574686
-0.507738
-0.419983
-0.32142
-0.216552
-0.10701
0.00599245
0.120715
0.234569
0.328657
0.369076
0.318134
0.119999
-0.0712928
-0.245165
-0.35406
-0.371842
-0.376768
-0.376985
-0.639204
-0.603244
-0.536101
-0.448441
-0.350319
-0.246321
-0.138225
-0.0275261
0.0834819
0.191178
0.276012
0.301659
0.210078
0.021645
-0.161507
-0.307058
-0.356961
-0.364203
-0.364407
-0.364076
-0.669881
-0.633519
-0.566188
-0.478732
-0.381216
-0.278323
-0.171987
-0.0639823
0.0428441
0.143776
0.218466
0.226673
0.106462
-0.0681034
-0.235607
-0.341303
-0.355769
-0.356258
-0.356752
-0.356449
-0.701914
-0.665267
-0.597822
-0.510694
-0.41398
-0.312463
-0.208229
-0.103331
-0.00106518
0.0925816
0.157372
0.147141
0.01407
-0.148435
-0.290962
-0.340615
-0.351837
-0.351599
-0.351529
-0.351282
-0.734932
-0.698053
-0.63063
-0.544011
-0.448346
-0.348509
-0.246738
-0.14537
-0.0479904
0.0382709
0.0918693
0.0689443
-0.0716523
-0.216291
-0.323215
-0.346055
-0.346002
-0.347515
-0.347804
-0.347744
-0.768004
-0.73124
-0.663992
-0.578156
-0.483854
-0.386052
-0.287136
-0.189727
-0.0976052
-0.0181615
0.0228224
-0.00406121
-0.147761
-0.267982
-0.339729
-0.348159
-0.346834
-0.345837
-0.345519
-0.345475
-0.800022
-0.763782
-0.697031
-0.612356
-0.519835
-0.424498
-0.328846
-0.235771
-0.149339
-0.0760928
-0.0428591
-0.081808
-0.211738
-0.313917
-0.344447
-0.353041
-0.348207
-0.345354
-0.34448
-0.34416
-0.829482
-0.794174
-0.72851
-0.645561
-0.555358
-0.463009
-0.371089
-0.282672
-0.202156
-0.135205
-0.104476
-0.155874
-0.262049
-0.353192
-0.374377
-0.362161
-0.354066
-0.349969
-0.348331
-0.347484
-0.854381
-0.820776
-0.756843
-0.676378
-0.58921
-0.5005
-0.412853
-0.329415
-0.254716
-0.194438
-0.166182
-0.214663
-0.294615
-0.36437
-0.379814
-0.36765
-0.363228
-0.360497
-0.358512
-0.357544
-0.872357
-0.841152
-0.78006
-0.703124
-0.619938
-0.535655
-0.452914
-0.374834
-0.305841
-0.251169
-0.225226
-0.258595
-0.306201
-0.343647
-0.347205
-0.356324
-0.360665
-0.360939
-0.360646
-0.360754
-0.881004
-0.852748
-0.795989
-0.723945
-0.645917
-0.56701
-0.489857
-0.417559
-0.354402
-0.303464
-0.276403
-0.296586
-0.308998
-0.32537
-0.337898
-0.348256
-0.353529
-0.355411
-0.356378
-0.356725
-0.877334
-0.853179
-0.802743
-0.736912
-0.665507
-0.593104
-0.522239
-0.456046
-0.398906
-0.352133
-0.317058
-0.335908
-0.32797
-0.319211
-0.337463
-0.351269
-0.357282
-0.359438
-0.360209
-0.360387
-0.857814
-0.840117
-0.798388
-0.740594
-0.677362
-0.612676
-0.548859
-0.488882
-0.437467
-0.397703
-0.358564
-0.373478
-0.367108
-0.370247
-0.374593
-0.372967
-0.371084
-0.370945
-0.371015
-0.371034
-0.824258
-0.812232
-0.781578
-0.734402
-0.680768
-0.624987
-0.56893
-0.51519
-0.468768
-0.436641
-0.405389
-0.404874
-0.416815
-0.452802
-0.444905
-0.412721
-0.390864
-0.384237
-0.382693
-0.382188
-0.781548
-0.774265
-0.755348
-0.720022
-0.676798
-0.630275
-0.582075
-0.534614
-0.492436
-0.463373
-0.438129
-0.418381
-0.400696
-0.410958
-0.404975
-0.389485
-0.385406
-0.38237
-0.380948
-0.38043
-0.738561
-0.734608
-0.724798
-0.701809
-0.668334
-0.630034
-0.58879
-0.546806
-0.507396
-0.476694
-0.448723
-0.417645
-0.358993
-0.301987
-0.267416
-0.292476
-0.343651
-0.369799
-0.376335
-0.377079
-0.704444
-0.702308
-0.697302
-0.683018
-0.658422
-0.626415
-0.590791
-0.552045
-0.513309
-0.479295
-0.452574
-0.426802
-0.407834
-0.414173
-0.463884
-0.528666
-0.565443
-0.528067
-0.485557
-0.483541
-0.680034
-0.678998
-0.677015
-0.66926
-0.650658
-0.62344
-0.590184
-0.55251
-0.512032
-0.472608
-0.442846
-0.429799
-0.463788
-0.561511
-0.672759
-0.71043
-0.698828
-0.659622
-0.598853
-0.578203
-0.664405
-0.663969
-0.663159
-0.659308
-0.646299
-0.621811
-0.588841
-0.549981
-0.505946
-0.459949
-0.425342
-0.388641
-0.374823
-0.396952
-0.459948
-0.471311
-0.420282
-0.380443
-0.339726
-0.32368
-0.654739
-0.65458
-0.65412
-0.652763
-0.644175
-0.621373
-0.587533
-0.545997
-0.497106
-0.440516
-0.387492
-0.322392
-0.226796
-0.113268
-0.00508676
0.0940592
0.127282
0.146641
0.154811
0.159277
-0.648094
-0.648032
-0.647816
-0.647686
-0.642205
-0.622133
-0.587297
-0.542159
-0.487789
-0.418117
-0.345587
-0.252875
-0.10415
0.0989786
0.287041
0.42327
0.523191
0.588117
0.626101
0.643844
-0.643185
-0.643125
-0.642876
-0.642358
-0.639799
-0.623939
-0.589132
-0.54006
-0.477218
-0.399343
-0.30852
-0.205487
-0.0141025
0.24197
0.519386
0.765391
0.950857
1.06786
1.13301
1.15978
-0.640204
-0.640031
-0.639441
-0.63832
-0.636841
-0.627063
-0.594375
-0.540079
-0.470985
-0.386986
-0.286464
-0.179027
0.0238885
0.320256
0.659398
0.978247
1.23345
1.38995
1.46085
1.48225
-0.640281
-0.640477
-0.640816
-0.641031
-0.641904
-0.637304
-0.60447
-0.542621
-0.470498
-0.38334
-0.281158
-0.175167
0.000301468
0.286003
0.606571
0.904421
1.152
1.3099
1.37729
1.3942
-0.638711
-0.640441
-0.645572
-0.655672
-0.666109
-0.65946
-0.614624
-0.546874
-0.476872
-0.390767
-0.290359
-0.195588
-0.0604953
0.187574
0.461887
0.696221
0.889239
1.0086
1.0567
1.06802
-0.633306
-0.635646
-0.642039
-0.655688
-0.670729
-0.659804
-0.608928
-0.551987
-0.4918
-0.407226
-0.310211
-0.225311
-0.127433
0.0650214
0.280481
0.458748
0.596276
0.675661
0.706394
0.712184
-0.65233
-0.654009
-0.65339
-0.634691
-0.600932
-0.586469
-0.574069
-0.558952
-0.510465
-0.426341
-0.334718
-0.262591
-0.184579
-0.0428517
0.1142
0.238954
0.332583
0.384494
0.402558
0.404072
-0.687564
-0.687207
-0.679545
-0.636342
-0.560965
-0.521531
-0.561433
-0.581683
-0.53452
-0.446507
-0.365323
-0.299338
-0.243298
-0.137841
-0.0295413
0.0518648
0.109569
0.138521
0.147779
0.149073
-0.733918
-0.730948
-0.734254
-0.727581
-0.71284
-0.682066
-0.687571
-0.657179
-0.574072
-0.468906
-0.394265
-0.332635
-0.280458
-0.210152
-0.140059
-0.0930474
-0.0669605
-0.0547345
-0.0507274
-0.0499263
-0.853896
-0.864467
-0.910515
-0.968631
-0.994716
-0.97097
-0.901758
-0.780239
-0.623986
-0.500671
-0.419391
-0.359355
-0.318035
-0.26281
-0.213835
-0.188508
-0.178571
-0.176778
-0.172455
-0.170315
-1.00535
-1.02815
-1.08142
-1.13328
-1.15878
-1.13457
-1.04515
-0.854138
-0.654511
-0.524863
-0.43213
-0.375509
-0.347532
-0.299508
-0.252403
-0.227585
-0.215065
-0.206995
-0.202777
-0.20196
-1.04759
-1.0684
-1.10408
-1.13969
-1.15883
-1.13655
-1.03583
-0.816625
-0.639705
-0.514999
-0.422576
-0.383549
-0.362589
-0.316435
-0.268135
-0.232196
-0.208401
-0.193367
-0.187866
-0.187897
-0.925144
-0.941784
-0.972688
-1.00673
-1.02802
-1.00966
-0.895919
-0.714858
-0.574214
-0.460202
-0.396162
-0.368474
-0.354774
-0.309387
-0.257177
-0.220896
-0.191205
-0.175422
-0.171233
-0.172074
-0.648298
-0.665755
-0.699477
-0.741568
-0.772923
-0.758934
-0.674411
-0.566111
-0.462093
-0.384787
-0.350013
-0.324238
-0.318325
-0.279341
-0.237536
-0.208721
-0.183983
-0.17127
-0.167977
-0.169068
-0.301027
-0.313516
-0.339874
-0.377942
-0.413555
-0.423752
-0.407609
-0.373077
-0.334715
-0.307882
-0.279845
-0.266593
-0.259126
-0.229024
-0.207026
-0.189574
-0.174797
-0.167087
-0.165244
-0.166369
-0.0152808
-0.0223256
-0.0401725
-0.0717206
-0.114734
-0.157377
-0.188549
-0.210033
-0.221554
-0.217937
-0.209854
-0.20156
-0.193916
-0.181642
-0.175345
-0.169278
-0.163765
-0.160806
-0.160529
-0.161745
0.140911
0.136989
0.124651
0.0983392
0.0561102
0.00028523
-0.0560165
-0.100762
-0.1284
-0.143889
-0.147608
-0.137124
-0.132523
-0.139899
-0.14631
-0.151648
-0.155403
-0.158266
-0.159577
-0.160453
0.188501
0.186003
0.177125
0.156423
0.12036
0.0727933
0.0206603
-0.0292999
-0.0660985
-0.0885599
-0.0928154
-0.0860526
-0.0866595
-0.100917
-0.11911
-0.13433
-0.146369
-0.154145
-0.156548
-0.156966
0.178086
0.176423
0.170154
0.155304
0.128774
0.0915063
0.0494807
0.00861729
-0.0245897
-0.0457849
-0.0529727
-0.0485988
-0.0520326
-0.0707261
-0.0932246
-0.112705
-0.128785
-0.138427
-0.140941
-0.141035
0.14527
0.144272
0.140184
0.130274
0.11246
0.0868567
0.0560105
0.0238229
-0.0025672
-0.0193741
-0.0239502
-0.0208228
-0.0281766
-0.0460886
-0.0674465
-0.0851886
-0.0993568
-0.107016
-0.108969
-0.109105
0.106339
0.105838
0.103387
0.0971847
0.0857613
0.068946
0.0483639
0.026369
0.00731773
-0.00392609
-0.0060175
-0.00169598
-0.00804076
-0.0238292
-0.0415453
-0.0548475
-0.0641368
-0.0684145
-0.0696269
-0.0699316
0.0669248
0.0668212
0.0655984
0.0621276
0.0555509
0.0456648
0.0332345
0.0201248
0.00897589
0.00261876
0.00203661
0.00568769
0.00283158
-0.010353
-0.021106
-0.0277472
-0.0312918
-0.0325188
-0.033354
-0.0339292
0.028502
0.0286097
0.028503
0.0277159
0.0257914
0.0224398
0.0176929
0.0122527
0.00671807
0.00250035
0.00262702
0.0021457
-0.00369447
-0.00483987
-0.00842643
-0.00834335
-0.00900792
-0.00846597
-0.00819399
-0.00921072
-0.380172
-0.00210183
0.265846
0.449349
0.590116
0.697081
0.783391
0.85937
0.942313
0.934352
0.169847
0.320522
0.458522
0.577164
0.674965
0.754246
0.818576
0.863954
0.878517
0.891877
0.405519
0.502541
0.597401
0.67961
0.749194
0.806591
0.851208
0.882828
0.904686
0.92373
0.571928
0.639307
0.706213
0.765654
0.816549
0.859089
0.893673
0.921691
0.943103
0.962662
0.700316
0.749643
0.798223
0.842938
0.882328
0.916488
0.945933
0.971003
0.989857
1.00857
0.805027
0.843717
0.881533
0.917524
0.950428
0.979907
1.00589
1.02786
1.04466
1.06255
0.895904
0.929112
0.962222
0.994028
1.02365
1.05058
1.07433
1.09409
1.10886
1.12624
0.982423
1.01416
1.04594
1.07668
1.10532
1.13123
1.15373
1.17187
1.18498
1.20182
1.07153
1.10584
1.13913
1.17074
1.19967
1.22525
1.24688
1.26375
1.27565
1.29203
1.1738
1.21259
1.2486
1.28143
1.31045
1.33523
1.35558
1.37128
1.38292
1.39907
1.30012
1.34184
1.37867
1.41038
1.43753
1.46039
1.47929
1.49444
1.50689
1.52299
1.45729
1.49528
1.52702
1.55308
1.57572
1.59594
1.61417
1.63032
1.64436
1.66024
1.639
1.66379
1.68535
1.70421
1.72206
1.73896
1.75532
1.77178
1.78741
1.8034
1.82458
1.83635
1.85097
1.8658
1.87956
1.89177
1.90308
1.91446
1.92735
1.94805
2.01261
2.02263
2.02958
2.03096
2.03305
2.04046
2.05361
2.06896
2.08204
2.11031
2.28905
2.22998
2.18235
2.15123
2.1381
2.14267
2.16591
2.21124
2.28177
2.36038
0.772768
0.765267
0.756352
0.743536
0.730141
0.718558
0.709365
0.702512
0.697964
0.696037
0.697351
0.701476
0.707792
0.716236
0.726935
0.739791
0.753503
0.764712
0.772502
0.778828
0.686719
0.694603
0.701754
0.706524
0.707786
0.705808
0.702087
0.698179
0.695161
0.693862
0.695007
0.698144
0.702374
0.70683
0.710242
0.710983
0.708076
0.70206
0.694065
0.688166
0.678644
0.681707
0.684801
0.687329
0.689715
0.691496
0.692006
0.691379
0.690413
0.690051
0.690955
0.692703
0.694354
0.695022
0.69422
0.692304
0.690052
0.687422
0.684239
0.681878
0.673304
0.674824
0.677065
0.679235
0.680838
0.682133
0.683274
0.684092
0.684561
0.685026
0.685756
0.686457
0.686681
0.686299
0.685527
0.684453
0.682822
0.680656
0.678832
0.677748
0.668099
0.668941
0.670434
0.672291
0.674051
0.675474
0.676623
0.67766
0.678629
0.679531
0.680257
0.680632
0.680626
0.68029
0.679575
0.678376
0.676827
0.675278
0.67425
0.673615
0.663074
0.663646
0.664727
0.666171
0.667737
0.669286
0.670693
0.67193
0.673079
0.674181
0.67504
0.675481
0.675501
0.675085
0.67426
0.673183
0.672025
0.67097
0.67029
0.669845
0.658161
0.65859
0.659456
0.660676
0.662031
0.66349
0.664997
0.666462
0.667846
0.669165
0.670212
0.670761
0.6708
0.670402
0.669726
0.668924
0.668079
0.667307
0.666812
0.666474
0.653318
0.653656
0.654373
0.655448
0.656706
0.658087
0.659588
0.661181
0.662806
0.664403
0.66568
0.666379
0.66655
0.666345
0.665913
0.665345
0.664724
0.664169
0.663805
0.663536
0.648469
0.648743
0.649356
0.650334
0.651536
0.652888
0.654406
0.656095
0.657926
0.659821
0.661401
0.662361
0.662788
0.662842
0.662654
0.662315
0.661899
0.661522
0.661254
0.661031
0.643522
0.643751
0.644292
0.64521
0.646382
0.647745
0.649325
0.651141
0.653191
0.655418
0.657385
0.658713
0.659471
0.659815
0.659883
0.659783
0.659567
0.659345
0.659153
0.658963
0.638386
0.638581
0.639074
0.639963
0.641142
0.642558
0.644242
0.646237
0.648565
0.651194
0.653639
0.655417
0.656564
0.657242
0.657596
0.657738
0.657727
0.657647
0.657517
0.65735
0.632968
0.633137
0.633603
0.634494
0.635721
0.637232
0.63907
0.641307
0.643993
0.647124
0.65015
0.652461
0.654064
0.655124
0.655798
0.656196
0.656408
0.656459
0.656381
0.656229
0.627166
0.627316
0.627773
0.628696
0.63001
0.631665
0.633719
0.636275
0.639413
0.643164
0.646894
0.649844
0.651982
0.653484
0.654525
0.65523
0.655662
0.655837
0.655801
0.65566
0.620866
0.621002
0.621466
0.622449
0.623894
0.625749
0.628093
0.631057
0.634761
0.639273
0.643854
0.647569
0.650342
0.65236
0.653818
0.654869
0.655543
0.655846
0.65585
0.655714
0.613931
0.614056
0.614542
0.615618
0.61724
0.61936
0.622078
0.625559
0.629965
0.635406
0.641016
0.645645
0.649171
0.651799
0.653743
0.655184
0.656135
0.656571
0.65661
0.656475
0.606209
0.606312
0.606836
0.608038
0.609889
0.612352
0.615544
0.619672
0.624947
0.631521
0.638368
0.644086
0.648499
0.651846
0.654378
0.656274
0.657531
0.658106
0.658177
0.658039
0.597446
0.597565
0.598136
0.5995
0.60165
0.604545
0.608335
0.61327
0.619615
0.627568
0.635899
0.642912
0.648375
0.652566
0.655797
0.658226
0.659829
0.660549
0.66065
0.660505
0.587374
0.587492
0.588155
0.589741
0.592273
0.595719
0.600261
0.606205
0.613872
0.623501
0.633609
0.642149
0.648848
0.654036
0.658083
0.661131
0.663125
0.663998
0.664124
0.663968
0.575666
0.575787
0.576567
0.578426
0.581442
0.585594
0.591093
0.598305
0.607609
0.619277
0.631502
0.641831
0.649971
0.656325
0.661315
0.665086
0.667509
0.668533
0.668676
0.668507
0.561817
0.561957
0.562896
0.565115
0.568756
0.573823
0.580553
0.589377
0.600721
0.614865
0.629596
0.642003
0.651794
0.659488
0.665574
0.670159
0.673037
0.674203
0.674354
0.674167
0.545147
0.545324
0.546497
0.549205
0.553683
0.559965
0.56831
0.57921
0.593112
0.610258
0.627925
0.64271
0.654371
0.663585
0.670896
0.676381
0.679723
0.681004
0.681147
0.680941
0.524672
0.524926
0.526453
0.52986
0.535505
0.543461
0.553987
0.567606
0.584729
0.605491
0.626549
0.644006
0.657748
0.668645
0.677293
0.683739
0.687506
0.688853
0.688969
0.688743
0.498919
0.49932
0.501407
0.505885
0.513265
0.523636
0.5372
0.554432
0.575607
0.600672
0.625573
0.645961
0.661952
0.674668
0.684741
0.692133
0.696227
0.697564
0.69763
0.697387
0.465484
0.466186
0.469246
0.475563
0.48576
0.499796
0.517694
0.53973
0.565926
0.595999
0.625148
0.648665
0.667015
0.681602
0.69315
0.701369
0.705608
0.706834
0.706831
0.706577
0.420107
0.421528
0.426672
0.43664
0.451778
0.471532
0.495566
0.523819
0.556045
0.591762
0.62546
0.652217
0.67295
0.689396
0.702354
0.711144
0.715243
0.716246
0.716164
0.715912
0.354925
0.359284
0.370093
0.387458
0.410994
0.439321
0.471544
0.507376
0.546478
0.588302
0.626693
0.656681
0.67974
0.697892
0.711971
0.720942
0.724578
0.725259
0.725116
0.724889
0.277075
0.285614
0.305498
0.333622
0.367861
0.405787
0.446712
0.490522
0.536962
0.585551
0.629412
0.663324
0.689304
0.709523
0.724614
0.733364
0.736501
0.736976
0.736873
0.736746
0.19906
0.213461
0.242458
0.281179
0.32574
0.373182
0.422848
0.474692
0.528509
0.58386
0.633161
0.670911
0.699645
0.721882
0.737687
0.745756
0.748044
0.748271
0.748193
0.748123
0.134531
0.152337
0.187355
0.234067
0.287041
0.342819
0.400537
0.459997
0.520861
0.582611
0.636947
0.678131
0.709168
0.732729
0.74867
0.756096
0.75802
0.758231
0.7582
0.758154
0.0813015
0.101239
0.140853
0.19348
0.252983
0.315599
0.380245
0.44652
0.513878
0.581613
0.640663
0.684995
0.718075
0.742718
0.758757
0.765787
0.767537
0.76777
0.767791
0.767766
0.0367123
0.0579042
0.100956
0.158332
0.223221
0.29156
0.362136
0.434424
0.507686
0.581024
0.644553
0.691915
0.726935
0.752656
0.768849
0.775648
0.777269
0.777544
0.777625
0.777628
-0.00165832
0.0203683
0.0660918
0.127371
0.196835
0.270139
0.345938
0.423624
0.502306
0.580911
0.64876
0.699076
0.736052
0.762885
0.779352
0.786009
0.787692
0.788022
0.78814
0.788174
-0.0354892
-0.0128743
0.0350218
0.0995816
0.172991
0.250657
0.331153
0.413785
0.497538
0.581152
0.653215
0.706477
0.745423
0.773432
0.790377
0.797225
0.798955
0.799276
0.799406
0.799466
-0.0660239
-0.0429742
0.00675635
0.0741486
0.151009
0.232546
0.317297
0.404512
0.493061
0.581523
0.657724
0.713936
0.754899
0.784226
0.801802
0.808947
0.810728
0.81102
0.811126
0.811187
-0.094271
-0.0708007
-0.0194649
0.0504508
0.130363
0.215363
0.303985
0.395454
0.488576
0.581785
0.662085
0.721266
0.76427
0.794926
0.813198
0.820681
0.82251
0.82276
0.822829
0.82289
-0.120799
-0.096915
-0.0441502
0.0280229
0.110654
0.198766
0.290922
0.386356
0.483837
0.581685
0.666117
0.728284
0.77334
0.805315
0.824247
0.832023
0.833918
0.834123
0.834142
0.834194
-0.146079
-0.121757
-0.0676927
0.00651331
0.091579
0.182504
0.277902
0.377014
0.478634
0.581049
0.66967
0.734872
0.781951
0.815161
0.834674
0.842671
0.844614
0.844755
0.844723
0.844759
-0.170419
-0.145636
-0.0903603
-0.0143193
0.0729381
0.166407
0.264759
0.367286
0.47284
0.579751
0.672626
0.740972
0.790071
0.824388
0.84436
0.852424
0.854334
0.854429
0.854353
0.854369
-0.19399
-0.168713
-0.112322
-0.0346222
0.0546013
0.150358
0.2514
0.357088
0.466364
0.577659
0.674891
0.746535
0.797705
0.833003
0.853193
0.861197
0.86303
0.863071
0.862962
0.86296
-0.21693
-0.191149
-0.13368
-0.0544775
0.0364992
0.134314
0.237792
0.346372
0.459121
0.574673
0.676371
0.751552
0.804931
0.841114
0.861293
0.869052
0.870731
0.87071
0.870575
0.870557
-0.23927
-0.213007
-0.154485
-0.0739237
0.0186097
0.118257
0.223921
0.335122
0.451083
0.570734
0.676967
0.756001
0.811869
0.848938
0.868839
0.876097
0.877511
0.877414
0.877262
0.877234
-0.261032
-0.234282
-0.174732
-0.0929637
0.000941364
0.102204
0.209812
0.323363
0.44227
0.565788
0.676592
0.759826
0.818621
0.856738
0.876121
0.882519
0.883479
0.883276
0.883118
0.883085
-0.282167
-0.25494
-0.194433
-0.111598
-0.0164805
0.086206
0.195517
0.311151
0.432707
0.559804
0.675144
0.762922
0.825218
0.86482
0.883619
0.888683
0.888778
0.888364
0.888249
0.888239
-0.302704
-0.274953
-0.213589
-0.129791
-0.0336071
0.0703135
0.18111
0.298558
0.422442
0.552805
0.67253
0.765147
0.831585
0.873408
0.891994
0.89541
0.893927
0.892876
0.892843
0.893022
-0.322561
-0.294326
-0.232165
-0.14751
-0.050398
0.0545946
0.166654
0.285644
0.411565
0.544834
0.668669
0.766324
0.837517
0.882459
0.901827
0.90403
0.900369
0.897641
0.897245
0.898072
-0.341784
-0.313043
-0.250115
-0.164707
-0.0667892
0.0391286
0.152266
0.272534
0.400182
0.535957
0.663505
0.766242
0.842706
0.89155
0.913062
0.915685
0.910647
0.904799
0.899373
0.886945
-0.360334
-0.33115
-0.267578
-0.181591
-0.0830765
0.0235981
0.137545
0.25879
0.387806
0.525714
0.656561
0.764469
0.847047
0.900502
0.925337
0.930591
0.925871
0.916151
0.905446
0.918256
-0.37822
-0.348649
-0.284526
-0.198121
-0.0992162
0.00804744
0.122484
0.24442
0.374397
0.51396
0.647539
0.760186
0.849724
0.908249
0.935809
0.943863
0.939567
0.927018
0.876834
0.869031
-0.395934
-0.365729
-0.300707
-0.214028
-0.114776
-0.00715296
0.107254
0.229694
0.360243
0.500879
0.636434
0.752609
0.849711
0.913661
0.939675
0.946724
0.935603
0.896375
0.836676
0.800923
-0.416648
-0.384238
-0.315656
-0.228935
-0.128907
-0.0216134
0.0922931
0.214895
0.345557
0.486572
0.623262
0.741232
0.844896
0.914606
0.947332
0.925545
0.89327
0.829783
0.76421
0.725071
0.0191315
0.138247
0.264517
0.399667
0.540278
0.669204
0.779012
0.622946
-0.429836
-0.420558
-0.378655
-0.304862
-0.211461
-0.108921
0.0015377
0.119487
0.24506
0.379166
0.518892
0.647759
0.754884
0.84434
0.887466
0.827627
0.69781
0.618464
0.555906
-0.452242
-0.440789
-0.395124
-0.320207
-0.226533
-0.123988
-0.0138718
0.103653
0.228443
0.361329
0.49901
0.625241
0.726293
0.79867
0.792507
0.680498
0.547409
0.456242
0.381604
-0.474944
-0.463218
-0.415223
-0.339358
-0.245804
-0.143086
-0.0328921
0.0843363
0.208201
0.339529
0.474137
0.595382
0.685513
0.736266
0.692865
0.532938
0.384653
0.272952
0.182749
-0.497395
-0.48569
-0.436386
-0.359386
-0.265653
-0.162918
-0.053032
0.0634531
0.186076
0.315322
0.446191
0.561088
0.643151
0.661689
0.566106
0.383333
0.208583
0.0598635
-0.0641206
-0.51987
-0.508292
-0.458146
-0.380297
-0.286266
-0.18355
-0.0741297
0.0414334
0.162585
0.289329
0.415822
0.523195
0.594432
0.573757
0.431202
0.235907
0.0368888
-0.133511
-0.297096
-0.542875
-0.531478
-0.480924
-0.402541
-0.308253
-0.205535
-0.0965291
0.0181428
0.137715
0.261716
0.383493
0.481999
0.536861
0.493307
0.304798
0.102953
-0.102718
-0.284409
-0.422639
-0.546499
-0.567218
-0.555939
-0.505113
-0.426443
-0.332083
-0.229481
-0.120979
-0.00734536
0.110366
0.231118
0.347552
0.436674
0.472311
0.391729
0.187412
-0.0174103
-0.209319
-0.35428
-0.405391
-0.426323
-0.593189
-0.581976
-0.530934
-0.452117
-0.35785
-0.255579
-0.147789
-0.0355006
0.0799413
0.196812
0.307053
0.386058
0.394489
0.2747
0.0769007
-0.11782
-0.285709
-0.362158
-0.385291
-0.388034
-0.621006
-0.609776
-0.55847
-0.479567
-0.385536
-0.283789
-0.176989
-0.0663721
0.0463735
0.158769
0.261812
0.330338
0.308768
0.164382
-0.0241081
-0.20574
-0.330536
-0.370744
-0.369055
-0.369994
-0.65065
-0.639359
-0.587744
-0.508802
-0.41514
-0.314119
-0.208586
-0.0999726
0.00964571
0.11701
0.212051
0.26804
0.229125
0.060621
-0.113317
-0.277383
-0.345881
-0.358782
-0.359913
-0.359875
-0.681896
-0.670509
-0.618639
-0.539746
-0.446581
-0.346519
-0.242532
-0.136294
-0.0302216
0.0716077
0.158199
0.200443
0.151373
-0.0293594
-0.192733
-0.316638
-0.358883
-0.354237
-0.354002
-0.353737
-0.714242
-0.702817
-0.650867
-0.572139
-0.479664
-0.380811
-0.27869
-0.175214
-0.0730878
0.0229315
0.100479
0.131216
0.0596652
-0.110435
-0.257578
-0.334041
-0.347741
-0.348991
-0.349418
-0.349318
-0.747172
-0.735734
-0.683914
-0.605534
-0.513996
-0.416651
-0.316754
-0.216442
-0.118708
-0.0285374
0.0397638
0.0565725
-0.0308583
-0.180155
-0.30159
-0.339112
-0.344905
-0.346238
-0.346408
-0.34638
-0.77973
-0.768334
-0.716977
-0.639237
-0.548978
-0.453526
-0.356247
-0.259498
-0.166585
-0.082416
-0.0215121
-0.0207623
-0.110194
-0.240802
-0.326421
-0.35693
-0.349654
-0.346175
-0.344785
-0.344447
-0.810222
-0.799175
-0.748894
-0.672293
-0.583762
-0.490679
-0.396481
-0.303689
-0.215922
-0.138118
-0.0820179
-0.090661
-0.180608
-0.292898
-0.355724
-0.356274
-0.35331
-0.348045
-0.345784
-0.345067
-0.837488
-0.826818
-0.778153
-0.703387
-0.617211
-0.527102
-0.43654
-0.348126
-0.265671
-0.194345
-0.143242
-0.15267
-0.236893
-0.326888
-0.381576
-0.375995
-0.362025
-0.356645
-0.353929
-0.352541
-0.858817
-0.848832
-0.802842
-0.730847
-0.647898
-0.56153
-0.475265
-0.391716
-0.314718
-0.24945
-0.204296
-0.206565
-0.274397
-0.334
-0.35932
-0.362386
-0.363516
-0.363355
-0.362028
-0.361014
-0.872155
-0.863208
-0.820712
-0.752767
-0.674167
-0.592495
-0.51129
-0.433162
-0.361878
-0.302071
-0.259984
-0.257237
-0.296353
-0.322018
-0.339231
-0.346223
-0.354119
-0.356429
-0.357322
-0.357869
-0.874958
-0.867447
-0.829496
-0.767151
-0.694228
-0.618441
-0.543161
-0.471002
-0.40569
-0.351359
-0.308625
-0.302162
-0.32185
-0.315392
-0.329302
-0.342859
-0.351794
-0.355293
-0.356738
-0.357321
-0.864977
-0.858853
-0.826982
-0.772003
-0.706477
-0.637905
-0.569534
-0.503794
-0.444469
-0.396276
-0.354391
-0.340361
-0.355112
-0.350019
-0.347313
-0.35541
-0.361248
-0.363711
-0.364732
-0.365098
-0.839007
-0.834684
-0.810618
-0.7658
-0.709835
-0.649838
-0.58938
-0.530474
-0.476873
-0.434482
-0.400056
-0.375759
-0.391824
-0.429478
-0.422085
-0.403456
-0.386082
-0.378941
-0.377571
-0.377216
-0.800672
-0.797939
-0.782418
-0.749022
-0.704368
-0.654166
-0.602182
-0.550474
-0.50226
-0.464237
-0.440134
-0.416543
-0.407286
-0.438178
-0.4609
-0.436398
-0.403339
-0.388428
-0.38435
-0.38323
-0.757131
-0.755418
-0.747732
-0.725707
-0.692521
-0.652146
-0.608396
-0.563507
-0.520234
-0.48445
-0.459833
-0.43137
-0.394464
-0.357334
-0.335971
-0.330713
-0.349899
-0.369665
-0.375136
-0.375254
-0.718659
-0.717533
-0.713926
-0.701957
-0.678287
-0.646345
-0.609597
-0.570028
-0.530203
-0.493722
-0.466649
-0.436029
-0.397342
-0.340809
-0.304165
-0.327731
-0.371044
-0.38938
-0.39268
-0.394647
-0.691077
-0.690445
-0.688147
-0.682206
-0.665882
-0.640231
-0.608088
-0.571941
-0.532834
-0.494173
-0.462337
-0.435167
-0.43664
-0.490042
-0.589633
-0.675381
-0.712454
-0.695251
-0.638557
-0.59243
-0.671123
-0.670693
-0.6698
-0.667432
-0.657425
-0.636398
-0.606632
-0.571086
-0.531046
-0.488002
-0.45107
-0.419687
-0.421886
-0.462342
-0.56364
-0.637829
-0.628601
-0.589209
-0.541116
-0.498296
-0.659187
-0.659074
-0.658696
-0.657372
-0.652228
-0.634729
-0.605856
-0.569016
-0.52595
-0.476357
-0.428216
-0.385608
-0.32745
-0.275115
-0.249532
-0.22208
-0.158585
-0.132117
-0.108905
-0.0927882
-0.651079
-0.651074
-0.650834
-0.650564
-0.648249
-0.634448
-0.605991
-0.566757
-0.519599
-0.461984
-0.398112
-0.332655
-0.232103
-0.0783962
0.0913131
0.23532
0.311119
0.360558
0.385124
0.39807
-0.645511
-0.645532
-0.645445
-0.645357
-0.643835
-0.634493
-0.60733
-0.565911
-0.51257
-0.448082
-0.367021
-0.283432
-0.147098
0.0549077
0.290279
0.50005
0.664813
0.781706
0.853024
0.892705
-0.641328
-0.641313
-0.641049
-0.640368
-0.639812
-0.6343
-0.61077
-0.566922
-0.508313
-0.434864
-0.345341
-0.247115
-0.0997201
0.147848
0.458426
0.767318
1.03203
1.21539
1.31704
1.36099
-0.639923
-0.639896
-0.639644
-0.638854
-0.63781
-0.636687
-0.618136
-0.571953
-0.506759
-0.429227
-0.33513
-0.229117
-0.0930332
0.159258
0.482876
0.81557
1.1108
1.32485
1.43812
1.47831
-0.640205
-0.640696
-0.642142
-0.645301
-0.649544
-0.651693
-0.633275
-0.579271
-0.509103
-0.432449
-0.336621
-0.232634
-0.120619
0.099235
0.395468
0.68118
0.927562
1.11349
1.20997
1.24133
-0.634476
-0.635935
-0.640147
-0.651479
-0.669331
-0.677326
-0.645491
-0.581972
-0.517774
-0.444292
-0.349496
-0.252394
-0.16473
0.00593284
0.250653
0.477406
0.665169
0.798232
0.863141
0.88333
-0.638262
-0.639809
-0.643022
-0.645866
-0.642303
-0.637246
-0.616007
-0.57411
-0.532385
-0.46193
-0.368692
-0.280814
-0.204796
-0.0818629
0.108862
0.27797
0.409695
0.498777
0.54024
0.552073
-0.669025
-0.669497
-0.67012
-0.653847
-0.60133
-0.546494
-0.547949
-0.566925
-0.550454
-0.481398
-0.392179
-0.313109
-0.253767
-0.16106
-0.02614
0.0881058
0.179236
0.238469
0.263501
0.269674
-0.707046
-0.705615
-0.702566
-0.68544
-0.632562
-0.579227
-0.57612
-0.617455
-0.58703
-0.506401
-0.415799
-0.347132
-0.289494
-0.224102
-0.127099
-0.0503148
0.000635169
0.0289172
0.039033
0.042167
-0.784702
-0.780073
-0.792677
-0.826738
-0.857062
-0.846565
-0.811225
-0.763766
-0.661506
-0.537147
-0.443148
-0.375264
-0.323872
-0.270623
-0.209867
-0.165798
-0.141203
-0.130658
-0.125448
-0.122603
-0.936747
-0.939556
-0.978594
-1.04298
-1.08956
-1.09375
-1.03996
-0.918215
-0.733112
-0.570262
-0.471341
-0.392784
-0.35123
-0.310393
-0.255992
-0.219806
-0.207889
-0.201949
-0.198626
-0.195129
-1.04475
-1.05347
-1.0895
-1.13589
-1.17061
-1.17352
-1.1201
-0.963765
-0.738772
-0.585704
-0.472937
-0.400022
-0.369505
-0.337068
-0.286333
-0.247607
-0.222507
-0.20879
-0.200067
-0.198079
-1.006
-1.01433
-1.03981
-1.07366
-1.10214
-1.10554
-1.0516
-0.873993
-0.682481
-0.551914
-0.443509
-0.392459
-0.371849
-0.34148
-0.289279
-0.243675
-0.21302
-0.187776
-0.178681
-0.177239
-0.799486
-0.80936
-0.835226
-0.872634
-0.907864
-0.915961
-0.859543
-0.717068
-0.58531
-0.464935
-0.395638
-0.360842
-0.345488
-0.322094
-0.271598
-0.230893
-0.200158
-0.178103
-0.169485
-0.168682
-0.471638
-0.480829
-0.504083
-0.542012
-0.582802
-0.602696
-0.574987
-0.50683
-0.433101
-0.367713
-0.33215
-0.30534
-0.294654
-0.274191
-0.237072
-0.211522
-0.188765
-0.173861
-0.167978
-0.167853
-0.141528
-0.147153
-0.162389
-0.190804
-0.229717
-0.264765
-0.279564
-0.287636
-0.279334
-0.271559
-0.253755
-0.238167
-0.230089
-0.218039
-0.196172
-0.185656
-0.173574
-0.16571
-0.16255
-0.163092
0.0805541
0.0773947
0.0682177
0.0468441
0.0103941
-0.0394956
-0.0930531
-0.134464
-0.162282
-0.175887
-0.179508
-0.173114
-0.163767
-0.162155
-0.160474
-0.160306
-0.159704
-0.15925
-0.159586
-0.1605
0.175876
0.174044
0.168089
0.151674
0.119857
0.0731866
0.0171443
-0.0370024
-0.0794021
-0.106666
-0.118694
-0.114081
-0.106902
-0.113765
-0.126143
-0.138474
-0.147464
-0.154387
-0.158045
-0.159125
0.188244
0.187126
0.182954
0.170919
0.14659
0.108567
0.0630665
0.0156365
-0.0273858
-0.0557212
-0.069169
-0.0686378
-0.065093
-0.0759602
-0.0952963
-0.115467
-0.132303
-0.144595
-0.150371
-0.151085
0.163351
0.162736
0.159945
0.151663
0.13478
0.107841
0.0733388
0.0356283
0.00249487
-0.0221296
-0.0351868
-0.0359118
-0.0344942
-0.047674
-0.0694136
-0.09039
-0.108311
-0.120786
-0.126089
-0.126659
0.126123
0.12587
0.124169
0.118897
0.107918
0.0901761
0.066799
0.0397708
0.0140426
-0.00511894
-0.0134089
-0.0120672
-0.0107757
-0.0250561
-0.0448596
-0.0625496
-0.076369
-0.0853801
-0.0888575
-0.0895007
0.0865423
0.086547
0.0856551
0.0825842
0.0758924
0.0648024
0.0497299
0.0326081
0.0162614
0.00365859
-0.00123419
0.00114037
0.00378599
-0.00764694
-0.0240593
-0.0359683
-0.0446463
-0.0488329
-0.0501944
-0.0507672
0.0475788
0.0476754
0.0473977
0.0459785
0.0425645
0.0368688
0.0289723
0.0198056
0.0107957
0.00404793
0.00242871
0.00260277
0.00078487
-0.00400028
-0.0111822
-0.0158926
-0.0179327
-0.0184047
-0.018794
-0.0195668
0.0285694
0.0286146
0.0282175
0.0269302
0.0242827
0.0202424
0.0149902
0.00946549
0.00419645
0.0022941
0.00254487
-0.00224133
-0.00424619
-0.00693997
-0.00789996
-0.00928443
-0.00875921
-0.00822273
-0.0085101
-0.00348389
-0.154875
0.11186
0.285478
0.4481
0.578814
0.682801
0.765795
0.835774
0.880363
0.869849
0.241714
0.359878
0.47805
0.58412
0.674085
0.748859
0.809542
0.854615
0.881476
0.897469
0.457333
0.534385
0.615965
0.690861
0.755111
0.80923
0.853073
0.886818
0.912672
0.932589
0.611426
0.668134
0.725695
0.7803
0.82807
0.869057
0.903688
0.932765
0.956852
0.974842
0.733707
0.776825
0.81942
0.860927
0.898671
0.932207
0.961736
0.987324
1.00806
1.02477
0.83518
0.868977
0.904344
0.938894
0.971159
1.00064
1.02706
1.04994
1.0682
1.08335
0.92515
0.955114
0.987195
1.01904
1.04909
1.07673
1.10148
1.12259
1.13888
1.15267
1.01179
1.04221
1.07471
1.10667
1.13667
1.16396
1.18796
1.2079
1.22266
1.23528
1.10449
1.13855
1.17424
1.20797
1.23882
1.26608
1.28933
1.30811
1.32175
1.33395
1.21575
1.25387
1.29294
1.32791
1.35859
1.38477
1.40654
1.42398
1.43717
1.44996
1.35726
1.39565
1.43414
1.46633
1.49356
1.51686
1.53688
1.55387
1.56787
1.58169
1.53287
1.56259
1.59261
1.61687
1.63791
1.65724
1.67543
1.69274
1.70861
1.72348
1.72637
1.74074
1.75834
1.77512
1.79164
1.80708
1.82124
1.83529
1.85015
1.86632
1.91536
1.91966
1.93254
1.94472
1.95472
1.96403
1.97422
1.98487
1.99421
2.00642
2.14479
2.13119
2.12238
2.10734
2.09626
2.09573
2.10774
2.13154
2.16338
2.19914
2.51899
2.36048
2.25498
2.19612
2.16705
2.1605
2.17567
2.21689
2.29612
2.44124
-0.409691
-0.406329
-0.363853
-0.289418
-0.195549
-0.0922538
0.877436
0.928109
0.9116
0.836467
0.763653
0.694645
0.494438
0.303672
0.0832342
-0.204531
-0.546896
)
;

boundaryField
{
    wall-4
    {
        type            zeroGradient;
    }
    pressure-outlet-7
    {
        type            fixedValue;
        value           uniform 0;
    }
    velocity-inlet-6
    {
        type            zeroGradient;
    }
    velocity-inlet-5
    {
        type            zeroGradient;
    }
    frontAndBackPlanes
    {
        type            empty;
    }
}


// ************************************************************************* //
