/*--------------------------------*- C++ -*----------------------------------*\
  =========                 |
  \\      /  F ield         | OpenFOAM: The Open Source CFD Toolbox
   \\    /   O peration     | Website:  https://openfoam.org
    \\  /    A nd           | Version:  6
     \\/     M anipulation  |
\*---------------------------------------------------------------------------*/
FoamFile
{
    version     2.0;
    format      ascii;
    class       volScalarField;
    location    "62.1";
    object      p;
}
// * * * * * * * * * * * * * * * * * * * * * * * * * * * * * * * * * * * * * //

dimensions      [0 2 -2 0 0 0 0];

internalField   nonuniform List<scalar> 
8800
(
0.839327
0.790011
0.752042
0.723969
0.7038
0.689203
0.67859
0.671028
0.666114
0.664006
0.665335
0.669644
0.676413
0.685817
0.698541
0.715853
0.739725
0.772819
0.815754
0.868267
0.673827
0.680171
0.689318
0.692863
0.690248
0.68415
0.677196
0.670935
0.666107
0.663202
0.662929
0.665518
0.67013
0.676237
0.683322
0.690345
0.695217
0.695088
0.68841
0.679509
0.647355
0.653589
0.658085
0.661949
0.664889
0.665826
0.66472
0.662574
0.660561
0.65968
0.660668
0.663084
0.665943
0.668194
0.668701
0.666903
0.663531
0.659513
0.654729
0.651013
0.643073
0.645837
0.648438
0.650589
0.652316
0.65387
0.654954
0.65528
0.655131
0.655183
0.655939
0.657042
0.657753
0.657581
0.656591
0.655225
0.653548
0.65124
0.648827
0.64726
0.638043
0.639466
0.6413
0.643372
0.645072
0.646349
0.647425
0.648375
0.649144
0.649829
0.650484
0.6509
0.65089
0.650501
0.649816
0.648688
0.647023
0.645122
0.643766
0.642963
0.633085
0.633987
0.635227
0.636843
0.638523
0.640036
0.641295
0.642383
0.643401
0.644359
0.645082
0.64542
0.645391
0.644995
0.644171
0.642968
0.641595
0.640322
0.639498
0.638974
0.628217
0.628873
0.629827
0.631132
0.632563
0.634058
0.635513
0.636838
0.638047
0.639183
0.640062
0.640497
0.640469
0.639998
0.639193
0.638233
0.637227
0.636314
0.635731
0.635347
0.623439
0.623943
0.624721
0.625847
0.627129
0.628521
0.629996
0.631492
0.632943
0.634319
0.635389
0.635928
0.635953
0.63559
0.634998
0.634288
0.633534
0.63286
0.63243
0.632131
0.618695
0.619096
0.619747
0.620753
0.621961
0.623298
0.624764
0.626352
0.628013
0.629666
0.630982
0.631704
0.631915
0.631777
0.631421
0.630928
0.630378
0.629897
0.629578
0.629336
0.613906
0.614234
0.614798
0.615724
0.616885
0.618208
0.619708
0.621394
0.623247
0.625191
0.62683
0.627849
0.62834
0.628462
0.62834
0.628071
0.627715
0.627395
0.62716
0.626957
0.608987
0.609259
0.609763
0.610642
0.611786
0.613136
0.614711
0.616538
0.61862
0.620905
0.622949
0.624353
0.625182
0.625597
0.625729
0.625686
0.625524
0.625346
0.625179
0.625003
0.603849
0.604077
0.604543
0.605406
0.606573
0.607991
0.609684
0.611706
0.614084
0.616792
0.619332
0.621198
0.622422
0.623173
0.62359
0.623782
0.623816
0.623767
0.623655
0.623499
0.5984
0.598595
0.599042
0.599919
0.601149
0.60268
0.604547
0.606831
0.609591
0.612826
0.615968
0.618383
0.620067
0.621203
0.621938
0.62238
0.622626
0.622699
0.622633
0.622491
0.592539
0.592708
0.593153
0.594071
0.595406
0.597101
0.599207
0.601836
0.605079
0.608967
0.61284
0.615909
0.618136
0.619713
0.620813
0.621556
0.622011
0.622201
0.622176
0.622042
0.586147
0.586294
0.586752
0.587742
0.589226
0.591147
0.593572
0.596645
0.600492
0.60518
0.609938
0.613791
0.61666
0.618755
0.620269
0.621341
0.622033
0.622347
0.622358
0.622229
0.579087
0.57921
0.579697
0.580789
0.582473
0.58469
0.587525
0.591156
0.595755
0.601426
0.607252
0.612041
0.615669
0.618377
0.62038
0.621829
0.622787
0.623226
0.623272
0.623143
0.57117
0.571273
0.571806
0.573035
0.57498
0.577576
0.58093
0.585261
0.590788
0.597654
0.604771
0.610679
0.615207
0.618635
0.621223
0.623114
0.624368
0.624941
0.625018
0.624886
0.56217
0.562274
0.562856
0.564257
0.566541
0.56962
0.573627
0.578836
0.585514
0.593842
0.602506
0.609744
0.615334
0.619607
0.622884
0.62529
0.626882
0.627597
0.627703
0.627565
0.551774
0.551864
0.552538
0.554174
0.556892
0.560587
0.565425
0.571738
0.579845
0.589956
0.600475
0.609279
0.616115
0.621383
0.625449
0.628468
0.630436
0.631299
0.631431
0.631282
0.539608
0.539684
0.54046
0.542409
0.545689
0.55018
0.556086
0.563802
0.573695
0.585985
0.598711
0.609342
0.617618
0.624047
0.629035
0.63275
0.635133
0.636144
0.636295
0.636133
0.525123
0.525192
0.526114
0.528475
0.532489
0.538029
0.545322
0.55483
0.566953
0.581896
0.597237
0.609986
0.619917
0.627669
0.633722
0.638221
0.641044
0.642197
0.642358
0.642179
0.507542
0.507604
0.50874
0.511687
0.516709
0.52366
0.5328
0.544641
0.559575
0.577731
0.596131
0.611297
0.623089
0.632336
0.639558
0.644933
0.648203
0.649475
0.649634
0.649435
0.485713
0.485779
0.487258
0.491078
0.497548
0.506486
0.518157
0.533086
0.551574
0.573594
0.595506
0.613363
0.627205
0.638097
0.646602
0.652887
0.656576
0.657923
0.65806
0.65784
0.457861
0.457957
0.46003
0.465262
0.473971
0.485839
0.501087
0.520134
0.54308
0.569666
0.595515
0.616288
0.632328
0.644957
0.65483
0.662014
0.666028
0.667383
0.667476
0.667237
0.420944
0.421163
0.424447
0.432283
0.444763
0.461131
0.481488
0.505949
0.534338
0.566173
0.59633
0.620188
0.638505
0.652927
0.664172
0.672135
0.676315
0.677583
0.677609
0.677353
0.369139
0.37022
0.376742
0.389953
0.409017
0.432346
0.459764
0.491058
0.525837
0.563485
0.5982
0.625203
0.645786
0.661914
0.674437
0.682968
0.687064
0.68814
0.688087
0.687821
0.294019
0.30139
0.316342
0.339401
0.368304
0.400953
0.436964
0.476085
0.517946
0.561919
0.601523
0.631896
0.654934
0.672928
0.68662
0.695459
0.699323
0.700187
0.700082
0.699847
0.21413
0.230237
0.254519
0.288196
0.327447
0.369581
0.414251
0.461374
0.510685
0.561638
0.607031
0.641585
0.667642
0.687849
0.702787
0.711643
0.714998
0.715601
0.715521
0.715377
0.145701
0.165382
0.197462
0.240297
0.288772
0.339828
0.392916
0.447912
0.504541
0.562257
0.613107
0.651535
0.68036
0.702451
0.718211
0.72681
0.729707
0.730201
0.730173
0.730083
0.0897034
0.1116
0.149049
0.198449
0.254153
0.312714
0.373284
0.435552
0.499069
0.56319
0.619223
0.661279
0.692635
0.716401
0.73295
0.741651
0.744421
0.744905
0.744904
0.744843
0.0432992
0.066516
0.10786
0.162399
0.223901
0.288656
0.355606
0.424295
0.494101
0.564246
0.625242
0.670795
0.704563
0.730006
0.747488
0.75651
0.759428
0.759883
0.759904
0.759866
0.00387103
0.0278836
0.0721049
0.130825
0.197208
0.267248
0.339735
0.414151
0.489731
0.565494
0.6312
0.680128
0.716279
0.743365
0.761885
0.771445
0.774547
0.775035
0.775071
0.775053
-0.0306078
-0.00605739
0.0404205
0.102606
0.17317
0.247835
0.32526
0.404848
0.485717
0.566756
0.636945
0.689133
0.727608
0.756308
0.775853
0.786023
0.789391
0.789941
0.789995
0.789989
-0.0616291
-0.0366311
0.0117122
0.0768523
0.151042
0.22977
0.311625
0.395949
0.481768
0.567846
0.642341
0.697649
0.738325
0.768591
0.789107
0.799821
0.8035
0.804154
0.804209
0.804207
-0.0902032
-0.0647901
-0.0148525
0.0528616
0.130231
0.21256
0.298427
0.387137
0.477632
0.56851
0.647194
0.705496
0.74828
0.779973
0.801399
0.812639
0.816576
0.817348
0.817386
0.817377
-0.117131
-0.0912657
-0.0398912
0.030133
0.110314
0.195865
0.285373
0.37813
0.473022
0.568547
0.651345
0.712614
0.757404
0.790455
0.812644
0.824276
0.828421
0.82925
0.829274
0.829249
-0.1428
-0.116496
-0.0637909
0.00829134
0.0909814
0.179422
0.272232
0.368725
0.467784
0.567838
0.654726
0.718954
0.765716
0.799988
0.822814
0.834707
0.838958
0.839814
0.839812
0.839765
-0.167633
-0.140808
-0.0868736
-0.0129297
0.0720073
0.163045
0.258866
0.358813
0.461807
0.566262
0.65727
0.724525
0.773261
0.808672
0.831991
0.844007
0.848257
0.849107
0.849074
0.849006
-0.191763
-0.16441
-0.109313
-0.0336868
0.053261
0.146639
0.245197
0.348321
0.455002
0.563745
0.658934
0.729349
0.78014
0.816648
0.840316
0.852299
0.85649
0.857297
0.857244
0.857155
-0.215312
-0.187404
-0.131219
-0.0540632
0.0346851
0.130158
0.231183
0.33721
0.447336
0.560226
0.659665
0.733452
0.786454
0.824077
0.847979
0.85978
0.863798
0.864523
0.86444
0.864333
-0.238372
-0.209891
-0.152637
-0.0740933
0.0162484
0.113594
0.216832
0.325496
0.438806
0.555661
0.659403
0.736832
0.792323
0.831146
0.855143
0.866572
0.870296
0.870895
0.87077
0.870648
-0.260997
-0.231864
-0.17358
-0.0937758
-0.00202071
0.0969722
0.202185
0.31321
0.429426
0.55002
0.658088
0.739444
0.797827
0.838058
0.862036
0.872839
0.876076
0.876481
0.876318
0.87619
-0.283039
-0.25329
-0.194023
-0.113096
-0.0200918
0.0803547
0.187296
0.300419
0.419245
0.543314
0.655645
0.741207
0.802973
0.845029
0.868998
0.878842
0.881279
0.881373
0.881171
0.881049
-0.30447
-0.27413
-0.21395
-0.132015
-0.0379142
0.0637975
0.172251
0.287195
0.408337
0.535557
0.652013
0.742002
0.807683
0.852197
0.876489
0.885129
0.886225
0.885677
0.885402
0.885336
-0.325344
-0.294355
-0.233337
-0.150501
-0.0554275
0.0473819
0.157136
0.273636
0.396785
0.526801
0.647128
0.741695
0.811768
0.859501
0.884943
0.89265
0.891816
0.889796
0.889125
0.889313
-0.345506
-0.313937
-0.252129
-0.168488
-0.0725729
0.0311916
0.142046
0.259849
0.3847
0.517134
0.640953
0.740124
0.814959
0.866583
0.894385
0.902485
0.900102
0.895527
0.89258
0.891316
-0.365049
-0.332879
-0.27033
-0.186008
-0.0893851
0.0151872
0.126931
0.245778
0.372012
0.506491
0.633332
0.737032
0.817004
0.872921
0.904188
0.914894
0.913254
0.906267
0.896599
0.896778
-0.383887
-0.351249
-0.288075
-0.203257
-0.106158
-0.0009626
0.111375
0.230936
0.358175
0.494245
0.623607
0.731651
0.81744
0.877882
0.912742
0.927697
0.927627
0.916815
0.898503
0.896203
-0.401884
-0.369007
-0.305194
-0.220044
-0.122628
-0.0169561
0.0955865
0.215646
0.343481
0.480631
0.611822
0.723309
0.815448
0.880278
0.915921
0.931279
0.933556
0.908719
0.850739
0.82556
-0.418917
-0.387008
-0.321287
-0.235915
-0.138032
-0.0323131
0.0798441
0.200182
0.328209
0.465822
0.598046
0.711413
0.809992
0.879208
0.908993
0.919132
0.906819
0.85581
0.793803
0.755966
-0.462096
-0.404507
-0.336106
-0.25172
-0.153122
-0.0479839
0.0642855
0.184421
0.312156
0.449467
0.581884
0.695334
0.797199
0.871631
0.889752
0.877897
0.831309
0.766643
0.697813
0.659984
-0.437235
-0.419053
-0.358698
-0.273709
-0.176403
-0.0715118
0.0400378
0.159481
0.286239
0.422054
0.552955
0.664269
0.757648
0.839194
0.823666
0.716129
0.626117
0.56357
0.499736
0.526932
-0.468319
-0.436768
-0.375575
-0.291075
-0.194108
-0.0894007
0.0222967
0.141055
0.266748
0.400734
0.528981
0.636702
0.71951
0.765133
0.71458
0.575924
0.46745
0.394347
0.312429
0.358215
-0.49248
-0.458473
-0.395499
-0.310913
-0.214015
-0.10934
0.00222174
0.120162
0.244459
0.376001
0.500398
0.60215
0.67322
0.681051
0.575584
0.421051
0.29246
0.200425
0.105147
0.136914
-0.516031
-0.480928
-0.416537
-0.331271
-0.234289
-0.12974
-0.0187009
0.0982546
0.220925
0.349613
0.469131
0.562888
0.616875
0.592046
0.43493
0.25844
0.0989076
-0.0346262
-0.158679
-0.145404
-0.539327
-0.503796
-0.438461
-0.352578
-0.255444
-0.151109
-0.0407344
0.0750849
0.195836
0.321244
0.435055
0.520718
0.554045
0.484411
0.296668
0.100021
-0.086846
-0.240593
-0.446048
-0.524796
-0.563051
-0.527538
-0.461628
-0.375295
-0.277982
-0.173819
-0.0640454
0.0506001
0.169301
0.291154
0.398835
0.475061
0.483216
0.361978
0.170696
-0.0380375
-0.23005
-0.392078
-0.516199
-0.634937
-0.588285
-0.552644
-0.4864
-0.399807
-0.302448
-0.198555
-0.089482
0.0238082
0.140106
0.25784
0.358935
0.422485
0.403438
0.245807
0.0529421
-0.149821
-0.325128
-0.42274
-0.449132
-0.462601
-0.615156
-0.579404
-0.51291
-0.426214
-0.328991
-0.225545
-0.117423
-0.005807
0.107626
0.220498
0.314514
0.360716
0.322463
0.134313
-0.0566443
-0.239142
-0.371521
-0.409674
-0.418703
-0.419016
-0.643945
-0.607945
-0.541198
-0.454502
-0.357563
-0.254799
-0.147896
-0.0383059
0.0717876
0.179084
0.264996
0.29505
0.225778
0.0325365
-0.152344
-0.310858
-0.38513
-0.399366
-0.400512
-0.400395
-0.674663
-0.638298
-0.571277
-0.484669
-0.388181
-0.286309
-0.180912
-0.0737131
0.0325995
0.133701
0.210223
0.225879
0.118423
-0.0595569
-0.234576
-0.360424
-0.389263
-0.389841
-0.390299
-0.389868
-0.70705
-0.67029
-0.603046
-0.516631
-0.420758
-0.320026
-0.216451
-0.112014
-0.00988529
0.0844631
0.151411
0.14819
0.0231371
-0.1444
-0.299303
-0.371298
-0.386234
-0.384107
-0.383739
-0.383281
-0.740539
-0.703571
-0.636235
-0.550152
-0.455102
-0.355788
-0.254361
-0.153089
-0.0554583
0.031763
0.0889855
0.0697773
-0.0649243
-0.21883
-0.340847
-0.37863
-0.378539
-0.379534
-0.379463
-0.379108
-0.774679
-0.737598
-0.670348
-0.584802
-0.490848
-0.393264
-0.294357
-0.196663
-0.103857
-0.0234655
0.0215125
-0.00411689
-0.14527
-0.277072
-0.363371
-0.372569
-0.375534
-0.376617
-0.376606
-0.376488
-0.808505
-0.771467
-0.704624
-0.619923
-0.527425
-0.431962
-0.335969
-0.242246
-0.154677
-0.0804057
-0.045974
-0.0784836
-0.214938
-0.323254
-0.369379
-0.380282
-0.37611
-0.374331
-0.373707
-0.37359
-0.840095
-0.803861
-0.738006
-0.654598
-0.564028
-0.471153
-0.378521
-0.289108
-0.20717
-0.13869
-0.108585
-0.155933
-0.2739
-0.368017
-0.388459
-0.384684
-0.377317
-0.37145
-0.369688
-0.369213
-0.868395
-0.833232
-0.769052
-0.687588
-0.599561
-0.509862
-0.421125
-0.336338
-0.260141
-0.197725
-0.170097
-0.222269
-0.318567
-0.398638
-0.421387
-0.401345
-0.382597
-0.373166
-0.370204
-0.368967
-0.89061
-0.857422
-0.795954
-0.717321
-0.632662
-0.546858
-0.462642
-0.382898
-0.312352
-0.255706
-0.231835
-0.273251
-0.34224
-0.400508
-0.405699
-0.408636
-0.40911
-0.404784
-0.400032
-0.397435
-0.904582
-0.874217
-0.816569
-0.741979
-0.66174
-0.580713
-0.501663
-0.427607
-0.362626
-0.310454
-0.28772
-0.318548
-0.34363
-0.380158
-0.389591
-0.418701
-0.439569
-0.440575
-0.436646
-0.435598
-0.90752
-0.881132
-0.8287
-0.759637
-0.685061
-0.609918
-0.536654
-0.468917
-0.409694
-0.362271
-0.333323
-0.366729
-0.353892
-0.33444
-0.367919
-0.406477
-0.424076
-0.42958
-0.432202
-0.433829
-0.897134
-0.875639
-0.830147
-0.768455
-0.70106
-0.632941
-0.566325
-0.504809
-0.45239
-0.411912
-0.370632
-0.42074
-0.431659
-0.38187
-0.419947
-0.439079
-0.443479
-0.447289
-0.449707
-0.450425
-0.870649
-0.854831
-0.818894
-0.767085
-0.708635
-0.648554
-0.58957
-0.533875
-0.488718
-0.455419
-0.423242
-0.47919
-0.616182
-0.687739
-0.664112
-0.57121
-0.512142
-0.491352
-0.484811
-0.48289
-0.83147
-0.821358
-0.795899
-0.7557
-0.707554
-0.656559
-0.605157
-0.555954
-0.514944
-0.491619
-0.478134
-0.526443
-0.632549
-0.811425
-0.705275
-0.546783
-0.483125
-0.454242
-0.443754
-0.440656
-0.78668
-0.78097
-0.766118
-0.737288
-0.69981
-0.657601
-0.613105
-0.56996
-0.531099
-0.508761
-0.488335
-0.451617
-0.30826
-0.175747
-0.0936722
-0.160059
-0.256664
-0.299463
-0.306896
-0.304934
-0.746459
-0.743047
-0.735939
-0.717255
-0.68863
-0.653282
-0.614971
-0.574493
-0.537348
-0.505476
-0.485927
-0.398146
-0.228114
-0.0983211
-0.128727
-0.266652
-0.354441
-0.328323
-0.305839
-0.313971
-0.71701
-0.714999
-0.711278
-0.699968
-0.67778
-0.647499
-0.611951
-0.573234
-0.532141
-0.49721
-0.484472
-0.432914
-0.43249
-0.453612
-0.56938
-0.752939
-0.879918
-0.903772
-0.858901
-0.840266
-0.694911
-0.694147
-0.692836
-0.687089
-0.670342
-0.643013
-0.608093
-0.567157
-0.521666
-0.48133
-0.441468
-0.461197
-0.567816
-0.914259
-1.22392
-1.36499
-1.41517
-1.32651
-1.20589
-1.14795
-0.682005
-0.681744
-0.681091
-0.67832
-0.666298
-0.640436
-0.603599
-0.558488
-0.508812
-0.445847
-0.391277
-0.33978
-0.486372
-0.680626
-0.952627
-1.0532
-0.914513
-0.639472
-0.431371
-0.343116
-0.673352
-0.673099
-0.672456
-0.671447
-0.664165
-0.640067
-0.600099
-0.550653
-0.488251
-0.409755
-0.32171
-0.184908
-0.0385371
0.0834786
0.277212
0.458101
0.749513
0.99549
1.13172
1.178
-0.669236
-0.669043
-0.668603
-0.668367
-0.664445
-0.642788
-0.599381
-0.54176
-0.470776
-0.382937
-0.262625
-0.122882
0.0890328
0.425344
0.893913
1.34949
1.70148
1.91929
2.00576
2.0268
-0.666078
-0.667015
-0.669314
-0.672089
-0.670577
-0.647668
-0.600397
-0.539817
-0.464961
-0.359316
-0.240896
-0.107966
0.117381
0.503606
0.979779
1.40166
1.72001
1.88841
1.95133
1.9642
-0.659999
-0.661434
-0.663444
-0.665341
-0.664252
-0.6433
-0.603
-0.54907
-0.466366
-0.355669
-0.23955
-0.119953
0.047093
0.388951
0.774482
1.10738
1.34724
1.46991
1.51426
1.52346
-0.674306
-0.67371
-0.663669
-0.639841
-0.620967
-0.622727
-0.613675
-0.567413
-0.477884
-0.365193
-0.252955
-0.148812
-0.0292256
0.227867
0.508518
0.748498
0.918978
1.00292
1.03361
1.03761
-0.72269
-0.718874
-0.703568
-0.672788
-0.649629
-0.656006
-0.660045
-0.597248
-0.490875
-0.379012
-0.271089
-0.18462
-0.0883263
0.0867826
0.279373
0.439068
0.544832
0.592571
0.607938
0.610996
-0.817268
-0.820077
-0.839359
-0.864699
-0.863776
-0.844477
-0.777104
-0.643395
-0.506457
-0.390083
-0.291899
-0.220877
-0.146985
-0.0152144
0.097089
0.171271
0.215928
0.24167
0.250112
0.252502
-0.953043
-0.971945
-1.01809
-1.05709
-1.05996
-1.01623
-0.883039
-0.683358
-0.520316
-0.398756
-0.305498
-0.249974
-0.202877
-0.114498
-0.034735
-0.0012056
-0.00304421
-0.00582966
0.00627127
0.0129949
-1.0038
-1.02593
-1.06145
-1.09042
-1.09194
-1.0408
-0.874341
-0.666429
-0.513377
-0.389175
-0.308748
-0.269596
-0.232809
-0.16208
-0.107179
-0.0819855
-0.0745119
-0.0633827
-0.0553006
-0.0522693
-0.875714
-0.895311
-0.928903
-0.960421
-0.965712
-0.904929
-0.742973
-0.587611
-0.456834
-0.353829
-0.299677
-0.262047
-0.249722
-0.176204
-0.116098
-0.0748228
-0.0528946
-0.0380305
-0.0316172
-0.0305748
-0.569965
-0.588645
-0.622729
-0.660538
-0.677102
-0.634892
-0.544204
-0.451263
-0.358367
-0.302572
-0.257175
-0.235747
-0.218871
-0.160475
-0.103614
-0.0672398
-0.033733
-0.0150013
-0.00921432
-0.00948119
-0.215698
-0.22656
-0.249702
-0.282715
-0.309756
-0.315085
-0.309575
-0.287484
-0.262621
-0.228783
-0.201875
-0.178533
-0.154427
-0.110097
-0.0694054
-0.0451488
-0.0214226
-0.00808212
-0.0032071
-0.00388246
0.0345699
0.0293344
0.0142969
-0.0144924
-0.0563012
-0.100961
-0.134785
-0.160375
-0.169051
-0.159755
-0.144725
-0.114874
-0.0904801
-0.0706819
-0.0499113
-0.0333477
-0.0186216
-0.0101489
-0.00857413
-0.00950687
0.143757
0.14103
0.130592
0.10612
0.0656522
0.0146168
-0.0356256
-0.0748043
-0.0992338
-0.105174
-0.0933741
-0.0680622
-0.0445
-0.0412863
-0.0344806
-0.0277092
-0.0195248
-0.014014
-0.012816
-0.0142566
0.16239
0.160644
0.153337
0.135178
0.103645
0.0624064
0.0179518
-0.02276
-0.0527832
-0.0646394
-0.0598248
-0.0359701
-0.0234086
-0.0266653
-0.0299359
-0.0302469
-0.0276154
-0.0275015
-0.0289351
-0.0305767
0.143537
0.142426
0.137539
0.125188
0.103013
0.0723965
0.0372546
0.00285059
-0.0254333
-0.0408445
-0.0390719
-0.0244652
-0.0181478
-0.0310132
-0.0406754
-0.0458643
-0.0498834
-0.05512
-0.0577531
-0.0586266
0.114236
0.113547
0.110353
0.102165
0.0871306
0.0654571
0.038761
0.0106078
-0.0152656
-0.0323948
-0.0361886
-0.0278797
-0.0273011
-0.0456819
-0.0592734
-0.067581
-0.0736258
-0.0791632
-0.0818386
-0.0824201
0.084918
0.0845687
0.0825166
0.0771236
0.066935
0.0515786
0.0315875
0.00887383
-0.0148958
-0.0359799
-0.0495946
-0.0525238
-0.0561343
-0.073831
-0.0857213
-0.0914093
-0.0957164
-0.0996113
-0.101325
-0.101895
0.0596545
0.0593633
0.0579841
0.0543701
0.0473304
0.0362873
0.0210144
0.00209263
-0.020528
-0.0470479
-0.0765872
-0.103763
-0.121891
-0.129739
-0.127743
-0.123392
-0.122466
-0.122048
-0.122223
-0.122724
0.0391517
0.0389776
0.0380362
0.0356045
0.030716
0.0226722
0.0108341
-0.00526028
-0.0271471
-0.0587304
-0.105727
-0.164312
-0.199165
-0.185435
-0.164072
-0.151567
-0.147051
-0.146267
-0.145617
-0.145671
0.0235119
0.0233849
0.0227478
0.0211847
0.0179211
0.0122361
0.00332257
-0.00973526
-0.0296589
-0.0624349
-0.117779
-0.19249
-0.227207
-0.200144
-0.172782
-0.161661
-0.159286
-0.158723
-0.157447
-0.15681
0.0123952
0.0123032
0.0119113
0.0110061
0.00900084
0.00528121
-0.000935405
-0.0106068
-0.0260079
-0.0535937
-0.10172
-0.163599
-0.183519
-0.160086
-0.143607
-0.139901
-0.141241
-0.141948
-0.140745
-0.13983
0.00512817
0.00509712
0.00493318
0.00450942
0.00353975
0.00162266
-0.00173389
-0.00739494
-0.016831
-0.0336312
-0.0623744
-0.0989789
-0.0988348
-0.086758
-0.0807415
-0.0857096
-0.0907882
-0.0927533
-0.0919053
-0.0908898
0.000612818
0.000643282
0.000592483
0.000609566
0.000745875
0.000673099
0.000238246
-0.000615702
-0.00192724
-0.00451793
-0.00837866
-0.012798
-0.0199972
-0.019372
-0.0219591
-0.0205052
-0.0217806
-0.0200628
-0.018952
-0.0187345
-0.0124058
0.177369
0.351846
0.499845
0.618907
0.713478
0.792458
0.856675
0.873185
0.869498
0.280075
0.402234
0.516769
0.616445
0.70057
0.77017
0.825119
0.862287
0.882167
0.898738
0.478512
0.560012
0.640674
0.711572
0.772196
0.822485
0.862062
0.892203
0.914817
0.934057
0.625236
0.68279
0.741296
0.793758
0.839025
0.877549
0.909804
0.93683
0.95719
0.97609
0.742468
0.785906
0.829446
0.870035
0.90615
0.938061
0.965973
0.989587
1.00758
1.02563
0.840753
0.876551
0.911642
0.945514
0.976732
1.00495
1.02986
1.05076
1.06656
1.08404
0.929061
0.961244
0.993553
1.02475
1.0538
1.08022
1.10336
1.12231
1.13624
1.15326
1.01616
1.0488
1.08127
1.11251
1.1413
1.16711
1.18926
1.20679
1.21919
1.23571
1.11064
1.1471
1.18187
1.21436
1.24355
1.26891
1.29004
1.30633
1.31796
1.3341
1.22375
1.26439
1.30141
1.33436
1.36286
1.38686
1.40649
1.42177
1.43368
1.44976
1.36511
1.40622
1.44151
1.4711
1.49631
1.51793
1.53643
1.55192
1.56504
1.58099
1.53671
1.56909
1.59599
1.61832
1.63841
1.65713
1.67487
1.69165
1.70656
1.72229
1.72305
1.74031
1.75744
1.77412
1.79022
1.80496
1.81886
1.83334
1.84858
1.86588
1.90645
1.91641
1.9296
1.94059
1.95
1.95966
1.97027
1.98045
1.98974
2.01541
2.12433
2.11863
2.10569
2.09143
2.08513
2.09085
2.10899
2.13751
2.17128
2.2076
2.42715
2.2912
2.2117
2.16918
2.15185
2.15583
2.18326
2.24113
2.34879
2.5272
0.743023
0.73672
0.728989
0.717872
0.704298
0.691645
0.681243
0.673224
0.667498
0.664157
0.663797
0.666624
0.671853
0.679209
0.688757
0.700586
0.714148
0.727077
0.736066
0.743607
0.652095
0.658014
0.666085
0.672215
0.675281
0.674765
0.671673
0.667671
0.664073
0.661779
0.661638
0.663886
0.667637
0.672082
0.676183
0.678428
0.677354
0.672718
0.665664
0.65783
0.64535
0.647722
0.650988
0.653758
0.656205
0.65839
0.659564
0.659409
0.658463
0.657647
0.657855
0.659266
0.661046
0.662274
0.662198
0.660731
0.658573
0.656212
0.65323
0.650212
0.640568
0.641656
0.643572
0.645907
0.647775
0.649168
0.65038
0.651365
0.651955
0.652324
0.652873
0.653613
0.654079
0.65396
0.653332
0.65241
0.651079
0.649109
0.647002
0.645525
0.635554
0.636188
0.637315
0.63907
0.640909
0.642497
0.643741
0.644796
0.645767
0.646656
0.647436
0.647955
0.648092
0.647886
0.647349
0.646376
0.644949
0.643339
0.642001
0.641199
0.630642
0.631081
0.631868
0.633169
0.634686
0.636243
0.637714
0.638999
0.640141
0.641217
0.642164
0.642765
0.642944
0.64271
0.642046
0.641047
0.639894
0.63875
0.637847
0.637313
0.625822
0.62615
0.626761
0.627827
0.629118
0.63051
0.63198
0.633442
0.63482
0.636109
0.637249
0.637993
0.63822
0.637977
0.63738
0.636597
0.635752
0.634898
0.634236
0.633844
0.62107
0.621325
0.621817
0.622725
0.623892
0.625193
0.626604
0.628118
0.629681
0.631227
0.632615
0.633532
0.633875
0.633778
0.633397
0.632851
0.632219
0.631591
0.631109
0.63081
0.616315
0.616517
0.616927
0.617725
0.618814
0.620067
0.621464
0.623021
0.624724
0.626515
0.628196
0.629376
0.629955
0.630102
0.629962
0.629642
0.629217
0.628781
0.628439
0.628203
0.611473
0.611636
0.611987
0.612712
0.613754
0.614988
0.616415
0.618056
0.619916
0.621964
0.623993
0.625535
0.626442
0.626883
0.626999
0.62691
0.626698
0.626437
0.62621
0.626022
0.606455
0.606587
0.606897
0.607577
0.608603
0.609863
0.611358
0.613127
0.615198
0.617561
0.620015
0.622007
0.623308
0.624088
0.624494
0.624653
0.624653
0.62456
0.624431
0.624279
0.601173
0.60128
0.601563
0.602224
0.603269
0.604597
0.606205
0.608156
0.610506
0.613273
0.616249
0.618781
0.620546
0.621717
0.622452
0.622881
0.623101
0.623178
0.623135
0.623011
0.595532
0.595618
0.595884
0.596552
0.59765
0.599089
0.600864
0.603066
0.605777
0.609049
0.612667
0.615847
0.618162
0.619786
0.620893
0.621638
0.622103
0.62234
0.622373
0.62227
0.589421
0.589488
0.589748
0.590444
0.591633
0.59323
0.595238
0.597771
0.600946
0.604847
0.60925
0.613211
0.616176
0.618332
0.619865
0.620962
0.621698
0.622107
0.622214
0.622128
0.582712
0.58276
0.583023
0.58377
0.58509
0.586901
0.589216
0.592175
0.59593
0.600609
0.605965
0.610866
0.614607
0.617392
0.619425
0.620917
0.621966
0.622562
0.62274
0.622667
0.575249
0.575278
0.57555
0.57637
0.577865
0.579955
0.582664
0.586162
0.590645
0.596279
0.602794
0.608823
0.613486
0.61701
0.619637
0.621602
0.623003
0.623799
0.624049
0.623985
0.566826
0.566844
0.567119
0.568041
0.569766
0.572214
0.575423
0.579597
0.584981
0.591791
0.599711
0.60709
0.612847
0.617245
0.620572
0.623103
0.624904
0.625922
0.626244
0.626187
0.557145
0.557139
0.557467
0.558532
0.560554
0.563458
0.567301
0.57233
0.578842
0.587097
0.596715
0.605703
0.612752
0.618175
0.622324
0.625511
0.627777
0.629038
0.629432
0.629379
0.545909
0.545881
0.546258
0.547516
0.54991
0.553402
0.558058
0.564171
0.572099
0.58214
0.593812
0.604699
0.613252
0.619876
0.62499
0.628931
0.631729
0.633251
0.633715
0.63366
0.532632
0.532581
0.533036
0.534544
0.537425
0.541686
0.547396
0.554903
0.564617
0.576862
0.591002
0.60412
0.614417
0.62242
0.628654
0.633469
0.636856
0.638647
0.639174
0.639112
0.516665
0.516592
0.517171
0.51903
0.522558
0.52784
0.534945
0.544266
0.556255
0.571223
0.588317
0.604029
0.616313
0.625887
0.63339
0.639185
0.643217
0.645276
0.64585
0.645774
0.497055
0.496965
0.497745
0.500114
0.504557
0.511259
0.520266
0.532006
0.546925
0.565255
0.585839
0.604516
0.619031
0.630348
0.639239
0.646133
0.650829
0.653127
0.653723
0.653627
0.472381
0.472289
0.473404
0.476561
0.482379
0.491157
0.502864
0.517902
0.536627
0.559088
0.583728
0.605701
0.622645
0.635853
0.646259
0.654295
0.659634
0.662104
0.662685
0.66256
0.440313
0.440267
0.441986
0.446505
0.454619
0.46663
0.482313
0.501891
0.525488
0.552908
0.582152
0.607716
0.627237
0.642435
0.654412
0.663599
0.669463
0.671994
0.672513
0.672353
0.396695
0.396848
0.399876
0.407217
0.419621
0.436941
0.458512
0.484223
0.513881
0.547065
0.581379
0.610732
0.632899
0.6501
0.663627
0.673868
0.680032
0.682451
0.682856
0.682662
0.333766
0.335084
0.342428
0.356259
0.376512
0.402269
0.432139
0.465631
0.502428
0.542023
0.581711
0.614919
0.639686
0.658804
0.673699
0.684719
0.690874
0.692956
0.693199
0.692991
0.258633
0.261222
0.275481
0.299279
0.330258
0.366031
0.40492
0.44667
0.491092
0.537744
0.583634
0.621574
0.649692
0.671267
0.687823
0.699447
0.705433
0.707289
0.707494
0.707386
0.181727
0.188614
0.210016
0.243802
0.285226
0.330772
0.378674
0.428744
0.48086
0.534646
0.58687
0.62966
0.661183
0.68525
0.703514
0.715572
0.721019
0.722401
0.722536
0.722499
0.119034
0.127769
0.153786
0.194647
0.244304
0.298154
0.354193
0.412092
0.471609
0.532274
0.590525
0.637837
0.672497
0.698758
0.718226
0.730509
0.735747
0.737009
0.737168
0.737187
0.0676887
0.0771373
0.106669
0.152802
0.208663
0.269177
0.332097
0.396904
0.463152
0.53022
0.594194
0.645849
0.683448
0.711786
0.732565
0.745343
0.750489
0.751793
0.752035
0.75209
0.024711
0.0344667
0.0664014
0.11666
0.177613
0.243664
0.312393
0.383197
0.455504
0.528521
0.597912
0.653723
0.69419
0.724537
0.746636
0.76001
0.765439
0.766956
0.767226
0.767302
-0.0123611
-0.00246864
0.0312696
0.0848306
0.15004
0.220846
0.294662
0.370808
0.448614
0.527127
0.601603
0.661405
0.704666
0.736997
0.760456
0.77462
0.780506
0.782132
0.782409
0.782485
-0.0451989
-0.0352525
-9.08842e-05
0.056209
0.125044
0.199983
0.278311
0.359271
0.442112
0.525768
0.605116
0.668734
0.714673
0.748937
0.773681
0.788679
0.795003
0.79679
0.797078
0.797138
-0.0750551
-0.0650657
-0.0287429
0.0299166
0.101893
0.180449
0.262793
0.348147
0.435688
0.524233
0.608259
0.67554
0.724048
0.760099
0.786082
0.801812
0.808626
0.81055
0.810837
0.810876
-0.10287
-0.092818
-0.0554626
0.0052906
0.0800392
0.161793
0.247746
0.33713
0.429057
0.522247
0.610794
0.681688
0.732655
0.770426
0.797521
0.8139
0.821092
0.823136
0.823412
0.823423
-0.129201
-0.119081
-0.0807599
-0.0181202
0.0590798
0.143687
0.232895
0.325957
0.421971
0.519613
0.612615
0.687085
0.740476
0.779861
0.807955
0.824811
0.832252
0.834386
0.834652
0.834631
-0.154509
-0.144244
-0.105018
-0.0406648
0.0387219
0.125884
0.218032
0.314463
0.414305
0.516214
0.613617
0.691693
0.747524
0.788455
0.817396
0.834633
0.842159
0.844296
0.844556
0.844507
-0.179071
-0.168588
-0.128499
-0.0625704
0.018779
0.108225
0.20304
0.302561
0.405957
0.511951
0.61372
0.695491
0.753843
0.79631
0.825994
0.843432
0.850931
0.853025
0.853255
0.853188
-0.202989
-0.192262
-0.151342
-0.0839714
-0.000858125
0.0906401
0.187855
0.29019
0.396872
0.506748
0.612858
0.698472
0.759501
0.803556
0.833895
0.851383
0.858756
0.860751
0.860932
0.860837
-0.226378
-0.215382
-0.173656
-0.104926
-0.0202383
0.0730887
0.172454
0.277334
0.387041
0.500582
0.610967
0.700607
0.76456
0.810348
0.841298
0.858666
0.865763
0.867595
0.867713
0.867594
-0.249239
-0.237988
-0.195456
-0.12546
-0.0393684
0.0555798
0.156864
0.264024
0.376482
0.493434
0.607999
0.701838
0.769061
0.816845
0.848389
0.865432
0.872069
0.873645
0.873673
0.873531
-0.271645
-0.26007
-0.21672
-0.145566
-0.0582292
0.0381452
0.141124
0.250316
0.365237
0.485317
0.603911
0.702092
0.772979
0.823184
0.855443
0.871937
0.877801
0.878961
0.878881
0.878729
-0.293384
-0.281586
-0.23743
-0.165225
-0.0767788
0.0208536
0.1253
0.236273
0.353376
0.47628
0.598669
0.701275
0.776235
0.829429
0.862776
0.878606
0.883275
0.883693
0.883422
0.88328
-0.314608
-0.302485
-0.257558
-0.184415
-0.09499
0.00374284
0.10948
0.221976
0.340981
0.466397
0.592265
0.699284
0.778682
0.8355
0.870647
0.886099
0.889171
0.888182
0.887393
0.887301
-0.335134
-0.322727
-0.277087
-0.203085
-0.112782
-0.013102
0.0937476
0.207545
0.328156
0.455732
0.58472
0.696015
0.780132
0.841147
0.879036
0.895118
0.896868
0.893674
0.891319
0.890915
-0.355065
-0.342338
-0.29596
-0.221179
-0.130117
-0.0296123
0.0781907
0.193059
0.315008
0.444416
0.57609
0.691348
0.780372
0.845972
0.887408
0.905744
0.907937
0.903101
0.897037
0.888205
-0.374283
-0.361308
-0.314265
-0.238862
-0.147218
-0.0460696
0.0624732
0.178116
0.301091
0.431952
0.565867
0.684719
0.779007
0.849716
0.895124
0.917297
0.922571
0.917409
0.90651
0.905106
-0.392748
-0.379715
-0.331998
-0.256075
-0.164068
-0.0624383
0.0466255
0.162698
0.286371
0.418215
0.553868
0.675632
0.775285
0.851589
0.900228
0.92558
0.933287
0.930929
0.896995
0.858331
-0.410225
-0.397422
-0.349087
-0.272702
-0.180656
-0.0787251
0.030651
0.146937
0.270916
0.40324
0.540019
0.663729
0.768065
0.850727
0.900766
0.921824
0.929419
0.909793
0.857479
0.802414
-0.429423
-0.413209
-0.365201
-0.288255
-0.19671
-0.0946879
0.0142013
0.130878
0.254818
0.387134
0.524252
0.648764
0.755503
0.847298
0.895103
0.917003
0.893323
0.846912
0.781881
0.722203
-0.419164
-0.395357
-0.343391
-0.262135
-0.163978
-0.0588693
0.0554652
0.175414
0.302881
0.43982
0.57205
0.685239
0.785721
0.875901
0.900241
0.83408
0.786131
0.724741
0.658668
0.616553
-0.43326
-0.425596
-0.385226
-0.313086
-0.221523
-0.120355
-0.0111859
0.105163
0.228552
0.359953
0.495877
0.619519
0.722969
0.81542
0.877065
0.858515
0.752562
0.676091
0.618569
0.545461
-0.454801
-0.444204
-0.400429
-0.326948
-0.234843
-0.134145
-0.0260421
0.0893234
0.211796
0.34187
0.476156
0.598351
0.698054
0.777603
0.801419
0.717804
0.592942
0.511671
0.447938
0.37329
-0.478259
-0.466475
-0.419579
-0.3452
-0.253163
-0.152273
-0.044115
0.0710097
0.192612
0.321243
0.452734
0.57073
0.661627
0.721571
0.698964
0.570298
0.436236
0.340418
0.263465
0.155703
-0.501534
-0.489692
-0.441018
-0.365459
-0.273384
-0.172422
-0.064392
0.0501663
0.17066
0.297392
0.425397
0.537796
0.619149
0.653866
0.591111
0.421085
0.263509
0.139304
0.0371396
-0.101886
-0.524717
-0.512903
-0.463103
-0.386466
-0.294044
-0.193103
-0.0854746
0.0282233
0.147327
0.271738
0.395701
0.501495
0.573779
0.572044
0.457177
0.27198
0.0861121
-0.078339
-0.218165
-0.4651
-0.548233
-0.53655
-0.486061
-0.408692
-0.31594
-0.214979
-0.107774
0.00502437
0.122586
0.244372
0.363838
0.461797
0.521042
0.487211
0.326303
0.130742
-0.0709558
-0.248268
-0.416666
-0.678106
-0.572672
-0.561109
-0.510262
-0.432407
-0.339411
-0.238438
-0.131624
-0.0197166
0.0962143
0.21513
0.329784
0.419279
0.461214
0.40363
0.206134
0.00510795
-0.193936
-0.363577
-0.449618
-0.498775
-0.598725
-0.587218
-0.536075
-0.45793
-0.364886
-0.264079
-0.157824
-0.0470566
0.0668817
0.182353
0.291503
0.37147
0.39304
0.291839
0.0936514
-0.104639
-0.280875
-0.393038
-0.428869
-0.43486
-0.626577
-0.615066
-0.563612
-0.485272
-0.392315
-0.291866
-0.186404
-0.0770626
0.034479
0.145912
0.248681
0.318694
0.310284
0.179688
-0.0114629
-0.195923
-0.343624
-0.39612
-0.405753
-0.408231
-0.656374
-0.644767
-0.592935
-0.514443
-0.421694
-0.321805
-0.217376
-0.109789
-0.00103853
0.105831
0.201267
0.260624
0.22768
0.0737862
-0.104923
-0.276404
-0.371772
-0.394321
-0.394648
-0.394857
-0.687991
-0.676257
-0.624003
-0.545415
-0.452993
-0.353855
-0.250735
-0.145232
-0.0396609
0.0621247
0.149688
0.195696
0.15306
-0.0224883
-0.186975
-0.332657
-0.383858
-0.386168
-0.386751
-0.38663
-0.721053
-0.709225
-0.656594
-0.57802
-0.486077
-0.387914
-0.286393
-0.183327
-0.0813339
0.0150141
0.0942008
0.128014
0.0694013
-0.106155
-0.258576
-0.359629
-0.382107
-0.381868
-0.381535
-0.381174
-0.755098
-0.743208
-0.690315
-0.611906
-0.520639
-0.423721
-0.324115
-0.223865
-0.125863
-0.0350517
0.0350826
0.0575603
-0.0233917
-0.180221
-0.313015
-0.362018
-0.375039
-0.37706
-0.378016
-0.377957
-0.789351
-0.777499
-0.724514
-0.646491
-0.556185
-0.460841
-0.363528
-0.266481
-0.1729
-0.0876674
-0.0258783
-0.0194118
-0.10728
-0.242538
-0.343771
-0.379508
-0.37602
-0.375881
-0.375565
-0.375412
-0.822719
-0.810997
-0.758222
-0.680925
-0.591982
-0.498633
-0.404038
-0.310586
-0.221812
-0.142462
-0.0863327
-0.0926528
-0.182479
-0.298848
-0.368944
-0.380863
-0.378534
-0.374247
-0.372219
-0.371748
-0.853218
-0.841949
-0.790073
-0.71406
-0.627025
-0.536206
-0.444845
-0.355409
-0.271682
-0.198504
-0.146768
-0.157673
-0.247235
-0.345081
-0.401621
-0.399936
-0.386073
-0.373956
-0.369018
-0.367901
-0.879333
-0.868784
-0.818406
-0.744375
-0.660003
-0.572398
-0.484885
-0.399985
-0.321417
-0.254362
-0.208234
-0.215416
-0.294163
-0.371555
-0.412256
-0.413084
-0.396633
-0.387593
-0.382155
-0.379464
-0.898386
-0.888794
-0.841011
-0.770009
-0.689326
-0.605812
-0.522845
-0.44312
-0.369928
-0.308665
-0.266378
-0.270185
-0.321976
-0.371557
-0.394083
-0.405801
-0.426094
-0.430969
-0.425325
-0.420573
-0.90811
-0.899462
-0.855441
-0.78894
-0.713197
-0.634871
-0.557277
-0.483291
-0.41607
-0.360347
-0.317977
-0.322848
-0.347787
-0.345223
-0.368479
-0.396429
-0.425928
-0.435639
-0.435733
-0.435362
-0.904624
-0.897287
-0.859698
-0.799124
-0.72978
-0.657945
-0.586764
-0.518792
-0.458349
-0.408293
-0.366553
-0.367858
-0.396966
-0.344457
-0.34271
-0.393687
-0.419328
-0.429084
-0.434526
-0.437138
-0.88577
-0.880752
-0.851353
-0.798916
-0.737638
-0.673644
-0.609911
-0.548433
-0.494446
-0.451213
-0.418837
-0.41509
-0.489855
-0.517166
-0.519211
-0.510802
-0.484828
-0.472498
-0.470031
-0.469048
-0.852201
-0.848671
-0.828769
-0.787441
-0.736098
-0.681325
-0.625559
-0.571495
-0.522388
-0.487366
-0.465001
-0.478613
-0.566033
-0.7769
-0.836915
-0.688253
-0.562477
-0.506359
-0.486397
-0.479888
-0.809005
-0.806809
-0.795632
-0.766907
-0.726359
-0.681287
-0.633827
-0.586557
-0.542514
-0.510703
-0.496957
-0.501528
-0.486884
-0.520593
-0.480876
-0.374844
-0.372127
-0.385707
-0.381872
-0.378068
-0.765177
-0.763903
-0.758612
-0.741882
-0.712203
-0.675359
-0.635617
-0.593467
-0.553774
-0.51917
-0.502005
-0.462569
-0.315455
-0.069537
0.0505777
-0.0277439
-0.153561
-0.224451
-0.250551
-0.257935
-0.730022
-0.729341
-0.726712
-0.717254
-0.696691
-0.667272
-0.632352
-0.594499
-0.554127
-0.518905
-0.494528
-0.45789
-0.376077
-0.309733
-0.275589
-0.40806
-0.545301
-0.576876
-0.540852
-0.518779
-0.704962
-0.704253
-0.702778
-0.698786
-0.684719
-0.660322
-0.627998
-0.590552
-0.549992
-0.50725
-0.470383
-0.464604
-0.438499
-0.602723
-0.840463
-1.00676
-1.14266
-1.20477
-1.16534
-1.10228
-0.687808
-0.687554
-0.686955
-0.684993
-0.676834
-0.656035
-0.624462
-0.585565
-0.54034
-0.487708
-0.449011
-0.398839
-0.497448
-0.737718
-1.1122
-1.39152
-1.45707
-1.3
-1.08519
-0.939163
-0.67717
-0.67712
-0.676717
-0.676018
-0.671981
-0.654469
-0.622498
-0.579591
-0.526413
-0.467061
-0.390948
-0.305187
-0.234407
-0.277179
-0.310011
-0.322678
-0.216494
0.0594762
0.28709
0.409188
-0.670718
-0.670605
-0.670061
-0.669316
-0.667821
-0.655165
-0.622806
-0.573221
-0.514774
-0.441183
-0.341884
-0.225927
-0.0469503
0.170483
0.480842
0.846826
1.20727
1.5003
1.66437
1.72632
-0.668112
-0.668209
-0.668629
-0.66937
-0.669149
-0.660155
-0.624667
-0.570762
-0.505835
-0.419708
-0.31268
-0.18682
-0.0103132
0.279574
0.750717
1.23276
1.6323
1.90896
2.03377
2.07186
-0.662196
-0.663187
-0.665493
-0.669579
-0.673311
-0.663511
-0.625727
-0.57388
-0.506137
-0.414038
-0.298519
-0.173851
-0.0276239
0.251853
0.679141
1.09603
1.43333
1.64166
1.73364
1.76007
-0.662114
-0.663247
-0.662923
-0.656788
-0.647789
-0.640424
-0.621315
-0.585962
-0.518528
-0.418709
-0.301724
-0.188073
-0.0732157
0.142505
0.480557
0.786688
1.03918
1.19073
1.25587
1.27462
-0.694656
-0.694363
-0.687021
-0.660569
-0.622905
-0.612087
-0.632836
-0.613235
-0.536727
-0.428538
-0.31494
-0.215104
-0.118959
0.0300255
0.278319
0.495212
0.667731
0.76537
0.805822
0.814552
-0.763179
-0.759714
-0.757479
-0.751696
-0.746773
-0.73558
-0.734457
-0.672393
-0.557909
-0.439394
-0.333362
-0.238888
-0.162956
-0.046644
0.106918
0.242664
0.341404
0.393554
0.415034
0.421476
-0.88851
-0.888742
-0.915576
-0.960365
-0.98456
-0.967777
-0.903284
-0.756072
-0.583918
-0.453646
-0.345223
-0.265029
-0.212828
-0.12327
-0.0138878
0.0541756
0.0806462
0.09885
0.104758
0.111011
-0.996186
-1.00409
-1.03976
-1.08094
-1.10082
-1.08077
-0.990114
-0.786283
-0.595224
-0.456146
-0.348154
-0.281274
-0.242237
-0.184903
-0.109494
-0.0635533
-0.0572361
-0.0596647
-0.0476769
-0.0407438
-0.962789
-0.97244
-1.00018
-1.03311
-1.05201
-1.03201
-0.920307
-0.717989
-0.560663
-0.427499
-0.338073
-0.280577
-0.264026
-0.209892
-0.139706
-0.097972
-0.0726205
-0.0585427
-0.0486422
-0.0446871
-0.735878
-0.747592
-0.776657
-0.815287
-0.843376
-0.824416
-0.719693
-0.586754
-0.466197
-0.364724
-0.301865
-0.263883
-0.249108
-0.206608
-0.144643
-0.0889607
-0.0577387
-0.0322564
-0.0217753
-0.0189009
-0.384401
-0.393199
-0.415235
-0.449334
-0.480452
-0.484777
-0.450199
-0.398828
-0.337063
-0.285686
-0.248589
-0.219027
-0.203495
-0.15776
-0.1088
-0.0707085
-0.0399357
-0.0157921
-0.00517595
-0.00358805
-0.0703386
-0.0748373
-0.0873788
-0.112237
-0.147822
-0.180255
-0.202126
-0.215558
-0.2178
-0.205509
-0.182868
-0.160652
-0.135526
-0.107171
-0.0699511
-0.0481742
-0.0278319
-0.0131167
-0.00702024
-0.00608012
0.105523
0.103306
0.0962221
0.0769902
0.0420944
-0.00698038
-0.0575152
-0.0973855
-0.124478
-0.132855
-0.125969
-0.105405
-0.0743866
-0.0629099
-0.0479473
-0.037244
-0.0243323
-0.0146814
-0.0101278
-0.0105586
0.16101
0.159804
0.155192
0.140741
0.111661
0.0688695
0.0204936
-0.0257851
-0.0615141
-0.081062
-0.0812355
-0.0612908
-0.0386412
-0.0315929
-0.029804
-0.0293057
-0.0241453
-0.0192949
-0.0180195
-0.0194218
0.155686
0.155015
0.151904
0.141905
0.121071
0.0891959
0.0508373
0.0109204
-0.0236901
-0.0458392
-0.0505421
-0.0402277
-0.0205798
-0.0237725
-0.0302696
-0.0349483
-0.03707
-0.0394409
-0.0423837
-0.0440345
0.129369
0.129056
0.127024
0.120389
0.106307
0.0839657
0.055174
0.0236336
-0.00609502
-0.0282949
-0.0376066
-0.0314196
-0.019001
-0.0284912
-0.0441081
-0.0544591
-0.0599224
-0.0648284
-0.0693756
-0.0709599
0.0992152
0.0991584
0.0978526
0.0935225
0.0841373
0.0687501
0.0478631
0.0233291
-0.00226585
-0.0246575
-0.0384284
-0.0403935
-0.0341447
-0.0460576
-0.0643703
-0.0746958
-0.0811636
-0.0876607
-0.0913188
-0.0922948
0.0716511
0.0716059
0.0707881
0.0679353
0.0616273
0.0509306
0.0356422
0.0164761
-0.00548758
-0.029135
-0.0515172
-0.0692416
-0.0777642
-0.0934997
-0.10358
-0.106477
-0.107609
-0.109409
-0.110808
-0.111404
0.0487219
0.0487618
0.0481555
0.0462371
0.0419215
0.0343254
0.0229127
0.0074582
-0.012328
-0.0375946
-0.0708786
-0.112761
-0.152109
-0.163893
-0.153856
-0.142625
-0.136694
-0.134484
-0.134183
-0.134249
0.0306788
0.0307229
0.030307
0.0290552
0.0261455
0.0208095
0.0123232
-2.37611e-05
-0.0176179
-0.0433039
-0.0849513
-0.149339
-0.21239
-0.214773
-0.18558
-0.165714
-0.15771
-0.156012
-0.155004
-0.154178
0.0173787
0.017418
0.0171447
0.0163484
0.0145222
0.010976
0.00497672
-0.00435903
-0.0184895
-0.0420415
-0.0831319
-0.150227
-0.210311
-0.202009
-0.173781
-0.158423
-0.154424
-0.15454
-0.153623
-0.152376
0.00833626
0.00837815
0.00821669
0.00778829
0.00679988
0.00475673
0.00108056
-0.00499951
-0.0148837
-0.0317745
-0.0620254
-0.111352
-0.146426
-0.134262
-0.118562
-0.113024
-0.117277
-0.120766
-0.120845
-0.11965
0.000639518
0.000618007
0.000585383
0.000683281
0.000741151
0.000510642
-0.000139208
-0.00123262
-0.00293464
-0.00652952
-0.0101209
-0.0168135
-0.0207868
-0.022182
-0.0212418
-0.021369
-0.0208946
-0.0192752
-0.0188837
-0.0566909
-0.646971
-0.211534
0.12458
0.344423
0.50678
0.631774
0.729501
0.810999
0.897782
0.950285
0.0617663
0.227776
0.372687
0.503374
0.613531
0.70393
0.777761
0.835965
0.867816
0.875085
0.344538
0.436065
0.535707
0.625781
0.703218
0.768367
0.820911
0.859956
0.886692
0.906603
0.524305
0.590153
0.659525
0.724386
0.780789
0.828651
0.867942
0.899651
0.924919
0.944653
0.662308
0.710988
0.761759
0.810046
0.852939
0.890289
0.922511
0.950169
0.972775
0.990268
0.773503
0.813716
0.851946
0.88956
0.924579
0.956119
0.98413
1.00846
1.02801
1.04412
0.870233
0.902264
0.935863
0.968544
0.99956
1.02811
1.05366
1.07569
1.093
1.10759
0.958388
0.988272
1.02039
1.05195
1.08185
1.10932
1.13369
1.15426
1.16978
1.1831
1.04688
1.07902
1.11306
1.14573
1.17617
1.20357
1.22731
1.24675
1.26094
1.27336
1.14751
1.18378
1.22144
1.25599
1.28703
1.31402
1.33665
1.35478
1.36813
1.38063
1.27267
1.3117
1.35139
1.38566
1.41513
1.44012
1.461
1.47805
1.49147
1.5049
1.43168
1.4674
1.50261
1.53121
1.5554
1.57676
1.59597
1.61324
1.62818
1.64263
1.61973
1.64209
1.66576
1.68561
1.70392
1.7213
1.73783
1.75423
1.77044
1.78603
1.81226
1.82042
1.83424
1.8491
1.86355
1.8765
1.88816
1.8994
1.91112
1.92722
2.0078
2.00773
2.01776
2.02124
2.02222
2.02662
2.03713
2.05205
2.06639
2.0808
2.30494
2.24943
2.19492
2.15528
2.13303
2.12892
2.14244
2.17624
2.23409
2.31444
0.865113
0.812621
0.769737
0.736727
0.712984
0.695866
0.68343
0.674434
0.668222
0.664647
0.664245
0.667194
0.67275
0.680789
0.691747
0.706582
0.726909
0.755087
0.793121
0.842475
0.676209
0.685156
0.691913
0.692157
0.687454
0.680674
0.673941
0.668331
0.664398
0.662695
0.663905
0.667591
0.673003
0.679683
0.686931
0.693232
0.695985
0.692537
0.683452
0.677134
0.648883
0.651086
0.655945
0.660086
0.663629
0.665662
0.665485
0.663697
0.661477
0.659909
0.659934
0.661772
0.664526
0.667216
0.668713
0.668056
0.665316
0.661596
0.6572
0.652541
0.64369
0.644647
0.647144
0.649598
0.65148
0.653128
0.654507
0.655214
0.655227
0.655082
0.655471
0.656498
0.657484
0.657781
0.657154
0.655931
0.654444
0.652468
0.649985
0.647879
0.638368
0.638847
0.640294
0.642373
0.644289
0.645755
0.646903
0.647924
0.648784
0.649485
0.650163
0.650737
0.650947
0.650731
0.650197
0.649316
0.647905
0.646048
0.644353
0.643294
0.633308
0.633606
0.634528
0.636015
0.637696
0.639315
0.640699
0.641854
0.6429
0.643893
0.644758
0.645298
0.645448
0.64524
0.644634
0.643602
0.642281
0.640926
0.639846
0.639204
0.628382
0.628594
0.629283
0.630451
0.631838
0.63331
0.634802
0.636197
0.637456
0.638628
0.639664
0.640336
0.640538
0.640282
0.639623
0.63872
0.637734
0.636746
0.635975
0.635522
0.623565
0.623726
0.624272
0.625253
0.626473
0.627815
0.629254
0.63075
0.632229
0.633645
0.634903
0.635726
0.635996
0.635807
0.635312
0.63465
0.633915
0.633177
0.632611
0.63227
0.618794
0.618921
0.619368
0.620215
0.621339
0.622616
0.624016
0.625548
0.627181
0.628851
0.63038
0.631415
0.631861
0.631878
0.631618
0.631186
0.630654
0.630122
0.629715
0.62945
0.613985
0.614088
0.614465
0.615222
0.616285
0.617527
0.618937
0.62053
0.622305
0.624219
0.626065
0.627415
0.628149
0.628437
0.628424
0.628217
0.627895
0.627546
0.627265
0.627055
0.60905
0.609134
0.609462
0.61016
0.611191
0.612437
0.613896
0.615594
0.617551
0.619747
0.621977
0.623733
0.624828
0.625431
0.625691
0.625721
0.625612
0.625434
0.625258
0.62509
0.603898
0.603968
0.604262
0.604928
0.605959
0.607253
0.608802
0.610654
0.612853
0.615405
0.618106
0.620356
0.621878
0.622846
0.623416
0.623705
0.623814
0.6238
0.623715
0.623578
0.598437
0.598496
0.598768
0.599427
0.600495
0.60188
0.603568
0.605634
0.608153
0.611156
0.614437
0.617278
0.619305
0.620692
0.621613
0.622189
0.622528
0.622681
0.622677
0.622565
0.592566
0.592615
0.592876
0.593552
0.594691
0.59621
0.598097
0.600452
0.60338
0.606949
0.610939
0.614492
0.617117
0.618993
0.620314
0.621228
0.621818
0.622136
0.622206
0.622112
0.586164
0.586204
0.586464
0.587178
0.588427
0.590133
0.592289
0.595021
0.598468
0.602736
0.607591
0.612001
0.615337
0.617792
0.619574
0.620859
0.621734
0.622234
0.622378
0.622299
0.579091
0.579121
0.579387
0.580162
0.581562
0.583515
0.586021
0.589232
0.59333
0.598461
0.604369
0.609807
0.613987
0.617124
0.619456
0.621169
0.622372
0.623066
0.623281
0.623214
0.571168
0.571187
0.571465
0.572324
0.573924
0.576197
0.579147
0.582961
0.587867
0.594057
0.601241
0.607916
0.613102
0.617042
0.620022
0.622249
0.623825
0.624731
0.625019
0.62496
0.562155
0.562177
0.56248
0.563439
0.565298
0.56798
0.571493
0.576067
0.581982
0.589475
0.598203
0.606353
0.612728
0.617615
0.621356
0.624187
0.626196
0.627336
0.627698
0.627644
0.551745
0.551757
0.552103
0.553213
0.555408
0.558616
0.562846
0.56838
0.575556
0.584654
0.59525
0.60515
0.612924
0.618923
0.623554
0.627082
0.629593
0.630987
0.63142
0.631367
0.539564
0.539568
0.539953
0.54126
0.543894
0.547783
0.552935
0.559697
0.568464
0.579548
0.592397
0.604355
0.61375
0.621036
0.626713
0.631046
0.634119
0.635782
0.636283
0.636226
0.52506
0.525058
0.525508
0.527079
0.530286
0.535069
0.541432
0.549777
0.560555
0.574087
0.589639
0.604009
0.615272
0.624031
0.630912
0.63616
0.639855
0.641789
0.642347
0.642281
0.507455
0.507446
0.50799
0.509945
0.513947
0.519946
0.527928
0.538362
0.551718
0.568277
0.587044
0.604194
0.61757
0.627993
0.636198
0.642482
0.646842
0.649034
0.64963
0.649546
0.485593
0.485577
0.48628
0.488826
0.493989
0.501719
0.511951
0.5252
0.541895
0.562187
0.584728
0.605014
0.620726
0.632972
0.642641
0.650039
0.655063
0.657468
0.658069
0.65796
0.457694
0.457672
0.458661
0.462195
0.469194
0.479528
0.493018
0.510139
0.531152
0.555985
0.58286
0.606598
0.62482
0.639014
0.650227
0.658789
0.664412
0.666942
0.667506
0.667363
0.420702
0.420689
0.422306
0.427743
0.438001
0.452482
0.470815
0.493238
0.519712
0.549918
0.581646
0.609087
0.629935
0.646142
0.658942
0.668603
0.674673
0.677191
0.677665
0.677484
0.368816
0.369012
0.37268
0.382524
0.398887
0.420194
0.445587
0.474991
0.508098
0.544416
0.581391
0.612676
0.636165
0.654339
0.668632
0.679255
0.685506
0.687833
0.68817
0.687953
0.294721
0.297019
0.307812
0.32697
0.353352
0.384246
0.418616
0.456226
0.496787
0.539813
0.582438
0.617832
0.644164
0.664493
0.68033
0.691689
0.697908
0.699967
0.700178
0.699958
0.216469
0.221901
0.241122
0.27038
0.307452
0.348271
0.391687
0.437608
0.485884
0.536115
0.585202
0.625612
0.65548
0.678395
0.696031
0.707989
0.713838
0.715467
0.715585
0.715445
0.148063
0.154451
0.179873
0.217868
0.264209
0.314135
0.366232
0.420301
0.476171
0.53344
0.588715
0.633796
0.666926
0.692174
0.711181
0.723377
0.728739
0.730087
0.730206
0.730128
0.0921052
0.0990401
0.128531
0.172654
0.225924
0.283276
0.342891
0.40436
0.467329
0.531251
0.592394
0.641896
0.678046
0.705394
0.725631
0.73822
0.743517
0.744783
0.744921
0.744876
0.0457035
0.0529658
0.0851297
0.133955
0.192713
0.256102
0.322022
0.389915
0.459258
0.529352
0.596075
0.649831
0.688873
0.718249
0.739785
0.752969
0.758469
0.759778
0.759906
0.759888
0.00626711
0.0137066
0.0476956
0.100186
0.163519
0.232027
0.303363
0.376903
0.452021
0.527836
0.599801
0.657625
0.699504
0.730863
0.75374
0.767665
0.773546
0.77491
0.775068
0.775065
-0.028223
-0.0206808
0.014664
0.0701319
0.137325
0.210265
0.286394
0.365002
0.445367
0.526484
0.603414
0.665148
0.709762
0.743085
0.76726
0.78199
0.78829
0.78979
0.789988
0.789993
-0.0592656
-0.0516275
-0.0151678
0.0428048
0.113325
0.190128
0.27051
0.353709
0.438936
0.525064
0.606774
0.672235
0.719475
0.754654
0.780097
0.795563
0.802263
0.80398
0.804204
0.804207
-0.0878334
-0.0801053
-0.0426936
0.0174329
0.0908715
0.171071
0.25526
0.34267
0.432442
0.523334
0.609631
0.678722
0.72847
0.765398
0.791982
0.808167
0.815223
0.817142
0.817393
0.817379
-0.11471
-0.10688
-0.0685725
-0.00653371
0.0695024
0.152723
0.240338
0.3316
0.425602
0.521037
0.611819
0.684504
0.736682
0.775276
0.80291
0.81963
0.826984
0.829032
0.82929
0.829256
-0.140364
-0.13241
-0.0932523
-0.0294729
0.0488695
0.134789
0.225497
0.320279
0.418237
0.518033
0.613241
0.689504
0.744112
0.784279
0.812825
0.829957
0.837477
0.839595
0.83984
0.839782
-0.165141
-0.157021
-0.117059
-0.051676
0.028732
0.117066
0.210578
0.308587
0.410238
0.514212
0.6138
0.69371
0.750786
0.792485
0.82182
0.839222
0.846779
0.848894
0.849118
0.849032
-0.1892
-0.180921
-0.140176
-0.0733181
0.0089484
0.0994493
0.195491
0.296453
0.401523
0.509482
0.613427
0.6971
0.756765
0.800017
0.830044
0.847547
0.855042
0.8571
0.857299
0.857191
-0.212688
-0.204236
-0.162706
-0.094494
-0.0105569
0.0818784
0.180195
0.283836
0.392066
0.503799
0.612058
0.699661
0.762114
0.807014
0.83767
0.855137
0.862423
0.864359
0.864505
0.864378
-0.235695
-0.227048
-0.18472
-0.115242
-0.0298163
0.0643442
0.164695
0.270749
0.38186
0.497137
0.609629
0.701349
0.766893
0.813639
0.844886
0.862129
0.869043
0.870778
0.87085
0.870699
-0.258215
-0.249356
-0.206233
-0.135564
-0.0488215
0.0468676
0.149017
0.257227
0.370948
0.489505
0.606105
0.702102
0.771108
0.820044
0.851919
0.868723
0.875029
0.876431
0.876408
0.876243
-0.280187
-0.271125
-0.227204
-0.155452
-0.0675353
0.0294883
0.13323
0.243336
0.359387
0.48092
0.601443
0.701834
0.77471
0.826333
0.859072
0.875238
0.880573
0.881428
0.881266
0.8811
-0.301565
-0.292304
-0.247611
-0.174886
-0.0859211
0.0122749
0.117396
0.229157
0.347246
0.471448
0.595617
0.700442
0.777584
0.832511
0.866653
0.882222
0.886131
0.885958
0.885497
0.885361
-0.322356
-0.312871
-0.267433
-0.193821
-0.103936
-0.00470203
0.101604
0.214781
0.33462
0.461158
0.588641
0.697825
0.779558
0.838413
0.874813
0.890407
0.892709
0.890686
0.889304
0.889171
-0.342458
-0.332762
-0.28664
-0.212214
-0.121511
-0.0213897
0.0859414
0.200302
0.321614
0.450149
0.580535
0.693871
0.780432
0.843705
0.883297
0.900293
0.901965
0.89771
0.893837
0.891747
-0.361919
-0.352013
-0.305203
-0.230066
-0.138679
-0.0378069
0.0703867
0.185688
0.308199
0.438388
0.571232
0.688344
0.779961
0.848034
0.891447
0.911547
0.915012
0.910105
0.901927
0.890424
-0.380716
-0.370679
-0.323234
-0.247556
-0.155687
-0.0542607
0.0545613
0.170472
0.293832
0.425242
0.560096
0.680514
0.777524
0.850967
0.898155
0.922172
0.929164
0.923344
0.91305
0.885012
-0.398916
-0.388796
-0.340661
-0.2645
-0.172378
-0.0705653
0.0386766
0.154879
0.278751
0.4109
0.547193
0.670064
0.772249
0.851584
0.901166
0.92561
0.933159
0.926911
0.880285
0.829995
-0.418143
-0.405462
-0.357341
-0.280783
-0.188902
-0.0868516
0.022493
0.138926
0.262928
0.395297
0.532349
0.656614
0.762606
0.849247
0.898271
0.91232
0.916142
0.884537
0.824718
0.767258
-0.441573
-0.437721
-0.378331
-0.294264
-0.202587
-0.100772
0.0063036
0.123236
0.247045
0.379205
0.516143
0.640597
0.747298
0.846193
0.87031
0.883456
0.856527
0.799415
0.732163
0.670137
-0.420038
-0.412188
-0.353123
-0.269269
-0.171623
-0.0666231
0.0454731
0.16523
0.292373
0.428789
0.560526
0.672908
0.770751
0.861761
0.866928
0.780028
0.707373
0.648402
0.583603
0.458963
-0.454931
-0.427243
-0.366549
-0.281732
-0.184635
-0.0798453
0.0317542
0.150869
0.277156
0.412152
0.541869
0.651702
0.739265
0.804113
0.772134
0.648634
0.54781
0.480243
0.408881
0.272151
-0.480783
-0.447485
-0.385356
-0.300919
-0.203993
-0.0993195
0.0123728
0.130738
0.255762
0.388567
0.515032
0.619986
0.697634
0.724839
0.645975
0.499622
0.383237
0.303108
0.211909
0.0271292
-0.504582
-0.469775
-0.405967
-0.32104
-0.224107
-0.119478
-0.00813172
0.109336
0.232846
0.363008
0.485077
0.582909
0.646154
0.636846
0.505567
0.339947
0.196933
0.0877591
-0.0221149
-0.300139
-0.527949
-0.492391
-0.4274
-0.341767
-0.244712
-0.140259
-0.0295525
0.086849
0.208596
0.335689
0.452439
0.542042
0.586133
0.542701
0.365036
0.178071
-0.000628704
-0.145395
-0.325242
-0.684426
-0.55133
-0.515674
-0.449928
-0.363768
-0.266532
-0.162293
-0.0522326
0.0629922
0.182728
0.306367
0.417121
0.49824
0.520275
0.42189
0.231771
0.0275216
-0.163238
-0.330042
-0.521649
-0.863239
-0.575851
-0.540059
-0.473865
-0.387329
-0.289957
-0.185907
-0.0764665
0.0375439
0.155096
0.274975
0.379401
0.449454
0.443996
0.303516
0.110791
-0.0973365
-0.285353
-0.418332
-0.474429
-0.51354
-0.601905
-0.565996
-0.499513
-0.412797
-0.315463
-0.211773
-0.103139
0.00935723
0.124272
0.239663
0.337278
0.392478
0.363069
0.189106
-0.00350412
-0.195637
-0.3509
-0.413556
-0.432434
-0.435668
-0.629786
-0.593662
-0.52693
-0.440153
-0.34303
-0.239894
-0.132346
-0.0217045
0.0901198
0.200274
0.290368
0.32801
0.277264
0.0821499
-0.105953
-0.277086
-0.384869
-0.402626
-0.4077
-0.407929
-0.659636
-0.623143
-0.556146
-0.469382
-0.372625
-0.27028
-0.164096
-0.0556561
0.0526003
0.156862
0.23811
0.261498
0.171398
-0.0145977
-0.195038
-0.33821
-0.387304
-0.394636
-0.39489
-0.394596
-0.691328
-0.654382
-0.58712
-0.500475
-0.404238
-0.302909
-0.198382
-0.0925149
0.011745
0.10953
0.181034
0.187624
0.069271
-0.102929
-0.268178
-0.372264
-0.386397
-0.386513
-0.386778
-0.386428
-0.724414
-0.687126
-0.619674
-0.533263
-0.437734
-0.337677
-0.235135
-0.132233
-0.0323143
0.058476
0.120495
0.108976
-0.0218207
-0.182304
-0.322741
-0.371402
-0.382424
-0.3817
-0.381363
-0.380978
-0.758517
-0.720941
-0.653425
-0.567424
-0.47284
-0.374351
-0.274138
-0.174607
-0.0793424
0.00437188
0.055517
0.0316921
-0.106386
-0.249089
-0.353243
-0.375455
-0.375917
-0.377772
-0.378042
-0.377852
-0.792691
-0.755173
-0.687747
-0.602421
-0.509088
-0.412516
-0.315016
-0.219267
-0.129029
-0.0517769
-0.0130949
-0.0403497
-0.18154
-0.29892
-0.368118
-0.376506
-0.375987
-0.375724
-0.375458
-0.375406
-0.82579
-0.788761
-0.721735
-0.637464
-0.545798
-0.45157
-0.357197
-0.265593
-0.180815
-0.109444
-0.0781502
-0.117656
-0.245706
-0.344523
-0.373228
-0.380684
-0.376212
-0.37293
-0.371881
-0.371695
-0.856302
-0.820179
-0.754143
-0.671485
-0.582021
-0.490662
-0.39991
-0.312765
-0.233708
-0.168245
-0.139399
-0.191298
-0.297794
-0.384681
-0.407402
-0.393331
-0.379193
-0.370648
-0.368297
-0.367534
-0.882188
-0.847759
-0.783354
-0.703067
-0.616527
-0.528685
-0.442138
-0.359802
-0.286437
-0.227106
-0.20174
-0.249434
-0.332799
-0.401786
-0.418138
-0.405064
-0.391335
-0.384476
-0.380574
-0.37857
-0.901033
-0.869029
-0.807362
-0.730492
-0.64783
-0.564298
-0.482607
-0.405613
-0.337824
-0.283595
-0.261208
-0.295971
-0.343824
-0.392152
-0.396623
-0.416526
-0.430878
-0.428674
-0.422332
-0.419941
-0.910382
-0.881385
-0.823953
-0.751862
-0.674249
-0.596022
-0.519795
-0.448869
-0.386661
-0.336623
-0.312233
-0.341747
-0.341423
-0.359216
-0.378927
-0.413366
-0.432861
-0.436254
-0.435246
-0.435832
-0.90724
-0.882328
-0.831151
-0.765198
-0.694074
-0.622329
-0.552254
-0.487722
-0.431704
-0.387462
-0.353253
-0.393175
-0.378169
-0.322534
-0.370001
-0.409755
-0.425157
-0.432139
-0.436178
-0.437597
-0.887822
-0.869578
-0.827027
-0.768974
-0.70593
-0.641759
-0.578862
-0.520224
-0.471622
-0.434695
-0.40241
-0.448495
-0.513743
-0.511689
-0.521803
-0.497102
-0.476296
-0.470879
-0.469438
-0.468915
-0.853929
-0.841529
-0.81011
-0.762543
-0.709031
-0.653494
-0.598449
-0.545773
-0.503197
-0.474722
-0.460013
-0.509705
-0.665814
-0.842267
-0.775543
-0.614563
-0.527467
-0.493626
-0.482122
-0.479006
-0.810403
-0.802903
-0.783389
-0.747556
-0.704151
-0.657913
-0.609951
-0.564205
-0.524247
-0.503771
-0.489299
-0.504869
-0.490855
-0.523713
-0.416471
-0.364157
-0.381724
-0.384745
-0.379692
-0.376836
-0.766188
-0.76216
-0.751951
-0.728312
-0.694441
-0.655942
-0.614713
-0.573155
-0.535599
-0.508989
-0.484114
-0.412607
-0.190943
0.0105316
0.0323219
-0.0959355
-0.193492
-0.243086
-0.254873
-0.259405
-0.730622
-0.728488
-0.723231
-0.708279
-0.68295
-0.650164
-0.613861
-0.574468
-0.536094
-0.501014
-0.490074
-0.417946
-0.347796
-0.273562
-0.324117
-0.487315
-0.575249
-0.56163
-0.524451
-0.522832
-0.704692
-0.703624
-0.701483
-0.693178
-0.673616
-0.645004
-0.609923
-0.570984
-0.527128
-0.49196
-0.463349
-0.427483
-0.498678
-0.722442
-0.932714
-1.07571
-1.18921
-1.195
-1.12863
-1.08993
-0.687736
-0.687272
-0.686424
-0.682214
-0.667973
-0.641396
-0.605994
-0.56292
-0.515813
-0.465255
-0.419913
-0.432103
-0.597009
-0.909931
-1.28727
-1.45189
-1.40085
-1.18994
-0.998436
-0.911275
-0.677175
-0.676963
-0.676381
-0.674892
-0.665221
-0.640133
-0.601848
-0.554574
-0.499307
-0.426047
-0.357544
-0.253579
-0.252107
-0.294056
-0.321299
-0.296886
-0.0849564
0.185904
0.361931
0.43219
-0.670698
-0.670395
-0.669637
-0.669104
-0.66374
-0.641271
-0.599756
-0.546012
-0.477897
-0.396523
-0.287115
-0.135876
0.0549749
0.308467
0.662379
1.02877
1.36741
1.59955
1.70498
1.73617
-0.668133
-0.668369
-0.668989
-0.669607
-0.667051
-0.645675
-0.599432
-0.539164
-0.466969
-0.369472
-0.248584
-0.1173
0.118422
0.497277
0.997558
1.44386
1.79176
1.98651
2.06057
2.07624
-0.662605
-0.664089
-0.667429
-0.671732
-0.671324
-0.64759
-0.600763
-0.5431
-0.464437
-0.354804
-0.23824
-0.10917
0.0841091
0.457871
0.893434
1.2784
1.55519
1.69947
1.75218
1.76317
-0.662717
-0.663456
-0.660703
-0.651968
-0.644537
-0.632284
-0.606458
-0.557278
-0.471248
-0.359584
-0.244412
-0.133534
0.0114457
0.310013
0.637597
0.92292
1.12867
1.23154
1.2691
1.27636
-0.694774
-0.692357
-0.676447
-0.641089
-0.612599
-0.623107
-0.630629
-0.580593
-0.484442
-0.372098
-0.262574
-0.165989
-0.0643677
0.152995
0.391992
0.589057
0.725709
0.790793
0.812562
0.81538
-0.761555
-0.758454
-0.755782
-0.749368
-0.740602
-0.738097
-0.71273
-0.618169
-0.498186
-0.384856
-0.280567
-0.203538
-0.113374
0.0308249
0.178133
0.296777
0.373263
0.407078
0.419488
0.421582
-0.886549
-0.899008
-0.937232
-0.976608
-0.980813
-0.944562
-0.838514
-0.667683
-0.514633
-0.395128
-0.301186
-0.235877
-0.180203
-0.0637685
0.0264975
0.0714322
0.0906222
0.102214
0.108204
0.112042
-0.996878
-1.0192
-1.06175
-1.09453
-1.09608
-1.04913
-0.896531
-0.683966
-0.520947
-0.397722
-0.307071
-0.262743
-0.217928
-0.148919
-0.0792618
-0.0574772
-0.0592892
-0.05468
-0.0428154
-0.0394387
-0.965641
-0.984231
-1.01709
-1.04548
-1.04854
-0.992627
-0.819555
-0.633434
-0.49289
-0.373681
-0.308275
-0.268289
-0.246247
-0.169542
-0.117771
-0.0815694
-0.0659213
-0.052702
-0.04617
-0.0440149
-0.739621
-0.760126
-0.795713
-0.832173
-0.842345
-0.782631
-0.651159
-0.527134
-0.40918
-0.33082
-0.281486
-0.252447
-0.240332
-0.174662
-0.113111
-0.0726337
-0.0430673
-0.0253579
-0.0196516
-0.0190701
-0.387559
-0.402407
-0.431267
-0.466709
-0.486953
-0.47122
-0.426405
-0.367492
-0.309856
-0.267584
-0.23016
-0.210147
-0.188047
-0.135522
-0.0859456
-0.0559845
-0.0257788
-0.00933347
-0.00337023
-0.00415486
-0.0721288
-0.0797153
-0.0982555
-0.129106
-0.165427
-0.192004
-0.209811
-0.218078
-0.214654
-0.191831
-0.172809
-0.145365
-0.121446
-0.0888488
-0.0582097
-0.0376151
-0.0195153
-0.00906613
-0.00604151
-0.0066817
0.104523
0.100858
0.0884101
0.0615382
0.0189272
-0.0329625
-0.0788621
-0.113055
-0.130386
-0.131155
-0.116802
-0.0896194
-0.0644179
-0.055152
-0.0423527
-0.0306639
-0.0187853
-0.0117393
-0.0100198
-0.0112382
0.160466
0.158308
0.149537
0.128097
0.0916534
0.0449881
-0.00355457
-0.0449499
-0.0736733
-0.0827842
-0.0748147
-0.0495846
-0.0314449
-0.0309191
-0.0297119
-0.0273153
-0.021378
-0.0182647
-0.0184045
-0.0201348
0.15542
0.154019
0.148014
0.132961
0.106333
0.0705472
0.0307505
-0.0071939
-0.0367045
-0.0506864
-0.0476698
-0.0286965
-0.0191536
-0.0273824
-0.0328883
-0.0360258
-0.0376773
-0.0410525
-0.0432672
-0.0444887
0.129279
0.128412
0.124457
0.114386
0.0960948
0.0702533
0.0395067
0.0084045
-0.0186589
-0.0348522
-0.0359128
-0.0245385
-0.0204326
-0.0374811
-0.050706
-0.0573824
-0.0626085
-0.067688
-0.0705352
-0.0712453
0.0992394
0.0987441
0.0961862
0.0895457
0.0771854
0.0589673
0.035871
0.0105639
-0.0141143
-0.0329562
-0.0411816
-0.0364374
-0.0383404
-0.0551045
-0.0699226
-0.0780609
-0.0839804
-0.0897084
-0.0920143
-0.0925345
0.0716909
0.0713532
0.0696938
0.0652849
0.0568504
0.0438672
0.0264557
0.00587427
-0.0172026
-0.0409984
-0.0615835
-0.0738729
-0.0843276
-0.100568
-0.106117
-0.106906
-0.108964
-0.11021
-0.111087
-0.111691
0.048784
0.0485578
0.0474226
0.0444414
0.0385628
0.0291303
0.0156778
-0.00181175
-0.0241327
-0.0532956
-0.0914827
-0.134884
-0.162718
-0.159011
-0.148438
-0.139102
-0.135061
-0.134351
-0.134122
-0.134463
0.0307352
0.0305875
0.0298275
0.0278533
0.0238205
0.0170002
0.00668854
-0.00799679
-0.0292053
-0.0618946
-0.114495
-0.184326
-0.223052
-0.199726
-0.173319
-0.160426
-0.156376
-0.155532
-0.154497
-0.154135
0.0174263
0.0173235
0.0168376
0.015602
0.0129978
0.00834316
0.000773012
-0.0106734
-0.0286379
-0.0598315
-0.113774
-0.186091
-0.213241
-0.186592
-0.164437
-0.155306
-0.154555
-0.154215
-0.152929
-0.152154
0.00837714
0.00832198
0.00804457
0.00739071
0.00594347
0.00315616
-0.00158096
-0.00932971
-0.0220832
-0.044872
-0.0849213
-0.134945
-0.143378
-0.125506
-0.11282
-0.114954
-0.119462
-0.121196
-0.120223
-0.119318
0.0026569
0.00269916
0.00261054
0.00245105
0.0021143
0.00136633
-0.000157106
-0.00283833
-0.00699694
-0.0148542
-0.0281921
-0.0480841
-0.0606459
-0.0517791
-0.0480928
-0.0491593
-0.0542867
-0.0575931
-0.0571976
-0.0565001
-0.406952
-0.0258118
0.243863
0.429323
0.572608
0.682625
0.772339
0.851839
0.936495
0.927681
0.148777
0.301126
0.440649
0.561133
0.661081
0.742674
0.809196
0.856216
0.871538
0.884709
0.388148
0.486254
0.582374
0.666063
0.737327
0.796267
0.842146
0.874623
0.89693
0.91594
0.556695
0.624778
0.692957
0.753679
0.805791
0.849343
0.884632
0.913133
0.934847
0.954416
0.686045
0.736322
0.786499
0.832215
0.872282
0.907005
0.936883
0.962261
0.981259
0.999988
0.79392
0.832848
0.870952
0.907494
0.940791
0.970563
0.996792
1.01894
1.03584
1.05374
0.885423
0.919146
0.952359
0.984324
1.01418
1.04129
1.06517
1.08504
1.09987
1.11726
0.972411
1.00435
1.03631
1.06716
1.09592
1.12193
1.14451
1.16272
1.17587
1.19272
1.06182
1.09621
1.1296
1.16128
1.19029
1.21593
1.23761
1.25453
1.26646
1.28285
1.16425
1.20303
1.2391
1.27198
1.30106
1.3259
1.34629
1.36202
1.37368
1.38985
1.29057
1.33223
1.36916
1.40096
1.42816
1.45105
1.46999
1.48515
1.49762
1.51373
1.44773
1.48591
1.51763
1.54372
1.56638
1.58662
1.60486
1.62102
1.63507
1.65096
1.62961
1.65447
1.67602
1.69488
1.71274
1.72964
1.746
1.76247
1.77811
1.7941
1.81523
1.82702
1.84164
1.85647
1.87024
1.88244
1.89376
1.90515
1.91804
1.93874
2.00328
2.0133
2.02025
2.02163
2.02372
2.03113
2.04429
2.05964
2.07272
2.10099
2.27973
2.22065
2.17302
2.1419
2.12878
2.13335
2.15659
2.20192
2.27245
2.35107
0.740411
0.732908
0.723991
0.71117
0.69777
0.686178
0.676972
0.6701
0.665529
0.663569
0.664849
0.668945
0.675239
0.683667
0.694354
0.707203
0.720909
0.732114
0.739901
0.746227
0.654372
0.662254
0.669401
0.674166
0.675421
0.673434
0.6697
0.665772
0.662729
0.661395
0.662504
0.66561
0.669816
0.674255
0.677654
0.678386
0.675473
0.669452
0.661455
0.655556
0.646312
0.649373
0.652464
0.654985
0.657363
0.659133
0.659628
0.65898
0.657985
0.657586
0.65845
0.660163
0.661787
0.662436
0.661619
0.659692
0.657433
0.654797
0.65161
0.649248
0.640994
0.642513
0.644749
0.646912
0.648505
0.649788
0.650911
0.651705
0.652141
0.652563
0.653247
0.653909
0.654102
0.653697
0.652907
0.65182
0.650179
0.648005
0.646178
0.645094
0.635819
0.63666
0.638147
0.639995
0.641744
0.643151
0.644279
0.645289
0.646219
0.647072
0.647744
0.648073
0.64803
0.647666
0.646929
0.645714
0.644153
0.642595
0.641562
0.640927
0.630832
0.631403
0.632477
0.633911
0.635463
0.636994
0.638376
0.63958
0.640683
0.641727
0.642522
0.642907
0.642883
0.642433
0.641581
0.640483
0.63931
0.638244
0.637558
0.637114
0.625966
0.626394
0.627253
0.628461
0.629799
0.631237
0.632715
0.63414
0.635471
0.636719
0.637689
0.638172
0.638155
0.637715
0.637005
0.636178
0.635312
0.634526
0.634026
0.633689
0.621182
0.621519
0.622228
0.623288
0.624527
0.625882
0.627348
0.628894
0.630456
0.631969
0.633154
0.63377
0.633874
0.633616
0.633142
0.632541
0.631895
0.631323
0.630952
0.630684
0.616403
0.616677
0.617281
0.618243
0.619422
0.620743
0.62222
0.623854
0.625611
0.627406
0.628873
0.629731
0.630075
0.630062
0.629821
0.629439
0.628992
0.628594
0.628319
0.628098
0.611543
0.61177
0.612303
0.613202
0.614347
0.615674
0.617205
0.618956
0.620918
0.623024
0.624855
0.626058
0.626713
0.626975
0.626975
0.626821
0.626565
0.626318
0.626118
0.62593
0.606511
0.606704
0.607188
0.608056
0.609203
0.610577
0.612204
0.614121
0.616342
0.618827
0.621108
0.622734
0.623755
0.62433
0.624599
0.624673
0.624612
0.6245
0.624362
0.624198
0.601217
0.601385
0.60184
0.602707
0.603898
0.605361
0.607132
0.609277
0.611836
0.614794
0.61762
0.619749
0.621196
0.62213
0.622699
0.623008
0.623156
0.623172
0.623084
0.622936
0.595564
0.595714
0.59616
0.597056
0.598329
0.599928
0.601904
0.604351
0.607339
0.610884
0.614374
0.617102
0.61905
0.620394
0.621303
0.6219
0.622249
0.622381
0.622336
0.622199
0.589444
0.589579
0.590031
0.590985
0.592383
0.594174
0.596429
0.599269
0.602799
0.607069
0.611363
0.614805
0.617343
0.619163
0.620458
0.621369
0.621944
0.622196
0.622189
0.622058
0.582724
0.582849
0.583324
0.584366
0.585937
0.587986
0.590603
0.593941
0.598145
0.603301
0.608568
0.612868
0.616106
0.618489
0.620226
0.621494
0.622323
0.622698
0.622726
0.622597
0.575251
0.575368
0.575876
0.577041
0.578837
0.581221
0.5843
0.588265
0.593306
0.599545
0.605987
0.61131
0.615374
0.618419
0.620688
0.622374
0.62348
0.623983
0.624043
0.623913
0.566819
0.566928
0.567482
0.56881
0.570901
0.57371
0.577371
0.582119
0.588193
0.595755
0.60361
0.610154
0.615196
0.619021
0.621929
0.624096
0.625516
0.626156
0.626246
0.626111
0.557123
0.557242
0.557885
0.559429
0.561897
0.565247
0.569646
0.575378
0.582733
0.591909
0.601459
0.609448
0.615642
0.620384
0.624034
0.626762
0.628539
0.629323
0.62944
0.629297
0.545873
0.545993
0.546754
0.548573
0.55152
0.555566
0.560906
0.567882
0.576835
0.587983
0.599559
0.609237
0.616776
0.622592
0.627098
0.630482
0.632654
0.633587
0.633727
0.633572
0.532578
0.532715
0.533633
0.53581
0.539384
0.544339
0.550894
0.559454
0.570401
0.583952
0.597934
0.609583
0.618668
0.62572
0.631229
0.635355
0.637953
0.63903
0.639185
0.639015
0.516591
0.516764
0.517913
0.520577
0.524981
0.531141
0.539293
0.549893
0.563344
0.579819
0.596633
0.610549
0.62139
0.629854
0.636489
0.641445
0.64449
0.645698
0.645857
0.645669
0.496958
0.497203
0.4987
0.502061
0.507627
0.515448
0.525756
0.539035
0.555644
0.575647
0.595748
0.612224
0.625026
0.635053
0.642927
0.648786
0.652266
0.653573
0.653721
0.653512
0.472256
0.472645
0.474693
0.479113
0.486402
0.496617
0.509928
0.526775
0.547376
0.571593
0.595422
0.614707
0.629635
0.641366
0.650566
0.657342
0.6612
0.662551
0.662666
0.662437
0.440164
0.440844
0.443851
0.450086
0.460148
0.47399
0.491583
0.513165
0.53871
0.567841
0.595806
0.618103
0.635277
0.648774
0.659367
0.66699
0.671096
0.672411
0.672471
0.672225
0.396549
0.39792
0.402954
0.412779
0.427711
0.447183
0.470827
0.498539
0.530019
0.564703
0.597118
0.622545
0.642
0.657261
0.669198
0.6775
0.681629
0.682801
0.682788
0.682534
0.333789
0.337992
0.348535
0.365603
0.388783
0.416691
0.4484
0.483584
0.521849
0.562558
0.59959
0.628142
0.649812
0.666715
0.679758
0.688433
0.692299
0.693197
0.693114
0.692874
0.258783
0.266997
0.286363
0.313943
0.347649
0.385042
0.425366
0.468481
0.514081
0.561574
0.60411
0.636607
0.661148
0.680113
0.694336
0.703129
0.706729
0.707483
0.70745
0.707325
0.18359
0.197491
0.225721
0.263695
0.307574
0.354357
0.40334
0.454457
0.507463
0.561837
0.610004
0.646531
0.673984
0.695082
0.710422
0.719048
0.722015
0.722525
0.722522
0.722474
0.12145
0.13865
0.172774
0.218603
0.270794
0.325819
0.382801
0.441545
0.501701
0.562677
0.616147
0.65641
0.686505
0.709329
0.725355
0.733883
0.736664
0.737131
0.737184
0.73718
0.0702038
0.0894838
0.128116
0.179777
0.238432
0.300251
0.364151
0.429739
0.496476
0.563659
0.622208
0.666026
0.698585
0.723116
0.740041
0.748711
0.751385
0.75197
0.752069
0.752099
0.0272265
0.0477317
0.0897478
0.146103
0.210097
0.277604
0.347416
0.41905
0.491813
0.564824
0.628209
0.675464
0.710416
0.73663
0.754495
0.763506
0.766479
0.767151
0.767268
0.767324
-0.00987993
0.0114553
0.0561091
0.11632
0.184843
0.257283
0.332316
0.409389
0.48767
0.566108
0.634083
0.684655
0.721977
0.749841
0.768752
0.7784
0.781624
0.782337
0.78245
0.782514
-0.0427637
-0.0208287
0.0259805
0.0894295
0.161855
0.238626
0.318331
0.400337
0.48372
0.567311
0.639673
0.693443
0.733027
0.762504
0.782438
0.792725
0.796222
0.797015
0.797106
0.79717
-0.0726463
-0.0502492
-0.00161166
0.0646339
0.140455
0.221044
0.304957
0.391522
0.479718
0.568225
0.644827
0.701641
0.743379
0.774351
0.795245
0.806148
0.809951
0.810782
0.810853
0.810905
-0.100487
-0.0776365
-0.0273967
0.041333
0.120143
0.204133
0.29187
0.382649
0.475376
0.568596
0.649344
0.709131
0.752926
0.785303
0.80706
0.818455
0.822509
0.823368
0.823414
0.823444
-0.126844
-0.103531
-0.0518564
0.0190941
0.100558
0.187598
0.278798
0.373464
0.470469
0.568275
0.65312
0.715864
0.761639
0.795309
0.81779
0.829497
0.833739
0.834618
0.834638
0.83464
-0.152141
-0.128338
-0.0753489
-0.00240536
0.0814299
0.171207
0.265562
0.363819
0.464876
0.567149
0.65609
0.721818
0.769562
0.804403
0.82747
0.839389
0.843647
0.844528
0.844529
0.844502
-0.176652
-0.152335
-0.0981165
-0.0233766
0.0625858
0.15483
0.252054
0.353627
0.458495
0.565112
0.658202
0.727015
0.776762
0.81272
0.836216
0.84818
0.852399
0.853238
0.853222
0.85317
-0.200521
-0.17566
-0.1203
-0.0439334
0.0439329
0.13839
0.238216
0.342829
0.451267
0.562101
0.659408
0.731477
0.783346
0.8204
0.84419
0.856073
0.860166
0.860938
0.860882
0.860809
-0.223865
-0.198446
-0.141973
-0.0641314
0.0254297
0.121869
0.224034
0.331416
0.443169
0.558063
0.659651
0.735219
0.789423
0.827627
0.851588
0.863212
0.867074
0.86774
0.86765
0.867558
-0.246666
-0.220726
-0.163164
-0.0839886
0.00707643
0.105273
0.209529
0.319412
0.434207
0.552965
0.658868
0.738223
0.795106
0.83459
0.858582
0.869727
0.873226
0.873729
0.873594
0.873489
-0.26896
-0.242473
-0.18386
-0.103488
-0.0110975
0.0886447
0.194754
0.306863
0.424423
0.546794
0.657002
0.740426
0.800435
0.841509
0.865463
0.875819
0.878697
0.878967
0.878795
0.878686
-0.290665
-0.263647
-0.204048
-0.122613
-0.0290517
0.0720517
0.179779
0.293843
0.413872
0.539555
0.653975
0.741722
0.805381
0.84857
0.872627
0.881876
0.883716
0.883553
0.883333
0.883245
-0.311792
-0.284199
-0.223712
-0.141318
-0.0467248
0.0555586
0.16469
0.280449
0.402626
0.531292
0.649722
0.741985
0.809807
0.855832
0.880559
0.888637
0.888813
0.887669
0.887296
0.887332
-0.332252
-0.304127
-0.242808
-0.159554
-0.0640628
0.0392449
0.149566
0.266755
0.390791
0.522071
0.644196
0.741066
0.813481
0.863091
0.88955
0.897206
0.895427
0.892229
0.890889
0.891274
-0.352078
-0.323401
-0.261281
-0.177267
-0.0809917
0.0231992
0.134531
0.252895
0.378487
0.511986
0.637373
0.738794
0.816114
0.869832
0.899236
0.908316
0.905949
0.900067
0.893632
0.880299
-0.371229
-0.342065
-0.279268
-0.194665
-0.0978107
0.0070946
0.119173
0.238411
0.3652
0.50053
0.628713
0.734643
0.817457
0.87565
0.908835
0.921608
0.920966
0.912733
0.901786
0.913784
-0.389704
-0.36012
-0.296731
-0.211702
-0.114471
-0.00902116
0.103491
0.223321
0.350901
0.487582
0.61796
0.727872
0.816766
0.879437
0.915224
0.931244
0.933267
0.922645
0.872434
0.863531
-0.408004
-0.377723
-0.31341
-0.228098
-0.130549
-0.024777
0.0876621
0.207897
0.335887
0.473345
0.605162
0.717798
0.813219
0.880236
0.913619
0.928556
0.923378
0.887068
0.826962
0.790821
-0.42931
-0.396611
-0.328838
-0.243437
-0.145225
-0.039783
0.0721168
0.192425
0.320373
0.457931
0.590376
0.703996
0.805015
0.876549
0.9152
0.900774
0.874201
0.814037
0.749317
0.710542
-0.000544937
0.116356
0.240048
0.371984
0.508399
0.632225
0.737368
0.603812
-0.443449
-0.434197
-0.392483
-0.319731
-0.227874
-0.127085
-0.0186158
0.0970877
0.220006
0.350755
0.486016
0.60934
0.711283
0.799056
0.845477
0.793652
0.668995
0.593355
0.533238
-0.466401
-0.454892
-0.409455
-0.335577
-0.243469
-0.142678
-0.0345894
0.0806457
0.202705
0.332099
0.465096
0.585452
0.681347
0.751899
0.748791
0.644409
0.516311
0.428699
0.35631
-0.489767
-0.477956
-0.430111
-0.355223
-0.263218
-0.162285
-0.0541358
0.0607697
0.181855
0.309599
0.439417
0.554761
0.64065
0.688666
0.649647
0.495836
0.351816
0.243353
0.155474
-0.512963
-0.501141
-0.451905
-0.375828
-0.283605
-0.182655
-0.0748084
0.0393446
0.159162
0.284782
0.410843
0.520073
0.597427
0.615139
0.524604
0.346171
0.17476
0.0286116
-0.0934541
-0.536214
-0.524494
-0.474353
-0.397379
-0.304812
-0.203859
-0.0964581
0.0167814
0.135127
0.258246
0.379993
0.48198
0.548775
0.528091
0.390825
0.199182
0.00265937
-0.165952
-0.328197
-0.56003
-0.548471
-0.49786
-0.420297
-0.32742
-0.22643
-0.119413
-0.00703939
0.109752
0.230179
0.347335
0.441245
0.492014
0.448791
0.265361
0.0669773
-0.136575
-0.317256
-0.455009
-0.579685
-0.585227
-0.573767
-0.522824
-0.44491
-0.351899
-0.250981
-0.144425
-0.0330489
0.0819323
0.199206
0.311217
0.396183
0.428622
0.349989
0.148947
-0.0524866
-0.242219
-0.386179
-0.437171
-0.458294
-0.612094
-0.600685
-0.549467
-0.471335
-0.378349
-0.277706
-0.171806
-0.0617148
0.0510741
0.164604
0.2707
0.345854
0.352637
0.234789
0.0398159
-0.151619
-0.317405
-0.393172
-0.416479
-0.419278
-0.640856
-0.629413
-0.57787
-0.499579
-0.406751
-0.306565
-0.201582
-0.0930833
0.0171168
0.126343
0.225554
0.290703
0.268121
0.126075
-0.0596891
-0.238397
-0.361301
-0.401238
-0.399701
-0.400716
-0.671488
-0.659971
-0.608052
-0.529642
-0.437101
-0.33756
-0.233756
-0.127163
-0.0199528
0.084443
0.176005
0.22913
0.189569
0.0238367
-0.147479
-0.30926
-0.376393
-0.389223
-0.390198
-0.390141
-0.703763
-0.692136
-0.639891
-0.561445
-0.469311
-0.370638
-0.268277
-0.163942
-0.0601155
0.0389812
0.122473
0.162212
0.113563
-0.0648993
-0.225959
-0.34813
-0.38972
-0.384627
-0.38393
-0.383511
-0.737169
-0.725491
-0.673095
-0.594724
-0.503181
-0.405614
-0.305003
-0.203294
-0.103237
-0.00966511
0.0651192
0.0936878
0.023181
-0.144851
-0.289836
-0.36428
-0.377908
-0.3792
-0.379557
-0.379293
-0.771188
-0.759483
-0.707142
-0.629022
-0.538308
-0.442138
-0.343628
-0.244929
-0.149076
-0.0610446
0.00475768
0.0196332
-0.0664082
-0.213082
-0.331843
-0.368113
-0.37427
-0.376302
-0.37665
-0.376544
-0.804848
-0.793164
-0.741211
-0.663628
-0.574083
-0.479689
-0.383671
-0.288371
-0.197145
-0.114811
-0.056084
-0.0571171
-0.145371
-0.272745
-0.355747
-0.384138
-0.377644
-0.375051
-0.373918
-0.373618
-0.836391
-0.825061
-0.774126
-0.69757
-0.609643
-0.517497
-0.424442
-0.332938
-0.246666
-0.170377
-0.116229
-0.126216
-0.216446
-0.325587
-0.386114
-0.386038
-0.381389
-0.373779
-0.370245
-0.369412
-0.864682
-0.853731
-0.804352
-0.729513
-0.64383
-0.554537
-0.465011
-0.377764
-0.296605
-0.226512
-0.177278
-0.187493
-0.272931
-0.362952
-0.413804
-0.411957
-0.391133
-0.376839
-0.371191
-0.369569
-0.886951
-0.876693
-0.829943
-0.757757
-0.675191
-0.589525
-0.504184
-0.42178
-0.34586
-0.281761
-0.237805
-0.242489
-0.309825
-0.376334
-0.403575
-0.40783
-0.408688
-0.407298
-0.402222
-0.398414
-0.901077
-0.891871
-0.848603
-0.780356
-0.702026
-0.620964
-0.540553
-0.46364
-0.393336
-0.334894
-0.29273
-0.297183
-0.333952
-0.361701
-0.385314
-0.402833
-0.432165
-0.441539
-0.438467
-0.435691
-0.904449
-0.89671
-0.857999
-0.795259
-0.722492
-0.647231
-0.572679
-0.501669
-0.437781
-0.384853
-0.341875
-0.345761
-0.371728
-0.335767
-0.349272
-0.389205
-0.417713
-0.427498
-0.431067
-0.43314
-0.894865
-0.888542
-0.8559
-0.800414
-0.734925
-0.666757
-0.599178
-0.534318
-0.477321
-0.430386
-0.391967
-0.387315
-0.436443
-0.408704
-0.400105
-0.431702
-0.442047
-0.445349
-0.448761
-0.450199
-0.868829
-0.86436
-0.839623
-0.79423
-0.738172
-0.678459
-0.618705
-0.560792
-0.509421
-0.470477
-0.440656
-0.442709
-0.543569
-0.666137
-0.69095
-0.616425
-0.536425
-0.498511
-0.48735
-0.48341
-0.82994
-0.827128
-0.811068
-0.777118
-0.732198
-0.682199
-0.630523
-0.580199
-0.533321
-0.500765
-0.482864
-0.498308
-0.559342
-0.742606
-0.787122
-0.612217
-0.508437
-0.465691
-0.447519
-0.44175
-0.785377
-0.783629
-0.775643
-0.753031
-0.719453
-0.678908
-0.635458
-0.590917
-0.549587
-0.516816
-0.502611
-0.478949
-0.385192
-0.239544
-0.120083
-0.113977
-0.212496
-0.284782
-0.305093
-0.306421
-0.745548
-0.744409
-0.740709
-0.728192
-0.703937
-0.671436
-0.634365
-0.594702
-0.55493
-0.519412
-0.500401
-0.45024
-0.316008
-0.14297
-0.0945951
-0.192962
-0.326954
-0.346551
-0.312299
-0.308915
-0.716518
-0.715883
-0.713509
-0.707149
-0.690051
-0.663488
-0.63024
-0.59289
-0.552208
-0.515142
-0.48126
-0.466263
-0.424822
-0.444598
-0.488277
-0.667397
-0.826104
-0.904781
-0.88204
-0.842939
-0.695055
-0.694604
-0.693649
-0.691091
-0.680258
-0.65782
-0.626288
-0.587877
-0.54605
-0.497584
-0.463561
-0.447399
-0.490156
-0.726787
-1.10077
-1.30101
-1.40933
-1.3808
-1.26471
-1.16508
-0.68203
-0.681917
-0.68151
-0.680065
-0.674246
-0.654923
-0.623156
-0.582623
-0.533497
-0.477897
-0.421769
-0.346004
-0.396113
-0.574943
-0.816156
-1.02698
-1.0166
-0.775185
-0.522133
-0.373294
-0.673348
-0.673284
-0.672802
-0.672223
-0.669616
-0.654385
-0.621843
-0.576102
-0.520221
-0.454825
-0.364349
-0.264716
-0.102014
0.0151239
0.179977
0.357662
0.597113
0.885626
1.07652
1.16341
-0.669269
-0.669169
-0.668848
-0.668426
-0.66721
-0.657039
-0.62323
-0.571527
-0.509919
-0.428345
-0.324904
-0.202512
-0.0287615
0.23336
0.653459
1.13519
1.5375
1.83071
1.9735
2.02077
-0.665896
-0.666415
-0.667986
-0.670795
-0.672761
-0.662999
-0.625917
-0.571982
-0.504213
-0.415511
-0.303318
-0.175463
-0.00831048
0.289872
0.745939
1.20028
1.57806
1.82099
1.92912
1.96054
-0.659432
-0.660651
-0.66238
-0.664481
-0.666058
-0.656882
-0.62482
-0.578629
-0.511279
-0.415041
-0.298731
-0.179341
-0.05023
0.196832
0.588404
0.94907
1.24222
1.42114
1.49857
1.5209
-0.673847
-0.674496
-0.670695
-0.652862
-0.627485
-0.621185
-0.621316
-0.596738
-0.527161
-0.42365
-0.306955
-0.200667
-0.0979033
0.0843224
0.374008
0.634518
0.845368
0.969532
1.02285
1.03719
-0.723264
-0.721559
-0.713325
-0.689721
-0.658143
-0.647119
-0.665276
-0.637201
-0.546671
-0.433577
-0.324444
-0.227649
-0.138115
-0.0122233
0.187423
0.363369
0.500464
0.574122
0.602846
0.610537
-0.819447
-0.816244
-0.828507
-0.853164
-0.868181
-0.854814
-0.82139
-0.71492
-0.570941
-0.446425
-0.340585
-0.251717
-0.191062
-0.0824317
0.0447661
0.139069
0.196542
0.231892
0.246917
0.252099
-0.953912
-0.958195
-0.992503
-1.04131
-1.06448
-1.04502
-0.964394
-0.783292
-0.593466
-0.45798
-0.347482
-0.275425
-0.227626
-0.160993
-0.0706971
-0.0122828
0.000236802
-0.00777332
-0.000268022
0.0111068
-1.00174
-1.01198
-1.04349
-1.07811
-1.09634
-1.07602
-0.975429
-0.762732
-0.585186
-0.446201
-0.346018
-0.282363
-0.256746
-0.198083
-0.128611
-0.0934679
-0.0767973
-0.0695964
-0.0582893
-0.0533353
-0.87334
-0.882738
-0.911254
-0.946287
-0.968589
-0.948012
-0.831259
-0.659318
-0.520552
-0.399844
-0.322732
-0.275542
-0.260433
-0.214359
-0.145905
-0.0910838
-0.0628213
-0.044836
-0.0340538
-0.030694
-0.56618
-0.577112
-0.60414
-0.642628
-0.673747
-0.666006
-0.591043
-0.498177
-0.402584
-0.325621
-0.277228
-0.244464
-0.23053
-0.186031
-0.132455
-0.0834189
-0.0505467
-0.0217447
-0.0111469
-0.00886995
-0.213268
-0.219722
-0.236544
-0.265528
-0.298784
-0.314255
-0.313771
-0.300659
-0.274871
-0.245665
-0.216221
-0.19026
-0.170755
-0.1306
-0.0861264
-0.0575617
-0.0323866
-0.0132613
-0.00471858
-0.00342479
0.0358996
0.0327537
0.0234439
0.00171778
-0.0341541
-0.0796767
-0.119389
-0.14878
-0.167246
-0.166975
-0.15255
-0.132457
-0.102168
-0.0846429
-0.0580585
-0.0420601
-0.0253385
-0.0136779
-0.0087332
-0.00889897
0.144494
0.142892
0.137269
0.120411
0.087796
0.0406076
-0.0114185
-0.0568912
-0.0894849
-0.104568
-0.102335
-0.0805587
-0.0540863
-0.0439318
-0.0377421
-0.0317993
-0.0234472
-0.016027
-0.0127827
-0.0135671
0.162782
0.161868
0.158061
0.145943
0.121016
0.083676
0.0402796
-0.00359122
-0.0397886
-0.0614066
-0.0636421
-0.04826
-0.027218
-0.0259723
-0.0279576
-0.0308315
-0.0290166
-0.0274917
-0.0282891
-0.0299477
0.143702
0.14323
0.140709
0.132539
0.115343
0.0885127
0.055044
0.0194685
-0.0126455
-0.0348009
-0.0421024
-0.0336101
-0.0176712
-0.0243326
-0.0356631
-0.0436861
-0.0479014
-0.0520742
-0.056661
-0.0582964
0.11426
0.114065
0.112428
0.107053
0.0955566
0.0770265
0.0524962
0.0246191
-0.0030306
-0.0253521
-0.0362934
-0.0329525
-0.0243803
-0.0362526
-0.0532426
-0.0638734
-0.0707239
-0.0766807
-0.0808785
-0.0821633
0.0849022
0.084867
0.0838481
0.0803657
0.0726853
0.0598782
0.0420477
0.0204456
-0.00318042
-0.0259621
-0.0435052
-0.0528112
-0.0515675
-0.0649755
-0.0809399
-0.0892172
-0.0936711
-0.0980509
-0.100835
-0.101634
0.059594
0.0596112
0.0588743
0.0565545
0.0513295
0.0423322
0.0291548
0.0119781
-0.0088017
-0.0333038
-0.0612831
-0.0910935
-0.113658
-0.127777
-0.128852
-0.124826
-0.122486
-0.121887
-0.122134
-0.122463
0.0390916
0.0391375
0.0386385
0.037069
0.0335221
0.0271341
0.0172563
0.00336646
-0.0153633
-0.041144
-0.0795753
-0.13506
-0.187204
-0.196348
-0.174625
-0.156433
-0.149012
-0.146657
-0.145878
-0.145559
0.0234601
0.0235009
0.0231528
0.0221316
0.0198186
0.0154327
0.00822946
-0.00259889
-0.0183768
-0.0437718
-0.086493
-0.154869
-0.220384
-0.216708
-0.184214
-0.16568
-0.159508
-0.159106
-0.158117
-0.156968
0.0123543
0.0123862
0.0121528
0.0115428
0.0101875
0.0074006
0.00254473
-0.00526624
-0.0173859
-0.0377977
-0.0743946
-0.133416
-0.182856
-0.173344
-0.150777
-0.140569
-0.140433
-0.141874
-0.141497
-0.140121
0.00509384
0.00513209
0.00503628
0.00477489
0.00410931
0.00272426
0.000165985
-0.00420221
-0.0114396
-0.0240253
-0.0460726
-0.0815303
-0.103883
-0.0907495
-0.0820297
-0.0838106
-0.0880287
-0.0921973
-0.0925042
-0.0912335
0.00269268
0.00266563
0.00253842
0.00231676
0.00181577
0.000727588
-0.00133697
-0.00471577
-0.0102451
-0.0208847
-0.0372417
-0.0586
-0.0582328
-0.051417
-0.0481382
-0.0514714
-0.0562989
-0.0576702
-0.056919
-0.0188321
-0.180146
0.0893418
0.264766
0.429221
0.562138
0.668657
0.754498
0.827171
0.873509
0.863331
0.222102
0.341541
0.461048
0.568622
0.660407
0.737106
0.799617
0.846126
0.873864
0.890087
0.44095
0.518587
0.601289
0.677456
0.743147
0.798658
0.8436
0.878135
0.904477
0.924598
0.596469
0.653554
0.712494
0.768455
0.817257
0.859105
0.894402
0.923928
0.948337
0.966432
0.720148
0.76428
0.80779
0.85029
0.88864
0.92261
0.952512
0.978387
0.999308
1.01607
0.82365
0.858836
0.894132
0.928859
0.961485
0.991228
1.01784
1.04089
1.05926
1.07445
0.914726
0.94507
0.977429
1.00939
1.03957
1.06737
1.09224
1.11345
1.12981
1.14363
1.00187
1.03243
1.06507
1.09716
1.12725
1.15461
1.17869
1.19869
1.2135
1.22614
1.09484
1.12895
1.1647
1.19849
1.22941
1.25673
1.28003
1.29885
1.31252
1.32475
1.20622
1.2443
1.28339
1.31843
1.34917
1.37541
1.39722
1.41469
1.4279
1.44071
1.34767
1.3861
1.42467
1.45692
1.48419
1.50752
1.52756
1.54457
1.55859
1.57241
1.52334
1.55325
1.58328
1.60753
1.62857
1.64791
1.66611
1.68344
1.69931
1.71418
1.71699
1.73139
1.749
1.76579
1.78232
1.79776
1.81192
1.82597
1.84084
1.85701
1.90601
1.91031
1.9232
1.93539
1.94539
1.9547
1.96489
1.97555
1.98489
1.99711
2.13546
2.12186
2.11305
2.09801
2.08693
2.0864
2.09842
2.12222
2.15406
2.18982
2.50965
2.35115
2.24565
2.1868
2.15773
2.15118
2.16635
2.20757
2.28681
2.43193
-0.422781
-0.419376
-0.37718
-0.303584
-0.21148
-0.109975
0.834088
0.888936
0.879426
0.809944
0.741383
0.674719
0.473064
0.279822
0.0567749
-0.23265
-0.578758
)
;

boundaryField
{
    wall-4
    {
        type            zeroGradient;
    }
    pressure-outlet-7
    {
        type            fixedValue;
        value           uniform 0;
    }
    velocity-inlet-6
    {
        type            zeroGradient;
    }
    velocity-inlet-5
    {
        type            zeroGradient;
    }
    frontAndBackPlanes
    {
        type            empty;
    }
}


// ************************************************************************* //
