/*--------------------------------*- C++ -*----------------------------------*\
  =========                 |
  \\      /  F ield         | OpenFOAM: The Open Source CFD Toolbox
   \\    /   O peration     | Website:  https://openfoam.org
    \\  /    A nd           | Version:  6
     \\/     M anipulation  |
\*---------------------------------------------------------------------------*/
FoamFile
{
    version     2.0;
    format      ascii;
    class       volScalarField;
    location    "47";
    object      p;
}
// * * * * * * * * * * * * * * * * * * * * * * * * * * * * * * * * * * * * * //

dimensions      [0 2 -2 0 0 0 0];

internalField   nonuniform List<scalar> 
8800
(
0.895182
0.845863
0.807892
0.779813
0.759636
0.745025
0.734394
0.726809
0.721863
0.719711
0.72099
0.725256
0.731993
0.741374
0.754081
0.77138
0.795243
0.828332
0.871264
0.923776
0.729689
0.736032
0.745175
0.748714
0.746093
0.739986
0.733018
0.726736
0.721878
0.718934
0.71861
0.72115
0.725722
0.731799
0.738862
0.745871
0.750733
0.750597
0.743913
0.735009
0.703234
0.709466
0.713957
0.717814
0.720744
0.721668
0.720544
0.71837
0.716319
0.715389
0.716321
0.718688
0.72151
0.723733
0.72422
0.722407
0.719023
0.714997
0.710208
0.706491
0.698978
0.70174
0.704336
0.706478
0.708194
0.709732
0.710794
0.71109
0.710897
0.710893
0.711587
0.712636
0.713305
0.713101
0.712085
0.710702
0.70901
0.706692
0.704272
0.702705
0.693983
0.695405
0.697232
0.699294
0.700982
0.702241
0.703292
0.704206
0.704924
0.705543
0.706127
0.706481
0.706422
0.705994
0.705278
0.704127
0.702443
0.700529
0.699166
0.698364
0.689071
0.689972
0.691205
0.69281
0.694473
0.695965
0.697194
0.698239
0.699197
0.700076
0.700716
0.700983
0.700894
0.70045
0.69959
0.698358
0.696962
0.695672
0.694841
0.694317
0.684262
0.684916
0.685862
0.687155
0.688567
0.690037
0.691458
0.692734
0.693876
0.694922
0.695698
0.696042
0.695941
0.69541
0.694558
0.693561
0.692526
0.691591
0.691
0.690617
0.679555
0.680059
0.680829
0.681941
0.683202
0.684566
0.686001
0.68744
0.688813
0.690082
0.691029
0.691455
0.691387
0.69095
0.690297
0.689539
0.688746
0.688047
0.687608
0.68731
0.674901
0.675301
0.675945
0.676934
0.678119
0.679424
0.680845
0.682371
0.683943
0.685471
0.686636
0.687217
0.68731
0.687075
0.686641
0.686088
0.685488
0.684974
0.684644
0.684404
0.670222
0.670548
0.671104
0.672013
0.673149
0.674436
0.675885
0.677497
0.679245
0.68104
0.682497
0.683344
0.683688
0.683688
0.683467
0.683119
0.682697
0.682336
0.68209
0.68189
0.665437
0.665708
0.666204
0.667064
0.668178
0.669486
0.671
0.672736
0.674687
0.676785
0.678614
0.679816
0.680468
0.680734
0.680743
0.680598
0.680357
0.680129
0.679948
0.679777
0.660461
0.660688
0.661145
0.661987
0.663123
0.664492
0.666111
0.668024
0.670247
0.672738
0.675016
0.676632
0.677642
0.67821
0.678472
0.678537
0.678469
0.678359
0.678232
0.678083
0.655212
0.655405
0.655842
0.656697
0.657893
0.659369
0.66115
0.663308
0.665883
0.668855
0.671686
0.673801
0.675224
0.676132
0.676674
0.676955
0.677069
0.677071
0.67699
0.676855
0.649596
0.649763
0.650198
0.651095
0.65239
0.654025
0.656041
0.658533
0.661572
0.665158
0.668654
0.671352
0.673248
0.674536
0.67539
0.675929
0.67622
0.676324
0.676282
0.676157
0.643504
0.643648
0.644095
0.645062
0.646506
0.648359
0.65068
0.653593
0.657201
0.661534
0.665848
0.669259
0.671725
0.673466
0.674676
0.675488
0.675979
0.676191
0.676185
0.676068
0.63681
0.636929
0.637404
0.63847
0.64011
0.642249
0.64496
0.648401
0.652716
0.657972
0.663277
0.667542
0.670698
0.672977
0.674603
0.675732
0.676449
0.676773
0.676802
0.676688
0.629345
0.62944
0.629958
0.631159
0.63305
0.635558
0.638769
0.642881
0.648077
0.654457
0.660973
0.666274
0.670239
0.673153
0.67528
0.676774
0.677737
0.678179
0.678242
0.678128
0.620884
0.620983
0.621547
0.622915
0.62514
0.62812
0.631973
0.636946
0.643265
0.651045
0.659013
0.66553
0.670441
0.674087
0.676804
0.678727
0.679971
0.680541
0.680637
0.680521
0.611144
0.611226
0.611876
0.613474
0.61613
0.619711
0.624367
0.630407
0.638113
0.647618
0.65734
0.665311
0.671359
0.675889
0.679291
0.681723
0.683291
0.683999
0.684128
0.684007
0.599757
0.599822
0.600576
0.602482
0.605676
0.610028
0.615725
0.623123
0.632542
0.644141
0.655992
0.665705
0.673094
0.678668
0.682872
0.685904
0.687839
0.688699
0.688859
0.688729
0.586198
0.586252
0.58715
0.58946
0.593372
0.598746
0.605801
0.614965
0.626586
0.640782
0.65516
0.666874
0.675791
0.682569
0.687712
0.69143
0.693769
0.694786
0.694973
0.694829
0.569724
0.569773
0.57088
0.573756
0.578649
0.585406
0.594276
0.605734
0.620123
0.637483
0.654835
0.668875
0.679557
0.687706
0.693927
0.698424
0.701208
0.70238
0.702585
0.702424
0.549192
0.549243
0.550681
0.554404
0.560698
0.569387
0.580729
0.595214
0.613088
0.634251
0.655091
0.671785
0.684465
0.694169
0.701599
0.706983
0.710237
0.711552
0.711763
0.71158
0.52282
0.522899
0.524922
0.530029
0.538506
0.55008
0.56496
0.583532
0.605855
0.631566
0.656297
0.675855
0.690676
0.702086
0.710819
0.717153
0.720864
0.722284
0.722475
0.722265
0.487585
0.487788
0.491005
0.498673
0.510854
0.526859
0.546769
0.570682
0.598382
0.629315
0.658389
0.68108
0.698195
0.711398
0.721563
0.728846
0.732942
0.734395
0.734533
0.734293
0.437722
0.438782
0.445209
0.45818
0.476841
0.499709
0.526596
0.557287
0.591362
0.62813
0.661784
0.687665
0.707094
0.722091
0.733675
0.741817
0.746139
0.747516
0.747571
0.747301
0.364794
0.372085
0.386889
0.40961
0.437973
0.470038
0.505428
0.543886
0.585028
0.628171
0.666846
0.696251
0.718274
0.735322
0.748421
0.757344
0.761849
0.763172
0.763185
0.762942
0.286944
0.302904
0.327
0.360235
0.398839
0.440288
0.484283
0.530759
0.579446
0.629757
0.674489
0.708399
0.733822
0.753472
0.768423
0.778211
0.782769
0.783961
0.784005
0.783878
0.220293
0.23984
0.271718
0.314003
0.361725
0.412014
0.464394
0.51876
0.574832
0.632055
0.682529
0.720634
0.749148
0.771176
0.787684
0.798069
0.802578
0.803722
0.803823
0.803767
0.165756
0.187528
0.224774
0.273567
0.328422
0.386135
0.44594
0.507561
0.570584
0.634372
0.690275
0.732308
0.763659
0.787746
0.805664
0.816861
0.821859
0.823077
0.823188
0.823174
0.120451
0.143559
0.184691
0.238596
0.299175
0.363012
0.429159
0.497205
0.566569
0.636482
0.69745
0.743152
0.777149
0.803161
0.822514
0.834719
0.840223
0.841544
0.841722
0.84174
0.0817646
0.105707
0.149724
0.207774
0.273168
0.342232
0.413866
0.487598
0.562698
0.638256
0.703981
0.753061
0.78949
0.817293
0.837904
0.850959
0.856946
0.858507
0.858754
0.858791
0.0476887
0.0722209
0.118512
0.179991
0.249492
0.323106
0.39961
0.478467
0.558837
0.639635
0.709809
0.762031
0.800631
0.829991
0.851662
0.865315
0.871701
0.873591
0.873925
0.873965
0.0167612
0.0417936
0.0899775
0.154385
0.227445
0.305048
0.385927
0.46947
0.554741
0.640483
0.714838
0.770007
0.810568
0.84129
0.863781
0.877904
0.884624
0.886729
0.887095
0.887119
-0.0119895
0.0135143
0.0633181
0.130309
0.206488
0.287625
0.372448
0.4603
0.550165
0.640639
0.719014
0.77698
0.819382
0.851261
0.874342
0.888721
0.895655
0.897895
0.898284
0.898286
-0.0393191
-0.0132876
0.0380077
0.107293
0.186231
0.270525
0.358918
0.450746
0.544934
0.639953
0.722283
0.783012
0.827205
0.860083
0.883549
0.89807
0.905128
0.907471
0.907853
0.907826
-0.0655438
-0.0390286
0.0136448
0.0849963
0.166404
0.253531
0.345168
0.44066
0.538923
0.638334
0.724621
0.788179
0.834177
0.867989
0.891806
0.906453
0.913557
0.915917
0.916297
0.91624
-0.0910594
-0.063968
-0.0100233
0.0631988
0.146826
0.236502
0.331091
0.42996
0.532048
0.635727
0.726026
0.792545
0.84041
0.875163
0.899314
0.914048
0.92114
0.923441
0.923793
0.92372
-0.115958
-0.0882792
-0.0331401
0.0417813
0.127395
0.219368
0.316636
0.418608
0.524274
0.632101
0.726498
0.796162
0.846018
0.881762
0.906265
0.921044
0.928072
0.930292
0.930569
0.930449
-0.140336
-0.112055
-0.0557909
0.020684
0.108078
0.202107
0.301794
0.406598
0.515599
0.627429
0.726008
0.799044
0.851089
0.887945
0.912833
0.927601
0.934436
0.936493
0.936679
0.936519
-0.164265
-0.135351
-0.0779893
-0.000107567
0.0888648
0.184739
0.286597
0.393967
0.506041
0.621703
0.724504
0.801156
0.855689
0.893857
0.919148
0.933784
0.9403
0.942102
0.942187
0.942
-0.187778
-0.158153
-0.0997276
-0.020576
0.0698036
0.167306
0.271104
0.380768
0.495641
0.614911
0.721921
0.802418
0.859833
0.899648
0.925395
0.939698
0.945675
0.947138
0.94712
0.946917
-0.210708
-0.180413
-0.120975
-0.0406926
0.0509394
0.149886
0.255383
0.367083
0.484465
0.607076
0.718188
0.802726
0.863467
0.905451
0.93186
0.94559
0.95067
0.951626
0.951494
0.951292
-0.233013
-0.202083
-0.141701
-0.0603997
0.0323382
0.132545
0.239532
0.352998
0.4726
0.598225
0.713253
0.801951
0.866454
0.911297
0.938919
0.951988
0.955603
0.955644
0.95533
0.955171
-0.254749
-0.223124
-0.161871
-0.0796523
0.0140714
0.115375
0.223645
0.338619
0.46014
0.588421
0.707064
0.799963
0.868574
0.917005
0.946855
0.959805
0.961465
0.95964
0.958695
0.958749
-0.275747
-0.243503
-0.181423
-0.0983778
-0.00379637
0.098464
0.207823
0.324061
0.447203
0.577762
0.699605
0.796619
0.86956
0.922124
0.955479
0.969967
0.970447
0.965844
0.962264
0.960556
-0.2961
-0.263222
-0.20036
-0.116604
-0.0212985
0.0817687
0.192012
0.30926
0.433713
0.566175
0.690717
0.79165
0.869123
0.926053
0.96389
0.982378
0.984622
0.978583
0.967946
0.967244
-0.315717
-0.28235
-0.218817
-0.134527
-0.0387366
0.0649415
0.175783
0.293712
0.419098
0.552996
0.679702
0.784237
0.866677
0.927926
0.970014
0.993941
0.999212
0.989732
0.971695
0.967817
-0.334453
-0.300851
-0.236619
-0.151936
-0.0558529
0.0482917
0.159355
0.277749
0.403668
0.538489
0.666665
0.773846
0.861568
0.926586
0.969389
0.993135
1.00208
0.979609
0.921046
0.895254
-0.352186
-0.319536
-0.253355
-0.1683
-0.0719505
0.0323111
0.143002
0.261645
0.387702
0.522831
0.651693
0.759985
0.85294
0.921378
0.95743
0.975345
0.968808
0.920928
0.859691
0.822022
-0.396713
-0.337567
-0.268908
-0.184211
-0.0878227
0.0160793
0.126855
0.245281
0.371005
0.505696
0.634418
0.742195
0.83726
0.910651
0.933203
0.927777
0.887769
0.827135
0.760027
0.723128
-0.371522
-0.353016
-0.292453
-0.207817
-0.111924
-0.00824198
0.101781
0.219505
0.344205
0.477239
0.604016
0.709206
0.795162
0.874751
0.864219
0.764411
0.679698
0.620684
0.559028
0.58807
-0.403584
-0.371403
-0.309945
-0.225863
-0.130049
-0.0266874
0.0834748
0.200517
0.32415
0.455327
0.579304
0.68075
0.756821
0.800963
0.755874
0.623989
0.520522
0.450722
0.370925
0.418638
-0.428595
-0.393902
-0.330546
-0.246266
-0.150504
-0.0471986
0.062865
0.179103
0.301355
0.430086
0.550179
0.64562
0.710767
0.718043
0.618712
0.46985
0.345762
0.257022
0.163819
0.197087
-0.453015
-0.417171
-0.352332
-0.267329
-0.171402
-0.0681887
0.0414014
0.156682
0.277341
0.403245
0.518541
0.606848
0.655436
0.631135
0.480162
0.308813
0.153354
0.023149
-0.0986442
-0.084518
-0.47718
-0.44087
-0.375039
-0.289386
-0.193212
-0.0901561
0.0188206
0.133007
0.251801
0.374502
0.484296
0.565249
0.593944
0.527005
0.34423
0.152367
-0.0305183
-0.180863
-0.383803
-0.462219
-0.501769
-0.465465
-0.39901
-0.312851
-0.216414
-0.113463
-0.00503098
0.108039
0.224855
0.344124
0.448095
0.519825
0.524987
0.407052
0.220535
0.0163571
-0.171451
-0.330225
-0.452177
-0.570178
-0.527864
-0.491444
-0.424613
-0.338129
-0.241561
-0.138807
-0.0310115
0.0807725
0.195269
0.310572
0.408263
0.468002
0.447145
0.293043
0.104938
-0.0933646
-0.264667
-0.359272
-0.385015
-0.398569
-0.555605
-0.519091
-0.451979
-0.365325
-0.268807
-0.166414
-0.0594994
0.0506899
0.162414
0.273018
0.36394
0.406942
0.36811
0.183676
-0.00263643
-0.180629
-0.309722
-0.346581
-0.355312
-0.355674
-0.585278
-0.548531
-0.48114
-0.394416
-0.298092
-0.19629
-0.090517
0.0177319
0.12621
0.2314
0.314566
0.342245
0.273147
0.0836823
-0.0966035
-0.251137
-0.32289
-0.336942
-0.337809
-0.337579
-0.616884
-0.579791
-0.512102
-0.42539
-0.329422
-0.228418
-0.124072
-0.0181248
0.086661
0.185775
0.259928
0.273304
0.167221
-0.00699254
-0.17731
-0.298917
-0.326388
-0.327599
-0.328349
-0.327849
-0.650155
-0.612686
-0.544747
-0.458149
-0.362697
-0.262736
-0.160135
-0.0568634
0.0438036
0.136232
0.201033
0.195884
0.0722756
-0.0915069
-0.241134
-0.308352
-0.323542
-0.322795
-0.32296
-0.322683
-0.684496
-0.646844
-0.578789
-0.492442
-0.397708
-0.299064
-0.198543
-0.0983657
-0.00217001
0.0831682
0.137839
0.117037
-0.0162618
-0.167498
-0.284935
-0.319719
-0.318963
-0.319013
-0.318807
-0.318656
-0.719443
-0.681703
-0.613713
-0.527817
-0.434065
-0.337046
-0.238983
-0.142357
-0.0509996
0.0274125
0.0687682
0.0414904
-0.0976715
-0.226693
-0.312451
-0.319168
-0.319309
-0.317899
-0.317146
-0.316762
-0.753997
-0.716333
-0.648728
-0.563588
-0.471167
-0.376152
-0.280939
-0.188339
-0.102278
-0.0303744
-0.000327408
-0.0393479
-0.170138
-0.271231
-0.31804
-0.329691
-0.325196
-0.32362
-0.322285
-0.32135
-0.786232
-0.749392
-0.682748
-0.598803
-0.508169
-0.415603
-0.323664
-0.235523
-0.155254
-0.0897903
-0.0656946
-0.128901
-0.239065
-0.311707
-0.33144
-0.335312
-0.3346
-0.332441
-0.331741
-0.331237
-0.815053
-0.779306
-0.714298
-0.632182
-0.543931
-0.454358
-0.366168
-0.282845
-0.208735
-0.150331
-0.131218
-0.215268
-0.314615
-0.350594
-0.363875
-0.362417
-0.355457
-0.351192
-0.350558
-0.350068
-0.837671
-0.803903
-0.74154
-0.662097
-0.577024
-0.491112
-0.407176
-0.328986
-0.261322
-0.210039
-0.19624
-0.294566
-0.412301
-0.431304
-0.415311
-0.41503
-0.408626
-0.404431
-0.402636
-0.40098
-0.851873
-0.820927
-0.762304
-0.6867
-0.605759
-0.524334
-0.445177
-0.37231
-0.311389
-0.266087
-0.256014
-0.35875
-0.536413
-0.618062
-0.569264
-0.532148
-0.52229
-0.508636
-0.49549
-0.489367
-0.854864
-0.827893
-0.774365
-0.704026
-0.628327
-0.55234
-0.478555
-0.410909
-0.356588
-0.316574
-0.306084
-0.385955
-0.590513
-0.813611
-0.712523
-0.602059
-0.560221
-0.542856
-0.530728
-0.527158
-0.844609
-0.822433
-0.775558
-0.71219
-0.643136
-0.573464
-0.505669
-0.443095
-0.393574
-0.360475
-0.334778
-0.369601
-0.382846
-0.553745
-0.521507
-0.467216
-0.449419
-0.447329
-0.451259
-0.452028
-0.817955
-0.801407
-0.763853
-0.709846
-0.649056
-0.586511
-0.525111
-0.467476
-0.419961
-0.393347
-0.354217
-0.288053
-0.0385028
0.156081
0.0235541
-0.237953
-0.367635
-0.389874
-0.394533
-0.39416
-0.778171
-0.767386
-0.740035
-0.697159
-0.64584
-0.591377
-0.535993
-0.483142
-0.436949
-0.407559
-0.379586
-0.307587
-0.0886972
0.116899
-0.129375
-0.357632
-0.43471
-0.43207
-0.422006
-0.433438
-0.73197
-0.725786
-0.709028
-0.677122
-0.635716
-0.588759
-0.539002
-0.489457
-0.444245
-0.409357
-0.417445
-0.490691
-0.815759
-1.07935
-1.3327
-1.45333
-1.3464
-1.16473
-1.01127
-0.980859
-0.689466
-0.685828
-0.677356
-0.655453
-0.622075
-0.580856
-0.535408
-0.486837
-0.440157
-0.408816
-0.391808
-0.613447
-1.14417
-1.86383
-2.1474
-2.12558
-1.99041
-1.79696
-1.62496
-1.5155
-0.658008
-0.655809
-0.651481
-0.637138
-0.609361
-0.571538
-0.52665
-0.476861
-0.424124
-0.372408
-0.350167
-0.415858
-0.666444
-0.902296
-0.970199
-0.785898
-0.558451
-0.33227
-0.198321
-0.130006
-0.634457
-0.633595
-0.63224
-0.624466
-0.601406
-0.564024
-0.516733
-0.461026
-0.39487
-0.321684
-0.234508
-0.144898
-0.00419689
0.247479
0.576487
0.916053
1.18034
1.35217
1.40907
1.42925
-0.621028
-0.620596
-0.620076
-0.616323
-0.597871
-0.559815
-0.506423
-0.442144
-0.363785
-0.265415
-0.151997
0.00295875
0.227592
0.645574
1.16798
1.63809
1.98979
2.14356
2.1929
2.20537
-0.612724
-0.61254
-0.612056
-0.610733
-0.596855
-0.559467
-0.501253
-0.427299
-0.337045
-0.223511
-0.114004
0.0264738
0.266881
0.706283
1.23616
1.70165
2.00977
2.17214
2.24055
2.25752
-0.608929
-0.607892
-0.60518
-0.603448
-0.596887
-0.566042
-0.505062
-0.418403
-0.321707
-0.208192
-0.090098
0.0116411
0.242799
0.642614
1.04819
1.41042
1.68636
1.84594
1.91198
1.93086
-0.623361
-0.619725
-0.612134
-0.608274
-0.610807
-0.587071
-0.516044
-0.418116
-0.308279
-0.201862
-0.088329
-0.00378854
0.136451
0.449782
0.795332
1.08473
1.29546
1.41726
1.47132
1.48632
-0.672656
-0.670128
-0.670691
-0.675884
-0.677067
-0.631461
-0.530623
-0.416015
-0.298131
-0.189609
-0.0905666
-0.010865
0.0907236
0.347507
0.59387
0.789511
0.93547
1.02205
1.06035
1.07004
-0.73924
-0.747225
-0.766368
-0.77667
-0.758607
-0.673532
-0.534306
-0.401725
-0.285928
-0.174942
-0.0879124
-0.0154709
0.0523129
0.234579
0.417013
0.563808
0.659533
0.714448
0.73735
0.743188
-0.733714
-0.748261
-0.771336
-0.781698
-0.751705
-0.642376
-0.495715
-0.369253
-0.259684
-0.161027
-0.0809503
-0.0164471
0.0421297
0.151367
0.281631
0.380131
0.451058
0.493943
0.513312
0.516617
-0.573581
-0.587525
-0.607268
-0.616282
-0.586728
-0.50012
-0.400685
-0.305982
-0.217037
-0.140112
-0.0710077
-0.00919536
0.0307788
0.119945
0.220344
0.284603
0.326433
0.351106
0.360379
0.362398
-0.310657
-0.318792
-0.331892
-0.342605
-0.33502
-0.305399
-0.265009
-0.21594
-0.164656
-0.107896
-0.057143
-0.00433998
0.0371155
0.0808906
0.146291
0.197474
0.235254
0.257512
0.26615
0.266427
-0.076014
-0.0796354
-0.0887168
-0.10445
-0.122153
-0.134646
-0.137159
-0.128584
-0.109805
-0.0733514
-0.0401032
0.000703531
0.0349922
0.069282
0.114028
0.143231
0.169272
0.185111
0.191355
0.190916
0.059923
0.0579135
0.0501436
0.0317684
0.00360085
-0.0266091
-0.0497031
-0.0630269
-0.0634304
-0.0503445
-0.0269294
6.08632e-05
0.0272216
0.0393897
0.0692749
0.0959419
0.114643
0.125381
0.127667
0.126394
0.111966
0.11048
0.104019
0.0876465
0.0609294
0.0302266
0.00195946
-0.0192991
-0.0314224
-0.0326365
-0.0235698
-0.00821231
0.00815908
0.00962769
0.0213384
0.0381802
0.0554453
0.0662202
0.0694418
0.0679514
0.11923
0.118084
0.113244
0.10095
0.0803271
0.0551898
0.0294631
0.0065372
-0.0110389
-0.0226989
-0.0302126
-0.0337937
-0.0372004
-0.0396112
-0.0236111
-0.00771685
0.00452473
0.00896464
0.0100499
0.00863809
0.109033
0.108224
0.104861
0.0962771
0.0815445
0.0623275
0.0412952
0.0203951
0.000848641
-0.0179893
-0.0400801
-0.0670941
-0.0920443
-0.0933577
-0.0748693
-0.0589716
-0.0478715
-0.0443393
-0.0439128
-0.0446532
0.0942171
0.0936875
0.0914576
0.0857189
0.0755469
0.0617191
0.0453422
0.0277743
0.00880813
-0.0135684
-0.0450968
-0.0902603
-0.128437
-0.122417
-0.0990434
-0.0839897
-0.0789809
-0.0797179
-0.0806569
-0.0808001
0.0797384
0.0794189
0.078028
0.0743506
0.0676298
0.0580408
0.0461943
0.0324838
0.016368
-0.00470084
-0.0367969
-0.0839577
-0.118494
-0.105077
-0.0872165
-0.079761
-0.0818661
-0.085857
-0.0872443
-0.0870039
0.0671522
0.066981
0.0661969
0.0640492
0.0599259
0.0538039
0.0458306
0.0365515
0.0253169
0.0099439
-0.0126018
-0.0454752
-0.0618344
-0.0481566
-0.0430029
-0.0462261
-0.0534933
-0.0590259
-0.0604584
-0.0603062
0.0566947
0.0566095
0.0562539
0.0552411
0.0530774
0.0497386
0.0452299
0.040176
0.0346177
0.0288181
0.0226169
0.0121107
0.0124421
0.0215118
0.0183186
0.00664704
-0.00388963
-0.0094245
-0.0102541
-0.0100876
0.047932
0.0479177
0.0478693
0.0476505
0.0469783
0.0458271
0.0442785
0.043215
0.0433283
0.0479094
0.0597268
0.0744745
0.0961727
0.101698
0.0869481
0.069641
0.0592424
0.0557015
0.0550979
0.0548529
0.0403576
0.0403821
0.0405225
0.0408207
0.0411478
0.041558
0.0422609
0.0442938
0.049169
0.0619747
0.089786
0.130675
0.169524
0.167461
0.144612
0.126682
0.120156
0.119261
0.118582
0.117691
0.0333959
0.0334486
0.0336739
0.0342125
0.035085
0.0362937
0.0384276
0.0423726
0.0502804
0.0676119
0.102163
0.151424
0.19391
0.188231
0.169204
0.16056
0.159173
0.16093
0.16038
0.158769
0.0263313
0.0263889
0.0266277
0.0272236
0.0282864
0.029801
0.0324291
0.0368917
0.0456637
0.063037
0.095479
0.139419
0.171119
0.164197
0.155385
0.155642
0.160924
0.165311
0.164723
0.163202
0.0188165
0.0188598
0.0190535
0.0195385
0.0204386
0.0218185
0.0241086
0.0279511
0.0355068
0.0493354
0.0739583
0.103598
0.120998
0.117782
0.117981
0.126276
0.135796
0.139834
0.138824
0.137313
0.0106986
0.0107076
0.0108105
0.0111172
0.0116658
0.0125932
0.014013
0.0164563
0.0209728
0.0294184
0.0430115
0.0569877
0.0564282
0.057011
0.0655562
0.0763317
0.0863282
0.0899581
0.0883865
0.0868825
0.00227436
0.00226014
0.00228144
0.00228155
0.00230578
0.002464
0.00272375
0.00318931
0.00371014
0.00458451
0.00614984
0.00822278
0.00567928
0.00815196
0.0114907
0.0175472
0.0165859
0.0125645
0.0141746
0.0154335
0.0499687
0.239707
0.414345
0.563016
0.683365
0.779679
0.860479
0.926134
0.943012
0.939126
0.343895
0.466387
0.581435
0.681911
0.767051
0.837766
0.893623
0.931364
0.951484
0.967973
0.543685
0.625596
0.706786
0.778348
0.839629
0.890537
0.930594
0.961017
0.983788
1.00302
0.691393
0.74922
0.808162
0.861169
0.906922
0.945781
0.978304
1.00551
1.02596
1.04486
0.808885
0.852954
0.896989
0.937888
0.974287
1.0064
1.03445
1.05817
1.07621
1.09426
0.908704
0.944455
0.979663
1.01365
1.04498
1.07331
1.0983
1.11925
1.13509
1.15257
0.99704
1.02933
1.06171
1.09299
1.1221
1.14856
1.17175
1.19075
1.2047
1.22173
1.08429
1.11697
1.14949
1.18076
1.20959
1.23543
1.25761
1.27518
1.2876
1.30413
1.17883
1.21527
1.25008
1.28259
1.31181
1.33721
1.35837
1.37469
1.38633
1.40248
1.29195
1.3325
1.36958
1.4026
1.43114
1.45517
1.47482
1.49011
1.50203
1.51811
1.4333
1.47445
1.50974
1.53937
1.5646
1.58624
1.60475
1.62025
1.63338
1.64933
1.60493
1.63744
1.6643
1.68661
1.70671
1.72544
1.74319
1.75996
1.77488
1.79061
1.79133
1.80862
1.82575
1.84243
1.85852
1.87326
1.88717
1.90165
1.9169
1.93419
1.97471
1.9847
1.99791
2.0089
2.0183
2.02796
2.03858
2.04876
2.05805
2.08372
2.19264
2.18693
2.17399
2.15973
2.15343
2.15915
2.1773
2.20582
2.23958
2.27591
2.49545
2.35949
2.27999
2.23748
2.22016
2.22414
2.25157
2.30944
2.4171
2.59551
0.79888
0.792576
0.784842
0.773721
0.76014
0.747478
0.737061
0.729021
0.723266
0.719886
0.719477
0.722257
0.727447
0.734773
0.744301
0.756116
0.769668
0.782591
0.791576
0.799114
0.707964
0.713882
0.721949
0.728074
0.731133
0.730607
0.727501
0.723477
0.719848
0.717512
0.717319
0.719516
0.723226
0.727639
0.731718
0.733947
0.732862
0.728218
0.721158
0.713322
0.701241
0.703613
0.706875
0.709639
0.712077
0.714249
0.715405
0.715227
0.714247
0.713385
0.713537
0.71489
0.716625
0.717819
0.717718
0.716231
0.714058
0.711686
0.708696
0.705675
0.69649
0.697578
0.699489
0.701817
0.703674
0.705053
0.706244
0.707201
0.707753
0.708067
0.70855
0.709228
0.709643
0.709484
0.708824
0.707878
0.70653
0.704547
0.70243
0.70095
0.691516
0.69215
0.693273
0.69502
0.696847
0.698418
0.699638
0.700659
0.701584
0.702409
0.703112
0.703559
0.703636
0.703381
0.702807
0.701804
0.700354
0.698727
0.697378
0.696573
0.686656
0.687095
0.687878
0.689169
0.690672
0.692209
0.693651
0.694899
0.695987
0.696989
0.697845
0.698357
0.698463
0.698169
0.697459
0.696423
0.695241
0.694075
0.693158
0.692622
0.681901
0.682229
0.682836
0.683891
0.685165
0.686535
0.687973
0.689391
0.690706
0.691909
0.69294
0.693576
0.693712
0.693394
0.692739
0.691909
0.691026
0.690144
0.689465
0.689071
0.677229
0.677484
0.677973
0.678869
0.680018
0.681293
0.682669
0.684132
0.685625
0.687076
0.688336
0.689115
0.689341
0.689148
0.688692
0.688085
0.687403
0.686739
0.686238
0.685936
0.672573
0.672776
0.673181
0.673967
0.675035
0.676259
0.677615
0.679115
0.680737
0.682411
0.683936
0.684953
0.685388
0.685416
0.685179
0.68478
0.684291
0.68381
0.683444
0.683206
0.667851
0.668014
0.668361
0.669074
0.670095
0.671297
0.672677
0.674251
0.676014
0.677924
0.679766
0.681109
0.68184
0.682131
0.682126
0.681937
0.681642
0.681323
0.681069
0.680878
0.662981
0.663114
0.663419
0.664086
0.665087
0.666309
0.667748
0.669435
0.671386
0.673579
0.675806
0.677561
0.678652
0.679254
0.67951
0.679544
0.67944
0.679276
0.679115
0.678961
0.65788
0.657988
0.658265
0.658912
0.659929
0.661215
0.662757
0.664612
0.66682
0.669384
0.672091
0.674334
0.675845
0.676796
0.677346
0.677616
0.677705
0.677691
0.677612
0.677487
0.652461
0.652547
0.652808
0.65346
0.654529
0.655921
0.657625
0.659718
0.66227
0.665308
0.668608
0.671439
0.673437
0.674786
0.675659
0.6762
0.6765
0.676627
0.676617
0.676514
0.646621
0.646688
0.646942
0.647622
0.648781
0.650326
0.652256
0.654671
0.657666
0.661295
0.66532
0.668863
0.671442
0.673254
0.674493
0.675331
0.675858
0.676133
0.67619
0.676106
0.640242
0.64029
0.640545
0.641276
0.642565
0.64432
0.646544
0.649361
0.652905
0.657271
0.662187
0.666587
0.669864
0.672234
0.673907
0.675083
0.675871
0.676304
0.676428
0.676359
0.633186
0.633214
0.633478
0.63428
0.635736
0.637761
0.640363
0.643693
0.64792
0.653177
0.659176
0.664631
0.668758
0.671794
0.673979
0.675546
0.676636
0.677241
0.677432
0.677376
0.625258
0.625275
0.625538
0.62644
0.62812
0.630493
0.633584
0.637576
0.642681
0.649069
0.656397
0.663101
0.668213
0.672018
0.674804
0.676847
0.67827
0.679064
0.679324
0.679279
0.616173
0.616164
0.61648
0.61752
0.619494
0.622317
0.626027
0.63085
0.637052
0.644839
0.653781
0.661988
0.668278
0.672994
0.676492
0.679095
0.680906
0.68191
0.682243
0.682207
0.605658
0.605626
0.605991
0.607215
0.609548
0.612942
0.617442
0.623315
0.630886
0.6404
0.65132
0.661315
0.669007
0.674815
0.679161
0.682414
0.684679
0.68592
0.686329
0.686299
0.593232
0.593177
0.593614
0.59508
0.597891
0.60203
0.607555
0.614789
0.624092
0.63573
0.64904
0.661203
0.670534
0.677603
0.682947
0.686957
0.689743
0.691244
0.69173
0.691703
0.578286
0.578208
0.578763
0.580567
0.58401
0.589151
0.596046
0.605068
0.616633
0.630985
0.647176
0.661799
0.672998
0.681512
0.687998
0.692877
0.696244
0.698021
0.698581
0.698549
0.559884
0.559788
0.560535
0.562834
0.56716
0.573682
0.582434
0.593819
0.60824
0.625867
0.645494
0.663052
0.676427
0.68661
0.694399
0.700272
0.704291
0.706354
0.706975
0.706932
0.536597
0.536497
0.537574
0.54064
0.546299
0.554847
0.566248
0.580887
0.599087
0.620825
0.644474
0.66527
0.681004
0.693011
0.702249
0.709229
0.713944
0.71628
0.71694
0.716876
0.506107
0.506051
0.507724
0.512125
0.520044
0.53177
0.547094
0.566221
0.589241
0.6159
0.644136
0.668529
0.686837
0.700803
0.711589
0.719767
0.725158
0.727713
0.728371
0.728271
0.464292
0.464434
0.467414
0.474598
0.486728
0.503679
0.524801
0.549979
0.579005
0.611402
0.644728
0.672956
0.693952
0.709949
0.722366
0.731758
0.737727
0.740372
0.740965
0.740819
0.403474
0.404769
0.412036
0.425635
0.445495
0.470768
0.500087
0.532972
0.569094
0.607909
0.646638
0.678781
0.702464
0.720449
0.73439
0.74484
0.751207
0.753731
0.754161
0.753978
0.330397
0.332966
0.347127
0.370627
0.401104
0.436267
0.474507
0.515603
0.559355
0.605308
0.650435
0.687565
0.714888
0.735651
0.75162
0.763287
0.770067
0.772642
0.773109
0.773039
0.25543
0.262268
0.283549
0.316952
0.357777
0.402603
0.449789
0.499196
0.550713
0.603928
0.655612
0.697894
0.728944
0.752614
0.770804
0.78369
0.790682
0.793049
0.7934
0.793414
0.194371
0.203041
0.228971
0.26943
0.318358
0.371392
0.426656
0.483865
0.542792
0.60298
0.660904
0.708038
0.742534
0.768749
0.78881
0.80274
0.80992
0.812265
0.81287
0.812973
0.144315
0.153691
0.18314
0.228859
0.283921
0.343533
0.405612
0.469696
0.535392
0.6021
0.665909
0.717586
0.755299
0.783862
0.805619
0.820666
0.82847
0.831342
0.832073
0.832207
0.102263
0.111954
0.143821
0.193657
0.253753
0.318835
0.386674
0.456733
0.528478
0.601158
0.670446
0.726358
0.767051
0.797805
0.821186
0.837401
0.846042
0.849277
0.850109
0.850235
0.0657682
0.0756152
0.109317
0.16245
0.226737
0.296507
0.369365
0.444705
0.521905
0.600064
0.674463
0.734328
0.777744
0.810457
0.835269
0.85244
0.86175
0.865311
0.866261
0.866394
0.0331787
0.0431062
0.0782708
0.134143
0.201993
0.275817
0.353117
0.433222
0.515424
0.598685
0.677865
0.741444
0.787339
0.82179
0.847811
0.865725
0.875563
0.879469
0.880469
0.880592
0.00328616
0.0132792
0.0496271
0.10789
0.178838
0.256209
0.337463
0.4219
0.508731
0.596805
0.680549
0.747626
0.795856
0.831853
0.858865
0.877282
0.887495
0.891626
0.892664
0.892767
-0.0248056
-0.0147367
0.0227093
0.0830936
0.156768
0.237274
0.322066
0.410458
0.501599
0.59424
0.682403
0.752879
0.803356
0.840773
0.868529
0.887257
0.897628
0.90191
0.903014
0.903103
-0.0516299
-0.0414362
-0.00297976
0.0593106
0.135412
0.218715
0.306698
0.398703
0.493858
0.590854
0.683328
0.757221
0.809952
0.848727
0.877099
0.896054
0.906529
0.91086
0.911965
0.91204
-0.0775643
-0.0671949
-0.0277869
0.0362463
0.114521
0.200332
0.291203
0.386511
0.485406
0.586552
0.683285
0.760683
0.815746
0.855881
0.884837
0.904004
0.914549
0.918861
0.919921
0.919933
-0.10286
-0.0922346
-0.0519179
0.0137146
0.0939474
0.182004
0.275489
0.37382
0.47618
0.581283
0.682255
0.763294
0.820825
0.862369
0.891925
0.911274
0.921827
0.926075
0.927077
0.927073
-0.127575
-0.116679
-0.0754911
-0.00838739
0.0736098
0.163684
0.259522
0.360604
0.466163
0.575016
0.680207
0.765064
0.825258
0.868327
0.898541
0.918066
0.928567
0.932672
0.93357
0.933519
-0.151804
-0.140621
-0.0985854
-0.0300949
0.0534803
0.145356
0.243307
0.346877
0.455372
0.567757
0.677112
0.765958
0.829075
0.873879
0.904844
0.924498
0.934826
0.938701
0.939444
0.939335
-0.175549
-0.164072
-0.12118
-0.0514117
0.0335716
0.12705
0.226891
0.332691
0.443845
0.559515
0.672934
0.765905
0.83226
0.879126
0.910992
0.930691
0.940652
0.944154
0.944713
0.94456
-0.198854
-0.187015
-0.143253
-0.0723168
0.0139187
0.108815
0.21033
0.318114
0.431648
0.550324
0.667637
0.764814
0.834743
0.884136
0.917195
0.936851
0.946153
0.949078
0.949409
0.949221
-0.221477
-0.20939
-0.164774
-0.0927766
-0.00542083
0.0907332
0.193701
0.303227
0.418863
0.540247
0.661198
0.762591
0.836402
0.888887
0.923682
0.943372
0.951614
0.953566
0.953549
0.95334
-0.243573
-0.231136
-0.185703
-0.112753
-0.0244033
0.0728551
0.177105
0.288119
0.405586
0.52937
0.653619
0.75914
0.837075
0.89322
0.930581
0.95084
0.957742
0.957993
0.957202
0.956967
-0.264952
-0.252207
-0.206017
-0.132187
-0.0429392
0.0552728
0.16063
0.272917
0.391927
0.517765
0.644937
0.75437
0.836575
0.896828
0.93771
0.959801
0.96594
0.963779
0.960984
0.960254
-0.285709
-0.272624
-0.225653
-0.151017
-0.0609851
0.0380594
0.144368
0.257708
0.378
0.505572
0.635222
0.748184
0.834712
0.8993
0.944389
0.970062
0.977655
0.974258
0.96778
0.958272
-0.305724
-0.292379
-0.244702
-0.169408
-0.0787679
0.0209191
0.127967
0.242067
0.363332
0.492256
0.623922
0.739959
0.830976
0.900205
0.949714
0.98042
0.992617
0.990106
0.979539
0.976886
-0.324948
-0.31155
-0.263158
-0.187292
-0.0962584
0.00387922
0.111463
0.22598
0.347893
0.477702
0.610871
0.729259
0.824703
0.898751
0.951534
0.985859
1.00109
1.00295
0.969404
0.93008
-0.343143
-0.329993
-0.280967
-0.204536
-0.11343
-0.0130781
0.0948716
0.209582
0.331763
0.461957
0.596016
0.715806
0.814898
0.894244
0.94788
0.976839
0.992183
0.976986
0.925743
0.870288
-0.363047
-0.346426
-0.297807
-0.220643
-0.130087
-0.0296934
0.0778496
0.192922
0.315036
0.445139
0.579299
0.699412
0.799908
0.887246
0.937295
0.966883
0.949316
0.907885
0.84529
0.786305
-0.352934
-0.328684
-0.276815
-0.194861
-0.0989927
0.00497645
0.117776
0.23601
0.361449
0.495712
0.624098
0.731434
0.824938
0.912809
0.943491
0.882716
0.840639
0.783365
0.719386
0.678485
-0.367387
-0.359602
-0.318745
-0.246581
-0.156174
-0.0561398
0.0516514
0.166391
0.287924
0.417024
0.549698
0.668401
0.764878
0.851973
0.914713
0.903344
0.803952
0.731903
0.677356
0.605931
-0.389563
-0.378797
-0.334473
-0.26103
-0.170113
-0.0704274
0.0362048
0.149969
0.270572
0.39832
0.529229
0.646159
0.738639
0.813465
0.838741
0.762578
0.64387
0.566842
0.505802
0.432982
-0.413867
-0.401846
-0.354341
-0.279837
-0.188923
-0.0891122
0.0175641
0.131098
0.250835
0.377134
0.505183
0.617784
0.701828
0.757651
0.737255
0.61569
0.487121
0.395265
0.321026
0.215045
-0.437993
-0.425897
-0.376547
-0.300812
-0.209703
-0.109868
-0.00326609
0.109727
0.228377
0.352796
0.477357
0.584484
0.66016
0.691158
0.632353
0.468
0.315308
0.194857
0.095367
-0.0417563
-0.462038
-0.449948
-0.399425
-0.3226
-0.231018
-0.131177
-0.0249131
0.0872558
0.204557
0.326701
0.447282
0.548216
0.614593
0.611503
0.500923
0.32097
0.139458
-0.0213093
-0.158266
-0.403009
-0.48642
-0.474453
-0.423201
-0.345617
-0.253595
-0.153687
-0.0477811
0.0635349
0.179351
0.298946
0.415168
0.508904
0.562729
0.528786
0.372605
0.181916
-0.0154551
-0.189065
-0.354496
-0.613739
-0.511725
-0.49988
-0.448247
-0.370132
-0.277759
-0.177784
-0.0721999
0.0382832
0.15254
0.269361
0.380978
0.466682
0.504284
0.447504
0.254614
0.0583801
-0.136241
-0.302221
-0.385772
-0.434517
-0.538651
-0.526869
-0.47493
-0.396479
-0.303953
-0.204079
-0.0989794
0.0104322
0.122779
0.236265
0.342602
0.419227
0.43759
0.338115
0.144252
-0.0492663
-0.221332
-0.330396
-0.365026
-0.371105
-0.567386
-0.555605
-0.503355
-0.424664
-0.332123
-0.23253
-0.128143
-0.0200807
0.0899584
0.199517
0.299715
0.366813
0.356201
0.22794
0.0411728
-0.138752
-0.282586
-0.333781
-0.34296
-0.345233
-0.598074
-0.586208
-0.533577
-0.454688
-0.362255
-0.263134
-0.159698
-0.0533062
0.0540322
0.159125
0.252257
0.309004
0.275042
0.123651
-0.0507216
-0.217647
-0.309624
-0.331839
-0.332277
-0.332372
-0.630582
-0.6186
-0.565548
-0.48651
-0.394303
-0.295841
-0.19363
-0.089239
0.0150069
0.115096
0.200518
0.244283
0.201134
0.0285198
-0.13178
-0.271905
-0.321197
-0.323825
-0.325295
-0.325375
-0.664519
-0.652454
-0.599029
-0.51995
-0.428118
-0.33053
-0.229836
-0.127808
-0.0270657
0.0676277
0.144638
0.17656
0.116926
-0.0555755
-0.203869
-0.299341
-0.320438
-0.32073
-0.320794
-0.32074
-0.699401
-0.687287
-0.633607
-0.554638
-0.463375
-0.366923
-0.268059
-0.168798
-0.0719928
0.0171144
0.0849345
0.104456
0.0231493
-0.130423
-0.261578
-0.306398
-0.31783
-0.317909
-0.317544
-0.317423
-0.734432
-0.722367
-0.668607
-0.589966
-0.49955
-0.404556
-0.307891
-0.211818
-0.119435
-0.0360732
0.023258
0.0239189
-0.0636196
-0.193118
-0.293101
-0.330468
-0.323648
-0.321042
-0.319404
-0.318496
-0.76849
-0.756568
-0.703031
-0.625055
-0.53588
-0.442748
-0.348693
-0.256223
-0.168769
-0.0915288
-0.038368
-0.0541703
-0.147236
-0.24969
-0.313834
-0.327508
-0.329715
-0.328385
-0.327353
-0.326393
-0.799574
-0.788115
-0.735485
-0.658722
-0.571321
-0.480559
-0.389593
-0.301127
-0.219044
-0.14832
-0.100726
-0.127298
-0.232807
-0.304767
-0.33899
-0.347658
-0.345257
-0.340649
-0.338823
-0.338591
-0.826148
-0.815413
-0.764279
-0.689403
-0.604507
-0.51677
-0.429436
-0.345399
-0.268996
-0.204977
-0.164425
-0.196405
-0.319208
-0.377902
-0.372339
-0.383644
-0.379426
-0.372498
-0.370958
-0.370527
-0.845533
-0.835752
-0.787183
-0.715208
-0.633784
-0.549897
-0.466823
-0.387607
-0.31713
-0.259895
-0.225798
-0.260689
-0.408262
-0.509379
-0.4927
-0.471251
-0.462284
-0.457908
-0.449895
-0.444355
-0.855406
-0.846603
-0.801735
-0.734083
-0.657304
-0.57823
-0.500194
-0.426098
-0.361496
-0.311253
-0.280816
-0.313837
-0.472823
-0.689579
-0.714062
-0.616631
-0.576581
-0.55631
-0.538061
-0.52659
-0.852099
-0.844516
-0.805893
-0.743953
-0.673182
-0.600052
-0.527877
-0.459225
-0.399603
-0.356557
-0.326755
-0.350167
-0.430879
-0.659778
-0.759029
-0.608587
-0.525565
-0.502395
-0.496632
-0.494445
-0.833228
-0.828017
-0.797405
-0.743172
-0.679909
-0.613973
-0.548279
-0.485396
-0.429663
-0.391829
-0.368797
-0.355858
-0.267692
-0.170843
-0.221815
-0.300995
-0.391378
-0.409305
-0.41317
-0.415214
-0.799306
-0.795597
-0.774381
-0.730822
-0.67688
-0.619284
-0.560437
-0.503374
-0.451211
-0.412977
-0.394591
-0.337302
-0.139795
0.214352
0.284149
-0.0266041
-0.281604
-0.364023
-0.38305
-0.390447
-0.755184
-0.752842
-0.740417
-0.709065
-0.665294
-0.61642
-0.5647
-0.512349
-0.463568
-0.423312
-0.403274
-0.385854
-0.412224
-0.417711
-0.585617
-0.831999
-0.92561
-0.787607
-0.635085
-0.600444
-0.709406
-0.708056
-0.701873
-0.68258
-0.649035
-0.607568
-0.561934
-0.513282
-0.465712
-0.425995
-0.393728
-0.477733
-0.792276
-1.37746
-1.67552
-1.83146
-1.8245
-1.70386
-1.53131
-1.41184
-0.671886
-0.671133
-0.668179
-0.656651
-0.631854
-0.596505
-0.554236
-0.507656
-0.457581
-0.409806
-0.390727
-0.429852
-0.747395
-1.33095
-1.85187
-1.94177
-1.76898
-1.52619
-1.30912
-1.17755
-0.645239
-0.644402
-0.642844
-0.63771
-0.619231
-0.587346
-0.545371
-0.496094
-0.440652
-0.381232
-0.31748
-0.265053
-0.280215
-0.242769
-0.117545
0.0941783
0.370845
0.583374
0.710352
0.768131
-0.626896
-0.626504
-0.625825
-0.623861
-0.611915
-0.582138
-0.537464
-0.482961
-0.417255
-0.336883
-0.246073
-0.122317
0.036088
0.313214
0.738289
1.1816
1.55357
1.80462
1.89179
1.91813
-0.616551
-0.616412
-0.616026
-0.615232
-0.608224
-0.580592
-0.532909
-0.469982
-0.394286
-0.297968
-0.187704
-0.058061
0.120697
0.454166
0.973703
1.50113
1.92877
2.16616
2.26433
2.2976
-0.609746
-0.609727
-0.60896
-0.608034
-0.604428
-0.58237
-0.535028
-0.463649
-0.376626
-0.273899
-0.153673
-0.0474604
0.12415
0.464169
0.928539
1.38024
1.73712
1.96489
2.07777
2.11573
-0.612624
-0.61178
-0.607748
-0.602233
-0.601837
-0.592284
-0.546416
-0.46631
-0.365387
-0.262545
-0.146008
-0.041353
0.0695914
0.36482
0.742495
1.09071
1.38105
1.57553
1.67163
1.70702
-0.644343
-0.641795
-0.636376
-0.632489
-0.635504
-0.629052
-0.569822
-0.471724
-0.360628
-0.248956
-0.145237
-0.043945
0.0299123
0.229472
0.53895
0.815004
1.02581
1.16563
1.23775
1.26431
-0.709173
-0.707551
-0.713277
-0.725959
-0.728511
-0.698907
-0.599668
-0.471157
-0.352095
-0.23477
-0.135122
-0.0452882
0.0175266
0.182631
0.411762
0.594986
0.73724
0.830828
0.878263
0.894343
-0.751952
-0.756696
-0.776911
-0.796544
-0.794093
-0.734022
-0.596819
-0.451839
-0.329901
-0.220361
-0.124343
-0.0487577
0.00712575
0.106088
0.255668
0.404588
0.505921
0.56981
0.602943
0.61461
-0.671299
-0.67842
-0.699099
-0.717355
-0.71074
-0.643781
-0.516428
-0.397607
-0.288539
-0.19459
-0.112653
-0.0429737
0.00758215
0.0831935
0.201784
0.292618
0.357819
0.403152
0.426445
0.434001
-0.444418
-0.451543
-0.466689
-0.482244
-0.480226
-0.43767
-0.370236
-0.298992
-0.22629
-0.157339
-0.0965231
-0.0360506
0.0184294
0.0531368
0.137656
0.213853
0.260084
0.289844
0.303398
0.307461
-0.181275
-0.18494
-0.192867
-0.205381
-0.216608
-0.215699
-0.206737
-0.184456
-0.154942
-0.114481
-0.0690766
-0.0252833
0.0228847
0.0578996
0.102374
0.147663
0.18336
0.211499
0.225907
0.229068
0.00554805
0.00373607
-0.00104537
-0.0138678
-0.0358832
-0.0620629
-0.0821339
-0.0918186
-0.0906262
-0.0752686
-0.0455816
-0.0170451
0.0184722
0.0394823
0.0759807
0.109933
0.13408
0.150078
0.157019
0.157623
0.0944871
0.0933515
0.0897392
0.0776959
0.0539651
0.0227136
-0.00771611
-0.0306134
-0.0441127
-0.0450216
-0.0327328
-0.0138404
0.0100969
0.0218916
0.0335717
0.0541858
0.0744939
0.0907655
0.0976156
0.0981937
0.119437
0.118652
0.115805
0.106205
0.0867469
0.0599107
0.0315081
0.00595955
-0.0132877
-0.0244811
-0.0271923
-0.0237846
-0.0140583
-0.00970567
-0.00550368
0.0091743
0.0238698
0.0351939
0.0392102
0.038887
0.115463
0.114949
0.112869
0.106011
0.0919377
0.0715918
0.0484676
0.0253486
0.00456143
-0.0126947
-0.0274386
-0.0432442
-0.0568237
-0.0719104
-0.0622375
-0.0431204
-0.0281203
-0.0204285
-0.0181907
-0.0187484
0.101873
0.101569
0.100142
0.0954984
0.0857656
0.0712301
0.053386
0.0342471
0.0148382
-0.00526946
-0.0279629
-0.0622184
-0.0985533
-0.117028
-0.100788
-0.0828926
-0.0696169
-0.0654961
-0.0652984
-0.0655784
0.0868357
0.0866781
0.0857605
0.0827451
0.0762757
0.0662132
0.0532799
0.0383344
0.0218223
0.00200779
-0.0239791
-0.0663287
-0.114979
-0.130362
-0.106811
-0.090575
-0.0841348
-0.085541
-0.0880761
-0.0881612
0.0731917
0.0731248
0.0725781
0.0707552
0.0666717
0.060089
0.0511717
0.0405714
0.0280156
0.0123118
-0.0103164
-0.047106
-0.0853235
-0.0891509
-0.0721152
-0.0654434
-0.0687929
-0.0737647
-0.0772999
-0.077336
0.0616701
0.0616371
0.0613645
0.060404
0.0581184
0.0542605
0.0488111
0.0421011
0.034285
0.0247993
0.0128269
-0.00735269
-0.024715
-0.0209062
-0.0129678
-0.0166926
-0.0268589
-0.0343837
-0.0376264
-0.037687
0.0521173
0.0521198
0.0520161
0.0516755
0.0507476
0.0489778
0.0463856
0.043295
0.0403292
0.0386855
0.0397442
0.0424184
0.0476147
0.057379
0.0575314
0.0456191
0.0314357
0.0234565
0.0216126
0.0214313
0.0440259
0.0440371
0.0440571
0.0441384
0.0441543
0.0439389
0.0436214
0.0435478
0.0449547
0.0501097
0.0643852
0.0902536
0.123355
0.137562
0.127539
0.108483
0.0945874
0.0892832
0.0882703
0.0877438
0.0368513
0.0368637
0.0369518
0.0372677
0.0378367
0.0385499
0.0397408
0.0417884
0.0464482
0.0566491
0.0794664
0.120979
0.169082
0.196088
0.173077
0.152574
0.144846
0.143991
0.144447
0.142892
0.0299068
0.0299247
0.0300504
0.030455
0.03125
0.0324434
0.0343187
0.0375209
0.0437465
0.0559321
0.0808306
0.124204
0.171096
0.190109
0.172647
0.162715
0.162859
0.166442
0.167641
0.166005
0.022637
0.0226443
0.0227662
0.0231379
0.0239055
0.0251766
0.0270445
0.0303589
0.0363473
0.0477221
0.0694716
0.104806
0.139193
0.147422
0.139503
0.141274
0.147984
0.154083
0.155845
0.154353
0.01483
0.0148263
0.0149028
0.0151608
0.0157146
0.0167105
0.0181511
0.0206749
0.0250048
0.0334601
0.0485637
0.0714962
0.0894342
0.092338
0.0891977
0.0983052
0.109863
0.116683
0.117134
0.115558
0.00226296
0.00226938
0.00228907
0.00227698
0.00236566
0.00259607
0.0028831
0.00351604
0.00404729
0.00540636
0.00706658
0.00657096
0.00834281
0.0103117
0.0154173
0.0176453
0.0137556
0.0131357
0.015206
0.0545137
-0.584864
-0.149861
0.185835
0.405807
0.568962
0.695571
0.795434
0.87953
0.968057
1.02053
0.124651
0.290964
0.436105
0.567376
0.678531
0.770279
0.845513
0.904848
0.937294
0.944622
0.408878
0.500806
0.600895
0.691626
0.769846
0.835847
0.889156
0.928714
0.95574
0.975732
0.589857
0.656023
0.725808
0.791223
0.848228
0.896585
0.936293
0.968292
0.993721
1.01353
0.728565
0.777497
0.828716
0.877457
0.920788
0.958474
0.990907
1.01873
1.04147
1.05897
0.839543
0.881016
0.919652
0.957503
0.992692
1.0244
1.05255
1.07696
1.09657
1.11271
0.93793
0.970293
1.00391
1.0367
1.0678
1.09643
1.12205
1.14414
1.16148
1.17609
1.02643
1.05637
1.08856
1.12018
1.15012
1.17763
1.20205
1.22265
1.2382
1.25154
1.11504
1.1472
1.18125
1.21396
1.24443
1.27186
1.29563
1.31511
1.32932
1.34175
1.21574
1.25195
1.28959
1.32418
1.35528
1.38231
1.40497
1.42312
1.43648
1.44899
1.34091
1.37986
1.41955
1.45388
1.48339
1.50842
1.52931
1.54638
1.5598
1.57325
1.49985
1.5357
1.57091
1.59948
1.62369
1.64506
1.66428
1.68156
1.69651
1.71096
1.68796
1.71038
1.73408
1.75392
1.77222
1.78961
1.80614
1.82255
1.83875
1.85434
1.88053
1.8887
1.90253
1.9174
1.93186
1.94481
1.95646
1.96771
1.97943
1.99553
2.0761
2.07603
2.08606
2.08954
2.09052
2.09492
2.10543
2.12036
2.13469
2.14911
2.37325
2.31774
2.26323
2.22358
2.20133
2.19722
2.21074
2.24454
2.3024
2.38275
0.920968
0.868475
0.825589
0.792574
0.768824
0.751696
0.739243
0.730227
0.723988
0.720376
0.719924
0.722826
0.728344
0.736357
0.747295
0.762115
0.782431
0.810602
0.848632
0.897984
0.732071
0.741015
0.747768
0.748006
0.743294
0.736504
0.729754
0.724118
0.720151
0.718402
0.71956
0.723202
0.728579
0.735233
0.742463
0.748752
0.751497
0.748042
0.738952
0.732633
0.704762
0.706964
0.71182
0.715955
0.719489
0.721512
0.721319
0.719508
0.717255
0.715644
0.715615
0.717399
0.72011
0.722768
0.724241
0.723566
0.720813
0.717084
0.712681
0.708019
0.699595
0.700551
0.703045
0.705492
0.707364
0.708998
0.710359
0.71104
0.711017
0.710822
0.711149
0.712117
0.713056
0.713316
0.712661
0.711416
0.709913
0.707925
0.705432
0.703324
0.694308
0.694787
0.69623
0.6983
0.700205
0.701656
0.702783
0.703774
0.704591
0.705235
0.705842
0.706348
0.706503
0.706243
0.705673
0.704766
0.703335
0.701461
0.699756
0.698694
0.689294
0.689592
0.69051
0.691988
0.693655
0.695255
0.696614
0.697733
0.698729
0.699652
0.700433
0.700895
0.700979
0.700718
0.70007
0.699006
0.697659
0.696284
0.695192
0.694547
0.684427
0.684639
0.685323
0.686481
0.687853
0.689303
0.690766
0.69212
0.693321
0.694415
0.695352
0.695924
0.696045
0.695722
0.69501
0.694066
0.693047
0.692033
0.691247
0.69079
0.679682
0.679844
0.680386
0.681354
0.682558
0.683875
0.68528
0.686728
0.688141
0.689466
0.690606
0.691307
0.691473
0.691202
0.69064
0.689924
0.689145
0.688374
0.687791
0.687448
0.675
0.675127
0.67557
0.676405
0.67751
0.67876
0.680122
0.6816
0.683159
0.684724
0.686111
0.686995
0.687312
0.687222
0.686875
0.686374
0.685787
0.685213
0.684784
0.684517
0.670301
0.670404
0.670777
0.671521
0.672563
0.673775
0.675142
0.676674
0.678361
0.68015
0.681826
0.682993
0.683566
0.683721
0.683597
0.683302
0.682908
0.682504
0.682197
0.681986
0.6655
0.665585
0.665909
0.666593
0.667599
0.66881
0.670218
0.671842
0.67369
0.675729
0.677752
0.679294
0.680199
0.680639
0.680763
0.680681
0.680483
0.680237
0.680031
0.67986
0.660511
0.66058
0.660869
0.66152
0.662526
0.663781
0.665269
0.667032
0.669101
0.67147
0.673926
0.67591
0.677201
0.67797
0.678372
0.678519
0.678514
0.678416
0.678295
0.678157
0.65525
0.655308
0.655575
0.656218
0.657259
0.658599
0.660219
0.662181
0.664546
0.667328
0.670314
0.672841
0.674587
0.675731
0.676441
0.676841
0.67703
0.67708
0.677037
0.676924
0.649624
0.649672
0.649928
0.650588
0.651698
0.653168
0.654981
0.657225
0.659985
0.663305
0.666949
0.670116
0.672388
0.673955
0.675008
0.675698
0.676102
0.676292
0.676315
0.676223
0.643521
0.643561
0.643813
0.644511
0.64573
0.647383
0.649455
0.652058
0.655309
0.659285
0.663732
0.667686
0.670597
0.672673
0.674128
0.675131
0.675771
0.676115
0.676206
0.676131
0.636815
0.636844
0.637102
0.637857
0.639224
0.641118
0.643525
0.646582
0.650446
0.655235
0.660666
0.665564
0.669245
0.671932
0.673861
0.675225
0.676141
0.676654
0.676812
0.676751
0.629342
0.629359
0.629626
0.630464
0.632025
0.634228
0.637066
0.640702
0.645339
0.651125
0.657754
0.663809
0.668408
0.67181
0.674303
0.676098
0.677322
0.678015
0.678242
0.678193
0.62087
0.62089
0.621181
0.622115
0.62393
0.626536
0.629925
0.634308
0.63993
0.64698
0.655074
0.662495
0.668167
0.672401
0.675547
0.677853
0.679435
0.680329
0.680627
0.680589
0.611115
0.611124
0.611455
0.612533
0.614683
0.617805
0.621889
0.627198
0.634044
0.642652
0.652535
0.661593
0.668553
0.673789
0.677715
0.680617
0.682618
0.683737
0.68411
0.684079
0.599712
0.599714
0.600081
0.601359
0.60393
0.607707
0.612689
0.619195
0.627571
0.638081
0.650137
0.661174
0.669663
0.676078
0.680926
0.684522
0.687012
0.688381
0.688834
0.688807
0.586134
0.586127
0.586558
0.588095
0.591228
0.595876
0.60204
0.6101
0.620462
0.633384
0.64807
0.661415
0.671644
0.679412
0.685337
0.689736
0.692775
0.694414
0.694943
0.694916
0.569636
0.569622
0.570148
0.572057
0.575961
0.581797
0.589551
0.599663
0.612562
0.628468
0.646302
0.662336
0.674587
0.683903
0.69106
0.696377
0.700034
0.701956
0.702554
0.70252
0.54907
0.549049
0.549728
0.552209
0.557237
0.564751
0.574699
0.587567
0.603742
0.623308
0.644875
0.664022
0.678564
0.689633
0.698165
0.704541
0.708879
0.711084
0.711736
0.711686
0.522652
0.522625
0.523585
0.527037
0.533856
0.543923
0.557086
0.57379
0.594263
0.618363
0.644232
0.666776
0.683774
0.696746
0.706775
0.714294
0.719333
0.72179
0.722463
0.722383
0.487343
0.487326
0.488906
0.494234
0.504254
0.518399
0.536331
0.558259
0.584121
0.613543
0.644271
0.670568
0.690225
0.705214
0.716846
0.725584
0.731279
0.733909
0.734547
0.734422
0.4374
0.43759
0.441207
0.450897
0.466923
0.487795
0.512692
0.54153
0.57399
0.609532
0.645529
0.675704
0.698048
0.715066
0.728301
0.738208
0.744426
0.747081
0.747621
0.747441
0.365481
0.367753
0.378448
0.397379
0.4233
0.453627
0.487394
0.524365
0.564235
0.6065
0.64824
0.682673
0.708018
0.727325
0.74237
0.753434
0.760097
0.762772
0.763249
0.763062
0.289245
0.294625
0.313713
0.342683
0.379178
0.419321
0.462052
0.50731
0.554955
0.60456
0.652998
0.692744
0.721976
0.74427
0.761552
0.773989
0.781054
0.783615
0.784036
0.78394
0.222625
0.228964
0.254255
0.291895
0.337548
0.386699
0.438053
0.491452
0.546732
0.603472
0.658314
0.703056
0.735863
0.760871
0.780148
0.79366
0.800924
0.803374
0.803825
0.803795
0.168131
0.175021
0.204382
0.248134
0.300627
0.357111
0.415915
0.476674
0.539069
0.602576
0.663488
0.712933
0.749067
0.776492
0.797514
0.812105
0.819992
0.82274
0.823174
0.823182
0.122834
0.130059
0.162095
0.210534
0.26846
0.330903
0.395956
0.463121
0.53192
0.601676
0.66827
0.7221
0.761335
0.791031
0.813673
0.829529
0.838182
0.841169
0.841676
0.841733
0.0841462
0.0915632
0.125454
0.177541
0.239985
0.307484
0.3779
0.450665
0.525197
0.600665
0.672551
0.73047
0.772558
0.80433
0.828501
0.845384
0.854689
0.858048
0.858687
0.858777
0.0500674
0.0576058
0.0928945
0.147948
0.21419
0.286046
0.361181
0.438957
0.518702
0.59945
0.676272
0.738022
0.782703
0.816316
0.841792
0.859481
0.869249
0.872982
0.873843
0.873949
0.0191263
0.0267793
0.0632321
0.120786
0.190307
0.265951
0.345276
0.427592
0.512148
0.597845
0.679325
0.744674
0.79175
0.827
0.85357
0.871863
0.882016
0.886034
0.887009
0.887111
-0.00960505
-0.00184348
0.0356089
0.0953344
0.167741
0.246715
0.329779
0.416234
0.505256
0.595639
0.681607
0.750386
0.799746
0.836468
0.863892
0.882566
0.892952
0.897151
0.898191
0.898292
-0.0368721
-0.0289781
0.00944273
0.0710975
0.146058
0.227995
0.314416
0.404652
0.497834
0.592675
0.683004
0.755181
0.806776
0.844879
0.872961
0.89185
0.902364
0.906682
0.907775
0.907846
-0.0630724
-0.0550352
-0.015734
0.0477094
0.124953
0.209539
0.298996
0.392689
0.489745
0.588838
0.683445
0.759075
0.812959
0.852413
0.881087
0.900184
0.910773
0.915125
0.916221
0.916277
-0.0885218
-0.0802989
-0.0401438
0.0249318
0.104228
0.191189
0.283397
0.380249
0.480907
0.584056
0.68291
0.762109
0.818385
0.859217
0.888473
0.907755
0.918371
0.922678
0.923724
0.923768
-0.113343
-0.104941
-0.0639505
0.00262519
0.083774
0.172867
0.267554
0.367294
0.471285
0.578288
0.681373
0.7643
0.823134
0.865421
0.895302
0.914754
0.925338
0.929568
0.930538
0.930514
-0.137652
-0.12906
-0.0872363
-0.0192798
0.0635404
0.154537
0.251457
0.353817
0.460879
0.571521
0.678806
0.765636
0.827255
0.871162
0.901741
0.92135
0.931803
0.935843
0.936684
0.9366
-0.161514
-0.152702
-0.110043
-0.0407972
0.0435146
0.136213
0.235135
0.339854
0.449706
0.563763
0.67517
0.766065
0.830761
0.876549
0.907941
0.927639
0.937831
0.94156
0.942226
0.942092
-0.184911
-0.17587
-0.13236
-0.0619129
0.0237228
0.117936
0.218632
0.325457
0.437831
0.555045
0.670435
0.765504
0.833606
0.881674
0.914088
0.933778
0.943468
0.946731
0.947191
0.947013
-0.207763
-0.1985
-0.154143
-0.0826035
0.00421639
0.0997603
0.20203
0.310708
0.425331
0.545402
0.664568
0.76386
0.835695
0.886563
0.920405
0.940055
0.948891
0.951409
0.951594
0.951384
-0.230012
-0.220534
-0.175357
-0.102833
-0.0149507
0.0817672
0.185405
0.2957
0.412286
0.534912
0.657555
0.761033
0.836884
0.891134
0.927096
0.946966
0.954552
0.955776
0.955465
0.955239
-0.251657
-0.241939
-0.195973
-0.122545
-0.0337234
0.064037
0.168854
0.280534
0.398801
0.523653
0.649422
0.756933
0.836993
0.895151
0.934161
0.955136
0.961499
0.96058
0.958997
0.958665
-0.27259
-0.262649
-0.215956
-0.141689
-0.0520261
0.0466286
0.152467
0.265307
0.384989
0.511736
0.640203
0.751467
0.835836
0.898244
0.941182
0.964851
0.971358
0.968236
0.963796
0.961179
-0.292857
-0.282695
-0.235273
-0.160264
-0.0698879
0.029521
0.13622
0.249986
0.370813
0.499116
0.629828
0.744395
0.833145
0.900011
0.947341
0.975415
0.98497
0.982122
0.973903
0.961321
-0.312431
-0.302133
-0.254038
-0.178446
-0.0875587
0.0123911
0.119723
0.234085
0.355709
0.485132
0.617622
0.734945
0.828219
0.899841
0.951219
0.984123
0.998624
0.995876
0.986247
0.957431
-0.331378
-0.321003
-0.272184
-0.196037
-0.10486
-0.00458382
0.1032
0.217839
0.339931
0.469996
0.603688
0.722907
0.820351
0.896935
0.950483
0.983486
0.998753
0.997428
0.95098
0.900024
-0.351366
-0.338375
-0.289603
-0.21291
-0.121949
-0.021537
0.0864223
0.201266
0.323454
0.453652
0.587867
0.707966
0.808168
0.890924
0.942991
0.964652
0.975406
0.948405
0.890382
0.833156
-0.375643
-0.371235
-0.310996
-0.226827
-0.136389
-0.0360935
0.0696761
0.184994
0.306965
0.43687
0.57073
0.69057
0.790615
0.884341
0.91152
0.929748
0.910044
0.858257
0.793759
0.732724
-0.353907
-0.345887
-0.286599
-0.202744
-0.106923
-0.00305001
0.107536
0.225576
0.350679
0.484365
0.612117
0.718568
0.809176
0.897395
0.908837
0.82813
0.761128
0.705918
0.643328
0.519758
-0.389739
-0.361519
-0.300608
-0.216241
-0.12035
-0.0168547
0.093207
0.210603
0.334827
0.467023
0.592529
0.696123
0.776572
0.839736
0.812403
0.696756
0.601089
0.53693
0.4677
0.332398
-0.416477
-0.382511
-0.320051
-0.23597
-0.140195
-0.0368889
0.0732829
0.189938
0.312908
0.442902
0.565064
0.663748
0.734989
0.761148
0.688233
0.547915
0.436282
0.359461
0.270421
0.0873075
-0.441132
-0.40561
-0.34138
-0.256732
-0.160902
-0.0576298
0.0522422
0.168019
0.289499
0.416859
0.53465
0.626513
0.684115
0.674712
0.549708
0.389469
0.250732
0.144773
0.0371008
-0.238632
-0.465373
-0.429046
-0.363582
-0.278198
-0.18215
-0.0790063
0.0302764
0.145022
0.264782
0.389124
0.501747
0.586352
0.625322
0.583563
0.411416
0.229414
0.0545483
-0.0867029
-0.264259
-0.620708
-0.48962
-0.453173
-0.386905
-0.300949
-0.204633
-0.101639
0.00705055
0.12067
0.238483
0.359473
0.466353
0.542842
0.561044
0.46585
0.280493
0.0809102
-0.105737
-0.269364
-0.458191
-0.798078
-0.515002
-0.478422
-0.411658
-0.325265
-0.228727
-0.125853
-0.0177236
0.0947447
0.210452
0.327822
0.428695
0.494539
0.486742
0.34966
0.161731
-0.0419756
-0.225679
-0.355478
-0.410262
-0.449291
-0.541925
-0.505239
-0.438151
-0.351511
-0.254926
-0.152333
-0.0449425
0.0660864
0.179246
0.292288
0.38665
0.43841
0.407757
0.237449
0.0494653
-0.138094
-0.289635
-0.350055
-0.368616
-0.371934
-0.570684
-0.533799
-0.466433
-0.379664
-0.283202
-0.181075
-0.0746957
0.0345612
0.144724
0.252695
0.339866
0.374666
0.323793
0.13248
-0.0510824
-0.217742
-0.322438
-0.340035
-0.344756
-0.344923
-0.601423
-0.564185
-0.496528
-0.4097
-0.313511
-0.212083
-0.106988
0.000155205
0.106842
0.209065
0.287743
0.308914
0.219525
0.0373751
-0.138594
-0.277561
-0.325168
-0.332254
-0.332475
-0.332059
-0.634003
-0.596332
-0.528384
-0.441596
-0.345831
-0.245323
-0.141808
-0.0371468
0.0656213
0.161456
0.230726
0.235206
0.118411
-0.0499805
-0.210514
-0.309128
-0.323559
-0.324698
-0.325486
-0.325171
-0.667957
-0.629971
-0.561804
-0.475171
-0.380011
-0.280678
-0.179075
-0.0772956
0.0211776
0.110069
0.169809
0.156695
0.0271179
-0.129894
-0.26514
-0.310662
-0.32096
-0.320743
-0.320793
-0.320662
-0.702893
-0.664646
-0.59639
-0.510085
-0.415759
-0.31789
-0.218554
-0.120089
-0.0262642
0.0555392
0.103623
0.0783874
-0.0581904
-0.198451
-0.300252
-0.318225
-0.317929
-0.317731
-0.317467
-0.317345
-0.737835
-0.69968
-0.631491
-0.545773
-0.452579
-0.356515
-0.259835
-0.16516
-0.0763911
-0.00127756
0.0334339
0.00269948
-0.13498
-0.248186
-0.318094
-0.325838
-0.322235
-0.320129
-0.318891
-0.318149
-0.771625
-0.733986
-0.666171
-0.581415
-0.489755
-0.39591
-0.302286
-0.211859
-0.128647
-0.0599385
-0.0335606
-0.084096
-0.204174
-0.29044
-0.318871
-0.329834
-0.328992
-0.327878
-0.326849
-0.326019
-0.802717
-0.76601
-0.699153
-0.615907
-0.5263
-0.435162
-0.345049
-0.259268
-0.182041
-0.120047
-0.0984697
-0.173166
-0.274459
-0.328126
-0.3491
-0.346997
-0.342828
-0.339296
-0.33873
-0.338296
-0.829058
-0.79406
-0.728788
-0.647781
-0.560927
-0.473097
-0.386984
-0.306193
-0.235256
-0.18052
-0.164523
-0.256006
-0.358979
-0.379114
-0.379561
-0.38302
-0.375282
-0.371312
-0.370833
-0.369977
-0.848222
-0.815651
-0.753044
-0.675273
-0.592066
-0.508294
-0.426684
-0.351168
-0.286795
-0.238753
-0.227359
-0.329892
-0.472393
-0.506859
-0.479064
-0.465561
-0.461105
-0.453733
-0.446771
-0.442725
-0.857728
-0.828177
-0.769681
-0.696455
-0.617941
-0.539134
-0.462572
-0.392383
-0.334809
-0.292203
-0.283186
-0.37791
-0.58556
-0.734569
-0.659901
-0.591041
-0.565509
-0.547199
-0.53082
-0.525002
-0.854768
-0.8291
-0.776695
-0.709302
-0.636796
-0.563906
-0.493015
-0.427946
-0.376378
-0.339698
-0.323484
-0.384202
-0.520425
-0.770513
-0.682811
-0.556727
-0.50941
-0.499054
-0.494927
-0.494686
-0.835314
-0.816347
-0.772221
-0.71225
-0.647245
-0.581084
-0.516464
-0.456362
-0.408155
-0.379004
-0.355328
-0.334891
-0.197254
-0.20823
-0.248445
-0.355253
-0.406873
-0.410911
-0.414759
-0.415037
-0.801056
-0.787975
-0.754668
-0.704669
-0.648443
-0.589977
-0.531713
-0.476373
-0.429617
-0.403693
-0.37039
-0.268644
0.0317469
0.339286
0.140863
-0.174001
-0.341376
-0.373766
-0.38893
-0.389787
-0.75659
-0.748483
-0.726977
-0.688168
-0.641256
-0.590931
-0.538499
-0.487488
-0.441959
-0.408134
-0.402088
-0.384636
-0.424341
-0.453328
-0.722256
-0.912901
-0.873681
-0.698455
-0.604671
-0.606717
-0.710447
-0.706044
-0.694151
-0.667189
-0.629086
-0.58534
-0.537803
-0.489497
-0.44337
-0.411964
-0.411168
-0.584932
-1.07594
-1.57614
-1.76739
-1.85023
-1.77366
-1.62086
-1.45836
-1.39566
-0.672543
-0.670196
-0.663943
-0.645799
-0.615339
-0.575985
-0.531586
-0.482304
-0.434387
-0.395392
-0.379744
-0.551831
-1.00564
-1.65743
-1.93354
-1.87876
-1.65123
-1.40801
-1.22639
-1.16068
-0.644901
-0.643748
-0.641299
-0.630305
-0.604759
-0.567358
-0.521665
-0.469964
-0.410318
-0.346632
-0.291674
-0.273501
-0.280728
-0.180751
-0.0316497
0.242688
0.477694
0.664488
0.743104
0.783468
-0.626769
-0.626146
-0.625362
-0.619856
-0.599114
-0.561419
-0.511532
-0.451183
-0.379088
-0.294027
-0.186477
-0.0474254
0.155045
0.505301
0.970443
1.37812
1.69922
1.86354
1.90934
1.9226
-0.61651
-0.616238
-0.615776
-0.613474
-0.597132
-0.559097
-0.502744
-0.434394
-0.349283
-0.240472
-0.129834
0.0229041
0.254407
0.698562
1.24385
1.73517
2.07207
2.22585
2.2875
2.3019
-0.6098
-0.609448
-0.608399
-0.607249
-0.596503
-0.561669
-0.502104
-0.421489
-0.328361
-0.213928
-0.0998234
0.0210254
0.26863
0.688847
1.1615
1.5742
1.86692
2.03418
2.103
2.12173
-0.61248
-0.610209
-0.60473
-0.601489
-0.600348
-0.57408
-0.50979
-0.417748
-0.314904
-0.204748
-0.0873453
0.00328631
0.191449
0.553437
0.921322
1.24591
1.49211
1.63386
1.69492
1.71233
-0.64345
-0.639436
-0.633525
-0.633231
-0.636488
-0.606336
-0.523301
-0.418102
-0.302812
-0.196895
-0.0898348
-0.00941635
0.103343
0.38116
0.684981
0.928585
1.10531
1.20896
1.25544
1.26792
-0.707822
-0.709243
-0.720396
-0.728381
-0.721021
-0.656875
-0.535648
-0.410672
-0.293068
-0.181877
-0.0897389
-0.0115146
0.0738338
0.303614
0.507336
0.672113
0.790425
0.859755
0.889112
0.896139
-0.752468
-0.765188
-0.788147
-0.799322
-0.774223
-0.671706
-0.521934
-0.388449
-0.275039
-0.168417
-0.0851008
-0.0186349
0.0434326
0.175252
0.335556
0.460663
0.54227
0.58985
0.610732
0.61613
-0.672956
-0.687925
-0.7096
-0.718798
-0.686841
-0.582722
-0.455177
-0.342115
-0.240089
-0.151764
-0.0761453
-0.0119443
0.0365659
0.142436
0.251544
0.327503
0.383407
0.417294
0.431841
0.434118
-0.44697
-0.458376
-0.475194
-0.484765
-0.464625
-0.40484
-0.335232
-0.262535
-0.191567
-0.125499
-0.0647532
-0.0072734
0.0318643
0.0924307
0.18002
0.23955
0.276862
0.29861
0.306189
0.307407
-0.182808
-0.188234
-0.19871
-0.211889
-0.217335
-0.2125
-0.197023
-0.170293
-0.137021
-0.0894588
-0.048708
-0.000711983
0.0383376
0.0784451
0.127481
0.165353
0.199397
0.220028
0.228825
0.228565
0.00464205
0.00206478
-0.00628183
-0.023865
-0.0490891
-0.0732248
-0.088183
-0.0927056
-0.0847961
-0.0607519
-0.0326553
0.000551208
0.030852
0.0540095
0.0949143
0.122994
0.143132
0.154671
0.157878
0.156759
0.0939093
0.092218
0.0850593
0.0672077
0.0387905
0.006976
-0.0201709
-0.0387366
-0.0458211
-0.0407938
-0.0237724
-0.00191841
0.020526
0.0248457
0.04316
0.0646767
0.083578
0.0952599
0.0985161
0.0972698
0.119073
0.117756
0.112092
0.0977069
0.0738711
0.0457152
0.0181417
-0.00443133
-0.0199405
-0.0266813
-0.0259912
-0.0191322
-0.0108046
-0.00948099
0.00128889
0.0165399
0.0306365
0.0377079
0.039662
0.0380764
0.115253
0.11428
0.110222
0.0998941
0.0823636
0.0602079
0.0368223
0.0145422
-0.00429991
-0.019978
-0.0351701
-0.0503182
-0.0662927
-0.070757
-0.0521161
-0.0350713
-0.0229254
-0.0190221
-0.0182062
-0.0192909
0.101767
0.101105
0.0983506
0.0913019
0.0790201
0.0626285
0.0438951
0.0246253
0.00503177
-0.0161106
-0.0438358
-0.0820765
-0.113039
-0.111594
-0.0907452
-0.0751736
-0.0667885
-0.0651371
-0.0654424
-0.065848
0.0867938
0.0863796
0.0846053
0.0799836
0.071647
0.0600718
0.0460381
0.0302869
0.0124683
-0.00981928
-0.0429445
-0.0914167
-0.130785
-0.120552
-0.0978428
-0.0856134
-0.0843909
-0.0870494
-0.0883044
-0.0882008
0.0731818
0.0729468
0.0718886
0.0690245
0.0636859
0.0559053
0.0460597
0.0345552
0.0209797
0.00187564
-0.0265796
-0.0681912
-0.0939448
-0.0790911
-0.0680631
-0.0662286
-0.0712611
-0.0760611
-0.077518
-0.0772943
0.0616728
0.0615487
0.0610031
0.0594598
0.0563797
0.0517401
0.0455555
0.0383967
0.0297122
0.0190603
0.00416993
-0.0181193
-0.0256337
-0.0145256
-0.0139043
-0.0219147
-0.0309194
-0.0366414
-0.0378057
-0.0376476
0.0521271
0.052082
0.0518936
0.0513092
0.0499624
0.0477894
0.0448213
0.0418417
0.0392405
0.038661
0.0415504
0.0438167
0.0530989
0.0616715
0.0526863
0.0373702
0.0266905
0.0221084
0.02141
0.0214124
0.0440337
0.0440412
0.0440924
0.0441713
0.0440693
0.0437873
0.0434613
0.0440909
0.0467483
0.055842
0.0763018
0.104845
0.138691
0.137528
0.118687
0.100228
0.0906333
0.088599
0.0880581
0.0875613
0.036856
0.0368875
0.037077
0.0375274
0.0381708
0.0390549
0.0405891
0.043752
0.050405
0.066031
0.0984726
0.145418
0.188714
0.184643
0.161879
0.147061
0.144269
0.144407
0.14375
0.142406
0.0299095
0.0299651
0.0302104
0.030799
0.0318049
0.0332266
0.0357536
0.0400924
0.0487108
0.0665387
0.100967
0.148214
0.186306
0.180568
0.166402
0.162291
0.164625
0.167576
0.166947
0.165388
0.0226336
0.0226845
0.0229112
0.0234632
0.0244828
0.0259939
0.0285067
0.0328061
0.0412143
0.057135
0.0860218
0.123376
0.147579
0.141763
0.138739
0.144347
0.151652
0.155766
0.155222
0.153775
0.0148228
0.0148503
0.0150017
0.0153979
0.0161504
0.0173593
0.0192551
0.0224551
0.0286264
0.040066
0.0596728
0.082301
0.0916571
0.0903299
0.0919618
0.104315
0.11395
0.117073
0.116377
0.114971
0.00645311
0.00643491
0.0064712
0.00658702
0.00685477
0.00729303
0.00801192
0.00928641
0.0111612
0.0146882
0.0213814
0.0309363
0.0289241
0.0237683
0.0291648
0.0388295
0.0517475
0.0552875
0.0555285
0.0539782
-0.345052
0.0355824
0.305131
0.490997
0.635475
0.747438
0.839514
0.921454
1.00685
0.997448
0.211845
0.364392
0.504312
0.625583
0.726726
0.809739
0.877566
0.925477
0.941102
0.954125
0.4527
0.551194
0.647868
0.73229
0.804375
0.864156
0.910679
0.94355
0.966049
0.985026
0.622398
0.690845
0.759499
0.820824
0.873491
0.917494
0.953148
0.981867
1.00371
1.02328
0.752424
0.803051
0.853681
0.899853
0.940317
0.975305
1.00537
1.0309
1.04995
1.06869
0.861054
0.900353
0.9388
0.975519
1.00899
1.03892
1.06525
1.08748
1.10442
1.12232
0.953383
0.987178
1.02046
1.05252
1.08246
1.10965
1.13359
1.1535
1.16837
1.18576
1.04048
1.07248
1.10451
1.13541
1.16422
1.19026
1.21289
1.23113
1.2443
1.26116
1.13
1.16439
1.19782
1.22953
1.25856
1.28424
1.30595
1.3229
1.33485
1.35125
1.23245
1.27117
1.30727
1.34021
1.36932
1.3942
1.41462
1.43037
1.44204
1.45821
1.35877
1.40038
1.43735
1.46921
1.49644
1.51936
1.53831
1.55349
1.56596
1.58207
1.51592
1.55423
1.58592
1.612
1.63468
1.65493
1.67318
1.68935
1.7034
1.71928
1.69786
1.72279
1.74434
1.76318
1.78104
1.79795
1.81431
1.83079
1.84643
1.86242
1.88351
1.8953
1.90994
1.92478
1.93854
1.95075
1.96207
1.97345
1.98635
2.00705
2.07157
2.08159
2.08855
2.08993
2.09202
2.09943
2.1126
2.12795
2.14103
2.1693
2.34804
2.28896
2.24132
2.2102
2.19708
2.20166
2.2249
2.27022
2.34076
2.41937
0.796267
0.788763
0.779842
0.767016
0.753608
0.742003
0.73278
0.725884
0.721279
0.719274
0.720504
0.724557
0.730817
0.73922
0.74989
0.762728
0.776426
0.787626
0.795409
0.801734
0.710241
0.71812
0.725263
0.730022
0.731268
0.729269
0.725518
0.721564
0.718484
0.717103
0.718158
0.721218
0.725387
0.7298
0.733181
0.733899
0.730977
0.724949
0.716948
0.711047
0.702203
0.705263
0.708348
0.710862
0.713229
0.714984
0.715459
0.714783
0.713748
0.713297
0.714101
0.715763
0.717348
0.717968
0.717128
0.715184
0.712912
0.710267
0.707074
0.704711
0.696916
0.698434
0.700663
0.702817
0.704398
0.705662
0.706762
0.707523
0.707914
0.708274
0.708891
0.709497
0.709644
0.709203
0.708386
0.707279
0.705623
0.703438
0.701604
0.700519
0.691782
0.692621
0.694102
0.695939
0.697673
0.699061
0.700161
0.701131
0.702006
0.702786
0.703382
0.703645
0.703548
0.703142
0.702371
0.70113
0.699549
0.697976
0.696937
0.696302
0.686846
0.687416
0.688483
0.689905
0.69144
0.692947
0.694296
0.695454
0.696495
0.697454
0.698157
0.698461
0.698371
0.697868
0.696974
0.695844
0.694645
0.693561
0.692867
0.692423
0.682045
0.682472
0.683323
0.684518
0.685836
0.687247
0.688687
0.69006
0.691318
0.692466
0.693324
0.693707
0.693607
0.693101
0.692339
0.691469
0.690571
0.689762
0.689253
0.688917
0.677342
0.677677
0.678379
0.679424
0.680641
0.681966
0.683389
0.684876
0.686357
0.687758
0.688805
0.689292
0.689289
0.688946
0.688405
0.687748
0.687059
0.686459
0.686078
0.685812
0.672661
0.672934
0.67353
0.674475
0.67563
0.676917
0.678345
0.679911
0.68157
0.683227
0.68453
0.685234
0.685445
0.685325
0.684997
0.684542
0.684042
0.683607
0.683321
0.683103
0.667921
0.668148
0.668672
0.669555
0.670673
0.671961
0.673437
0.675108
0.676953
0.678894
0.680526
0.681541
0.682032
0.68216
0.68205
0.681804
0.681478
0.681186
0.680974
0.680789
0.663037
0.663229
0.663705
0.664554
0.66567
0.666998
0.668557
0.670375
0.672452
0.674734
0.676778
0.678179
0.679005
0.679418
0.67955
0.679507
0.679359
0.679195
0.679042
0.678882
0.657924
0.65809
0.658537
0.659384
0.66054
0.661949
0.663641
0.665668
0.668057
0.670775
0.673315
0.675171
0.67638
0.677113
0.677511
0.677673
0.677709
0.67766
0.677557
0.677416
0.652494
0.652641
0.653078
0.653952
0.655187
0.656728
0.658616
0.660931
0.663726
0.66699
0.670138
0.672531
0.674182
0.675272
0.675964
0.676373
0.676583
0.676638
0.676576
0.676447
0.646644
0.646776
0.647218
0.64815
0.649507
0.651235
0.653395
0.656089
0.659396
0.663335
0.667222
0.670261
0.672431
0.673934
0.674953
0.675625
0.676027
0.676187
0.676163
0.676043
0.640254
0.640376
0.640839
0.641859
0.643387
0.645364
0.647868
0.651032
0.654979
0.659753
0.664537
0.668352
0.671147
0.673145
0.674546
0.675521
0.676132
0.676401
0.676411
0.676297
0.633188
0.633301
0.633796
0.634934
0.63668
0.63898
0.641923
0.645681
0.65041
0.656196
0.662079
0.666846
0.670396
0.672979
0.674825
0.67615
0.677
0.677381
0.677426
0.677313
0.625251
0.625355
0.625892
0.62719
0.629222
0.631937
0.635451
0.639973
0.645704
0.652751
0.659959
0.665837
0.670259
0.673519
0.675906
0.677634
0.678746
0.67925
0.679328
0.679214
0.61615
0.616262
0.616887
0.618396
0.620802
0.624047
0.62828
0.633759
0.640733
0.649331
0.658135
0.665352
0.670807
0.674872
0.677896
0.6801
0.68151
0.682145
0.682255
0.682138
0.605621
0.605733
0.606472
0.608245
0.611115
0.615037
0.620183
0.626864
0.635383
0.64589
0.656622
0.66542
0.672115
0.677144
0.680912
0.683673
0.685428
0.686208
0.68635
0.686225
0.593177
0.593305
0.594192
0.596317
0.599797
0.6046
0.610931
0.619155
0.629601
0.642423
0.655496
0.666186
0.674309
0.680459
0.685102
0.68851
0.690652
0.691586
0.691757
0.691621
0.578211
0.578372
0.57948
0.582077
0.586371
0.592357
0.600258
0.610502
0.623445
0.639159
0.654952
0.667777
0.67754
0.684967
0.690622
0.694761
0.697327
0.698417
0.69861
0.698459
0.559785
0.560014
0.561461
0.564729
0.570148
0.577754
0.587761
0.600621
0.616636
0.635802
0.654848
0.670193
0.681857
0.690758
0.697554
0.702531
0.705557
0.706797
0.707003
0.706832
0.536471
0.536839
0.538825
0.543121
0.550215
0.560164
0.573126
0.589516
0.609506
0.63286
0.655588
0.673672
0.687395
0.697935
0.705995
0.711897
0.715391
0.71676
0.716959
0.716765
0.505956
0.506613
0.509541
0.515619
0.525441
0.538961
0.556152
0.577225
0.602112
0.63035
0.657211
0.678316
0.694263
0.706548
0.715986
0.722843
0.726761
0.728205
0.72837
0.72815
0.464144
0.46549
0.470431
0.480035
0.494643
0.513708
0.53686
0.563995
0.594773
0.628564
0.659909
0.68419
0.702457
0.716546
0.727442
0.735205
0.739415
0.740836
0.740935
0.740691
0.403491
0.407649
0.418051
0.434798
0.457532
0.484923
0.516051
0.550598
0.588144
0.62798
0.663984
0.691469
0.712026
0.72787
0.740061
0.748578
0.752875
0.754098
0.754101
0.753854
0.330547
0.338704
0.357894
0.385059
0.418199
0.454956
0.494629
0.537082
0.582003
0.628759
0.670504
0.702203
0.725937
0.744171
0.758025
0.767314
0.771776
0.773019
0.773094
0.772982
0.257276
0.2711
0.299097
0.336575
0.379772
0.425826
0.474118
0.524603
0.57703
0.630839
0.678486
0.714525
0.741526
0.762341
0.77796
0.78793
0.792301
0.793328
0.793418
0.793403
0.196759
0.213892
0.2478
0.293053
0.344442
0.398661
0.454908
0.513011
0.572634
0.633194
0.686427
0.726532
0.756475
0.779507
0.796597
0.807178
0.811462
0.812693
0.812942
0.812991
0.146798
0.166006
0.204429
0.255471
0.313242
0.374176
0.437289
0.502234
0.568515
0.635431
0.693914
0.737814
0.77051
0.795529
0.814049
0.825432
0.830327
0.831863
0.832159
0.832244
0.104749
0.125194
0.167006
0.222714
0.285754
0.352317
0.421306
0.492283
0.564588
0.637384
0.700769
0.748198
0.783435
0.810351
0.830262
0.842637
0.848124
0.849874
0.850191
0.850276
0.068226
0.0895312
0.134001
0.193525
0.261023
0.332453
0.406597
0.482958
0.560748
0.638974
0.706966
0.757641
0.795188
0.823778
0.844853
0.858063
0.864032
0.865994
0.866352
0.866432
0.0355993
0.0575441
0.104195
0.166922
0.238247
0.313932
0.392687
0.473942
0.556809
0.640111
0.712404
0.766125
0.805722
0.835778
0.857824
0.871609
0.878063
0.880194
0.88056
0.880621
0.00568857
0.028125
0.0766246
0.142152
0.216811
0.296243
0.379148
0.464894
0.552501
0.640635
0.717016
0.773596
0.815087
0.846404
0.869185
0.883337
0.890142
0.89238
0.89275
0.892778
-0.0224336
0.000514094
0.0506673
0.118661
0.196252
0.279019
0.365673
0.455558
0.547618
0.64039
0.720747
0.780091
0.823389
0.855777
0.879034
0.893395
0.900367
0.902705
0.903101
0.903096
-0.0492613
-0.0257842
0.0258249
0.0960432
0.176245
0.261997
0.352054
0.445755
0.542013
0.639245
0.723553
0.785684
0.830773
0.864114
0.887742
0.902258
0.909295
0.911659
0.912049
0.912016
-0.0751732
-0.0511674
0.00180463
0.0740225
0.156563
0.245001
0.338155
0.435372
0.535579
0.637141
0.725425
0.790442
0.837363
0.871639
0.89561
0.910259
0.917315
0.919639
0.919973
0.91989
-0.100405
-0.0758354
-0.0215983
0.0524287
0.137071
0.227931
0.323894
0.424351
0.528259
0.634031
0.726367
0.794433
0.843271
0.878506
0.90282
0.917548
0.924564
0.926818
0.927123
0.927013
-0.12507
-0.0999108
-0.044497
0.0311794
0.117703
0.210734
0.309245
0.412671
0.520039
0.629884
0.726364
0.797684
0.848601
0.88488
0.909567
0.924334
0.931232
0.933356
0.933586
0.933445
-0.149255
-0.123497
-0.0669354
0.0102381
0.0984378
0.193419
0.294223
0.400347
0.510919
0.624686
0.725376
0.800187
0.853432
0.89091
0.915992
0.9307
0.937375
0.939293
0.939421
0.939251
-0.172917
-0.1466
-0.0889121
-0.0103942
0.0792982
0.176013
0.278871
0.387425
0.50093
0.618431
0.723338
0.801886
0.857807
0.896743
0.922246
0.936734
0.942997
0.944628
0.944659
0.94447
-0.196094
-0.169179
-0.110411
-0.030687
0.0603297
0.158576
0.263254
0.373971
0.490137
0.611118
0.720192
0.802688
0.861708
0.902529
0.928562
0.942596
0.948167
0.949397
0.949326
0.94913
-0.218675
-0.191187
-0.131401
-0.050607
0.0415877
0.141188
0.247459
0.360073
0.478608
0.602765
0.715867
0.802472
0.865042
0.90836
0.935275
0.948652
0.953071
0.95364
0.953439
0.95326
-0.240666
-0.212563
-0.151857
-0.0700899
0.0231472
0.123925
0.23158
0.345837
0.466428
0.593429
0.710309
0.801109
0.867628
0.914177
0.942756
0.955625
0.958281
0.957541
0.957025
0.95695
-0.261969
-0.233296
-0.171725
-0.0890805
0.00507059
0.106874
0.215704
0.331346
0.453713
0.583187
0.703486
0.798459
0.869216
0.919666
0.951109
0.964534
0.965363
0.962164
0.960354
0.960522
-0.282614
-0.253357
-0.190944
-0.107516
-0.0125632
0.0901248
0.199958
0.31674
0.440587
0.57214
0.695395
0.794378
0.86953
0.924247
0.95974
0.975867
0.976777
0.971158
0.964004
0.950133
-0.302557
-0.272789
-0.209656
-0.125607
-0.0300607
0.0733352
0.183913
0.301536
0.426507
0.559742
0.685447
0.788255
0.868176
0.927323
0.967477
0.988691
0.992788
0.985775
0.974105
0.985
-0.321793
-0.291595
-0.227816
-0.143297
-0.0473735
0.0565523
0.167576
0.285756
0.41145
0.54588
0.673419
0.779431
0.864472
0.927692
0.970795
0.995648
1.00415
0.995099
0.944574
0.934682
-0.340836
-0.309923
-0.24516
-0.160272
-0.064109
0.0401545
0.151123
0.269676
0.395721
0.53077
0.659394
0.767334
0.85776
0.924493
0.964649
0.987861
0.98877
0.955188
0.895083
0.858736
-0.362945
-0.329428
-0.261224
-0.17595
-0.0795336
0.0245497
0.134978
0.253581
0.379536
0.514537
0.643447
0.751659
0.846483
0.916827
0.960674
0.953669
0.933025
0.876557
0.81323
0.775055
0.0625255
0.177811
0.299651
0.429295
0.562509
0.6815
0.779724
0.664871
-0.377841
-0.368482
-0.326225
-0.253582
-0.162854
-0.0631103
0.0439304
0.15803
0.279084
0.407518
0.53946
0.65767
0.752554
0.83529
0.882611
0.838625
0.720174
0.64885
0.591563
-0.401583
-0.389854
-0.343849
-0.269912
-0.178988
-0.079231
0.0273687
0.141006
0.261196
0.388256
0.517835
0.63284
0.721462
0.78773
0.786392
0.689343
0.567109
0.483604
0.413856
-0.425799
-0.413743
-0.365254
-0.290205
-0.199243
-0.0994234
0.00726778
0.120593
0.239822
0.36524
0.491606
0.601592
0.681349
0.725204
0.689287
0.541891
0.40305
0.298453
0.213238
-0.44985
-0.437762
-0.387828
-0.311569
-0.220245
-0.120415
-0.0139632
0.0986409
0.216633
0.339959
0.462597
0.566758
0.638229
0.653534
0.567098
0.39408
0.227275
0.0848345
-0.0344093
-0.473966
-0.461965
-0.411081
-0.33391
-0.242126
-0.14225
-0.0361815
0.0755507
0.19212
0.313008
0.43143
0.528862
0.589865
0.568611
0.435899
0.249273
0.0569987
-0.10774
-0.267175
-0.498647
-0.486805
-0.435419
-0.35762
-0.26542
-0.165455
-0.0597021
0.0512163
0.166296
0.284578
0.398586
0.488522
0.534337
0.491399
0.312794
0.119207
-0.0799736
-0.256958
-0.391852
-0.51524
-0.52471
-0.512975
-0.461241
-0.383044
-0.290604
-0.190653
-0.0852889
0.0246952
0.138042
0.253274
0.36236
0.44377
0.472455
0.395105
0.198514
0.00181711
-0.183616
-0.323978
-0.373224
-0.394242
-0.552453
-0.540776
-0.488762
-0.410304
-0.317784
-0.218038
-0.113252
-0.00447968
0.106761
0.218361
0.321758
0.393772
0.39786
0.282081
0.0914745
-0.0952596
-0.257026
-0.330491
-0.353126
-0.355915
-0.582099
-0.570398
-0.51806
-0.439397
-0.346935
-0.247562
-0.143612
-0.0363513
0.0723905
0.179794
0.276568
0.338989
0.314788
0.175186
-0.00623905
-0.18049
-0.299998
-0.338661
-0.33714
-0.337934
-0.613622
-0.601854
-0.549148
-0.470314
-0.378038
-0.279219
-0.176365
-0.0709254
0.0349149
0.13758
0.226945
0.277597
0.237528
0.0743905
-0.0926943
-0.249475
-0.313855
-0.326642
-0.328186
-0.328164
-0.64678
-0.634911
-0.581886
-0.502962
-0.410991
-0.312943
-0.211449
-0.108186
-0.00565006
0.0917848
0.173145
0.21086
0.161478
-0.0139856
-0.170762
-0.28727
-0.326265
-0.3227
-0.322938
-0.322843
-0.681041
-0.669131
-0.615964
-0.537062
-0.445577
-0.34853
-0.248704
-0.148001
-0.0491702
0.0427443
0.115297
0.141691
0.0703807
-0.0946969
-0.236987
-0.304767
-0.318733
-0.319122
-0.318884
-0.318739
-0.715867
-0.70394
-0.650845
-0.572136
-0.48137
-0.385608
-0.287795
-0.190069
-0.0954084
-0.00914814
0.0542848
0.064567
-0.0208248
-0.163656
-0.28113
-0.317342
-0.319528
-0.318564
-0.317412
-0.316962
-0.750257
-0.738365
-0.685676
-0.607444
-0.517731
-0.423621
-0.328202
-0.233875
-0.14389
-0.0635502
-0.00743343
-0.0156915
-0.104928
-0.223316
-0.303505
-0.333262
-0.326808
-0.324301
-0.322902
-0.321767
-0.782454
-0.770923
-0.719253
-0.641983
-0.553762
-0.461754
-0.369175
-0.278654
-0.193831
-0.119824
-0.0691239
-0.0912165
-0.189695
-0.278764
-0.327057
-0.332504
-0.335713
-0.333311
-0.331996
-0.331499
-0.81127
-0.800129
-0.750013
-0.674381
-0.588261
-0.498933
-0.409699
-0.323403
-0.24411
-0.176756
-0.132294
-0.162304
-0.275588
-0.338796
-0.351692
-0.364517
-0.358992
-0.352793
-0.35063
-0.350419
-0.833948
-0.823505
-0.775988
-0.702897
-0.619709
-0.533804
-0.448491
-0.366842
-0.293353
-0.232733
-0.195379
-0.229173
-0.363549
-0.43612
-0.418921
-0.416409
-0.411521
-0.406242
-0.40345
-0.401758
-0.84831
-0.838914
-0.794857
-0.725559
-0.646349
-0.564756
-0.484066
-0.407396
-0.339892
-0.286109
-0.254034
-0.288869
-0.448763
-0.604804
-0.599519
-0.54626
-0.526597
-0.515706
-0.501717
-0.491206
-0.851728
-0.843807
-0.804269
-0.74028
-0.666291
-0.590034
-0.514805
-0.443382
-0.381473
-0.334832
-0.304679
-0.334417
-0.467498
-0.731029
-0.786871
-0.646204
-0.575832
-0.550405
-0.536195
-0.527708
-0.842295
-0.835761
-0.802067
-0.744997
-0.677816
-0.608033
-0.539044
-0.473182
-0.415698
-0.37568
-0.347302
-0.35558
-0.364539
-0.462521
-0.561993
-0.485732
-0.456161
-0.446579
-0.449707
-0.451862
-0.816106
-0.811423
-0.785497
-0.738124
-0.679752
-0.617671
-0.555383
-0.495373
-0.44153
-0.404296
-0.379681
-0.339808
-0.176806
0.0920666
0.120831
-0.114517
-0.323024
-0.383062
-0.393175
-0.394688
-0.77664
-0.773663
-0.756261
-0.719991
-0.672107
-0.61876
-0.563471
-0.508989
-0.458402
-0.418881
-0.40098
-0.347051
-0.223631
0.0469127
0.016892
-0.25974
-0.410231
-0.440823
-0.42279
-0.428699
-0.73066
-0.728818
-0.719702
-0.694525
-0.657417
-0.612554
-0.563987
-0.513904
-0.465789
-0.426511
-0.39903
-0.435636
-0.632031
-0.97137
-1.20878
-1.41729
-1.42193
-1.25699
-1.07829
-0.980762
-0.688514
-0.687318
-0.683063
-0.668202
-0.639925
-0.602087
-0.558488
-0.510959
-0.463457
-0.419643
-0.394124
-0.475982
-0.833569
-1.53186
-2.05513
-2.15397
-2.06972
-1.89322
-1.70659
-1.55576
-0.657446
-0.656739
-0.654219
-0.646195
-0.624726
-0.591474
-0.549869
-0.502573
-0.449317
-0.397973
-0.361269
-0.352988
-0.530084
-0.792208
-0.965647
-0.904511
-0.662514
-0.441439
-0.253719
-0.155263
-0.634654
-0.63409
-0.633093
-0.630019
-0.614978
-0.584329
-0.541146
-0.489511
-0.430091
-0.359586
-0.278718
-0.18849
-0.0835304
0.109085
0.410615
0.749144
1.05862
1.28446
1.38639
1.42273
-0.621118
-0.620844
-0.62036
-0.619033
-0.609827
-0.58105
-0.534546
-0.476082
-0.404817
-0.316424
-0.215499
-0.0781433
0.0937561
0.416322
0.908362
1.41127
1.83653
2.08881
2.1739
2.20169
-0.612714
-0.612686
-0.612309
-0.611877
-0.606702
-0.580974
-0.532891
-0.465624
-0.384955
-0.283215
-0.167085
-0.0519389
0.12966
0.466578
0.973521
1.48377
1.87666
2.1053
2.21554
2.25216
-0.608907
-0.608649
-0.60667
-0.603995
-0.602156
-0.585378
-0.539364
-0.464152
-0.37005
-0.267954
-0.14702
-0.042933
0.100183
0.434221
0.8507
1.23665
1.56235
1.78039
1.88719
1.92495
-0.623827
-0.62209
-0.616202
-0.609006
-0.609563
-0.605334
-0.556604
-0.469129
-0.362501
-0.256333
-0.146622
-0.0423109
0.0447531
0.280761
0.627069
0.949063
1.20073
1.36672
1.45064
1.48189
-0.673968
-0.671166
-0.669463
-0.673572
-0.678716
-0.663075
-0.585402
-0.472891
-0.357718
-0.241406
-0.140967
-0.0441095
0.0232802
0.210323
0.478542
0.697226
0.869577
0.985673
1.04604
1.06732
-0.739972
-0.741302
-0.756386
-0.773756
-0.77355
-0.72665
-0.605956
-0.464825
-0.343037
-0.228366
-0.129516
-0.0481987
0.011302
0.138692
0.327809
0.497426
0.616857
0.691787
0.72872
0.741717
-0.732012
-0.738871
-0.760177
-0.779602
-0.774696
-0.7079
-0.566938
-0.430122
-0.31196
-0.209237
-0.118772
-0.0460617
0.00532299
0.0935212
0.218923
0.334813
0.419054
0.475549
0.506276
0.516157
-0.571066
-0.579171
-0.597536
-0.61469
-0.608822
-0.548946
-0.44906
-0.353184
-0.259604
-0.177016
-0.105718
-0.0403264
0.0126584
0.0656313
0.17443
0.256453
0.307422
0.34128
0.356814
0.362094
-0.308618
-0.313935
-0.325007
-0.338479
-0.34223
-0.321833
-0.28679
-0.240781
-0.190723
-0.136176
-0.0837618
-0.0303226
0.022316
0.0546682
0.112549
0.17464
0.217913
0.248252
0.263266
0.266837
-0.0748676
-0.0773751
-0.0832993
-0.095846
-0.113739
-0.129292
-0.137523
-0.134111
-0.120904
-0.0938032
-0.0557185
-0.0210281
0.0213131
0.0512282
0.0930829
0.12936
0.15705
0.178752
0.189056
0.191592
0.0606426
0.0592336
0.0551638
0.0424358
0.0185592
-0.0119656
-0.0395064
-0.0576679
-0.0651676
-0.0590286
-0.0383225
-0.0142791
0.0152353
0.0304811
0.0544991
0.0834744
0.106199
0.121135
0.127362
0.127329
0.112427
0.111487
0.108257
0.0973083
0.0752784
0.045573
0.015316
-0.00971032
-0.0268604
-0.0334441
-0.02894
-0.0171772
0.000664157
0.00929736
0.0151852
0.0298794
0.0468484
0.0620985
0.0684541
0.0688601
0.11951
0.118867
0.116409
0.108218
0.0915326
0.0679701
0.0421677
0.0173559
-0.00304154
-0.0177846
-0.0269658
-0.0328436
-0.0339629
-0.0409416
-0.0326038
-0.0153607
-0.000949649
0.0075446
0.0099889
0.00931307
0.109184
0.108785
0.10705
0.101375
0.0896134
0.0723177
0.0518316
0.0307285
0.0103346
-0.00868703
-0.0279513
-0.0535573
-0.0788527
-0.0963546
-0.0844076
-0.0668119
-0.0522312
-0.0456973
-0.0438649
-0.0442422
0.0942869
0.0940632
0.0929082
0.0891406
0.0811594
0.0690216
0.0537349
0.0366271
0.0185542
-0.00188392
-0.0269217
-0.0668254
-0.112253
-0.130447
-0.109133
-0.0910316
-0.0802632
-0.0789898
-0.0804301
-0.0806496
0.0797577
0.0796542
0.0789332
0.0765557
0.0713794
0.0631617
0.0523225
0.0395966
0.0249168
0.00667433
-0.0185052
-0.0597544
-0.105509
-0.115461
-0.0940919
-0.0818835
-0.0802992
-0.08381
-0.0870374
-0.0870346
0.0671567
0.067111
0.0667063
0.0653563
0.0622404
0.057115
0.05
0.0413879
0.0311989
0.0183192
0.000394494
-0.029148
-0.0574005
-0.0570806
-0.0444788
-0.0431744
-0.0501948
-0.0566063
-0.0602356
-0.0603336
0.0566851
0.0566774
0.0564841
0.055867
0.0543163
0.0515564
0.0476079
0.042763
0.0373767
0.0318007
0.0262306
0.0170477
0.0105803
0.0171298
0.0213553
0.0137298
0.000881865
-0.00752101
-0.0101199
-0.010133
0.0479231
0.0479307
0.0479003
0.0477995
0.0473838
0.0464558
0.0450892
0.0436137
0.0429303
0.0448774
0.0526732
0.0672019
0.0859092
0.0961133
0.0933309
0.0780967
0.0637036
0.0566516
0.0553314
0.0549682
0.0403525
0.0403632
0.0404311
0.0406548
0.0409909
0.0413216
0.0418731
0.0429566
0.046164
0.0541431
0.0735643
0.108847
0.151274
0.175492
0.155877
0.134101
0.121992
0.119865
0.118796
0.118011
0.0333933
0.033409
0.0335297
0.0338958
0.0346164
0.035617
0.0372355
0.0399835
0.0456771
0.0572627
0.0819798
0.125916
0.175973
0.199482
0.178104
0.162774
0.159712
0.15979
0.161268
0.159362
0.0263307
0.0263464
0.0264727
0.0268724
0.0276919
0.0289812
0.0309015
0.0343115
0.0406176
0.0526966
0.0766211
0.117411
0.158985
0.171923
0.159457
0.154423
0.157964
0.163661
0.165308
0.163796
0.0188204
0.0188257
0.0189288
0.0192515
0.019921
0.0210687
0.0227886
0.0257879
0.0310986
0.0412845
0.0599812
0.0892709
0.115627
0.120661
0.116979
0.121747
0.131272
0.138541
0.139619
0.137921
0.0107083
0.0106956
0.0107402
0.0109326
0.0113593
0.0120778
0.0131915
0.0150962
0.0183225
0.0245029
0.0354165
0.050884
0.0576091
0.0561109
0.0608249
0.0706829
0.0815144
0.089609
0.0894892
0.0875165
0.00644041
0.00644494
0.00651664
0.00669971
0.00704358
0.00761894
0.00854137
0.0101801
0.0125937
0.0177843
0.0257026
0.0337828
0.0254891
0.0259163
0.0340616
0.0458821
0.0549418
0.0558442
0.0550527
0.0155391
-0.117969
0.151729
0.327139
0.491981
0.625901
0.733932
0.821623
0.896016
0.943263
0.93314
0.285722
0.405529
0.525415
0.633662
0.726355
0.804151
0.867706
0.914959
0.943104
0.959394
0.505921
0.583962
0.667111
0.743894
0.810257
0.866406
0.911919
0.946828
0.97338
0.993586
0.662425
0.719822
0.779122
0.835589
0.884931
0.927183
0.962776
0.99253
1.01708
1.03521
0.786518
0.830964
0.87513
0.917991
0.956643
0.99086
1.02092
1.04692
1.06793
1.08472
0.890268
0.926796
0.962072
0.996947
1.02967
1.05953
1.08625
1.10936
1.12777
1.14299
0.98265
1.01311
1.04555
1.07759
1.10784
1.13569
1.16062
1.18187
1.19826
1.2121
1.06998
1.10057
1.13327
1.16539
1.19551
1.22292
1.24703
1.26706
1.2819
1.29456
1.16303
1.19713
1.23288
1.26671
1.29765
1.32501
1.34835
1.36719
1.38089
1.39312
1.27446
1.31245
1.35151
1.38664
1.41743
1.4437
1.46553
1.48302
1.49625
1.50906
1.41588
1.45433
1.49288
1.52516
1.55248
1.57582
1.59587
1.61289
1.62692
1.64074
1.59152
1.62156
1.65162
1.67583
1.69686
1.71622
1.73442
1.75175
1.76763
1.7825
1.78526
1.79968
1.81731
1.8341
1.85062
1.86606
1.88023
1.89428
1.90916
1.92533
1.97428
1.97858
1.9915
2.00369
2.01369
2.023
2.03319
2.04385
2.0532
2.06542
2.20376
2.19016
2.18135
2.16631
2.15523
2.1547
2.16673
2.19053
2.22236
2.25813
2.57795
2.41945
2.31394
2.2551
2.22604
2.21949
2.23465
2.27588
2.35511
2.50023
-0.356732
-0.353063
-0.31054
-0.236195
-0.145828
-0.0455573
0.870603
0.928158
0.925261
0.861932
0.798165
0.734389
0.533095
0.339174
0.116122
-0.171805
-0.515519
)
;

boundaryField
{
    wall-4
    {
        type            zeroGradient;
    }
    pressure-outlet-7
    {
        type            fixedValue;
        value           uniform 0;
    }
    velocity-inlet-6
    {
        type            zeroGradient;
    }
    velocity-inlet-5
    {
        type            zeroGradient;
    }
    frontAndBackPlanes
    {
        type            empty;
    }
}


// ************************************************************************* //
