/*--------------------------------*- C++ -*----------------------------------*\
  =========                 |
  \\      /  F ield         | OpenFOAM: The Open Source CFD Toolbox
   \\    /   O peration     | Website:  https://openfoam.org
    \\  /    A nd           | Version:  6
     \\/     M anipulation  |
\*---------------------------------------------------------------------------*/
FoamFile
{
    version     2.0;
    format      ascii;
    class       volScalarField;
    location    "55.3";
    object      p;
}
// * * * * * * * * * * * * * * * * * * * * * * * * * * * * * * * * * * * * * //

dimensions      [0 2 -2 0 0 0 0];

internalField   nonuniform List<scalar> 
8800
(
0.79322
0.743903
0.705933
0.677857
0.657685
0.643083
0.632463
0.624892
0.619964
0.617838
0.619147
0.623439
0.630194
0.639589
0.652306
0.669613
0.693482
0.726574
0.769508
0.82202
0.627724
0.634067
0.643214
0.646756
0.644138
0.638036
0.631076
0.624806
0.619966
0.617045
0.616751
0.61932
0.623916
0.630011
0.637087
0.644105
0.648973
0.648841
0.642161
0.633259
0.60126
0.607492
0.611986
0.615848
0.618783
0.619714
0.618601
0.616443
0.614415
0.613513
0.614478
0.616875
0.619719
0.621958
0.622458
0.620654
0.617277
0.613256
0.60847
0.604754
0.596989
0.599752
0.60235
0.604497
0.606219
0.607767
0.608841
0.609155
0.608988
0.609018
0.609748
0.610829
0.611523
0.611338
0.610338
0.608965
0.607282
0.604971
0.602555
0.600988
0.591973
0.593396
0.595227
0.597294
0.598989
0.600258
0.601323
0.602258
0.603006
0.603664
0.604291
0.604681
0.604651
0.604247
0.60355
0.602413
0.600741
0.598835
0.597476
0.596673
0.587035
0.587936
0.589173
0.590784
0.592457
0.593961
0.595207
0.596277
0.597271
0.598197
0.598886
0.599195
0.599142
0.598726
0.597888
0.596674
0.595292
0.594012
0.593185
0.592661
0.582192
0.582846
0.583797
0.585096
0.586519
0.588003
0.589444
0.590747
0.591928
0.593026
0.593864
0.594263
0.594206
0.593712
0.592888
0.591914
0.590896
0.589975
0.589389
0.589006
0.577443
0.577947
0.578721
0.579841
0.581113
0.582492
0.58395
0.585421
0.586839
0.58817
0.58919
0.589684
0.589673
0.589281
0.588665
0.587937
0.587169
0.586485
0.586052
0.585753
0.572737
0.573138
0.573786
0.574783
0.575981
0.577302
0.578748
0.580308
0.581931
0.583532
0.584786
0.585452
0.585617
0.585442
0.585056
0.584541
0.583971
0.583478
0.583155
0.582914
0.567994
0.568321
0.568881
0.569798
0.570946
0.572252
0.573728
0.575381
0.577188
0.57907
0.580635
0.581586
0.58202
0.582095
0.581936
0.581637
0.581257
0.580922
0.580683
0.580481
0.56313
0.563401
0.563901
0.564771
0.5659
0.56723
0.568777
0.570565
0.572592
0.574801
0.576756
0.578078
0.578836
0.579193
0.579278
0.579197
0.579005
0.578808
0.578636
0.578462
0.558058
0.558287
0.558748
0.5596
0.56075
0.562145
0.563805
0.565779
0.56809
0.570706
0.57314
0.574906
0.576045
0.576725
0.577083
0.577228
0.577221
0.577151
0.577034
0.57688
0.552689
0.552885
0.553327
0.554191
0.555403
0.556907
0.558734
0.560963
0.563645
0.56677
0.569785
0.572078
0.573658
0.574705
0.575366
0.575749
0.575945
0.575991
0.57592
0.57578
0.546926
0.547095
0.547535
0.54844
0.549754
0.551418
0.553481
0.556047
0.5592
0.562961
0.566679
0.569599
0.571697
0.573163
0.57417
0.574837
0.57523
0.575388
0.575357
0.575226
0.540652
0.540799
0.541251
0.542227
0.543688
0.545575
0.547952
0.550954
0.554698
0.559236
0.56381
0.567484
0.570193
0.572149
0.573547
0.574519
0.575137
0.575413
0.575418
0.575293
0.533733
0.533856
0.534338
0.535415
0.537075
0.539255
0.542034
0.545584
0.550063
0.555559
0.561168
0.56574
0.569176
0.571712
0.573568
0.574896
0.575762
0.576159
0.576197
0.576074
0.525994
0.526094
0.52662
0.527833
0.52975
0.532304
0.535594
0.539829
0.545215
0.551875
0.558739
0.564396
0.568695
0.571917
0.574324
0.576062
0.577206
0.577729
0.5778
0.577674
0.517198
0.517303
0.517877
0.519262
0.521514
0.524546
0.528483
0.533586
0.540105
0.548198
0.556568
0.563507
0.568822
0.572843
0.575903
0.578121
0.579578
0.580237
0.580338
0.580208
0.507051
0.50714
0.507806
0.509423
0.512112
0.515758
0.520519
0.526716
0.534648
0.544493
0.554671
0.563125
0.569633
0.574598
0.5784
0.581184
0.582998
0.583801
0.58393
0.583791
0.495188
0.495263
0.496031
0.497962
0.501208
0.505644
0.511463
0.519048
0.528745
0.54074
0.553079
0.563303
0.571199
0.577267
0.581935
0.585376
0.587581
0.588532
0.588685
0.588534
0.481063
0.48113
0.482043
0.484386
0.488362
0.493838
0.501035
0.510393
0.522291
0.5369
0.551817
0.564113
0.573608
0.580946
0.586623
0.590801
0.59343
0.594528
0.594698
0.594531
0.463921
0.46398
0.465106
0.468028
0.473006
0.479887
0.488921
0.500603
0.515295
0.533087
0.551018
0.565678
0.576977
0.58574
0.592541
0.59754
0.600612
0.601843
0.602018
0.601833
0.44262
0.442684
0.444151
0.447942
0.45436
0.463216
0.474767
0.489517
0.507749
0.529383
0.550781
0.568084
0.581384
0.591733
0.599743
0.605638
0.609138
0.610471
0.610636
0.610429
0.415412
0.415503
0.417557
0.422748
0.431382
0.443151
0.458259
0.477101
0.499754
0.525925
0.551241
0.57144
0.586904
0.598947
0.608287
0.615069
0.618938
0.620316
0.62045
0.62022
0.379267
0.379478
0.38273
0.390505
0.402882
0.419123
0.439303
0.46353
0.491602
0.523004
0.552627
0.575894
0.593609
0.607428
0.618125
0.625726
0.629834
0.631172
0.631248
0.630998
0.328435
0.329496
0.335955
0.34906
0.36797
0.391127
0.418331
0.449365
0.483826
0.521037
0.555202
0.581612
0.60159
0.617134
0.629129
0.637394
0.641527
0.642719
0.642717
0.642451
0.25453
0.261809
0.276625
0.299491
0.328172
0.360579
0.396318
0.435126
0.476625
0.520169
0.559293
0.589157
0.611649
0.629141
0.64245
0.651227
0.655297
0.656327
0.65627
0.656035
0.175823
0.19176
0.215837
0.24925
0.288204
0.330037
0.374408
0.421235
0.470245
0.520862
0.565871
0.600055
0.625745
0.645621
0.660508
0.66973
0.673526
0.674319
0.674276
0.674137
0.108423
0.127908
0.159737
0.202248
0.250377
0.301095
0.353861
0.40855
0.46488
0.522318
0.572938
0.611161
0.639806
0.661836
0.677905
0.687239
0.69075
0.691429
0.691425
0.691344
0.0532632
0.0749601
0.112137
0.161172
0.21648
0.274654
0.334858
0.396805
0.460062
0.523993
0.579929
0.621923
0.653233
0.677125
0.694294
0.703997
0.707608
0.708334
0.708355
0.70831
0.00750937
0.0305364
0.0715948
0.12574
0.186805
0.251145
0.317721
0.386105
0.455684
0.525672
0.586626
0.632228
0.666065
0.691766
0.710107
0.720507
0.724412
0.725142
0.725202
0.725187
-0.0314471
-0.00760391
0.0363351
0.0946429
0.160563
0.230161
0.302248
0.376323
0.451654
0.5273
0.593007
0.64204
0.678347
0.705823
0.725355
0.736524
0.740778
0.741599
0.74169
0.741694
-0.0656195
-0.0412111
0.00499534
0.0667546
0.136821
0.211003
0.287994
0.367224
0.447849
0.528775
0.598967
0.651224
0.689864
0.718993
0.739682
0.751511
0.756146
0.757138
0.757273
0.757285
-0.0964786
-0.0715943
-0.0235061
0.0411959
0.114859
0.193072
0.274472
0.358423
0.443961
0.529869
0.604333
0.659663
0.700434
0.731086
0.752743
0.765198
0.770203
0.771397
0.771542
0.771551
-0.125014
-0.0996836
-0.0499858
0.0172949
0.0941124
0.175895
0.261269
0.34956
0.439729
0.530394
0.60899
0.667253
0.710025
0.74205
0.764564
0.777503
0.782785
0.784112
0.784262
0.784255
-0.152008
-0.126182
-0.0750193
-0.00544111
0.0741582
0.159127
0.248103
0.340402
0.434937
0.530196
0.612834
0.673977
0.718666
0.751929
0.775129
0.788404
0.793855
0.795268
0.795412
0.795385
-0.177819
-0.151524
-0.0990071
-0.027375
0.0547049
0.142535
0.234783
0.330778
0.429423
0.52916
0.615818
0.679848
0.726439
0.760828
0.784594
0.798047
0.803576
0.80503
0.805149
0.805094
-0.202864
-0.176011
-0.122242
-0.0487531
0.0355509
0.12595
0.221177
0.320582
0.423102
0.527186
0.6179
0.68491
0.733435
0.768927
0.793155
0.806687
0.812208
0.813645
0.81375
0.813671
-0.227261
-0.199839
-0.144885
-0.0697188
0.0165744
0.109287
0.207216
0.309762
0.415919
0.524217
0.619052
0.689201
0.739776
0.776402
0.801035
0.814526
0.819945
0.82131
0.821386
0.821287
-0.25112
-0.223119
-0.167045
-0.0903424
-0.00226841
0.0925143
0.192881
0.298292
0.407844
0.520209
0.619236
0.692745
0.745568
0.783406
0.808353
0.821675
0.826914
0.828169
0.828184
0.828055
-0.27453
-0.245915
-0.188752
-0.110647
-0.0209969
0.075637
0.178191
0.286199
0.398881
0.515132
0.618401
0.69553
0.750906
0.790096
0.815258
0.828261
0.833171
0.834245
0.834193
0.834044
-0.297529
-0.268222
-0.210005
-0.130631
-0.0395765
0.0586878
0.163193
0.273525
0.38906
0.508968
0.61648
0.697498
0.755844
0.796641
0.821944
0.834397
0.838793
0.839609
0.839492
0.839332
-0.319958
-0.29
-0.230777
-0.150269
-0.0579698
0.0417365
0.147951
0.260347
0.378439
0.501735
0.613403
0.698557
0.760358
0.803197
0.828718
0.840351
0.843901
0.844323
0.844132
0.843975
-0.34178
-0.3112
-0.251042
-0.169514
-0.0761171
0.0248465
0.132555
0.246741
0.367095
0.493454
0.609114
0.698586
0.764333
0.809834
0.835993
0.846649
0.848815
0.848479
0.848161
0.84805
-0.363048
-0.331787
-0.270767
-0.188328
-0.0939515
0.00810355
0.117098
0.232813
0.35512
0.484182
0.603558
0.697456
0.767554
0.816418
0.844128
0.854214
0.854462
0.852492
0.851664
0.851769
-0.383598
-0.351731
-0.289894
-0.206638
-0.111411
-0.0084056
0.101678
0.218671
0.342629
0.474016
0.59671
0.695014
0.769739
0.822534
0.853051
0.864047
0.862932
0.858352
0.855083
0.853527
-0.403523
-0.371029
-0.308424
-0.224472
-0.128528
-0.024721
0.0862427
0.204259
0.32955
0.462887
0.588416
0.690997
0.770607
0.827626
0.862021
0.876263
0.876356
0.869906
0.85981
0.859609
-0.422733
-0.389751
-0.326493
-0.242026
-0.145601
-0.0411806
0.070373
0.189082
0.315327
0.450151
0.577998
0.684608
0.769621
0.830949
0.869237
0.8883
0.890664
0.880583
0.862574
0.859535
-0.441086
-0.407856
-0.343925
-0.259101
-0.162366
-0.057479
0.0542819
0.173467
0.30026
0.436059
0.565531
0.675229
0.766043
0.831344
0.870475
0.889664
0.895104
0.871479
0.813208
0.787758
-0.458456
-0.426166
-0.360311
-0.275215
-0.178088
-0.0731316
0.0382464
0.157688
0.284631
0.420785
0.5511
0.662303
0.758929
0.828061
0.86106
0.874892
0.865239
0.815707
0.754017
0.716287
-0.502321
-0.44389
-0.375471
-0.291111
-0.193535
-0.0890738
0.0224007
0.141625
0.26824
0.403993
0.534332
0.645273
0.744575
0.818819
0.839263
0.830599
0.787085
0.724248
0.656155
0.618758
-0.477245
-0.458936
-0.398538
-0.313825
-0.217215
-0.11299
-0.00225314
0.116262
0.241855
0.376
0.504608
0.613106
0.70335
0.784426
0.771584
0.667681
0.580141
0.519235
0.456401
0.484549
-0.508832
-0.476967
-0.415717
-0.331507
-0.235143
-0.131156
-0.020281
0.0975456
0.222052
0.354323
0.480189
0.584999
0.664846
0.710321
0.662567
0.52708
0.420943
0.349387
0.268424
0.315252
-0.533432
-0.499063
-0.435963
-0.351619
-0.255328
-0.151385
-0.0406324
0.0763782
0.199484
0.329297
0.451307
0.550008
0.618689
0.626625
0.524143
0.372249
0.245742
0.15526
0.0609122
0.093525
-0.557443
-0.521932
-0.457371
-0.372326
-0.27592
-0.172088
-0.0618354
0.0542014
0.175689
0.302653
0.419831
0.510459
0.562892
0.538415
0.38426
0.210087
0.0523661
-0.0796626
-0.20266
-0.188795
-0.581205
-0.545231
-0.479694
-0.394016
-0.297416
-0.193774
-0.0841595
0.0307599
0.150351
0.27407
0.385598
0.46857
0.500498
0.43229
0.246862
0.0523318
-0.132887
-0.285192
-0.489582
-0.567922
-0.6054
-0.569422
-0.503279
-0.417124
-0.320309
-0.216809
-0.107764
0.0060106
0.12359
0.24382
0.349324
0.423288
0.430363
0.310823
0.12177
-0.0849876
-0.275315
-0.436142
-0.559456
-0.677905
-0.631117
-0.594997
-0.528491
-0.442046
-0.345148
-0.241883
-0.133503
-0.0210446
0.0941842
0.210393
0.309469
0.371141
0.351345
0.195549
0.00492738
-0.195998
-0.369735
-0.466232
-0.492371
-0.505855
-0.658488
-0.622248
-0.555466
-0.468886
-0.372088
-0.269227
-0.161756
-0.0509231
0.0615112
0.172987
0.265192
0.309749
0.271312
0.0850211
-0.103699
-0.284374
-0.415578
-0.453249
-0.46211
-0.462409
-0.687799
-0.651299
-0.584244
-0.497631
-0.401077
-0.298851
-0.19255
-0.0836858
0.0254995
0.131562
0.215905
0.244662
0.175578
-0.0158702
-0.198539
-0.355403
-0.428804
-0.442893
-0.443939
-0.443752
-0.719064
-0.68219
-0.614837
-0.528276
-0.432132
-0.330748
-0.2259
-0.119358
-0.0138415
0.0861914
0.161453
0.17603
0.0691673
-0.10715
-0.279999
-0.403842
-0.432193
-0.432998
-0.433611
-0.433203
-0.752021
-0.714743
-0.64714
-0.560736
-0.465163
-0.364866
-0.261781
-0.157925
-0.0564705
0.0369805
0.103009
0.0988998
-0.0254302
-0.191576
-0.344326
-0.414074
-0.428965
-0.426961
-0.426653
-0.426269
-0.786095
-0.748604
-0.680881
-0.59477
-0.499975
-0.401042
-0.300048
-0.199275
-0.102195
-0.0156312
0.0408365
0.0212676
-0.112976
-0.266193
-0.386454
-0.423036
-0.422249
-0.422298
-0.421846
-0.421421
-0.820834
-0.783228
-0.715562
-0.629946
-0.536198
-0.438944
-0.340415
-0.243138
-0.150762
-0.0707703
-0.0266761
-0.0514863
-0.192342
-0.32408
-0.410168
-0.41781
-0.41979
-0.420365
-0.420026
-0.419618
-0.855251
-0.817696
-0.750407
-0.665595
-0.573254
-0.478072
-0.382417
-0.289035
-0.201806
-0.1277
-0.0939535
-0.125562
-0.26018
-0.368872
-0.415499
-0.42537
-0.420673
-0.418874
-0.417995
-0.417653
-0.887419
-0.850678
-0.784352
-0.700788
-0.610326
-0.517686
-0.425376
-0.336255
-0.254597
-0.18608
-0.156763
-0.202679
-0.316642
-0.410463
-0.432594
-0.428378
-0.420861
-0.414975
-0.413378
-0.412939
-0.916255
-0.880613
-0.815938
-0.734272
-0.646305
-0.556795
-0.468379
-0.383922
-0.307979
-0.245353
-0.219383
-0.270108
-0.358274
-0.435146
-0.46143
-0.442053
-0.424014
-0.414536
-0.412317
-0.411442
-0.938946
-0.905315
-0.843335
-0.76445
-0.679803
-0.594151
-0.510233
-0.43102
-0.360748
-0.303905
-0.282741
-0.327635
-0.379263
-0.431945
-0.440172
-0.451133
-0.454521
-0.452684
-0.448755
-0.44623
-0.953308
-0.922546
-0.864368
-0.789477
-0.709191
-0.628289
-0.549488
-0.476234
-0.41179
-0.36037
-0.339672
-0.385289
-0.394726
-0.402422
-0.431952
-0.485751
-0.523426
-0.527405
-0.520852
-0.519088
-0.956506
-0.929773
-0.876809
-0.807383
-0.732693
-0.657615
-0.584621
-0.517677
-0.46
-0.415208
-0.388134
-0.454779
-0.475798
-0.406663
-0.461491
-0.524459
-0.550113
-0.551592
-0.549016
-0.54975
-0.946237
-0.924442
-0.878413
-0.816265
-0.748675
-0.68051
-0.614207
-0.553259
-0.503661
-0.467494
-0.435278
-0.530552
-0.689751
-0.717094
-0.68406
-0.614102
-0.569932
-0.560331
-0.560378
-0.560713
-0.919666
-0.903606
-0.86714
-0.814762
-0.755924
-0.69568
-0.636823
-0.581691
-0.53903
-0.51131
-0.49653
-0.592716
-0.810066
-1.03535
-0.902305
-0.693432
-0.597598
-0.567028
-0.557145
-0.553658
-0.880143
-0.869865
-0.843874
-0.80301
-0.754187
-0.702758
-0.650976
-0.602455
-0.562403
-0.544494
-0.533462
-0.556299
-0.515681
-0.533796
-0.436486
-0.429916
-0.477262
-0.481463
-0.473224
-0.468415
-0.83468
-0.828888
-0.813554
-0.783932
-0.745511
-0.70218
-0.657087
-0.613129
-0.574317
-0.552366
-0.529503
-0.440695
-0.189114
0.0479374
0.0363785
-0.152151
-0.283311
-0.332743
-0.333627
-0.339623
-0.793424
-0.789985
-0.782556
-0.762999
-0.732956
-0.696174
-0.656205
-0.614323
-0.575824
-0.54321
-0.537699
-0.452339
-0.408251
-0.406456
-0.545907
-0.705976
-0.764251
-0.692044
-0.610393
-0.602323
-0.762864
-0.760798
-0.756952
-0.744838
-0.721111
-0.688577
-0.650447
-0.608795
-0.564233
-0.531949
-0.516062
-0.512575
-0.624948
-0.88058
-1.07942
-1.2668
-1.36021
-1.34987
-1.28546
-1.23265
-0.739803
-0.739008
-0.737714
-0.731489
-0.712865
-0.682475
-0.643597
-0.597347
-0.548685
-0.497295
-0.451555
-0.480237
-0.685747
-1.06553
-1.42632
-1.48275
-1.36125
-1.13636
-0.951567
-0.868171
-0.726196
-0.72587
-0.725295
-0.722498
-0.708715
-0.678505
-0.635294
-0.585217
-0.524853
-0.446754
-0.364065
-0.263152
-0.305342
-0.346274
-0.316997
-0.248617
-0.00537419
0.269315
0.441623
0.507202
-0.71724
-0.717068
-0.716724
-0.716145
-0.706834
-0.676255
-0.62952
-0.570892
-0.496175
-0.406107
-0.284668
-0.113097
0.0924453
0.346539
0.709814
1.0909
1.44457
1.67961
1.79113
1.82549
-0.710441
-0.710938
-0.711872
-0.712731
-0.70512
-0.675442
-0.626494
-0.562284
-0.479835
-0.36751
-0.243034
-0.0951727
0.142609
0.530832
1.05754
1.52425
1.8774
2.07774
2.15609
2.1722
-0.702667
-0.703073
-0.702463
-0.700602
-0.694887
-0.673754
-0.63137
-0.564342
-0.47111
-0.352061
-0.227827
-0.0940203
0.112285
0.48504
0.934039
1.33933
1.62851
1.77714
1.82759
1.8369
-0.712813
-0.710058
-0.698291
-0.680163
-0.675069
-0.678775
-0.650075
-0.574196
-0.473088
-0.355024
-0.230863
-0.119433
0.0237273
0.324125
0.667405
0.961612
1.16718
1.26339
1.29567
1.30128
-0.765875
-0.760704
-0.749562
-0.737106
-0.733983
-0.73605
-0.693806
-0.592267
-0.475623
-0.360462
-0.243596
-0.149869
-0.0433144
0.15794
0.394067
0.585395
0.706135
0.762309
0.78413
0.789818
-0.86954
-0.87521
-0.896578
-0.917499
-0.913333
-0.876245
-0.763378
-0.613458
-0.477236
-0.358916
-0.259305
-0.185866
-0.109692
0.0496923
0.19987
0.302455
0.366617
0.398752
0.415252
0.421055
-0.969591
-0.988701
-1.02603
-1.0502
-1.04239
-0.972789
-0.799702
-0.616319
-0.472613
-0.355726
-0.272331
-0.217202
-0.177634
-0.0645436
0.0534607
0.139916
0.188194
0.211081
0.223885
0.227655
-0.938495
-0.957593
-0.99004
-1.0141
-1.00409
-0.916175
-0.734445
-0.57579
-0.443383
-0.339294
-0.272074
-0.235923
-0.20238
-0.118683
-0.0368107
0.0349246
0.0801583
0.109906
0.122003
0.124481
-0.705779
-0.724991
-0.756678
-0.785577
-0.779511
-0.703363
-0.587409
-0.478152
-0.376983
-0.305295
-0.258837
-0.230082
-0.224768
-0.130954
-0.0470658
0.00298014
0.0359348
0.0537093
0.0596207
0.0600761
-0.365022
-0.376946
-0.399665
-0.425582
-0.438147
-0.421563
-0.388009
-0.341979
-0.2965
-0.251868
-0.219632
-0.199714
-0.181166
-0.132695
-0.0746113
-0.0392058
-0.0117055
0.00485433
0.0107451
0.011065
-0.0853202
-0.0904672
-0.10458
-0.130627
-0.162829
-0.192637
-0.211663
-0.220641
-0.215431
-0.191968
-0.172614
-0.147981
-0.122149
-0.0810875
-0.050617
-0.0354774
-0.0216337
-0.0137069
-0.0102838
-0.0104906
0.0551588
0.0526163
0.0424933
0.0184457
-0.0203586
-0.065748
-0.105529
-0.133647
-0.147462
-0.1432
-0.126645
-0.0967271
-0.0711686
-0.0536103
-0.0382314
-0.0305703
-0.0241598
-0.019864
-0.0189241
-0.0196998
0.094289
0.0925399
0.0850337
0.0660666
0.034052
-0.00553484
-0.0457873
-0.0786864
-0.100495
-0.104788
-0.0901476
-0.0612961
-0.0344271
-0.0300339
-0.0290009
-0.0280447
-0.0221747
-0.017757
-0.0169858
-0.018239
0.0879274
0.0867276
0.0815694
0.068382
0.0453699
0.0151815
-0.0175733
-0.047867
-0.0705707
-0.0789158
-0.0689716
-0.0425063
-0.0200353
-0.0242127
-0.0291607
-0.029761
-0.026958
-0.0249945
-0.025386
-0.0270097
0.0667714
0.0659944
0.0625675
0.0537346
0.0378472
0.0159673
-0.00951832
-0.0351237
-0.057045
-0.0691053
-0.0660773
-0.0484901
-0.0338378
-0.0467472
-0.055091
-0.0544896
-0.0504623
-0.0482972
-0.0489011
-0.0505516
0.0434442
0.0429512
0.0406723
0.0347596
0.0238658
0.00816326
-0.0114449
-0.032857
-0.0541572
-0.0717286
-0.0810401
-0.0805565
-0.0800768
-0.0936875
-0.10134
-0.0975655
-0.0926183
-0.0910164
-0.0915147
-0.092756
0.0226951
0.0223485
0.020829
0.0168259
0.00922534
-0.00222705
-0.0175762
-0.0360514
-0.0575479
-0.0820747
-0.108976
-0.135314
-0.162146
-0.171181
-0.16233
-0.15082
-0.144326
-0.143745
-0.144458
-0.145204
0.00648657
0.00619277
0.00508572
0.00226746
-0.00315916
-0.0117844
-0.0240791
-0.0404724
-0.0622783
-0.0927204
-0.137309
-0.197988
-0.242854
-0.243183
-0.219605
-0.202578
-0.196102
-0.195311
-0.195712
-0.195792
-0.00492227
-0.00515213
-0.00599
-0.00796133
-0.0118759
-0.0183863
-0.0282785
-0.0425021
-0.063652
-0.0966131
-0.149447
-0.22147
-0.267493
-0.255906
-0.232818
-0.223558
-0.223429
-0.226752
-0.226814
-0.226173
-0.0115279
-0.0117119
-0.0123231
-0.0137268
-0.0164972
-0.0213466
-0.0290771
-0.041013
-0.0590419
-0.0897654
-0.138154
-0.198489
-0.226288
-0.215284
-0.206478
-0.209114
-0.216596
-0.221359
-0.221553
-0.22086
-0.0138528
-0.0140065
-0.014439
-0.0153383
-0.0171757
-0.0205398
-0.0262521
-0.0353165
-0.0496937
-0.0731953
-0.107948
-0.146186
-0.156796
-0.152822
-0.155898
-0.168372
-0.179809
-0.184789
-0.184899
-0.184198
-0.0124741
-0.0125877
-0.01286
-0.0133595
-0.0144163
-0.0164841
-0.0202183
-0.026264
-0.0358493
-0.0509453
-0.0689678
-0.0850145
-0.0889416
-0.0852304
-0.0957408
-0.111601
-0.122334
-0.126247
-0.126365
-0.126185
-0.00818968
-0.00826521
-0.00841956
-0.00861729
-0.00905517
-0.0100218
-0.0119664
-0.0151525
-0.0200515
-0.0273103
-0.0317259
-0.0286974
-0.0112426
-0.0262099
-0.0429403
-0.0545711
-0.0618984
-0.0626567
-0.0627352
-0.0629067
-0.00187066
-0.00188052
-0.00191138
-0.00188785
-0.00178589
-0.00180374
-0.00201409
-0.00256051
-0.00335388
-0.0043152
-0.00526637
-0.00140401
0.00120243
-0.000194423
-0.00638665
-0.00920763
-0.0102282
-0.00858419
-0.00917241
-0.0101457
-0.0548803
0.135095
0.309903
0.458436
0.578324
0.673895
0.753884
0.818915
0.835686
0.831885
0.238676
0.361166
0.476155
0.576426
0.661182
0.731423
0.786864
0.824347
0.844361
0.86087
0.438074
0.51999
0.601138
0.672485
0.733427
0.784004
0.823812
0.85408
0.87677
0.89599
0.58581
0.643815
0.702439
0.755033
0.800464
0.839098
0.871475
0.898589
0.91898
0.937869
0.703857
0.747365
0.790706
0.831316
0.867568
0.89959
0.927568
0.951245
0.969257
0.987292
0.801455
0.837454
0.872867
0.906838
0.93813
0.96643
0.991398
1.01233
1.02815
1.04562
0.890209
0.922362
0.954791
0.986102
1.01521
1.04166
1.06484
1.08382
1.09777
1.11479
0.977412
1.01008
1.04259
1.07386
1.1027
1.12854
1.15071
1.16827
1.18068
1.19721
1.07195
1.1084
1.14321
1.17572
1.20493
1.23032
1.25147
1.26778
1.27942
1.29556
1.18509
1.22568
1.26274
1.29574
1.32426
1.34828
1.36792
1.38321
1.39512
1.4112
1.32649
1.3676
1.40288
1.43249
1.45771
1.47934
1.49786
1.51335
1.52647
1.54243
1.49808
1.53052
1.5574
1.57972
1.59982
1.61855
1.63629
1.65307
1.66798
1.68371
1.68444
1.70172
1.71885
1.73553
1.75163
1.76637
1.78028
1.79476
1.81
1.8273
1.86783
1.87781
1.89102
1.902
1.91141
1.92107
1.93168
1.94187
1.95116
1.97682
2.08574
2.08004
2.0671
2.05284
2.04654
2.05226
2.0704
2.09893
2.13269
2.16902
2.38856
2.2526
2.1731
2.13059
2.11327
2.11724
2.14468
2.20254
2.31021
2.48861
0.696918
0.690614
0.682882
0.671764
0.658187
0.64553
0.635121
0.627093
0.621355
0.617998
0.617618
0.620427
0.62564
0.632984
0.642524
0.654347
0.667905
0.680832
0.68982
0.69736
0.605995
0.611914
0.619983
0.626111
0.629174
0.628654
0.625555
0.621544
0.617933
0.615622
0.61546
0.617688
0.621422
0.625854
0.629947
0.632185
0.631107
0.626467
0.619411
0.611577
0.599259
0.601631
0.604895
0.607663
0.610106
0.612285
0.613452
0.613287
0.612327
0.611492
0.611677
0.613065
0.614826
0.616041
0.615955
0.614481
0.612317
0.609951
0.606966
0.603947
0.59449
0.595578
0.597492
0.599824
0.601687
0.603075
0.604278
0.60525
0.605825
0.606172
0.606693
0.607408
0.607853
0.607719
0.607079
0.606147
0.604809
0.602834
0.600723
0.599244
0.589493
0.590127
0.591252
0.593003
0.594838
0.596418
0.597652
0.598693
0.599645
0.600508
0.601257
0.601746
0.601859
0.601633
0.601082
0.600096
0.59866
0.597044
0.595702
0.594899
0.584603
0.585042
0.585828
0.587124
0.588635
0.590183
0.591641
0.592911
0.594031
0.595075
0.595985
0.59655
0.5967
0.596442
0.59576
0.594747
0.593583
0.59243
0.591522
0.590987
0.579811
0.580139
0.580748
0.581809
0.583092
0.584474
0.58593
0.587373
0.588724
0.589978
0.591074
0.591774
0.591965
0.591692
0.591073
0.590271
0.589411
0.588546
0.587878
0.587486
0.575093
0.575348
0.575838
0.57674
0.577898
0.579187
0.580582
0.582074
0.583606
0.585111
0.586445
0.587308
0.587605
0.587472
0.587062
0.586493
0.585842
0.585201
0.584712
0.584412
0.570379
0.570582
0.57099
0.571781
0.57286
0.574099
0.575477
0.577008
0.578676
0.580418
0.582035
0.583148
0.583671
0.583772
0.583594
0.583244
0.582795
0.582343
0.581992
0.581756
0.565587
0.56575
0.566099
0.566817
0.567848
0.569066
0.570471
0.572081
0.573899
0.575889
0.577841
0.579302
0.58014
0.580523
0.580593
0.580466
0.580223
0.57994
0.579703
0.579515
0.56063
0.560763
0.56107
0.561743
0.562755
0.563997
0.565466
0.567199
0.569218
0.57151
0.57387
0.575766
0.576984
0.577693
0.578041
0.57815
0.578116
0.577995
0.577854
0.577701
0.555421
0.555529
0.555809
0.556462
0.557492
0.558799
0.560376
0.562285
0.564574
0.567256
0.570121
0.572536
0.574198
0.575282
0.575945
0.576315
0.576483
0.576528
0.576472
0.576347
0.549868
0.549955
0.550219
0.550877
0.55196
0.553374
0.555115
0.557267
0.559907
0.563078
0.566563
0.569603
0.571792
0.573311
0.574327
0.574995
0.575399
0.575595
0.575612
0.575509
0.543865
0.543933
0.54419
0.544877
0.546048
0.547618
0.549588
0.552066
0.555161
0.558947
0.563193
0.566982
0.569792
0.571814
0.573235
0.574234
0.574891
0.575251
0.575339
0.575253
0.537285
0.537334
0.537594
0.538331
0.539632
0.541413
0.543685
0.546581
0.550245
0.554789
0.559961
0.564658
0.568212
0.570831
0.572722
0.574093
0.575045
0.57558
0.575737
0.575665
0.529978
0.530008
0.530276
0.531087
0.532561
0.534619
0.53728
0.540705
0.54508
0.550556
0.556855
0.562643
0.567084
0.570411
0.572862
0.574672
0.575954
0.57668
0.576906
0.576845
0.52175
0.521769
0.522039
0.522949
0.524649
0.52706
0.530214
0.534306
0.539566
0.546193
0.553861
0.560959
0.566454
0.570614
0.573726
0.576068
0.577726
0.578657
0.578955
0.578902
0.512293
0.512287
0.512612
0.513664
0.515661
0.518526
0.52231
0.52725
0.533626
0.541675
0.551004
0.559664
0.566397
0.571532
0.575421
0.578379
0.580467
0.58163
0.582
0.581952
0.501333
0.501305
0.501678
0.502921
0.50529
0.508741
0.513333
0.519346
0.527124
0.536939
0.548284
0.558787
0.56697
0.573251
0.578048
0.581715
0.584303
0.585715
0.586156
0.586109
0.488389
0.488339
0.488788
0.490279
0.493131
0.497347
0.502984
0.510377
0.519919
0.531906
0.54568
0.558369
0.568246
0.575855
0.581711
0.586199
0.589344
0.59102
0.591529
0.591478
0.472819
0.472746
0.473316
0.475155
0.478654
0.483884
0.490907
0.500103
0.5119
0.526582
0.543273
0.558509
0.570319
0.579437
0.586512
0.591924
0.595684
0.597629
0.598195
0.598135
0.453694
0.453603
0.454371
0.456717
0.461124
0.467769
0.476685
0.488287
0.503003
0.521028
0.541172
0.559325
0.573308
0.584106
0.592522
0.59896
0.603374
0.605572
0.606177
0.6061
0.429605
0.429511
0.43061
0.433737
0.43951
0.448217
0.459817
0.474697
0.493193
0.51533
0.539501
0.56091
0.577286
0.589932
0.599781
0.607346
0.612402
0.614809
0.615422
0.61532
0.398239
0.398189
0.399886
0.404362
0.412414
0.424329
0.439879
0.459272
0.482606
0.509656
0.538418
0.563418
0.582351
0.596957
0.608349
0.617047
0.622669
0.625195
0.625772
0.625637
0.355484
0.35563
0.358624
0.365898
0.378202
0.395394
0.416794
0.442286
0.471672
0.504492
0.538313
0.56708
0.588635
0.605231
0.618175
0.627951
0.633962
0.63645
0.636934
0.636764
0.293663
0.294959
0.302229
0.315933
0.336017
0.361584
0.39123
0.424457
0.460938
0.500143
0.539337
0.571996
0.596189
0.614714
0.62908
0.639738
0.645891
0.648116
0.648437
0.648247
0.219711
0.222255
0.23638
0.259972
0.290701
0.326211
0.364816
0.406266
0.450366
0.496665
0.54215
0.579647
0.607323
0.628444
0.644662
0.656226
0.662486
0.664607
0.664903
0.664811
0.143934
0.150741
0.171953
0.205462
0.246578
0.291803
0.339391
0.389163
0.44099
0.49448
0.546388
0.58887
0.620116
0.643938
0.662101
0.674517
0.680551
0.68228
0.682501
0.682477
0.0821743
0.090815
0.116634
0.157182
0.206475
0.259956
0.315641
0.373204
0.43241
0.49281
0.550872
0.598053
0.632594
0.658814
0.678521
0.691507
0.69753
0.699144
0.699433
0.699472
0.0315797
0.0409301
0.0702548
0.11605
0.171503
0.231602
0.294131
0.358593
0.424572
0.491442
0.555297
0.606927
0.644526
0.672933
0.694169
0.707887
0.714086
0.715976
0.716369
0.716448
-0.0108335
-0.00116971
0.0305622
0.08047
0.140984
0.206593
0.274917
0.345367
0.417391
0.490215
0.559525
0.615384
0.655957
0.686498
0.709207
0.723893
0.73063
0.732791
0.73323
0.733323
-0.0475141
-0.0377017
-0.00415149
0.049058
0.113801
0.184132
0.257505
0.333259
0.410759
0.489096
0.563537
0.623384
0.666783
0.699357
0.723548
0.739175
0.746535
0.748908
0.749397
0.749482
-0.0801178
-0.0702366
-0.0352422
0.0207071
0.089049
0.163475
0.241326
0.321882
0.404411
0.487869
0.567145
0.630785
0.676809
0.711306
0.736824
0.75333
0.76127
0.763882
0.764404
0.764473
-0.10987
-0.0999336
-0.0637632
-0.00543973
0.0660255
0.14404
0.22588
0.310799
0.397989
0.486278
0.570183
0.63745
0.685955
0.722168
0.748865
0.766117
0.774581
0.777399
0.777941
0.777989
-0.137692
-0.127684
-0.0904448
-0.0300153
0.0441993
0.12538
0.210791
0.299692
0.39123
0.484129
0.572503
0.643302
0.694187
0.732008
0.759741
0.777553
0.786362
0.789329
0.789891
0.789914
-0.164132
-0.154026
-0.115794
-0.053471
0.0231731
0.107175
0.195808
0.288355
0.383937
0.481244
0.574003
0.648302
0.701534
0.740868
0.769495
0.787756
0.796694
0.799759
0.800339
0.800336
-0.189619
-0.179348
-0.140183
-0.0761359
0.00267667
0.0892059
0.180752
0.276633
0.375986
0.477505
0.574609
0.652448
0.708062
0.748882
0.778284
0.796848
0.805852
0.808903
0.809472
0.809457
-0.214424
-0.20391
-0.16385
-0.0982197
-0.0174613
0.0713276
0.165508
0.264443
0.367304
0.472848
0.574253
0.655736
0.713846
0.756187
0.786343
0.805104
0.814072
0.817059
0.817581
0.817522
-0.238632
-0.227854
-0.186934
-0.119847
-0.0373378
0.0534802
0.150032
0.251745
0.357853
0.467214
0.572884
0.658176
0.71896
0.762933
0.793831
0.812671
0.82149
0.824361
0.824817
0.824735
-0.262339
-0.25129
-0.209533
-0.141066
-0.056987
0.035637
0.134315
0.23854
0.347629
0.460588
0.570459
0.659737
0.723461
0.769258
0.800891
0.819673
0.828239
0.830909
0.831264
0.831142
-0.285564
-0.274234
-0.23164
-0.161894
-0.0764109
0.0178171
0.118392
0.224867
0.336661
0.452964
0.566935
0.660356
0.727365
0.775295
0.807698
0.826249
0.834361
0.836724
0.836949
0.836795
-0.308358
-0.29668
-0.253231
-0.182315
-0.0955848
5.86412e-05
0.102311
0.21079
0.325005
0.444365
0.562273
0.659952
0.73063
0.781139
0.814472
0.832626
0.840003
0.841876
0.841942
0.841767
-0.330487
-0.318571
-0.274283
-0.202302
-0.114458
-0.0175612
0.0861448
0.19638
0.312735
0.43485
0.556448
0.658434
0.733157
0.786799
0.821476
0.839216
0.845455
0.846489
0.846294
0.846111
-0.352106
-0.339847
-0.294757
-0.221825
-0.132995
-0.0349979
0.0699878
0.181724
0.299941
0.424498
0.549458
0.655704
0.734789
0.792142
0.828894
0.846634
0.851401
0.850915
0.850085
0.84991
-0.373026
-0.360467
-0.314632
-0.240826
-0.151108
-0.0521625
0.0539267
0.166945
0.286731
0.413378
0.54133
0.651668
0.735332
0.796872
0.836623
0.855504
0.859213
0.856462
0.853877
0.853275
-0.393344
-0.380451
-0.333846
-0.259246
-0.168755
-0.0689834
0.0380518
0.152127
0.273216
0.401629
0.532132
0.646221
0.734579
0.800572
0.844069
0.86579
0.870401
0.866225
0.860016
0.850836
-0.412941
-0.399789
-0.352491
-0.277247
-0.18616
-0.0857479
0.0220207
0.136859
0.258939
0.388734
0.521334
0.638769
0.732073
0.80289
0.850476
0.876587
0.884987
0.881045
0.870485
0.868572
-0.431771
-0.418558
-0.370556
-0.294768
-0.203302
-0.102423
0.00586699
0.121124
0.243868
0.374576
0.508767
0.628839
0.727096
0.803031
0.853828
0.883359
0.89451
0.894203
0.860536
0.821597
-0.449593
-0.436619
-0.387972
-0.311682
-0.220162
-0.119019
-0.0104002
0.105056
0.228077
0.359196
0.494368
0.616111
0.718567
0.800219
0.85218
0.87706
0.88819
0.870714
0.818913
0.763667
-0.469136
-0.45271
-0.404407
-0.327492
-0.236497
-0.135288
-0.0271246
0.0887036
0.21166
0.342708
0.478079
0.600377
0.704709
0.794869
0.844005
0.869784
0.848949
0.804828
0.740889
0.681498
-0.458927
-0.434938
-0.383054
-0.301626
-0.204533
-0.100064
0.0134528
0.132484
0.258815
0.394157
0.524242
0.634806
0.732562
0.822022
0.849629
0.786072
0.740896
0.681393
0.61624
0.574673
-0.473216
-0.465507
-0.424908
-0.352844
-0.261878
-0.161333
-0.0529058
0.0625835
0.184957
0.315019
0.449008
0.570181
0.670647
0.760948
0.823594
0.808594
0.705718
0.631295
0.575145
0.502772
-0.495071
-0.484384
-0.44037
-0.367021
-0.2755
-0.175377
-0.068057
0.0464507
0.167892
0.296592
0.428843
0.548433
0.644947
0.722574
0.747593
0.667585
0.545582
0.466291
0.403809
0.329983
-0.518939
-0.507029
-0.459862
-0.385533
-0.294071
-0.193785
-0.0864183
0.0278509
0.148413
0.275642
0.405061
0.520368
0.607937
0.666603
0.645289
0.520053
0.388555
0.294594
0.218906
0.111905
-0.542661
-0.530677
-0.481678
-0.406134
-0.314578
-0.21424
-0.106979
0.00673386
0.12619
0.251515
0.377455
0.487156
0.565647
0.599417
0.538711
0.371284
0.21593
0.0934595
-0.00745991
-0.145644
-0.566303
-0.554329
-0.504165
-0.427529
-0.335576
-0.235244
-0.128357
-0.0154872
0.102595
0.225614
0.347541
0.450731
0.520556
0.518409
0.405716
0.222911
0.0389378
-0.123928
-0.26245
-0.508456
-0.590284
-0.578431
-0.527546
-0.45016
-0.357831
-0.257458
-0.150963
-0.038968
0.077599
0.198031
0.315533
0.410963
0.468207
0.434304
0.275828
0.0824761
-0.117409
-0.293249
-0.460477
-0.721121
-0.615199
-0.60346
-0.552191
-0.474293
-0.381675
-0.281265
-0.175125
-0.0639899
0.0509856
0.168604
0.281417
0.368536
0.408908
0.351706
0.156526
-0.0423494
-0.239586
-0.40784
-0.492971
-0.541963
-0.641744
-0.630057
-0.578472
-0.500257
-0.407547
-0.307273
-0.201652
-0.0916175
0.0214178
0.135671
0.24312
0.321084
0.341347
0.241069
0.0449711
-0.151187
-0.325815
-0.436829
-0.472202
-0.478186
-0.670107
-0.658413
-0.6065
-0.528064
-0.435398
-0.335445
-0.230571
-0.121916
-0.0112116
0.0991017
0.200355
0.268672
0.259297
0.129861
-0.0591552
-0.241539
-0.38786
-0.439886
-0.449296
-0.451651
-0.70044
-0.688646
-0.636337
-0.557724
-0.465223
-0.365788
-0.261897
-0.15494
-0.0469492
0.0589163
0.153096
0.211
0.177595
0.024823
-0.151828
-0.321159
-0.415229
-0.437655
-0.438025
-0.43822
-0.732616
-0.720694
-0.667945
-0.589203
-0.496987
-0.398259
-0.295623
-0.190688
-0.085788
0.0151447
0.10171
0.14652
0.103717
-0.0706049
-0.233312
-0.376392
-0.426636
-0.429036
-0.429846
-0.429836
-0.76626
-0.754239
-0.701096
-0.622335
-0.530553
-0.432751
-0.331662
-0.229096
-0.127678
-0.0319982
0.0463276
0.0793758
0.0204768
-0.153978
-0.304866
-0.403648
-0.425498
-0.424907
-0.424111
-0.423753
-0.8009
-0.788819
-0.735394
-0.656763
-0.565612
-0.469005
-0.369777
-0.269961
-0.172434
-0.0821003
-0.0126699
0.00935208
-0.0714511
-0.22769
-0.360165
-0.407385
-0.419439
-0.420519
-0.420849
-0.4205
-0.83576
-0.823714
-0.770181
-0.691899
-0.601661
-0.506577
-0.409595
-0.312921
-0.219726
-0.134804
-0.0735052
-0.0677189
-0.153938
-0.289003
-0.390672
-0.42615
-0.420975
-0.420303
-0.419663
-0.41918
-0.869719
-0.857806
-0.804471
-0.726882
-0.637958
-0.544819
-0.450518
-0.357401
-0.268934
-0.189764
-0.133889
-0.140515
-0.227284
-0.343418
-0.414005
-0.425388
-0.422895
-0.418569
-0.416533
-0.41592
-0.900784
-0.889337
-0.836894
-0.76055
-0.673484
-0.582828
-0.491726
-0.402637
-0.319162
-0.246103
-0.194604
-0.20588
-0.290995
-0.38537
-0.444002
-0.442398
-0.428329
-0.416319
-0.411666
-0.410917
-0.927419
-0.916705
-0.865761
-0.791363
-0.706909
-0.619424
-0.532131
-0.447644
-0.369368
-0.302544
-0.25638
-0.266287
-0.338435
-0.405806
-0.445866
-0.452085
-0.438157
-0.429207
-0.424565
-0.422563
-0.946916
-0.937176
-0.88884
-0.817434
-0.736616
-0.653177
-0.570402
-0.491127
-0.418538
-0.357829
-0.314855
-0.326291
-0.378452
-0.396754
-0.420998
-0.447737
-0.480315
-0.492262
-0.488113
-0.482615
-0.956986
-0.948209
-0.903655
-0.836708
-0.760777
-0.682454
-0.60506
-0.53145
-0.465472
-0.410714
-0.368456
-0.386207
-0.436289
-0.397314
-0.409009
-0.47221
-0.529379
-0.547288
-0.544518
-0.540322
-0.953696
-0.946249
-0.908168
-0.847094
-0.777488
-0.705579
-0.634563
-0.566949
-0.508096
-0.46017
-0.423351
-0.440335
-0.543069
-0.544936
-0.521981
-0.550823
-0.55724
-0.554791
-0.553415
-0.554176
-0.934862
-0.929777
-0.899929
-0.846912
-0.78522
-0.72109
-0.657354
-0.59635
-0.543547
-0.504579
-0.48272
-0.503075
-0.665979
-0.877426
-0.908448
-0.754571
-0.627277
-0.575432
-0.566025
-0.563238
-0.90109
-0.897512
-0.877228
-0.835258
-0.783328
-0.728156
-0.672196
-0.618472
-0.570066
-0.539035
-0.523204
-0.563936
-0.637575
-0.828783
-0.836538
-0.665563
-0.594662
-0.556103
-0.53492
-0.52738
-0.857401
-0.855181
-0.843712
-0.814278
-0.77295
-0.727059
-0.679079
-0.631355
-0.58798
-0.557042
-0.547591
-0.528534
-0.409728
-0.210394
-0.106962
-0.140121
-0.288289
-0.383913
-0.403585
-0.402412
-0.812706
-0.811427
-0.805957
-0.788567
-0.75786
-0.719656
-0.678686
-0.635712
-0.594666
-0.559453
-0.545879
-0.496005
-0.325475
-0.114473
-0.109169
-0.291975
-0.450511
-0.451524
-0.387007
-0.372816
-0.776399
-0.775711
-0.773033
-0.763035
-0.741252
-0.710116
-0.673397
-0.633146
-0.590977
-0.55545
-0.530382
-0.516718
-0.511224
-0.623269
-0.707925
-0.874951
-1.02776
-1.06462
-0.999599
-0.949232
-0.75032
-0.749567
-0.748069
-0.743837
-0.728527
-0.701914
-0.666772
-0.625683
-0.581557
-0.532538
-0.498869
-0.499773
-0.566701
-0.852398
-1.2643
-1.47486
-1.51809
-1.44865
-1.31093
-1.20538
-0.732283
-0.731991
-0.731373
-0.729518
-0.72043
-0.696749
-0.660876
-0.616855
-0.564143
-0.506608
-0.446575
-0.361131
-0.463608
-0.680296
-0.927903
-1.03619
-0.944132
-0.684801
-0.436518
-0.293247
-0.72125
-0.721141
-0.720742
-0.720188
-0.715768
-0.694709
-0.656438
-0.605781
-0.546092
-0.472744
-0.37296
-0.253971
-0.0904727
0.019106
0.204841
0.396263
0.66111
0.963215
1.15733
1.24753
-0.713892
-0.713956
-0.714031
-0.714304
-0.712423
-0.694238
-0.653433
-0.597968
-0.52922
-0.437062
-0.326323
-0.187568
0.00225118
0.273017
0.697756
1.20345
1.61767
1.91335
2.06245
2.11418
-0.706035
-0.706618
-0.707668
-0.708971
-0.707552
-0.691603
-0.653048
-0.597553
-0.520655
-0.419481
-0.29656
-0.165702
0.0115206
0.31373
0.785825
1.26755
1.65765
1.90756
2.02005
2.05037
-0.702973
-0.703334
-0.700425
-0.692602
-0.685261
-0.680551
-0.65976
-0.607465
-0.522477
-0.415817
-0.288622
-0.166117
-0.032355
0.221636
0.612223
0.989969
1.29805
1.48025
1.55452
1.57373
-0.733674
-0.732047
-0.722443
-0.701361
-0.685134
-0.691706
-0.690325
-0.631088
-0.529206
-0.417595
-0.296139
-0.185331
-0.0811792
0.0919656
0.388456
0.655346
0.86155
0.973757
1.01951
1.03233
-0.813599
-0.810165
-0.81122
-0.816104
-0.819352
-0.814224
-0.774411
-0.6678
-0.537924
-0.417166
-0.306315
-0.20574
-0.124986
0.00443987
0.193493
0.359922
0.476682
0.539841
0.5686
0.580545
-0.929341
-0.93142
-0.956547
-0.992043
-1.00276
-0.977684
-0.87512
-0.701457
-0.54344
-0.415192
-0.310602
-0.231052
-0.180699
-0.0837315
0.0687002
0.174855
0.242733
0.277845
0.29627
0.305891
-0.975382
-0.98544
-1.01565
-1.04645
-1.05592
-1.01968
-0.88165
-0.683572
-0.530194
-0.401207
-0.308686
-0.247637
-0.211564
-0.156528
-0.0550731
0.0383495
0.105372
0.140097
0.160355
0.167385
-0.842432
-0.852145
-0.880619
-0.913421
-0.926715
-0.883859
-0.746998
-0.598875
-0.471273
-0.364377
-0.293872
-0.244787
-0.233519
-0.170987
-0.0800564
-0.00868756
0.0365337
0.0720144
0.0874569
0.0916307
-0.534609
-0.544288
-0.567012
-0.597154
-0.616788
-0.594688
-0.527564
-0.452157
-0.371821
-0.306825
-0.258013
-0.229255
-0.217167
-0.175879
-0.10142
-0.0378906
-0.00383432
0.0188387
0.0283875
0.0313488
-0.207078
-0.212062
-0.224742
-0.247723
-0.273609
-0.290281
-0.294611
-0.285623
-0.267229
-0.238342
-0.209334
-0.185991
-0.166381
-0.127036
-0.0827344
-0.0538288
-0.0302774
-0.0120511
-0.00279583
-0.00104857
0.0025407
0.00036307
-0.00625769
-0.0243731
-0.0570542
-0.0983169
-0.136192
-0.163235
-0.178187
-0.174858
-0.157654
-0.136051
-0.109481
-0.0849471
-0.0505629
-0.0359115
-0.0273884
-0.0199859
-0.0172539
-0.0168022
0.0839822
0.0827393
0.0782401
0.0635415
0.0341667
-0.00705475
-0.0513138
-0.0884052
-0.114458
-0.124475
-0.116122
-0.0932663
-0.0606268
-0.0472309
-0.0386354
-0.0317185
-0.0258971
-0.0203662
-0.0176922
-0.018099
0.0946315
0.0938492
0.09065
0.0800775
0.0581941
0.0262124
-0.0101391
-0.0455605
-0.0739032
-0.0887787
-0.0859658
-0.0646454
-0.0339868
-0.02151
-0.0239089
-0.0290101
-0.0262894
-0.0215529
-0.0193715
-0.0202651
0.0782988
0.0778637
0.0757067
0.0685975
0.0535711
0.0307316
0.002798
-0.0262537
-0.0520035
-0.0690393
-0.0710109
-0.0554486
-0.0296503
-0.0264236
-0.0359551
-0.0384718
-0.0362485
-0.0340625
-0.0340201
-0.0357068
0.0550265
0.0548157
0.0533783
0.0486577
0.0385157
0.0225173
0.00173873
-0.0214398
-0.0444242
-0.0633848
-0.0719768
-0.0675039
-0.0544486
-0.0589087
-0.0728258
-0.0767852
-0.0727505
-0.0686393
-0.067922
-0.0691098
0.0325659
0.032494
0.0315399
0.0283932
0.0215085
0.010259
-0.00520093
-0.023892
-0.0446035
-0.066258
-0.0853562
-0.101469
-0.111242
-0.122873
-0.132312
-0.126014
-0.119065
-0.11589
-0.116465
-0.11771
0.0139945
0.013937
0.0132144
0.011037
0.00626811
-0.00187037
-0.0136629
-0.0292085
-0.0485312
-0.0731232
-0.104619
-0.146203
-0.189609
-0.214269
-0.204641
-0.185869
-0.174161
-0.171186
-0.171287
-0.171599
0.000153399
0.000123725
-0.000436268
-0.00199129
-0.00538324
-0.0113622
-0.0205642
-0.0336535
-0.051777
-0.0779498
-0.117914
-0.179604
-0.247769
-0.266957
-0.24494
-0.223306
-0.21502
-0.214301
-0.215536
-0.21493
-0.0088191
-0.00885231
-0.00928037
-0.01042
-0.0128127
-0.0171813
-0.0242687
-0.0350518
-0.0507834
-0.0763968
-0.117148
-0.179739
-0.240879
-0.248827
-0.229469
-0.220329
-0.221546
-0.226943
-0.229122
-0.228287
-0.0132026
-0.0132368
-0.0135701
-0.014361
-0.0159964
-0.0190762
-0.0243674
-0.0327797
-0.0460679
-0.0670584
-0.101101
-0.149874
-0.189964
-0.190488
-0.183257
-0.187683
-0.196853
-0.204548
-0.2067
-0.206018
-0.0135925
-0.0136283
-0.0138732
-0.014363
-0.0153611
-0.0173352
-0.0209433
-0.0269019
-0.0364126
-0.051688
-0.0744194
-0.103266
-0.121569
-0.116406
-0.120049
-0.133485
-0.147776
-0.155995
-0.157852
-0.15728
-0.0106582
-0.0106859
-0.0108414
-0.0110796
-0.011545
-0.0126025
-0.0146992
-0.0183261
-0.0241092
-0.0330736
-0.0446422
-0.054781
-0.0521136
-0.048818
-0.0586788
-0.0763359
-0.0881944
-0.0933485
-0.0938614
-0.0941044
-0.0018701
-0.0018989
-0.00190705
-0.0018434
-0.00176029
-0.00189676
-0.00224055
-0.00290312
-0.00382768
-0.00496976
-0.00366493
0.000441579
0.0039026
-0.00306077
-0.00711574
-0.0103052
-0.00907594
-0.00863426
-0.00993274
-0.0346024
-0.690216
-0.254494
0.0817526
0.301916
0.46489
0.590855
0.689768
0.772657
0.860442
0.913003
0.0196146
0.185997
0.331215
0.462402
0.573231
0.664448
0.739067
0.797906
0.830108
0.837417
0.303443
0.395358
0.495403
0.586025
0.663965
0.729582
0.782531
0.821833
0.848717
0.868663
0.484146
0.550406
0.620213
0.685409
0.742076
0.79011
0.829578
0.861421
0.886758
0.906522
0.623199
0.672508
0.72309
0.771292
0.814297
0.85179
0.884097
0.911843
0.93452
0.951993
0.735162
0.774676
0.813137
0.850826
0.885925
0.917575
0.945671
0.970048
0.989629
1.00575
0.831334
0.863187
0.896971
0.929834
0.960934
0.989549
1.01515
1.03722
1.05455
1.06915
0.919561
0.949472
0.981636
1.01328
1.04323
1.07074
1.09515
1.11574
1.13128
1.14461
1.00816
1.04032
1.07437
1.10708
1.13754
1.16498
1.18874
1.2082
1.22241
1.23484
1.10885
1.14509
1.18275
1.21733
1.24841
1.27542
1.29808
1.31622
1.32957
1.34208
1.23405
1.27304
1.31273
1.34702
1.37652
1.40153
1.42242
1.43948
1.4529
1.46634
1.39304
1.42879
1.46402
1.4926
1.5168
1.53817
1.55739
1.57466
1.58961
1.60406
1.5811
1.60349
1.62717
1.64702
1.66532
1.68271
1.69925
1.71565
1.73186
1.74745
1.77365
1.78181
1.79564
1.81051
1.82496
1.83792
1.84957
1.86081
1.87254
1.88863
1.96921
1.96913
1.97917
1.98265
1.98363
1.98803
1.99854
2.01346
2.0278
2.04221
2.26636
2.21084
2.15633
2.11669
2.09444
2.09033
2.10385
2.13765
2.19551
2.27586
0.819007
0.766513
0.723629
0.690616
0.666871
0.649749
0.637307
0.628303
0.622079
0.618489
0.618066
0.620996
0.626537
0.634566
0.645516
0.660345
0.680667
0.708843
0.746875
0.796228
0.630106
0.639052
0.645808
0.646049
0.641342
0.634558
0.627817
0.622196
0.618249
0.616527
0.617716
0.621384
0.626783
0.633452
0.640693
0.646989
0.64974
0.646289
0.637202
0.630883
0.602788
0.60499
0.609848
0.613986
0.617525
0.619554
0.619371
0.617573
0.615338
0.613753
0.613756
0.615572
0.618309
0.620986
0.622474
0.621809
0.619064
0.615341
0.610942
0.606282
0.597605
0.598562
0.601057
0.603508
0.605386
0.607028
0.6084
0.609095
0.609094
0.608929
0.609292
0.610295
0.611262
0.611545
0.610906
0.609675
0.608181
0.606201
0.603714
0.601607
0.592298
0.592777
0.594223
0.596297
0.598209
0.599667
0.600807
0.601814
0.602657
0.603335
0.603984
0.60453
0.604718
0.604484
0.603936
0.603045
0.601626
0.599763
0.598064
0.597004
0.587258
0.587556
0.588476
0.589959
0.591634
0.593244
0.594618
0.595758
0.596783
0.597747
0.598578
0.599087
0.599209
0.59898
0.598357
0.597313
0.595982
0.59462
0.593534
0.592892
0.582357
0.582569
0.583255
0.584419
0.585799
0.587261
0.588741
0.590118
0.591352
0.592491
0.593486
0.594119
0.594288
0.594006
0.593327
0.592407
0.591409
0.590411
0.589635
0.58918
0.57757
0.577731
0.578275
0.57925
0.580463
0.581793
0.583217
0.584692
0.586143
0.587521
0.58873
0.589504
0.589733
0.589512
0.588991
0.588309
0.587557
0.586807
0.586234
0.585892
0.572837
0.572964
0.573409
0.574249
0.575365
0.576629
0.578011
0.579519
0.58112
0.582745
0.584216
0.58519
0.585585
0.585561
0.585268
0.584809
0.584256
0.583708
0.583293
0.583028
0.568073
0.568176
0.568551
0.569301
0.570353
0.571581
0.57297
0.574535
0.576271
0.578131
0.579908
0.581184
0.581855
0.582092
0.582037
0.581798
0.581448
0.581079
0.580789
0.580578
0.563193
0.563277
0.563603
0.564294
0.565313
0.566541
0.567977
0.569642
0.571553
0.573684
0.575829
0.577497
0.578516
0.579055
0.579262
0.579251
0.579107
0.578904
0.578717
0.578547
0.558108
0.558178
0.558469
0.559128
0.560145
0.561419
0.56294
0.564752
0.566895
0.569369
0.571969
0.574112
0.575542
0.576431
0.576937
0.577173
0.577236
0.577192
0.577095
0.576957
0.552728
0.552786
0.553056
0.553707
0.554759
0.556121
0.557777
0.559797
0.562249
0.56516
0.568319
0.571032
0.572946
0.574237
0.575077
0.575586
0.57587
0.575984
0.575965
0.575852
0.546954
0.547003
0.547262
0.547928
0.549051
0.550544
0.552395
0.554698
0.55755
0.561012
0.564858
0.568254
0.57074
0.572497
0.573715
0.574544
0.575065
0.575336
0.575388
0.575295
0.54067
0.54071
0.540966
0.541671
0.542902
0.54458
0.546696
0.549369
0.552731
0.556874
0.561558
0.565781
0.568947
0.571252
0.572908
0.574085
0.574872
0.575314
0.575438
0.57536
0.533738
0.533769
0.534032
0.534796
0.536178
0.538101
0.540561
0.543704
0.547703
0.552689
0.558397
0.563612
0.567587
0.570542
0.572714
0.574293
0.575388
0.576014
0.576207
0.576142
0.525992
0.52601
0.526283
0.527131
0.52871
0.530948
0.533847
0.537582
0.542371
0.54839
0.555339
0.561756
0.5667
0.570423
0.573211
0.575269
0.576712
0.577537
0.577801
0.577745
0.517185
0.517207
0.517506
0.518453
0.520288
0.522933
0.526388
0.530875
0.53666
0.54396
0.552418
0.560263
0.56635
0.570974
0.57448
0.577107
0.57895
0.579995
0.580332
0.580283
0.507023
0.507035
0.507376
0.508472
0.510645
0.513814
0.517982
0.523421
0.530455
0.539337
0.549624
0.559169
0.566602
0.572284
0.576632
0.579909
0.58222
0.583508
0.583918
0.583872
0.495145
0.495149
0.495529
0.496824
0.499432
0.503277
0.50836
0.515016
0.523623
0.534467
0.546969
0.558516
0.567517
0.574434
0.579764
0.583801
0.586642
0.588188
0.588669
0.588622
0.481001
0.480998
0.481442
0.483002
0.48618
0.490913
0.497198
0.505423
0.516016
0.529274
0.544442
0.558361
0.569178
0.577511
0.583992
0.588891
0.592319
0.594135
0.59468
0.594627
0.463834
0.463825
0.464362
0.466301
0.47027
0.476212
0.484108
0.494411
0.507571
0.523833
0.542179
0.558829
0.5717
0.581632
0.589392
0.59526
0.599327
0.601409
0.602005
0.601938
0.4425
0.442483
0.44318
0.445707
0.45083
0.458493
0.468626
0.481729
0.49821
0.51819
0.540273
0.560012
0.575172
0.586878
0.596024
0.602964
0.607692
0.610011
0.610632
0.610544
0.415245
0.415222
0.416201
0.419704
0.426645
0.436894
0.450266
0.467218
0.487985
0.512471
0.538868
0.562037
0.579682
0.5933
0.60394
0.612016
0.617364
0.619854
0.620462
0.620345
0.379025
0.379011
0.380608
0.386
0.396175
0.410543
0.428725
0.450944
0.477147
0.506981
0.538224
0.565092
0.585337
0.600943
0.613156
0.622341
0.628196
0.630741
0.631285
0.631129
0.328113
0.328303
0.33193
0.34169
0.357921
0.379065
0.404266
0.433434
0.466255
0.502207
0.538682
0.569384
0.59227
0.609845
0.62357
0.633771
0.639926
0.64236
0.642783
0.642586
0.255217
0.257485
0.26817
0.287165
0.31333
0.343997
0.37811
0.415429
0.455654
0.498287
0.540455
0.575351
0.601154
0.620944
0.636334
0.64744
0.653768
0.65604
0.656351
0.656148
0.178134
0.183506
0.202548
0.231575
0.268357
0.308878
0.351993
0.397616
0.445596
0.495515
0.54424
0.584263
0.613767
0.63632
0.653722
0.665856
0.672167
0.674119
0.674331
0.674203
0.110756
0.117076
0.142281
0.179988
0.225986
0.275569
0.327335
0.38109
0.436657
0.493636
0.548657
0.593523
0.626456
0.651565
0.670655
0.683411
0.689531
0.69126
0.691452
0.691384
0.0556371
0.0625049
0.0917623
0.13557
0.188448
0.245406
0.304644
0.365766
0.428443
0.492138
0.553139
0.60257
0.638663
0.666012
0.686602
0.70004
0.706348
0.708151
0.708365
0.708335
0.00988994
0.01709
0.0490171
0.0975049
0.155835
0.218793
0.284316
0.351867
0.420944
0.490845
0.557464
0.611236
0.650333
0.679835
0.7019
0.716247
0.723069
0.724949
0.725195
0.725195
-0.0290709
-0.0216857
0.0120798
0.0642251
0.127105
0.195155
0.266069
0.339235
0.414053
0.489681
0.561595
0.619475
0.661489
0.693073
0.716616
0.731935
0.739311
0.74137
0.74167
0.741694
-0.0632501
-0.0557521
-0.0206088
0.034512
0.101226
0.173668
0.249335
0.327545
0.407604
0.488542
0.565428
0.627193
0.671926
0.705492
0.73042
0.746658
0.754499
0.756853
0.757247
0.757279
-0.0941267
-0.0865224
-0.0502375
0.00738742
0.0774074
0.153681
0.233574
0.316358
0.401256
0.487156
0.568767
0.634237
0.681518
0.716899
0.743047
0.760066
0.768394
0.771043
0.771517
0.771544
-0.122649
-0.114944
-0.0776822
-0.0178916
0.0550326
0.134674
0.21834
0.30529
0.39469
0.485306
0.571461
0.640501
0.690205
0.727239
0.754505
0.772153
0.780854
0.783712
0.784242
0.784257
-0.149587
-0.141762
-0.103561
-0.0418554
0.0336415
0.11627
0.203325
0.294087
0.387682
0.482807
0.573379
0.645928
0.697985
0.736574
0.764784
0.782917
0.791849
0.794841
0.795396
0.795397
-0.175377
-0.167416
-0.128345
-0.0648794
0.0129034
0.0982008
0.188321
0.282571
0.380068
0.479503
0.574438
0.650496
0.704912
0.744992
0.774025
0.7925
0.801532
0.804592
0.80515
0.805118
-0.200359
-0.192219
-0.152312
-0.0872332
-0.00740221
0.0802847
0.173178
0.270619
0.371756
0.475311
0.574571
0.654214
0.711057
0.752632
0.782418
0.801125
0.810176
0.813212
0.813759
0.813707
-0.224681
-0.216368
-0.17564
-0.109078
-0.0274052
0.0624249
0.157817
0.258175
0.362691
0.470168
0.57371
0.657078
0.716497
0.759637
0.790173
0.809008
0.817961
0.82091
0.821404
0.821335
-0.248477
-0.239982
-0.198435
-0.130498
-0.0471671
0.0445751
0.142216
0.245219
0.352853
0.464038
0.571819
0.659081
0.721298
0.766156
0.797425
0.816265
0.825007
0.827816
0.828229
0.828114
-0.271825
-0.263118
-0.220747
-0.151525
-0.0667093
0.0267388
0.126391
0.231775
0.342244
0.456906
0.568846
0.660178
0.725501
0.77232
0.804332
0.823031
0.831414
0.833965
0.834261
0.834111
-0.294711
-0.285781
-0.242578
-0.172152
-0.0860195
0.00894382
0.110375
0.217886
0.330921
0.448794
0.564756
0.660296
0.729093
0.778253
0.81109
0.829466
0.837266
0.839424
0.839579
0.839402
-0.317066
-0.307921
-0.263885
-0.192363
-0.105053
-0.00876252
0.0942451
0.203626
0.318949
0.439728
0.559515
0.659348
0.732006
0.78401
0.817946
0.835883
0.842755
0.844279
0.844236
0.844043
-0.338832
-0.329477
-0.284636
-0.212129
-0.123763
-0.0263035
0.0780713
0.189083
0.306404
0.429782
0.553103
0.657235
0.734108
0.789539
0.825146
0.842797
0.848326
0.848715
0.848283
0.848094
-0.360013
-0.350422
-0.304805
-0.231398
-0.142102
-0.0436038
0.0619466
0.174353
0.293385
0.419029
0.545541
0.653863
0.735221
0.794622
0.83276
0.850882
0.854991
0.853422
0.851915
0.85166
-0.3805
-0.370689
-0.324357
-0.25012
-0.159993
-0.0606069
0.0459599
0.159533
0.280003
0.407576
0.536858
0.649134
0.735144
0.798893
0.840454
0.86054
0.864374
0.860626
0.856483
0.854092
-0.40034
-0.390311
-0.343261
-0.268294
-0.177468
-0.0773319
0.0300905
0.144593
0.266227
0.395385
0.526988
0.642812
0.733615
0.801965
0.847509
0.871284
0.877485
0.873506
0.865448
0.853462
-0.419506
-0.40934
-0.361629
-0.286098
-0.194775
-0.0940921
0.0139544
0.129055
0.251503
0.381812
0.515276
0.634142
0.729968
0.80331
0.852684
0.880815
0.891215
0.886868
0.877045
0.848718
-0.438066
-0.427816
-0.379385
-0.30334
-0.211748
-0.110704
-0.00223025
0.11315
0.236079
0.367056
0.501812
0.622853
0.723403
0.802067
0.85372
0.88221
0.893249
0.88949
0.842946
0.79233
-0.457666
-0.444823
-0.396399
-0.319899
-0.228538
-0.1273
-0.0186976
0.0968967
0.219928
0.35106
0.486433
0.608601
0.712448
0.797749
0.848444
0.866263
0.87331
0.843836
0.78486
0.727481
-0.4815
-0.477294
-0.417539
-0.333579
-0.242566
-0.141523
-0.0351555
0.0809196
0.203734
0.334594
0.469716
0.591846
0.695893
0.792805
0.818658
0.834412
0.810938
0.756279
0.690248
0.628635
-0.459826
-0.451947
-0.392814
-0.309096
-0.212317
-0.10795
0.00334162
0.122174
0.24817
0.382959
0.512483
0.622141
0.717045
0.807114
0.815606
0.731624
0.661628
0.604395
0.540597
0.416323
-0.495221
-0.467271
-0.406542
-0.322032
-0.225552
-0.121462
-0.010683
0.107502
0.232611
0.365909
0.493279
0.600237
0.68467
0.749283
0.719761
0.599967
0.501549
0.435571
0.365177
0.228987
-0.521514
-0.487874
-0.425651
-0.341478
-0.24516
-0.141218
-0.0303435
0.0870902
0.210923
0.342004
0.466075
0.568068
0.642984
0.670196
0.594238
0.450736
0.336564
0.257992
0.167761
-0.0164147
-0.545764
-0.510571
-0.44661
-0.361913
-0.265575
-0.161673
-0.0511248
0.0654181
0.187739
0.316172
0.43587
0.530574
0.591889
0.582732
0.4545
0.291337
0.15027
0.0425971
-0.0662684
-0.343448
-0.569597
-0.533608
-0.46843
-0.383012
-0.286511
-0.182764
-0.0728311
0.0426598
0.163233
0.288616
0.403051
0.489685
0.532366
0.489849
0.314791
0.130035
-0.0470221
-0.190236
-0.369045
-0.727354
-0.593445
-0.557331
-0.491367
-0.405399
-0.308681
-0.20512
-0.0958047
0.0185337
0.137128
0.259107
0.367614
0.446287
0.467028
0.370316
0.182409
-0.0198035
-0.208887
-0.374441
-0.564973
-0.906028
-0.618443
-0.582176
-0.515732
-0.42936
-0.332468
-0.229063
-0.120335
-0.00717736
0.109278
0.227579
0.329912
0.397895
0.391501
0.252794
0.0623157
-0.143947
-0.330235
-0.462048
-0.517658
-0.556719
-0.644988
-0.608592
-0.541833
-0.455249
-0.358359
-0.255276
-0.147315
-0.0356278
0.0782519
0.192179
0.287866
0.341338
0.311434
0.139342
-0.051064
-0.241335
-0.395196
-0.457029
-0.475754
-0.478996
-0.673381
-0.63676
-0.569727
-0.48305
-0.386333
-0.283759
-0.176839
-0.0669529
0.0439157
0.152755
0.241161
0.277278
0.226582
0.033318
-0.152573
-0.321865
-0.428623
-0.446269
-0.451162
-0.451333
-0.703767
-0.666765
-0.599445
-0.512747
-0.416355
-0.314524
-0.208916
-0.101169
0.006232
0.109343
0.189154
0.211428
0.121675
-0.0625856
-0.240849
-0.382189
-0.43079
-0.437978
-0.438269
-0.437942
-0.736019
-0.698555
-0.630944
-0.544328
-0.448414
-0.347546
-0.243541
-0.138292
-0.0347691
0.0620247
0.132454
0.138055
0.020414
-0.150256
-0.313341
-0.414906
-0.429089
-0.429532
-0.429938
-0.429665
-0.769684
-0.731868
-0.664041
-0.577622
-0.482371
-0.382723
-0.280644
-0.178277
-0.0789712
0.0110208
0.0722336
0.0600576
-0.0701453
-0.229509
-0.367874
-0.415224
-0.425731
-0.424389
-0.423925
-0.423577
-0.804383
-0.766272
-0.698353
-0.612304
-0.517951
-0.419816
-0.320012
-0.220931
-0.126153
-0.04297
0.00737175
-0.0162535
-0.153967
-0.296558
-0.399605
-0.420055
-0.41986
-0.420895
-0.420694
-0.420305
-0.839155
-0.801102
-0.733247
-0.647829
-0.554677
-0.458409
-0.361271
-0.265893
-0.17603
-0.0990676
-0.0612371
-0.0874666
-0.22769
-0.345702
-0.415042
-0.422135
-0.420593
-0.419983
-0.419389
-0.419047
-0.872844
-0.835284
-0.767802
-0.683397
-0.591863
-0.49789
-0.40385
-0.312554
-0.228077
-0.156767
-0.126057
-0.164743
-0.289597
-0.389432
-0.418116
-0.425149
-0.420524
-0.417266
-0.416133
-0.415805
-0.903917
-0.867283
-0.800763
-0.717925
-0.628546
-0.537396
-0.446967
-0.360122
-0.281327
-0.215746
-0.187981
-0.238064
-0.33878
-0.425614
-0.450189
-0.435485
-0.421584
-0.413076
-0.411171
-0.410604
-0.930316
-0.895403
-0.830494
-0.74998
-0.663477
-0.575804
-0.489565
-0.407646
-0.334554
-0.27492
-0.25187
-0.299204
-0.370205
-0.435341
-0.454444
-0.445894
-0.432713
-0.426454
-0.423411
-0.421713
-0.949599
-0.917149
-0.854959
-0.777817
-0.695138
-0.611751
-0.530318
-0.453995
-0.386595
-0.33248
-0.312682
-0.35552
-0.384649
-0.412771
-0.430463
-0.465406
-0.489809
-0.491078
-0.484948
-0.481412
-0.959286
-0.929888
-0.871916
-0.799505
-0.721806
-0.643691
-0.567705
-0.497608
-0.436336
-0.387998
-0.365291
-0.418006
-0.423501
-0.38998
-0.437467
-0.504821
-0.542805
-0.547028
-0.541888
-0.540162
-0.956343
-0.931077
-0.87935
-0.813003
-0.741728
-0.669998
-0.600238
-0.536366
-0.482625
-0.44193
-0.411749
-0.495764
-0.556754
-0.51458
-0.538768
-0.556517
-0.556209
-0.553653
-0.553639
-0.554867
-0.936929
-0.918423
-0.875303
-0.816735
-0.753431
-0.689148
-0.626514
-0.568485
-0.522672
-0.491024
-0.473724
-0.564844
-0.787591
-0.917863
-0.842441
-0.680786
-0.592557
-0.568771
-0.564286
-0.562725
-0.902826
-0.890236
-0.858253
-0.810061
-0.756022
-0.700275
-0.645034
-0.593063
-0.552369
-0.530155
-0.526777
-0.596165
-0.713997
-0.883935
-0.742197
-0.621406
-0.573225
-0.543092
-0.530109
-0.525935
-0.8588
-0.85118
-0.831147
-0.794539
-0.750331
-0.703343
-0.655038
-0.609233
-0.569522
-0.551647
-0.536549
-0.495392
-0.302828
-0.162392
-0.094991
-0.212773
-0.348973
-0.399509
-0.40376
-0.400817
-0.813719
-0.80964
-0.79903
-0.774513
-0.739433
-0.699588
-0.657415
-0.614657
-0.576958
-0.548823
-0.527968
-0.426059
-0.218565
-0.0701894
-0.197757
-0.381088
-0.473534
-0.41683
-0.372014
-0.378349
-0.777011
-0.774856
-0.769369
-0.753525
-0.726684
-0.692268
-0.653541
-0.612489
-0.571218
-0.539463
-0.540058
-0.492604
-0.562932
-0.660248
-0.781785
-0.963788
-1.06095
-1.04249
-0.966273
-0.945916
-0.750029
-0.748924
-0.746733
-0.737747
-0.716449
-0.685154
-0.647278
-0.603598
-0.556485
-0.517144
-0.482864
-0.515312
-0.675548
-1.06215
-1.39586
-1.51263
-1.49699
-1.38275
-1.2467
-1.19074
-0.732196
-0.731688
-0.730892
-0.726484
-0.710328
-0.680223
-0.639519
-0.591229
-0.538579
-0.472426
-0.409056
-0.377565
-0.57225
-0.802075
-1.01905
-1.01524
-0.82605
-0.550182
-0.349401
-0.264125
-0.721225
-0.720974
-0.72047
-0.719127
-0.70766
-0.677365
-0.632287
-0.578293
-0.509393
-0.425491
-0.321562
-0.169696
-0.0382368
0.0991949
0.308088
0.509276
0.820451
1.0763
1.21363
1.26357
-0.713918
-0.71399
-0.714114
-0.714215
-0.706178
-0.67615
-0.627491
-0.564985
-0.486757
-0.385715
-0.258453
-0.0992212
0.129294
0.461923
0.952851
1.42205
1.78562
2.00375
2.09771
2.12087
-0.706293
-0.707047
-0.708327
-0.709251
-0.702304
-0.674773
-0.627321
-0.562357
-0.474296
-0.355984
-0.233635
-0.0898714
0.137328
0.532215
1.0347
1.47643
1.80287
1.97844
2.04182
2.05369
-0.703331
-0.702478
-0.697034
-0.688139
-0.683808
-0.672907
-0.638321
-0.568125
-0.471271
-0.352722
-0.226597
-0.105564
0.0713585
0.410754
0.805047
1.15735
1.40544
1.52801
1.56826
1.57567
-0.733347
-0.728666
-0.712925
-0.691112
-0.685396
-0.69599
-0.668395
-0.582505
-0.474572
-0.358098
-0.237529
-0.134014
-0.0159947
0.236613
0.528221
0.768359
0.929442
1.00239
1.02874
1.03321
-0.811904
-0.809955
-0.812463
-0.819937
-0.816702
-0.802775
-0.727485
-0.603236
-0.476608
-0.360468
-0.250376
-0.167859
-0.0713728
0.0974345
0.282021
0.425738
0.513993
0.55741
0.575996
0.582544
-0.928161
-0.941272
-0.975758
-1.00142
-0.99548
-0.939088
-0.791167
-0.619049
-0.47645
-0.357628
-0.267908
-0.202097
-0.149449
-0.00408911
0.128243
0.212586
0.263885
0.287946
0.302382
0.307273
-0.977352
-0.998954
-1.03216
-1.05509
-1.04548
-0.966385
-0.78012
-0.602589
-0.462801
-0.350045
-0.272797
-0.229606
-0.192124
-0.10645
-0.00763709
0.0774966
0.124997
0.15224
0.165066
0.168283
-0.84494
-0.864895
-0.897514
-0.924332
-0.914978
-0.825057
-0.669271
-0.534386
-0.413666
-0.32441
-0.268882
-0.235572
-0.216484
-0.120684
-0.0415999
0.0157506
0.0564602
0.0818563
0.0905784
0.0914047
-0.538051
-0.554108
-0.58194
-0.609806
-0.612284
-0.564008
-0.490885
-0.411381
-0.337282
-0.280899
-0.241291
-0.218556
-0.211757
-0.140497
-0.0641088
-0.0194348
0.00931981
0.0248495
0.0304774
0.0313259
-0.20906
-0.217148
-0.235092
-0.26108
-0.28359
-0.293725
-0.291582
-0.277214
-0.255446
-0.221045
-0.196472
-0.175125
-0.148895
-0.107535
-0.0656567
-0.0421504
-0.0199095
-0.00634678
-0.00115483
-0.00129277
0.00153723
-0.00191689
-0.0135906
-0.0390404
-0.0772167
-0.118306
-0.150803
-0.172831
-0.178801
-0.166149
-0.149109
-0.121361
-0.0964129
-0.0645315
-0.0418786
-0.0315939
-0.0233384
-0.0183473
-0.0167374
-0.01728
0.083386
0.0813128
0.0725117
0.0506982
0.0145747
-0.02926
-0.0712609
-0.102637
-0.121672
-0.12268
-0.106402
-0.0774866
-0.0498589
-0.0418814
-0.0343792
-0.0292964
-0.0224955
-0.0184456
-0.0176413
-0.0186631
0.0942938
0.0928319
0.0865638
0.0706028
0.0431826
0.00831691
-0.0283257
-0.060652
-0.083395
-0.0899149
-0.07758
-0.0490021
-0.0240807
-0.0232881
-0.0266738
-0.0283343
-0.0238945
-0.0201126
-0.0195206
-0.0209967
0.0781422
0.077175
0.0729632
0.0621531
0.0429944
0.017214
-0.0117896
-0.0396975
-0.0620351
-0.0721816
-0.0649695
-0.0418561
-0.0230522
-0.0321087
-0.0381634
-0.0375715
-0.0349027
-0.0337933
-0.0346927
-0.0364156
0.0549797
0.0543547
0.0515628
0.0443383
0.0311907
0.0126556
-0.0096729
-0.0330703
-0.0546022
-0.0690149
-0.0713917
-0.0611763
-0.0531193
-0.0673895
-0.0770824
-0.0751544
-0.0702366
-0.0679474
-0.0682629
-0.0697151
0.0325634
0.0321999
0.0303305
0.0254848
0.0164143
0.00306033
-0.0142468
-0.0340151
-0.0553566
-0.0764164
-0.0941419
-0.10679
-0.116671
-0.129244
-0.129904
-0.122006
-0.116903
-0.116192
-0.117126
-0.118198
0.0140163
0.0136888
0.012367
0.00903683
0.00263584
-0.00728578
-0.0209885
-0.0383662
-0.0600373
-0.0879058
-0.124353
-0.166601
-0.208139
-0.212959
-0.194882
-0.178877
-0.17163
-0.170914
-0.17148
-0.171869
0.000177231
-7.05821e-05
-0.00104038
-0.00340807
-0.00801598
-0.0155228
-0.0265734
-0.041961
-0.0635935
-0.095934
-0.146464
-0.215746
-0.265509
-0.258107
-0.232507
-0.217563
-0.214143
-0.215191
-0.215258
-0.214907
-0.00880172
-0.00900699
-0.00974061
-0.0114143
-0.0147106
-0.0203372
-0.0291256
-0.042189
-0.0619002
-0.094486
-0.146366
-0.21394
-0.252382
-0.239599
-0.223135
-0.220249
-0.224265
-0.228628
-0.228787
-0.228077
-0.0131912
-0.0133623
-0.0138916
-0.0150394
-0.017321
-0.0213941
-0.0281005
-0.0386942
-0.0551853
-0.0824567
-0.124374
-0.174218
-0.193549
-0.185753
-0.183789
-0.192106
-0.201327
-0.206268
-0.206421
-0.205792
-0.0135875
-0.0137265
-0.0140784
-0.0147726
-0.016194
-0.018891
-0.0235872
-0.0311037
-0.043109
-0.0624082
-0.0886032
-0.115882
-0.122232
-0.116892
-0.126148
-0.140977
-0.152893
-0.157528
-0.157625
-0.157076
-0.0106556
-0.0107529
-0.0109469
-0.0112662
-0.0119794
-0.0134815
-0.0163004
-0.0209072
-0.0280566
-0.0391271
-0.0499065
-0.0567707
-0.0470267
-0.0521071
-0.0686975
-0.0832329
-0.0915023
-0.0936533
-0.0941083
-0.0940467
-0.00522819
-0.00523767
-0.00529546
-0.00534516
-0.00544086
-0.0057728
-0.00651444
-0.00799078
-0.0105414
-0.0141497
-0.0180377
-0.0155833
-0.00596508
-0.00196474
-0.0134409
-0.024734
-0.0334528
-0.0343203
-0.0342708
-0.0346492
-0.449995
-0.068734
0.201177
0.387071
0.53115
0.642275
0.733276
0.814092
0.899273
0.890139
0.106841
0.259474
0.399407
0.520475
0.621181
0.703598
0.770846
0.818375
0.833887
0.846963
0.347261
0.445725
0.542338
0.626569
0.698307
0.757702
0.803911
0.836585
0.858991
0.877966
0.516676
0.585264
0.65382
0.714846
0.767169
0.810888
0.846346
0.874942
0.896712
0.916267
0.647362
0.697773
0.747757
0.793502
0.833718
0.868551
0.898511
0.923975
0.942986
0.961707
0.754855
0.793954
0.832187
0.868793
0.902193
0.932067
0.958359
0.980553
0.997468
1.01536
0.846402
0.880135
0.913573
0.945664
0.975585
1.00276
1.02668
1.04657
1.06143
1.07882
0.933595
0.965565
0.9976
1.02852
1.05733
1.08337
1.10598
1.12421
1.13738
1.15423
1.02311
1.05751
1.09093
1.12265
1.15168
1.17735
1.19905
1.216
1.22794
1.24433
1.12557
1.16433
1.20042
1.23334
1.26245
1.28731
1.30772
1.32346
1.33513
1.3513
1.25193
1.29357
1.33051
1.36234
1.38956
1.41247
1.43141
1.44659
1.45906
1.47517
1.4091
1.44732
1.47903
1.50511
1.52779
1.54803
1.56628
1.58245
1.5965
1.61238
1.59099
1.61588
1.63744
1.65628
1.67415
1.69106
1.70742
1.72389
1.73953
1.75552
1.77662
1.78841
1.80305
1.81788
1.83165
1.84386
1.85518
1.86656
1.87945
1.90016
1.96468
1.9747
1.98166
1.98304
1.98513
1.99254
2.0057
2.02106
2.03413
2.06241
2.24114
2.18207
2.13443
2.10331
2.09019
2.09476
2.118
2.16333
2.23387
2.31248
0.694305
0.686802
0.677883
0.665061
0.651657
0.640059
0.630846
0.623964
0.619379
0.6174
0.61866
0.622739
0.629019
0.637437
0.648118
0.660962
0.674665
0.685868
0.693654
0.699979
0.608272
0.616153
0.623298
0.628061
0.629312
0.62732
0.623578
0.619639
0.616581
0.615228
0.616316
0.619403
0.623594
0.628023
0.631414
0.632141
0.629224
0.623201
0.615202
0.609302
0.600221
0.603282
0.60637
0.608888
0.611261
0.613025
0.613512
0.612852
0.61184
0.61142
0.612259
0.613952
0.615561
0.616198
0.615372
0.613438
0.611174
0.608535
0.605345
0.602983
0.594916
0.596434
0.598667
0.600827
0.602415
0.60369
0.604803
0.605583
0.606001
0.606398
0.607054
0.607693
0.607868
0.607449
0.606649
0.605554
0.603906
0.601728
0.599898
0.598814
0.589758
0.590598
0.592083
0.593926
0.595668
0.597067
0.598184
0.599177
0.600085
0.600908
0.601549
0.601851
0.601787
0.601406
0.600655
0.59943
0.597861
0.596297
0.595262
0.594627
0.584794
0.585364
0.586435
0.587863
0.589408
0.590928
0.592296
0.593481
0.594558
0.595566
0.596324
0.596677
0.596627
0.596156
0.595288
0.594177
0.592994
0.591921
0.591232
0.590788
0.579955
0.580383
0.581238
0.58244
0.583769
0.585194
0.586656
0.588059
0.589359
0.590567
0.591491
0.591933
0.591884
0.591418
0.590688
0.589844
0.588966
0.588171
0.587668
0.587331
0.575205
0.575541
0.576247
0.5773
0.578528
0.579869
0.581316
0.582836
0.584362
0.585827
0.586956
0.587523
0.587585
0.587294
0.586794
0.586172
0.58551
0.584928
0.584554
0.584286
0.570468
0.570741
0.571341
0.572294
0.573462
0.574767
0.576221
0.577825
0.57954
0.581278
0.582678
0.583475
0.583766
0.583712
0.583437
0.583029
0.582562
0.58215
0.581871
0.581651
0.565657
0.565884
0.566412
0.567302
0.568434
0.569742
0.571247
0.572962
0.574874
0.576912
0.578662
0.579789
0.58038
0.58059
0.580549
0.58036
0.580079
0.579815
0.579611
0.579424
0.560686
0.560879
0.561358
0.562215
0.563347
0.564699
0.566295
0.56817
0.57033
0.57273
0.574913
0.57645
0.577393
0.577904
0.57812
0.578152
0.578059
0.577927
0.577783
0.577621
0.555465
0.555633
0.556083
0.556939
0.558111
0.559548
0.561284
0.563378
0.565864
0.568723
0.571432
0.57345
0.574803
0.575658
0.576162
0.576414
0.57652
0.576512
0.576419
0.576273
0.549901
0.55005
0.550491
0.551374
0.552627
0.554197
0.556133
0.55852
0.561423
0.564849
0.568199
0.570793
0.572624
0.573871
0.574697
0.575224
0.575522
0.575625
0.575573
0.575439
0.543888
0.544023
0.54447
0.54541
0.546786
0.548545
0.550754
0.553528
0.556962
0.561093
0.565218
0.568498
0.57089
0.572588
0.573777
0.574598
0.575109
0.575326
0.575312
0.575185
0.537297
0.537422
0.53789
0.538919
0.540465
0.542479
0.545044
0.548306
0.552399
0.557393
0.56246
0.566564
0.569624
0.571854
0.573461
0.574618
0.575366
0.575701
0.575722
0.575598
0.52998
0.530096
0.530599
0.531748
0.533519
0.535863
0.538883
0.542759
0.547669
0.553719
0.559926
0.565017
0.56887
0.57173
0.573832
0.575379
0.576389
0.576847
0.5769
0.576776
0.521743
0.521851
0.522397
0.523707
0.525768
0.528532
0.532126
0.536772
0.542695
0.550037
0.557618
0.563889
0.56868
0.572282
0.574982
0.576984
0.578286
0.578872
0.578957
0.578829
0.512271
0.51239
0.513025
0.51455
0.516987
0.520289
0.524615
0.530237
0.537425
0.54635
0.555583
0.56325
0.569138
0.573608
0.577011
0.579532
0.581168
0.581895
0.582009
0.581874
0.501297
0.501416
0.502168
0.503967
0.506883
0.510877
0.516136
0.522989
0.531758
0.542628
0.553838
0.563139
0.570318
0.575806
0.580014
0.58315
0.585159
0.586031
0.58617
0.586026
0.488336
0.488471
0.489376
0.491533
0.495071
0.499968
0.506432
0.51485
0.525586
0.538823
0.552398
0.56362
0.572296
0.578966
0.584116
0.587951
0.590367
0.591386
0.591545
0.591387
0.472745
0.472915
0.474048
0.476689
0.481054
0.487149
0.4952
0.505644
0.51886
0.534987
0.551353
0.56479
0.575166
0.583188
0.589411
0.594029
0.59688
0.598039
0.59821
0.598034
0.453597
0.453838
0.455316
0.458648
0.464169
0.471917
0.482113
0.495224
0.511585
0.531212
0.550822
0.566768
0.579042
0.58857
0.59597
0.601448
0.604739
0.606017
0.606185
0.60599
0.429481
0.429861
0.431885
0.436268
0.443501
0.453628
0.466809
0.483465
0.503795
0.527615
0.550915
0.569632
0.583996
0.595163
0.603838
0.610221
0.613914
0.61527
0.615418
0.615201
0.39809
0.398758
0.401733
0.407914
0.417901
0.431628
0.449064
0.470426
0.495657
0.524358
0.551795
0.573514
0.590097
0.603001
0.613037
0.62028
0.62428
0.625643
0.625747
0.625511
0.355338
0.356689
0.361673
0.371412
0.386231
0.405556
0.429005
0.456473
0.487643
0.521896
0.553764
0.57859
0.59743
0.612101
0.623481
0.631464
0.635579
0.636846
0.636886
0.636636
0.293681
0.297836
0.30828
0.325195
0.348197
0.375899
0.407363
0.442259
0.480176
0.520439
0.556943
0.584938
0.606015
0.62236
0.634912
0.64341
0.647391
0.648406
0.648367
0.648128
0.219848
0.227972
0.247168
0.274514
0.307963
0.345082
0.385115
0.42792
0.473185
0.520297
0.562404
0.594463
0.618548
0.637119
0.651081
0.660022
0.663934
0.664866
0.66487
0.664754
0.145772
0.159536
0.187526
0.225205
0.268767
0.315229
0.363907
0.414731
0.467448
0.521513
0.569364
0.6056
0.632787
0.653681
0.669122
0.67829
0.681766
0.682468
0.682494
0.682459
0.0845586
0.10161
0.135475
0.180959
0.23278
0.287442
0.344078
0.402499
0.462363
0.523106
0.576426
0.616564
0.646558
0.669459
0.685934
0.695327
0.69866
0.699356
0.699461
0.699473
0.0340623
0.0531855
0.0915475
0.142827
0.201064
0.262478
0.326005
0.391285
0.45779
0.524807
0.58329
0.627103
0.659674
0.684428
0.702042
0.711815
0.715353
0.716262
0.716418
0.716469
-0.00834828
0.0120069
0.0537495
0.1097
0.173245
0.240326
0.309756
0.38107
0.453592
0.526463
0.589829
0.637177
0.672253
0.69881
0.71763
0.728121
0.732066
0.733112
0.733284
0.733356
-0.0450593
-0.023858
0.0205313
0.0803225
0.148365
0.220344
0.294957
0.371674
0.44971
0.528044
0.596028
0.646693
0.684186
0.712476
0.732482
0.743775
0.748108
0.74927
0.749445
0.749518
-0.0777041
-0.055881
-0.00932387
0.0536915
0.125602
0.201873
0.281135
0.36278
0.445907
0.529358
0.601708
0.655523
0.695249
0.725147
0.74626
0.758255
0.763008
0.764281
0.764443
0.764507
-0.107479
-0.0851761
-0.0367782
0.0290357
0.104317
0.184378
0.267819
0.353988
0.441878
0.530191
0.606737
0.663547
0.705326
0.73667
0.758702
0.77134
0.776459
0.777817
0.777972
0.778013
-0.135328
-0.112539
-0.0625139
0.00577546
0.0840173
0.167445
0.254666
0.345005
0.437393
0.530375
0.611
0.670705
0.714441
0.747094
0.769916
0.782957
0.788344
0.789765
0.789912
0.789926
-0.161783
-0.138494
-0.0870208
-0.0165165
0.0643505
0.150793
0.241446
0.335635
0.432258
0.52977
0.61442
0.676999
0.722637
0.756466
0.779945
0.793237
0.798736
0.80021
0.800351
0.800332
-0.187252
-0.163447
-0.110634
-0.0381431
0.0450703
0.134223
0.228002
0.325737
0.426349
0.52828
0.616958
0.682461
0.730011
0.764945
0.788931
0.802378
0.807893
0.809345
0.809482
0.809437
-0.211997
-0.187644
-0.133581
-0.0592991
0.0260197
0.117612
0.214224
0.315236
0.419605
0.525816
0.618581
0.687137
0.736665
0.772713
0.797141
0.810627
0.816077
0.817479
0.817565
0.817489
-0.236153
-0.211226
-0.155993
-0.0800872
0.00711674
0.100896
0.200077
0.304094
0.411983
0.522332
0.619256
0.691054
0.74272
0.779937
0.80473
0.818126
0.82343
0.82474
0.824791
0.824689
-0.259825
-0.234311
-0.177941
-0.100545
-0.0116668
0.0840715
0.185565
0.292311
0.403463
0.517793
0.618939
0.694221
0.748274
0.786763
0.811824
0.824998
0.830066
0.831226
0.831212
0.831086
-0.282974
-0.256916
-0.199431
-0.120691
-0.0303219
0.0671541
0.170714
0.279922
0.394063
0.512177
0.617567
0.696607
0.753411
0.79336
0.818592
0.83134
0.836011
0.836956
0.836875
0.836733
-0.305646
-0.279006
-0.220449
-0.140501
-0.0488133
0.0501938
0.155585
0.266984
0.383837
0.505479
0.61508
0.698137
0.758146
0.799895
0.825278
0.837344
0.841359
0.841997
0.841851
0.841703
-0.327737
-0.300538
-0.240971
-0.159949
-0.0670922
0.0332668
0.140258
0.25358
0.372847
0.497713
0.611407
0.698698
0.762413
0.806493
0.832247
0.843384
0.846313
0.846421
0.846188
0.846057
-0.349253
-0.321451
-0.260974
-0.178981
-0.085089
0.0164432
0.124822
0.239809
0.361171
0.488929
0.606489
0.698166
0.766043
0.813138
0.839924
0.850179
0.851417
0.850409
0.849937
0.849917
-0.370101
-0.34174
-0.280406
-0.197544
-0.102745
-0.000193871
0.109361
0.225752
0.34892
0.479201
0.600289
0.696398
0.768783
0.819559
0.848507
0.858781
0.858147
0.85493
0.853334
0.853574
-0.390309
-0.361373
-0.29921
-0.215575
-0.119983
-0.0165535
0.0940026
0.211546
0.336221
0.468626
0.592798
0.693236
0.770337
0.825206
0.85754
0.869817
0.868907
0.863196
0.856426
0.842782
-0.409835
-0.380392
-0.317525
-0.233284
-0.137105
-0.0329689
0.0783266
0.196723
0.322544
0.456681
0.58345
0.688111
0.770376
0.829583
0.86607
0.88269
0.884175
0.87664
0.865437
0.877008
-0.428673
-0.398797
-0.335306
-0.25062
-0.154062
-0.0493922
0.0623366
0.181303
0.307865
0.443248
0.572008
0.680313
0.768175
0.831545
0.870836
0.890896
0.895995
0.886165
0.835883
0.826529
-0.447335
-0.416736
-0.352289
-0.267289
-0.170441
-0.0654491
0.0462101
0.16556
0.292486
0.428539
0.558541
0.669201
0.762996
0.830197
0.866961
0.885758
0.883372
0.848461
0.7883
0.752102
-0.469033
-0.435891
-0.368008
-0.282814
-0.18546
-0.0807425
0.0303745
0.149778
0.276622
0.412669
0.543119
0.654397
0.753159
0.824388
0.8658
0.854962
0.831135
0.772656
0.708531
0.670052
-0.0421518
0.0738881
0.19657
0.327178
0.461703
0.583109
0.685388
0.561482
-0.483541
-0.474239
-0.432278
-0.359683
-0.268387
-0.168185
-0.0604804
0.0543646
0.176259
0.305653
0.438923
0.559702
0.65857
0.744298
0.791673
0.743684
0.621897
0.548269
0.489463
-0.506869
-0.495245
-0.449562
-0.37577
-0.284253
-0.184046
-0.0767504
0.0376272
0.15865
0.286652
0.417587
0.535289
0.627839
0.696829
0.694928
0.594105
0.468744
0.383052
0.311883
-0.530667
-0.518723
-0.47058
-0.395719
-0.304262
-0.203947
-0.0965801
0.0174738
0.137519
0.263855
0.391602
0.504235
0.587004
0.633894
0.596563
0.445763
0.304137
0.19748
0.110848
-0.554317
-0.542344
-0.492764
-0.416695
-0.324964
-0.224633
-0.117542
-0.00422606
0.114561
0.238778
0.362785
0.469368
0.544063
0.56114
0.472669
0.296717
0.127353
-0.0171312
-0.137895
-0.57803
-0.566145
-0.515625
-0.438645
-0.346522
-0.246168
-0.139493
-0.0270706
0.0902658
0.212009
0.331748
0.431158
0.495721
0.474813
0.339872
0.150515
-0.0442075
-0.211203
-0.372242
-0.602316
-0.590584
-0.539564
-0.461973
-0.369496
-0.269081
-0.162756
-0.0511712
0.0646436
0.183742
0.298987
0.390435
0.439413
0.396284
0.21533
0.0191085
-0.182625
-0.36189
-0.498579
-0.622786
-0.627995
-0.616359
-0.564985
-0.487014
-0.39436
-0.293989
-0.188087
-0.0774651
0.0365848
0.152597
0.262837
0.345621
0.376626
0.298676
0.0997942
-0.0995402
-0.287529
-0.43014
-0.480484
-0.501546
-0.655362
-0.643774
-0.592106
-0.513893
-0.421218
-0.321091
-0.215801
-0.106421
0.00549584
0.117853
0.222329
0.295644
0.301297
0.184509
-0.00836594
-0.197676
-0.361962
-0.436907
-0.459933
-0.462672
-0.684647
-0.673022
-0.621011
-0.542613
-0.450055
-0.350344
-0.245923
-0.138084
-0.0286843
0.0794772
0.17729
0.240883
0.217551
0.0767005
-0.106976
-0.283641
-0.405297
-0.444752
-0.443179
-0.4441
-0.715826
-0.704124
-0.651722
-0.573176
-0.48086
-0.381751
-0.278458
-0.172465
-0.0659723
0.0374941
0.12794
0.17972
0.139961
-0.0246468
-0.19406
-0.353467
-0.419441
-0.432267
-0.433456
-0.433471
-0.748669
-0.736857
-0.68411
-0.605497
-0.513545
-0.415257
-0.313353
-0.209551
-0.106353
-0.00801193
0.0745546
0.113272
0.0644352
-0.112825
-0.272194
-0.391875
-0.432236
-0.42743
-0.426816
-0.426461
-0.782662
-0.770797
-0.717882
-0.639311
-0.547905
-0.450673
-0.350468
-0.249221
-0.149696
-0.0566914
0.0173093
0.0453262
-0.025388
-0.192537
-0.336614
-0.408646
-0.422006
-0.422437
-0.422051
-0.421638
-0.817279
-0.805389
-0.752514
-0.674157
-0.583533
-0.487648
-0.389493
-0.291191
-0.195774
-0.108132
-0.0429149
-0.028702
-0.113831
-0.260051
-0.378768
-0.414501
-0.418988
-0.42024
-0.420238
-0.419802
-0.851529
-0.839664
-0.787171
-0.709313
-0.619811
-0.525651
-0.429947
-0.334992
-0.244116
-0.162027
-0.103614
-0.105129
-0.191234
-0.318102
-0.401777
-0.429731
-0.422332
-0.419629
-0.418341
-0.417776
-0.883651
-0.872146
-0.820668
-0.743796
-0.655864
-0.563903
-0.471127
-0.379956
-0.293955
-0.217818
-0.163908
-0.174122
-0.261116
-0.367575
-0.429609
-0.429915
-0.425
-0.417277
-0.41386
-0.413134
-0.912482
-0.90137
-0.851452
-0.776256
-0.690519
-0.601367
-0.512079
-0.425216
-0.344293
-0.274358
-0.22536
-0.236567
-0.317155
-0.400043
-0.452078
-0.452455
-0.432191
-0.41816
-0.412907
-0.411948
-0.935232
-0.92483
-0.877556
-0.804973
-0.722298
-0.636735
-0.551588
-0.469641
-0.394111
-0.330361
-0.286086
-0.296092
-0.358365
-0.406778
-0.435302
-0.446725
-0.452599
-0.454262
-0.450608
-0.447299
-0.949758
-0.940429
-0.896652
-0.827967
-0.749476
-0.66846
-0.588236
-0.511759
-0.44235
-0.384583
-0.341809
-0.356322
-0.405032
-0.391022
-0.416388
-0.457754
-0.509782
-0.528064
-0.524001
-0.519367
-0.953396
-0.945555
-0.906372
-0.84315
-0.77016
-0.694863
-0.620506
-0.549857
-0.487459
-0.435913
-0.394902
-0.413942
-0.479922
-0.441047
-0.425835
-0.497324
-0.541483
-0.552344
-0.550046
-0.549019
-0.943943
-0.937529
-0.904444
-0.848424
-0.782606
-0.714332
-0.646834
-0.582444
-0.52683
-0.48316
-0.45315
-0.4658
-0.614928
-0.727319
-0.707206
-0.646967
-0.587401
-0.562565
-0.560192
-0.560523
-0.917834
-0.913298
-0.888156
-0.842182
-0.785606
-0.72568
-0.665753
-0.608349
-0.55799
-0.523467
-0.499853
-0.540782
-0.675971
-0.958258
-1.00548
-0.783607
-0.633468
-0.578386
-0.560751
-0.554901
-0.87861
-0.875761
-0.859343
-0.82476
-0.77916
-0.728542
-0.676618
-0.62606
-0.580004
-0.550425
-0.539096
-0.550786
-0.529666
-0.530197
-0.490517
-0.415835
-0.456978
-0.48371
-0.476966
-0.4703
-0.833376
-0.831617
-0.823382
-0.800091
-0.765657
-0.724021
-0.679698
-0.634526
-0.592966
-0.559172
-0.547494
-0.504542
-0.325676
-0.0408298
0.0848834
-0.0580603
-0.227678
-0.318225
-0.333666
-0.33719
-0.792503
-0.791357
-0.787562
-0.774431
-0.749078
-0.714959
-0.676355
-0.635311
-0.593568
-0.558792
-0.541506
-0.501208
-0.420072
-0.398838
-0.465444
-0.630711
-0.754339
-0.737571
-0.645524
-0.59812
-0.762351
-0.761694
-0.759291
-0.752539
-0.734237
-0.705705
-0.670273
-0.629549
-0.587119
-0.546157
-0.513496
-0.520461
-0.538716
-0.756716
-0.981867
-1.18003
-1.32646
-1.36636
-1.3209
-1.25128
-0.739963
-0.739478
-0.738513
-0.735877
-0.723902
-0.698999
-0.663615
-0.62156
-0.573536
-0.519479
-0.480253
-0.440767
-0.568979
-0.853787
-1.28375
-1.48268
-1.44072
-1.25169
-1.03275
-0.895806
-0.726243
-0.726072
-0.725637
-0.724364
-0.717837
-0.695412
-0.658313
-0.611129
-0.554974
-0.491522
-0.407029
-0.299201
-0.267728
-0.33313
-0.342762
-0.293107
-0.146388
0.140856
0.369699
0.486066
-0.71725
-0.717193
-0.716884
-0.71675
-0.713833
-0.694295
-0.654433
-0.601246
-0.537335
-0.453058
-0.34684
-0.214306
-0.0142367
0.207729
0.522104
0.900659
1.27647
1.58049
1.74694
1.81475
-0.710319
-0.710638
-0.711361
-0.712437
-0.710969
-0.69339
-0.652712
-0.596744
-0.523368
-0.426318
-0.30901
-0.173395
0.0122634
0.308988
0.795244
1.30521
1.71759
1.99574
2.12814
2.1677
-0.702305
-0.702955
-0.702966
-0.701645
-0.69873
-0.686974
-0.655452
-0.60111
-0.520543
-0.416093
-0.290324
-0.163272
-0.00586417
0.278996
0.711747
1.14689
1.50239
1.71791
1.81052
1.83433
-0.712661
-0.712245
-0.705535
-0.689082
-0.674942
-0.679056
-0.670341
-0.61729
-0.52563
-0.416828
-0.290835
-0.174334
-0.0598368
0.155248
0.501545
0.822351
1.07889
1.22639
1.28453
1.30011
-0.766932
-0.763874
-0.756009
-0.742162
-0.734425
-0.735978
-0.724185
-0.647874
-0.533369
-0.417655
-0.301772
-0.195501
-0.0999175
0.0426564
0.280333
0.496281
0.655935
0.739618
0.776176
0.788229
-0.871467
-0.869971
-0.883906
-0.910198
-0.91832
-0.902224
-0.829695
-0.688004
-0.541783
-0.416582
-0.309466
-0.217882
-0.155053
-0.0358993
0.130617
0.256501
0.339047
0.385769
0.408267
0.419377
-0.969321
-0.975387
-1.00727
-1.0413
-1.0512
-1.02045
-0.896253
-0.701331
-0.540749
-0.410766
-0.310287
-0.242398
-0.198488
-0.129019
-0.00121212
0.10038
0.169165
0.200931
0.218853
0.226534
-0.935488
-0.945544
-0.973604
-1.00473
-1.01551
-0.974594
-0.828823
-0.648953
-0.507573
-0.385658
-0.30391
-0.247032
-0.223548
-0.165441
-0.076669
0.00255278
0.0599191
0.0969597
0.117722
0.123896
-0.702019
-0.713412
-0.739989
-0.773127
-0.789761
-0.751711
-0.644726
-0.532642
-0.424206
-0.337895
-0.278166
-0.240447
-0.233072
-0.178946
-0.0878757
-0.0170017
0.0201799
0.047094
0.0574983
0.0602578
-0.362314
-0.369601
-0.387107
-0.413288
-0.434925
-0.433337
-0.406229
-0.366081
-0.318572
-0.272769
-0.234853
-0.21002
-0.192543
-0.155668
-0.101804
-0.0555436
-0.0241772
-0.00190245
0.00874901
0.0112128
-0.0839375
-0.0871207
-0.0960644
-0.116205
-0.146645
-0.178843
-0.203761
-0.217592
-0.219893
-0.205406
-0.182724
-0.160721
-0.138768
-0.10269
-0.0617203
-0.0426888
-0.0282903
-0.0168
-0.0114734
-0.0100796
0.0559321
0.054344
0.0490131
0.0325075
0.000552625
-0.0430842
-0.0872173
-0.120974
-0.14302
-0.147692
-0.135484
-0.113038
-0.0820273
-0.0666544
-0.0453183
-0.0335922
-0.0274246
-0.0213965
-0.0191348
-0.0192394
0.0947457
0.0937501
0.0899299
0.0772887
0.0514908
0.0146321
-0.0261019
-0.0636029
-0.0917133
-0.104909
-0.099612
-0.0766295
-0.0451969
-0.0308043
-0.0291842
-0.029692
-0.0251311
-0.0198484
-0.016912
-0.0175399
0.0881655
0.0875701
0.0849293
0.07623
0.0580201
0.0308534
-0.00121262
-0.0334855
-0.0607234
-0.0767288
-0.0763181
-0.0576962
-0.0285917
-0.0204771
-0.026804
-0.0302046
-0.0285911
-0.0255165
-0.0248575
-0.0263053
0.0668662
0.0665574
0.064799
0.0590076
0.046661
0.0275274
0.00340094
-0.022597
-0.0469435
-0.0649016
-0.0699095
-0.058945
-0.0382775
-0.0390568
-0.0517155
-0.0556592
-0.0525476
-0.0491144
-0.0484586
-0.049871
0.043449
0.0433327
0.0421527
0.0383009
0.0299575
0.0165757
-0.00132084
-0.0220484
-0.0437738
-0.0639683
-0.0772868
-0.0821665
-0.0781154
-0.084448
-0.0992638
-0.0999927
-0.0949315
-0.0911884
-0.0909814
-0.0922227
0.0226897
0.0225966
0.0218241
0.0192287
0.0135178
0.00397872
-0.009451
-0.0264533
-0.0463856
-0.0696277
-0.094825
-0.123094
-0.150053
-0.1703
-0.167923
-0.156386
-0.146936
-0.143826
-0.144007
-0.144813
0.00646099
0.00642402
0.00578734
0.00395914
-7.13304e-05
-0.00704048
-0.0174458
-0.0317266
-0.0505057
-0.0760834
-0.112516
-0.165817
-0.224247
-0.248768
-0.231756
-0.209632
-0.198055
-0.195062
-0.195738
-0.195641
-0.00494233
-0.00497622
-0.00547875
-0.0067663
-0.0096323
-0.0147538
-0.0228555
-0.0347738
-0.0518147
-0.0782479
-0.119632
-0.184384
-0.252567
-0.265629
-0.243015
-0.226467
-0.222867
-0.225285
-0.22718
-0.226331
-0.011543
-0.0115743
-0.0119476
-0.0128919
-0.0148964
-0.0186078
-0.0247934
-0.0344054
-0.0491012
-0.072435
-0.111021
-0.168819
-0.219457
-0.222542
-0.209485
-0.20674
-0.212671
-0.219646
-0.221851
-0.221086
-0.0138612
-0.0138959
-0.0141802
-0.0148065
-0.0161043
-0.0186115
-0.0230584
-0.0302372
-0.0416844
-0.060016
-0.0887939
-0.128259
-0.155767
-0.154288
-0.153063
-0.162208
-0.174584
-0.183131
-0.185117
-0.184492
-0.0124786
-0.012508
-0.0127025
-0.0130664
-0.0137912
-0.015284
-0.0181024
-0.022891
-0.0305283
-0.0426311
-0.0595015
-0.0779676
-0.0868639
-0.0828555
-0.0885813
-0.103763
-0.117914
-0.125045
-0.126329
-0.126313
-0.00819226
-0.00821315
-0.00833618
-0.00850909
-0.00878396
-0.00945054
-0.0108523
-0.0133492
-0.0173883
-0.0233924
-0.0303149
-0.0311829
-0.0235383
-0.0197449
-0.0352726
-0.0484351
-0.0588966
-0.0626324
-0.062867
-0.0628728
-0.0052237
-0.00526678
-0.00532091
-0.00537715
-0.00556575
-0.00607356
-0.00716502
-0.00910602
-0.0121616
-0.0165035
-0.0175542
-0.0122312
0.0047316
-0.00561564
-0.018227
-0.0304551
-0.0343514
-0.0343299
-0.0342789
-0.0100837
-0.222915
0.0469835
0.222638
0.387509
0.52112
0.628554
0.715428
0.789056
0.835943
0.825824
0.180508
0.300314
0.420176
0.528304
0.620696
0.698048
0.761138
0.808051
0.836015
0.85227
0.400288
0.478358
0.561501
0.63816
0.704232
0.760032
0.80525
0.839958
0.866396
0.886555
0.556853
0.614443
0.673591
0.729651
0.778621
0.820602
0.856011
0.885649
0.910132
0.928222
0.681479
0.725811
0.769122
0.811536
0.849986
0.88409
0.914076
0.940015
0.960983
0.977749
0.784982
0.819512
0.855234
0.890148
0.922843
0.95267
0.979361
1.00244
1.02084
1.03604
0.875888
0.906189
0.938597
0.970694
1.00096
1.0288
1.05371
1.07495
1.09133
1.10516
0.963108
0.993694
1.02637
1.0585
1.08862
1.11603
1.14013
1.16015
1.17498
1.18764
1.05615
1.09026
1.12602
1.15984
1.19078
1.21813
1.24146
1.26029
1.27398
1.28621
1.16758
1.20561
1.24469
1.27979
1.31056
1.33682
1.35864
1.37612
1.38934
1.40216
1.30905
1.34748
1.38603
1.4183
1.44559
1.46893
1.48898
1.50599
1.52002
1.53384
1.4847
1.51465
1.54471
1.56893
1.58997
1.60932
1.62753
1.64486
1.66073
1.67561
1.67838
1.69279
1.71041
1.7272
1.74373
1.75917
1.77333
1.78739
1.80226
1.81843
1.8674
1.8717
1.88461
1.8968
1.9068
1.91611
1.9263
1.93696
1.94631
1.95852
2.09687
2.08327
2.07446
2.05942
2.04834
2.04781
2.05984
2.08364
2.11547
2.15124
2.47106
2.31256
2.20705
2.14821
2.11915
2.11259
2.12776
2.16898
2.24822
2.39334
-0.462632
-0.459111
-0.416769
-0.342913
-0.251697
-0.150854
0.7798
0.836294
0.83007
0.763509
0.697168
0.631805
0.430063
0.236215
0.0128208
-0.27627
-0.62189
)
;

boundaryField
{
    wall-4
    {
        type            zeroGradient;
    }
    pressure-outlet-7
    {
        type            fixedValue;
        value           uniform 0;
    }
    velocity-inlet-6
    {
        type            zeroGradient;
    }
    velocity-inlet-5
    {
        type            zeroGradient;
    }
    frontAndBackPlanes
    {
        type            empty;
    }
}


// ************************************************************************* //
